 3495.00    0.80887   0.56038    5.766
 3496.00    0.73030   0.55955    5.766
 3497.00    0.72074   0.55833    5.766
 3498.00    0.66049   0.55738    5.766
 3499.00    0.51405   0.55736    5.766
 3500.00    0.51405   0.55827    5.766
 3501.00    0.53916   0.55940    5.766
 3502.00    0.55037   0.55990    5.766
 3503.00    0.55687   0.55966    5.766
 3504.00    0.62159   0.55920    5.766
 3505.00    0.62159   0.55855    5.766
 3506.00    0.69579   0.55736    5.766
 3507.00    0.77264   0.55573    5.766
 3508.00    0.77264   0.55412    5.766
 3509.00    0.69103   0.55296    5.766
 3510.00    0.68106   0.55220    5.766
 3511.00    0.64922   0.55141    5.766
 3512.00    0.57167   0.55006    5.766
 3513.00    0.57167   0.54805    5.766
 3514.00    0.86706   0.54590    5.766
 3515.00    0.99935   0.54466    5.766
 3516.00    0.92454   0.54518    5.766
 3517.00    0.17333   0.54800    5.766
 3518.00    0.17333   0.55246    5.766
 3519.00    0.29036   0.55707    5.766
 3520.00    0.41195   0.56060    5.766
 3521.00    0.41195   0.56202    5.766
 3522.00    1.00891   0.56114    5.766
 3523.00    1.08240   0.55878   -1.000
 3524.00    1.05095   0.55599    5.766
 3525.00    0.97406   0.55365    5.766
 3526.00    0.97406   0.55218    5.766
 3527.00    0.63238   0.55179    5.766
 3528.00    0.47901   0.55262    5.766
 3529.00    0.47952   0.55433    5.766
 3530.00    0.48471   0.55648    5.766
 3531.00    0.48471   0.55871    5.766
 3532.00    0.63095   0.56079    5.766
 3533.00    0.78316   0.56254    5.766
 3534.00    0.78316   0.56405    5.766
 3535.00    0.63557   0.56542    5.766
 3536.00    0.61731   0.56658    5.766
 3537.00    0.53351   0.56750    5.766
 3538.00    0.32815   0.56837    5.766
 3539.00    0.32815   0.56923    5.766
 3540.00    0.47828   0.57022    5.766
 3541.00    0.54583   0.57128    5.766
 3542.00    0.55625   0.57213    5.766
 3543.00    0.66214   0.57277    5.766
 3544.00    0.66214   0.57321    5.766
 3545.00    0.69122   0.57378    5.766
 3546.00    0.72158   0.57460    5.766
 3547.00    0.72158   0.57523    5.766
 3548.00    0.68758   0.57536    5.766
 3549.00    0.68334   0.57518    5.766
 3550.00    0.67268   0.57476    5.766
 3551.00    0.64647   0.57409    5.766
 3552.00    0.64647   0.57307    5.766
 3553.00    0.73357   0.57161    5.766
 3554.00    0.77289   0.56972    5.766
 3555.00    0.77016   0.56756    5.766
 3556.00    0.74216   0.56555    5.766
 3557.00    0.74216   0.56437    5.766
 3558.00    0.59751   0.56439    5.766
 3559.00    0.44620   0.56538    5.766
 3560.00    0.44620   0.56673    5.766
 3561.00    0.34210   0.56780    5.766
 3562.00    0.32906   0.56840    5.766
 3563.00    0.33863   0.56841    5.766
 3564.00    0.36223   0.56763    5.766
 3565.00    0.36223   0.56559    5.766
 3566.00    0.45251   0.56219    5.766
 3567.00    0.49335   0.55791    5.766
 3568.00    0.50293   0.55373    5.766
 3569.00    0.60176   0.55072    5.766
 3570.00    0.60176   0.54863    5.766
 3571.00    0.50940   0.54642    5.766
 3572.00    0.41259   0.54348    5.766
 3573.00    0.41259   0.54001    5.766
 3574.00    0.67180   0.53657    5.766
 3575.00    0.70443   0.53377    5.766
 3576.00    0.71589   0.53193    5.766
 3577.00    0.74422   0.53071    5.766
 3578.00    0.74422   0.52952    5.766
 3579.00    0.83372   0.52790    5.766
 3580.00    0.87431   0.52566    5.766
 3581.00    0.83078   0.52303    5.766
 3582.00    0.37764   0.52040    5.766
 3583.00    0.37764   0.51819    5.766
 3584.00    0.39073   0.51657    5.766
 3585.00    0.40449   0.51543    5.766
 3586.00    0.40449   0.51452    5.766
 3587.00    0.77516   0.51367    5.766
 3588.00    0.82217   0.51315    5.766
 3589.00    0.75620   0.51354    5.766
 3590.00    0.59261   0.51525    5.766
 3591.00    0.59261   0.51816    5.766
 3592.00    0.44119   0.52184    5.766
 3593.00    0.37228   0.52557    5.766
 3594.00    0.34967   0.52890    5.766
 3595.00    0.11285   0.53188    5.766
 3596.00    0.11285   0.53492    5.766
 3597.00    0.22626   0.53831    5.766
 3598.00    0.34571   0.54193    5.766
 3599.00    0.34571   0.54525    5.766
 3600.00    0.59925   0.54768    5.766
 3601.00    0.63157   0.54879    5.766
 3602.00    0.60202   0.54833    5.766
 3603.00    0.52855   0.54647    5.766
 3604.00    0.52855   0.54388    5.766
 3605.00    0.81195   0.54140    5.766
 3606.00    0.94120   0.53959    5.766
 3607.00    0.87492   0.53856    5.766
 3608.00    0.17645   0.53804    5.766
 3609.00    0.17645   0.53758    5.766
 3610.00    0.22165   0.53710    5.766
 3611.00    0.26933   0.53689    5.766
 3612.00    0.26933   0.53741    5.766
 3613.00    0.61867   0.53885    5.766
 3614.00    0.66341   0.54090    5.766
 3615.00    0.70212   0.54302    5.766
 3616.00    0.79869   0.54482    5.766
 3617.00    0.79869   0.54616    5.766
 3618.00    0.66631   0.54693    5.766
 3619.00    0.60573   0.54727    5.766
 3620.00    0.59074   0.54767    5.766
 3621.00    0.43129   0.54894    5.766
 3622.00    0.43129   0.55184    5.766
 3623.00    0.42576   0.55633    5.766
 3624.00    0.41991   0.56168    5.766
 3625.00    0.41991   0.56703    5.766
 3626.00    0.59186   0.57182    5.766
 3627.00    0.61404   0.57573    5.766
 3628.00    0.61305   0.57846    5.766
 3629.00    0.61055   0.57939    5.766
 3630.00    0.61055   0.57786    5.766
 3631.00    0.67369   0.57377    5.766
 3632.00    0.70265   0.56797    5.766
 3633.00    0.68386   0.56219    5.766
 3634.00    0.48277   0.55811    5.766
 3635.00    0.48277   0.55641    5.766
 3636.00    0.29387   0.55665    5.766
 3637.00    0.09356   0.55793    5.766
 3638.00    0.09356   0.55958    5.766
 3639.00    0.54268   0.56126    5.766
 3640.00    0.60089   0.56291    5.766
 3641.00    0.55237   0.56421    5.766
 3642.00    0.43073   0.56448    5.766
 3643.00    0.43073   0.56327    5.766
 3644.00    0.58899   0.56078    5.766
 3645.00    0.66175   0.55767    5.766
 3646.00    0.64064   0.55459    5.766
 3647.00    0.41322   0.55201    5.766
 3648.00    0.41322   0.55017    5.766
 3649.00    0.51056   0.54933    5.766
 3650.00    0.61397   0.54981    5.766
 3651.00    0.61397   0.55180    5.766
 3652.00    0.21500   0.55513    5.766
 3653.00    0.16291   0.55921    5.766
 3654.00    0.19102   0.56331    5.766
 3655.00    0.26173   0.56686    5.766
 3656.00    0.26173   0.56973    5.766
 3657.00    0.63499   0.57202    5.766
 3658.00    0.80716   0.57390    5.766
 3659.00    0.78440   0.57545    5.766
 3660.00    0.53689   0.57644    5.766
 3661.00    0.53689   0.57639    5.766
 3662.00    0.38968   0.57507    5.766
 3663.00    0.23282   0.57276    5.766
 3664.00    0.23282   0.57020    5.766
 3665.00    0.75497   0.56804    5.766
 3666.00    0.82346   0.56651    5.766
 3667.00    0.70474   0.56547    5.766
 3668.00    0.40533   0.56459    5.766
 3669.00    0.40533   0.56379    5.766
 3670.00    0.33045   0.56329    5.766
 3671.00    0.29583   0.56348    5.766
 3672.00    0.29700   0.56455    5.766
 3673.00    0.30970   0.56612    5.766
 3674.00    0.30970   0.56729    5.766
 3675.00    0.44694   0.56715    5.766
 3676.00    0.59345   0.56524    5.766
 3677.00    0.59345   0.56178    5.766
 3678.00    0.30098   0.55757    5.766
 3679.00    0.26243   0.55357    5.766
 3680.00    0.25128   0.55066    5.766
 3681.00    0.22309   0.54932    5.766
 3682.00    0.22309   0.54943    5.766
 3683.00    0.32142   0.55041    5.766
 3684.00    0.36704   0.55133    5.766
 3685.00    0.40084   0.55132    5.766
 3686.00    0.77423   0.55010    5.766
 3687.00    0.77423   0.54826    5.766
 3688.00    0.59412   0.54696    5.766
 3689.00    0.40126   0.54725    5.766
 3690.00    0.40126   0.54962    5.766
 3691.00    0.52699   0.55360    5.766
 3692.00    0.54368   0.55778    5.766
 3693.00    0.62216   0.56076    5.766
 3694.00    0.82128   0.56195    5.766
 3695.00    0.82128   0.56169    5.766
 3696.00    0.61556   0.56093    5.766
 3697.00    0.51991   0.56064    5.766
 3698.00    0.51381   0.56155    5.766
 3699.00    0.44607   0.56418    5.766
 3700.00    0.44607   0.56815    5.766
 3701.00    0.52917   0.57198    5.766
 3702.00    0.61832   0.57322    5.766
 3703.00    0.61832   0.56961    5.766
 3704.00    0.60539   0.56076    5.766
 3705.00    0.60367   0.54869    5.766
 3706.00    0.64335   0.53725    5.766
 3707.00    0.74427   0.52988    5.766
 3708.00    0.74427   0.52813    5.766
 3709.00    0.59175   0.53058    5.766
 3710.00    0.52067   0.53414    5.766
 3711.00    0.51307   0.53607    5.766
 3712.00    0.42798   0.53599    5.766
 3713.00    0.42798   0.53587    5.766
 3714.00    0.42311   0.53882    5.766
 3715.00    0.41787   0.54692    5.766
 3716.00    0.41787   0.55949    5.766
 3717.00    0.60123   0.57348    5.766
 3718.00    0.62580   0.58423    0.000
 3719.00    0.69645   0.58755    0.000
 3720.00    0.87655   0.58145    0.000
 3721.00    0.87655   0.56717    0.000
 3722.00    1.41951   0.54903    0.000
 3723.00    1.67339   0.53347    0.000
 3724.00    1.75834   0.52657    0.000
 3725.00    2.71832   0.53188    0.000
 3726.00    2.71832   0.54841    0.000
 3727.00    3.08168   0.57193    0.000
 3728.00    3.47344   0.59662    0.000
 3729.00    3.47344   0.61640    0.000
 3730.00    2.78198   0.62701    0.000
 3731.00    2.68867   0.62648    0.000
 3732.00    2.27378   0.61439    0.000
 3733.00    1.21221   0.59236    0.000
 3734.00    1.21221   0.56443    0.000
 3735.00    0.77467   0.53691    0.000
 3736.00    0.56962   0.51708    0.000
 3737.00    0.56367   0.51093    0.000
 3738.00    0.49603   0.52072    5.766
 3739.00    0.49603   0.54503    5.766
 3740.00    0.63176   0.57871    5.766
 3741.00    0.77839   0.61481    5.766
 3742.00    0.77839   0.64668    5.766
 3743.00    0.71477   0.66941    5.766
 3744.00    0.70614   0.68012    5.766
 3745.00    0.69578   0.67850    5.766
 3746.00    0.66921   0.66537    5.766
 3747.00    0.66921   0.64235    5.766
 3748.00    0.62774   0.61190    5.766
 3749.00    0.60826   0.57782    5.766
 3750.00    0.60741   0.54543    5.766
 3751.00    0.59759   0.52107    5.766
 3752.00    0.59759   0.51009    5.766
 3753.00    0.57124   0.51540    5.766
 3754.00    0.54268   0.53623    5.766
 3755.00    0.54268   0.56791    5.766
 3756.00    0.82579   0.60368    5.766
 3757.00    0.86444   0.63719    5.766
 3758.00    0.87833   0.66384    5.766
 3759.00    0.91407   0.68201    5.766
 3760.00    0.91407   0.69262    5.766
 3761.00    0.67246   0.69779    5.766
 3762.00    0.55860   0.70010    5.766
 3763.00    0.57868   0.70079    5.766
 3764.00    0.81095   0.69926    5.766
 3765.00    0.81095   0.69374    5.766
 3766.00    0.79517   0.68210    5.766
 3767.00    0.77804   0.66286    5.766
 3768.00    0.77804   0.63626    5.766
 3769.00    0.78810   0.60446    5.766
 3770.00    0.78948   0.57166    5.766
 3771.00    0.78924   0.54319    5.766
 3772.00    0.78863   0.52424    5.766
 3773.00    0.78863   0.51877    5.766
 3774.00    0.65657   0.52818    5.766
 3775.00    0.59420   0.55108    5.766
 3776.00    0.57797   0.58374    5.766
 3777.00    0.38906   0.62159    5.766
 3778.00    0.38906   0.66069    5.766
 3779.00    0.49350   0.69849    5.766
 3780.00    0.60709   0.73316    5.766
 3781.00    0.60709   0.76335    5.766
 3782.00    1.06189   0.78805    5.766
 3783.00    1.12455   0.80660    5.766
 3784.00    1.01918   0.81893    5.766
 3785.00    0.74660   0.82516    5.766
 3786.00    0.74660   0.82570    5.766
 3787.00    0.50653   0.82112    5.766
 3788.00    0.39289   0.81221    5.766
 3789.00    0.42561   0.79998    5.766
 3790.00    0.81034   0.78534    5.766
 3791.00    0.81034   0.76873    5.766
 3792.00    0.58332   0.74962    5.766
 3793.00    0.33568   0.72661    5.766
 3794.00    0.33568   0.69820    5.766
 3795.00    0.42439   0.66381    5.766
 3796.00    0.43670   0.62444    0.000
 3797.00    0.41930   0.58322    0.000
 3798.00    0.37411   0.54523    0.000
 3799.00    0.37411   0.51645    0.000
 3800.00    0.44133   0.50251    0.000
 3801.00    0.47326   0.50660    0.000
 3802.00    0.48527   0.52842    0.000
 3803.00    0.62748   0.56414    5.766
 3804.00    0.62748   0.60743    5.766
 3805.00    0.75861   0.65172    5.766
 3806.00    0.90193   0.69218    5.766
 3807.00    0.90193   0.72662    5.766
 3808.00    0.86072   0.75515    5.766
 3809.00    0.85497   0.77903    5.766
 3810.00    0.82088   0.79927    5.766
 3811.00    0.73217   0.81613    5.766
 3812.00    0.73217   0.82876    5.766
 3813.00    0.88233   0.83614    5.766
 3814.00    0.95381   0.83803    5.766
 3815.00    0.93857   0.83546    5.766
 3816.00    0.75680   0.83041    5.766
 3817.00    0.75680   0.82472    5.766
 3818.00    0.64097   0.81931    5.766
 3819.00    0.51412   0.81397    5.766
 3820.00    0.51412   0.80819    5.766
 3821.00    0.63743   0.80188    5.766
 3822.00    0.65469   0.79561    5.766
 3823.00    0.63007   0.79000    5.766
 3824.00    0.56576   0.78470    5.766
 3825.00    0.56576   0.77855    5.766
 3826.00    0.75908   0.76998    5.766
 3827.00    0.85141   0.75802    5.766
 3828.00    0.85435   0.74245    5.766
 3829.00    0.88975   0.72356    5.766
 3830.00    0.88975   0.70136    5.766
 3831.00    0.75603   0.67507    5.766
 3832.00    0.60915   0.64395    5.766
 3833.00    0.60915   0.60808    0.000
 3834.00    0.36835   0.56944    0.000
 3835.00    0.33440   0.53172    0.000
 3836.00    0.33734   0.49999    0.000
 3837.00    0.34503   0.47946    0.000
 3838.00    0.34503   0.47373    0.000
 3839.00    0.36807   0.48390    0.000
 3840.00    0.37911   0.50829    0.000
 3841.00    0.38406   0.54328    0.000
 3842.00    0.44413   0.58448    5.766
 3843.00    0.44413   0.62796    5.766
 3844.00    0.55775   0.67038    5.766
 3845.00    0.68278   0.70944    5.766
 3846.00    0.68278   0.74350    5.766
 3847.00    0.70297   0.77171    5.766
 3848.00    0.70583   0.79416    5.766
 3849.00    0.80590   0.81127    5.766
 3850.00    1.06856   0.82413    5.766
 3851.00    1.06856   0.83372    5.766
 3852.00    1.24285   0.84108    5.766
 3853.00    1.32647   0.84690    5.766
 3854.00    1.30318   0.85142    5.766
 3855.00    1.01864   0.85460    5.766
 3856.00    1.01864   0.85634    5.766
 3857.00    1.05553   0.85683    5.766
 3858.00    1.09622   0.85661    5.766
 3859.00    1.09622   0.85642    5.766
 3860.00    0.91236   0.85672    5.766
 3861.00    0.88616   0.85757    5.766
 3862.00    0.89267   0.85866    0.000
 3863.00    0.90983   0.85937    0.000
 3864.00    0.90983   0.85929    0.000
 3865.00    1.03454   0.85846    0.000
 3866.00    1.09458   0.85731    0.000
 3867.00    1.09740   0.85640    0.000
 3868.00    1.13224   0.85614    0.000
 3869.00    1.13224   0.85640    0.000
 3870.00    1.08440   0.85637    0.000
 3871.00    1.03150   0.85516    0.000
 3872.00    1.03150   0.85235    5.766
 3873.00    0.78871   0.84821    5.766
 3874.00    0.75395   0.84355    5.766
 3875.00    0.81343   0.83907    5.766
 3876.00    0.97051   0.83473    5.766
 3877.00    0.97051   0.82953    5.766
 3878.00    0.84612   0.82218    5.766
 3879.00    0.78611   0.81184    5.766
 3880.00    0.77676   0.79851    5.766
 3881.00    0.66051   0.78274    5.766
 3882.00    0.66051   0.76476    0.000
 3883.00    0.62884   0.74412    0.000
 3884.00    0.59375   0.71966    0.000
 3885.00    0.59375   0.69025    0.000
 3886.00    0.67999   0.65551    0.000
 3887.00    0.69239   0.61653    0.000
 3888.00    0.61965   0.57645    0.000
 3889.00    0.42708   0.54007    0.000
 3890.00    0.42708   0.51315    0.000
 3891.00    0.50070   0.50068    0.000
 3892.00    0.53634   0.50512    5.766
 3893.00    0.51421   0.52546    5.766
 3894.00    0.23620   0.55759    5.766
 3895.00    0.23620   0.59592    5.766
 3896.00    0.36291   0.63524    5.766
 3897.00    0.50373   0.67187    5.766
 3898.00    0.50373   0.70401    5.766
 3899.00    0.88490   0.73135    5.766
 3900.00    0.94008   0.75448    5.766
 3901.00    0.95997   0.77433    5.766
 3902.00    1.01282   0.79183    5.766
 3903.00    1.01282   0.80746    5.766
 3904.00    0.90143   0.82130    5.766
 3905.00    0.84739   0.83325    5.766
 3906.00    0.84506   0.84352    5.766
 3907.00    0.81556   0.85289    5.766
 3908.00    0.81556   0.86246    5.766
 3909.00    0.89261   0.87304    5.766
 3910.00    0.97841   0.88439    5.766
 3911.00    0.97841   0.89516    5.766
 3912.00    0.67690   0.90350    5.766
 3913.00    0.63305   0.90813    5.766
 3914.00    0.71244   0.90884    5.766
 3915.00    0.92392   0.90666    5.766
 3916.00    0.92392   0.90332    5.766
 3917.00    0.96418   0.90034    5.766
 3918.00    0.98375   0.89840    5.766
 3919.00    0.98618   0.89736    5.766
 3920.00    1.01708   0.89664    5.766
 3921.00    1.01708   0.89573    5.766
 3922.00    1.12579   0.89450    5.766
 3923.00    1.24708   0.89310    5.766
 3924.00    1.24708   0.89165    5.766
 3925.00    1.20368   0.88990    5.766
 3926.00    1.19734   0.88727    5.766
 3927.00    1.12083   0.88300    5.766
 3928.00    0.91653   0.87639    5.766
 3929.00    0.91653   0.86699    5.766
 3930.00    0.84003   0.85453    5.766
 3931.00    0.80271   0.83893    5.766
 3932.00    0.79376   0.82058    5.766
 3933.00    0.67854   0.80079    5.766
 3934.00    0.67854   0.78220    5.766
 3935.00    0.68986   0.76842    5.766
 3936.00    0.70252   0.76289    5.766
 3937.00    0.70252   0.76734    5.766
 3938.00    1.06254   0.78098    5.766
 3939.00    1.11547   0.80074    5.766
 3940.00    1.03220   0.82258    5.766
 3941.00    0.80901   0.84280    5.766
 3942.00    0.80901   0.85896    5.766
 3943.00    0.84941   0.87009    5.766
 3944.00    0.86916   0.87642    5.766
 3945.00    0.86731   0.87899    5.766
 3946.00    0.84332   0.87923    5.766
 3947.00    0.84332   0.87844    5.766
 3948.00    0.78411   0.87754    5.766
 3949.00    0.71772   0.87683    5.766
 3950.00    0.71772   0.87619    5.766
 3951.00    0.81910   0.87534    5.766
 3952.00    0.83406   0.87414    5.766
 3953.00    0.82548   0.87258    5.766
 3954.00    0.80243   0.87063    5.766
 3955.00    0.80243   0.86801    5.766
 3956.00    0.75802   0.86414    5.766
 3957.00    0.73626   0.85832    5.766
 3958.00    0.74150   0.84997    5.766
 3959.00    0.81004   0.83877    5.766
 3960.00    0.81004   0.82448    5.766
 3961.00    0.68345   0.80679    0.000
 3962.00    0.54110   0.78535    0.000
 3963.00    0.54110   0.75987    0.000
 3964.00    0.48662   0.73014    0.000
 3965.00    0.47852   0.69594    0.000
 3966.00    0.50261   0.65710    0.000
 3967.00    0.56758   0.61404    0.000
 3968.00    0.56758   0.56850    0.000
 3969.00    0.62020   0.52401    0.000
 3970.00    0.64607   0.48560    0.000
 3971.00    0.63499   0.45870    0.000
 3972.00    0.48851   0.44771    0.000
 3973.00    0.48851   0.45450    0.000
 3974.00    0.55171   0.47797    0.000
 3975.00    0.62290   0.51441    5.766
 3976.00    0.62290   0.55872    5.766
 3977.00    0.65815   0.60581    5.766
 3978.00    0.66341   0.65158    5.766
 3979.00    0.64372   0.69330    5.766
 3980.00    0.59050   0.72961    5.766
 3981.00    0.59050   0.76012    5.766
 3982.00    0.78593   0.78515    5.766
 3983.00    0.88223   0.80560    5.766
 3984.00    0.85465   0.82264    5.766
 3985.00    0.48734   0.83752    5.766
 3986.00    0.48734   0.85103    5.766
 3987.00    0.62904   0.86344    5.766
 3988.00    0.78899   0.87454    5.766
 3989.00    0.78899   0.88408    5.766
 3990.00    0.98217   0.89206    5.766
 3991.00    1.01113   0.89876    5.766
 3992.00    0.99029   0.90459    5.766
 3993.00    0.93383   0.90983    5.766
 3994.00    0.93383   0.91442    5.766
 3995.00    0.89362   0.91804    5.766
 3996.00    0.87377   0.92034    5.766
 3997.00    0.86883   0.92129    5.766
 3998.00    0.80220   0.92127    5.766
 3999.00    0.80220   0.92094    5.766
 4000.00    0.79185   0.92086    5.766
 4001.00    0.78014   0.92119    5.766
 4002.00    0.78014   0.92160    5.766
 4003.00    0.93555   0.92149    5.766
 4004.00    0.95900   0.92040    5.766
 4005.00    0.97658   0.91831    5.766
 4006.00    1.02439   0.91585    5.766
 4007.00    1.02439   0.91405    5.766
 4008.00    0.73789   0.91387    5.766
 4009.00    0.59595   0.91570    5.766
 4010.00    0.63261   0.91915    5.766
 4011.00    1.13032   0.92335    5.766
 4012.00    1.13032   0.92744    5.766
 4013.00    1.06926   0.93103    5.766
 4014.00    1.00000   0.93417    5.766
 4015.00    1.00000   0.93723    5.766
 4016.00    0.65452   0.94055    5.766
 4017.00    0.60217   0.94426    5.766
 4018.00    0.71594   0.94816    5.766
 4019.00    1.02622   0.95179    5.766
 4020.00    1.02622   0.95453    5.766
 4021.00    0.97714   0.95564    5.766
 4022.00    0.95276   0.95439    5.766
 4023.00    0.93979   0.95032    5.766
 4024.00    0.76223   0.94352    0.000
 4025.00    0.76223   0.93497    0.000
 4026.00    0.81958   0.92636    0.000
 4027.00    0.88476   0.91962    0.000
 4028.00    0.88476   0.91599    0.000
 4029.00    0.98514   0.91554    0.000
 4030.00    1.00042   0.91723    0.000
 4031.00    1.01741   0.91964    5.766
 4032.00    1.06392   0.92178    5.766
 4033.00    1.06392   0.92356    5.766
 4034.00    1.06548   0.92560    5.766
 4035.00    1.06626   0.92880    5.766
 4036.00    1.05549   0.93373    5.766
 4037.00    0.90640   0.94038    5.766
 4038.00    0.90640   0.94807    5.766
 4039.00    0.98143   0.95559    5.766
 4040.00    1.06696   0.96156    5.766
 4041.00    1.06696   0.96484    5.766
 4042.00    1.04901   0.96483    5.766
 4043.00    1.04626   0.96155    5.766
 4044.00    1.02169   0.95553    5.766
 4045.00    0.95427   0.94783    5.766
 4046.00    0.95427   0.94002    5.766
 4047.00    1.01310   0.93398    5.766
 4048.00    1.04247   0.93132    5.766
 4049.00    1.04471   0.93264    5.766
 4050.00    1.07597   0.93711    5.766
 4051.00    1.07597   0.94286    5.766
 4052.00    1.07785   0.94780    5.766
 4053.00    1.07999   0.95050    5.766
 4054.00    1.07999   0.95067    5.766
 4055.00    0.53989   0.94901    5.766
 4056.00    0.45683   0.94671    5.766
 4057.00    0.52498   0.94479    5.766
 4058.00    0.71248   0.94370    5.766
 4059.00    0.71248   0.94321    5.766
 4060.00    0.86701   0.94263    5.766
 4061.00    0.94433   0.94105    5.766
 4062.00    0.94303   0.93779    5.766
 4063.00    0.92474   0.93260    5.766
 4064.00    0.92474   0.92591    5.766
 4065.00    0.87650   0.91872    5.766
 4066.00    0.82129   0.91216    5.766
 4067.00    0.82129   0.90711    0.000
 4068.00    0.81671   0.90379    0.000
 4069.00    0.81600   0.90179    0.000
 4070.00    0.86204   0.90026    0.000
 4071.00    0.98917   0.89840    5.766
 4072.00    0.98917   0.89582    5.766
 4073.00    0.75665   0.89268    5.766
 4074.00    0.63992   0.88942    5.766
 4075.00    0.65705   0.88628    5.766
 4076.00    0.90085   0.88313    5.766
 4077.00    0.90085   0.87979    5.766
 4078.00    1.01417   0.87656    5.766
 4079.00    1.14426   0.87446    5.766
 4080.00    1.14426   0.87459    5.766
 4081.00    0.98005   0.87736    5.766
 4082.00    0.95453   0.88190    5.766
 4083.00    0.97749   0.88637    5.766
 4084.00    1.04107   0.88893    5.766
 4085.00    1.04107   0.88856    5.766
 4086.00    0.91166   0.88540    5.766
 4087.00    0.84655   0.88037    5.766
 4088.00    0.83609   0.87447    5.766
 4089.00    0.68605   0.86833    5.766
 4090.00    0.68605   0.86199    5.766
 4091.00    0.81828   0.85498    5.766
 4092.00    0.97036   0.84660    5.766
 4093.00    0.97036   0.83591    5.766
 4094.00    0.82289   0.82189    5.766
 4095.00    0.79988   0.80345    0.000
 4096.00    0.73171   0.77978    0.000
 4097.00    0.54232   0.75060    0.000
 4098.00    0.54232   0.71638    0.000
 4099.00    0.74905   0.67835    0.000
 4100.00    0.85317   0.63854    0.000
 4101.00    0.82486   0.59989    0.000
 4102.00    0.41392   0.56629    0.000
 4103.00    0.41392   0.54221    0.000
 4104.00    0.62679   0.53168    0.000
 4105.00    0.87185   0.53678    0.000
 4106.00    0.87185   0.55664    0.000
 4107.00    0.64987   0.58758    0.000
 4108.00    0.61501   0.62437    5.766
 4109.00    0.61763   0.66197    5.766
 4110.00    0.62493   0.69686    5.766
 4111.00    0.62493   0.72740    5.766
 4112.00    0.66358   0.75350    5.766
 4113.00    0.68313   0.77584    5.766
 4114.00    0.66257   0.79512    5.766
 4115.00    0.36414   0.81180    5.766
 4116.00    0.36414   0.82594    5.766
 4117.00    0.53380   0.83740    5.766
 4118.00    0.72990   0.84613    5.766
 4119.00    0.72990   0.85234    5.766
 4120.00    0.80642   0.85658    5.766
 4121.00    0.81853   0.85970    5.766
 4122.00    0.79219   0.86258    5.766
 4123.00    0.71863   0.86587    5.766
 4124.00    0.71863   0.86979    5.766
 4125.00    0.87132   0.87406    5.766
 4126.00    0.94890   0.87795    5.766
 4127.00    0.94689   0.88053    5.766
 4128.00    0.91725   0.88106    5.766
 4129.00    0.91725   0.87942    5.766
 4130.00    0.87371   0.87622    5.766
 4131.00    0.82320   0.87260    5.766
 4132.00    0.82320   0.86977    5.766
 4133.00    1.04251   0.86870    5.766
 4134.00    1.07725   0.87005    5.766
 4135.00    0.96421   0.87406    5.766
 4136.00    0.64696   0.88051    5.766
 4137.00    0.64696   0.88861    5.766
 4138.00    0.86086   0.89711    5.766
 4139.00    0.96955   0.90455    5.766
 4140.00    0.96662   0.90960    5.766
 4141.00    0.92272   0.91128    5.766
 4142.00    0.92272   0.90920    5.766
 4143.00    0.80135   0.90379    5.766
 4144.00    0.66053   0.89646    5.766
 4145.00    0.66053   0.88933    5.766
 4146.00    0.95829   0.88454    5.766
 4147.00    1.00583   0.88332    5.766
 4148.00    0.97751   0.88550    5.766
 4149.00    0.89802   0.88972    5.766
 4150.00    0.89802   0.89434    5.766
 4151.00    0.96841   0.89819    5.766
 4152.00    1.00433   0.90088    5.766
 4153.00    0.99531   0.90255    5.766
 4154.00    0.85994   0.90349    5.766
 4155.00    0.85994   0.90399    5.766
 4156.00    0.83007   0.90438    5.766
 4157.00    0.79528   0.90508    5.766
 4158.00    0.79528   0.90648    5.766
 4159.00    0.95848   0.90872    5.766
 4160.00    0.98454   0.91152    5.766
 4161.00    1.04283   0.91435    5.766
 4162.00    1.20727   0.91671    5.766
 4163.00    1.20727   0.91838    5.766
 4164.00    1.08045   0.91942    5.766
 4165.00    1.01574   0.92004    5.766
 4166.00    1.01392   0.92030    5.766
 4167.00    0.98613   0.92003    5.766
 4168.00    0.98613   0.91890    5.766
 4169.00    0.86994   0.91657    5.766
 4170.00    0.73458   0.91273    5.766
 4171.00    0.73458   0.90727    5.766
 4172.00    0.83488   0.90037    5.766
 4173.00    0.85103   0.89271    5.766
 4174.00    0.81546   0.88549    5.766
 4175.00    0.71514   0.87996    5.766
 4176.00    0.71514   0.87689    5.766
 4177.00    0.75532   0.87614    5.766
 4178.00    0.77591   0.87695    5.766
 4179.00    0.78777   0.87851    5.766
 4180.00    0.96866   0.88053    5.766
 4181.00    0.96866   0.88316    5.766
 4182.00    0.95677   0.88656    5.766
 4183.00    0.94286   0.89056    5.766
 4184.00    0.94286   0.89460    5.766
 4185.00    1.08789   0.89804    5.766
 4186.00    1.11124   0.90039    5.766
 4187.00    1.09074   0.90142    5.766
 4188.00    1.03260   0.90123    5.766
 4189.00    1.03260   0.90020    5.766
 4190.00    0.82824   0.89892    5.766
 4191.00    0.72303   0.89794    5.766
 4192.00    0.73899   0.89756    5.766
 4193.00    0.98662   0.89770    5.766
 4194.00    0.98662   0.89786    5.766
 4195.00    1.10333   0.89727    5.766
 4196.00    1.24037   0.89520    5.766
 4197.00    1.24037   0.89129    5.766
 4198.00    0.94151   0.88577    5.766
 4199.00    0.89300   0.87942    5.766
 4200.00    0.84991   0.87328    5.766
 4201.00    0.72712   0.86831    5.766
 4202.00    0.72712   0.86518    5.766
 4203.00    0.74444   0.86422    5.766
 4204.00    0.75336   0.86554    5.766
 4205.00    0.75502   0.86899    5.766
 4206.00    0.78119   0.87424    5.766
 4207.00    0.78119   0.88060    5.766
 4208.00    0.80399   0.88721    5.766
 4209.00    0.83076   0.89316    5.766
 4210.00    0.83076   0.89773    5.766
 4211.00    0.83812   0.90063    5.766
 4212.00    0.83932   0.90184    5.766
 4213.00    0.82056   0.90153    5.766
 4214.00    0.76709   0.89988    5.766
 4215.00    0.76709   0.89726    5.766
 4216.00    0.90200   0.89434    5.766
 4217.00    0.97175   0.89218    5.766
 4218.00    0.97567   0.89183    5.766
 4219.00    1.03758   0.89375    5.766
 4220.00    1.03758   0.89734    5.766
 4221.00    1.08203   0.90103    5.766
 4222.00    1.13444   0.90284    5.766
 4223.00    1.13444   0.90111    5.766
 4224.00    1.08678   0.89521    5.766
 4225.00    1.07898   0.88573    5.766
 4226.00    1.04893   0.87442    5.766
 4227.00    0.96288   0.86383    5.766
 4228.00    0.96288   0.85651    5.766
 4229.00    0.78785   0.85412    5.766
 4230.00    0.69735   0.85667    5.766
 4231.00    0.70241   0.86248    5.766
 4232.00    0.78367   0.86892    5.766
 4233.00    0.78367   0.87364    5.766
 4234.00    0.77368   0.87561    5.766
 4235.00    0.76192   0.87535    5.766
 4236.00    0.76192   0.87435    5.766
 4237.00    0.63148   0.87411    5.766
 4238.00    0.60996   0.87547    5.766
 4239.00    0.74681   0.87850    5.766
 4240.00    1.13877   0.88273    5.766
 4241.00    1.13877   0.88759    5.766
 4242.00    0.90031   0.89256    5.766
 4243.00    0.77649   0.89720    5.766
 4244.00    0.78223   0.90108    5.766
 4245.00    0.87456   0.90362    5.766
 4246.00    0.87456   0.90424    5.766
 4247.00    0.86823   0.90250    5.766
 4248.00    0.86074   0.89851    5.766
 4249.00    0.86074   0.89299    5.766
 4250.00    0.94033   0.88710    5.766
 4251.00    0.95346   0.88194    5.766
 4252.00    0.92996   0.87819    5.766
 4253.00    0.86229   0.87601    5.766
 4254.00    0.86229   0.87515    5.766
 4255.00    0.90300   0.87522    5.766
 4256.00    0.92419   0.87582    5.766
 4257.00    0.93070   0.87655    5.766
 4258.00    1.03719   0.87700    5.766
 4259.00    1.03719   0.87686    5.766
 4260.00    0.89760   0.87618    5.766
 4261.00    0.73177   0.87556    5.766
 4262.00    0.73177   0.87606    5.766
 4263.00    0.91360   0.87864    5.766
 4264.00    0.94384   0.88355    5.766
 4265.00    0.87177   0.88997    5.766
 4266.00    0.66324   0.89624    5.766
 4267.00    0.66324   0.90043    5.766
 4268.00    0.82049   0.90108    5.766
 4269.00    0.90251   0.89759    5.766
 4270.00    0.91818   0.89033    5.766
 4271.00    1.17925   0.88045    5.766
 4272.00    1.17925   0.86963    5.766
 4273.00    1.12090   0.85977    5.766
 4274.00    1.05159   0.85261    5.766
 4275.00    1.05159   0.84933    5.766
 4276.00    1.13592   0.85031    5.766
 4277.00    1.15006   0.85498    5.766
 4278.00    1.10558   0.86205    5.766
 4279.00    0.97687   0.86983    5.766
 4280.00    0.97687   0.87674    5.766
 4281.00    0.90179   0.88169    5.766
 4282.00    0.86247   0.88431    5.766
 4283.00    0.84862   0.88482    5.766
 4284.00    0.61789   0.88378    5.766
 4285.00    0.61789   0.88166    5.766
 4286.00    0.76238   0.87861    5.766
 4287.00    0.93472   0.87449    5.766
 4288.00    0.93472   0.86907    5.766
 4289.00    0.84479   0.86243    5.766
 4290.00    0.82971   0.85514    5.766
 4291.00    0.80134   0.84827    5.766
 4292.00    0.71882   0.84295    5.766
 4293.00    0.71882   0.83979    5.766
 4294.00    0.69577   0.83852    5.766
 4295.00    0.68369   0.83813    5.766
 4296.00    0.67194   0.83738    5.766
 4297.00    0.47253   0.83533    5.766
 4298.00    0.47253   0.83154    5.766
 4299.00    0.52110   0.82606    5.766
 4300.00    0.57904   0.81927    5.766
 4301.00    0.57904   0.81191    5.766
 4302.00    0.79308   0.80502    5.766
 4303.00    0.82924   0.79973    5.766
 4304.00    0.82924   0.79678    5.766
 4305.00    0.82924   0.79619    5.766
 4306.00    0.82924   0.79719    5.766
 4307.00    0.82924   0.79861    5.766
 4308.00    0.82924   0.79958    5.766
 4309.00    0.82924   0.79994    5.766
 4310.00    0.82924   0.80029    5.766
 4311.00    0.82924   0.80143    5.766
 4312.00    0.82924   0.80389    5.766
 4313.00    0.82924   0.80774    5.766
 4314.00    0.82924   0.81289    5.766
 4315.00    0.82924   0.81940    5.766
 4316.00    0.82924   0.82752    5.766
 4317.00    0.87479   0.83725    5.766
 4318.00    1.00795   0.84777    5.766
 4319.00    1.00795   0.85746    5.766
 4320.00    1.00795   0.86439    5.766
 4321.00    1.00795   0.86703    5.766
 4322.00    1.00795   0.86478    5.766
 4323.00    1.00795   0.85798    5.766
 4324.00    1.00795   0.84768    5.766
 4325.00    1.00795   0.83543    5.766
 4326.00    1.00795   0.82317    5.766
 4327.00    1.00795   0.81286    5.766
 4328.00    1.00795   0.80590    5.766
 4329.00    1.00795   0.80248    5.766
 4330.00    1.00795   0.80140    5.766
 4331.00    1.00795   0.80053    5.766
 4332.00    1.00795   0.79772    0.000
 4333.00    0.89969   0.79135    0.000
 4334.00    0.84248   0.78041    0.000
 4335.00    0.86806   0.76415    0.000
 4336.00    1.31867   0.74187    0.000
 4337.00    1.31867   0.71320    0.000
 4338.00    1.28003   0.67881    0.000
 4339.00    1.23357   0.64103    0.000
 4340.00    1.23357   0.60395    0.000
 4341.00    0.86172   0.57280    0.000
 4342.00    0.79790   0.55250    0.000
 4343.00    0.82965   0.54627    0.000
 4344.00    0.92293   0.55465    0.000
 4345.00    0.92293   0.57556    0.000
 4346.00    0.73617   0.60510    0.000
 4347.00    0.63707   0.63882    5.766
 4348.00    0.64054   0.67268    5.766
 4349.00    0.70169   0.70352    5.766
 4350.00    0.70169   0.72935    5.766
 4351.00    0.73204   0.74939    5.766
 4352.00    0.76868   0.76419    5.766
 4353.00    0.76868   0.77542    5.766
 4354.00    0.95523   0.78526    5.766
 4355.00    0.98725   0.79552    5.766
 4356.00    0.89662   0.80685    5.766
 4357.00    0.62895   0.81880    5.766
 4358.00    0.62895   0.83031    5.766
 4359.00    0.83194   0.84045    5.766
 4360.00    0.93966   0.84898    5.766
 4361.00    0.93799   0.85625    5.766
 4362.00    0.90799   0.86287    5.766
 4363.00    0.90799   0.86918    5.766
 4364.00    0.87076   0.87504    5.766
 4365.00    0.82582   0.87987    5.766
 4366.00    0.82582   0.88289    5.766
 4367.00    1.09638   0.88347    5.766
 4368.00    1.14317   0.88147    5.766
 4369.00    1.08429   0.87731    5.766
 4370.00    0.91035   0.87185    5.766
 4371.00    0.91035   0.86597    5.766
 4372.00    0.62736   0.86023    5.766
 4373.00    0.47655   0.85476    5.766
 4374.00    0.48991   0.84951    5.766
 4375.00    0.72993   0.84466    5.766
 4376.00    0.72993   0.84081    5.766
 4377.00    0.78947   0.83871    5.766
 4378.00    0.86161   0.83869    5.766
 4379.00    0.86161   0.84013    5.766
 4380.00    1.01894   0.84141    5.766
 4381.00    1.04615   0.84052    5.766
 4382.00    1.00238   0.83585    5.766
 4383.00    0.87241   0.82703    5.766
 4384.00    0.87241   0.81520    5.766
 4385.00    0.62430   0.80278    5.766
 4386.00    0.49208   0.79262    5.766
 4387.00    0.49843   0.78695    5.766
 4388.00    0.61478   0.78653    5.766
 4389.00    0.61478   0.79062    5.766
 4390.00    0.59316   0.79747    5.766
 4391.00    0.56697   0.80521    5.766
 4392.00    0.56697   0.81245    5.766
 4393.00    0.95460   0.81846    5.766
 4394.00    1.02217   0.82305    5.766
 4395.00    0.93844   0.82642    5.766
 4396.00    0.68920   0.82900    5.766
 4397.00    0.68920   0.83126    5.766
 4398.00    0.72249   0.83345    5.766
 4399.00    0.74031   0.83542    5.766
 4400.00    0.75139   0.83674    5.766
 4401.00    0.95853   0.83700    5.766
 4402.00    0.95853   0.83606    5.766
 4403.00    0.78426   0.83409    5.766
 4404.00    0.57226   0.83138    5.766
 4405.00    0.57226   0.82830    5.766
 4406.00    1.02943   0.82539    5.766
 4407.00    1.10974   0.82336    5.766
 4408.00    1.06777   0.82297    5.766
 4409.00    0.94251   0.82467    5.766
 4410.00    0.94251   0.82835    5.766
 4411.00    0.83726   0.83326    5.766
 4412.00    0.78068   0.83818    5.766
 4413.00    0.77629   0.84170    5.766
 4414.00    0.69430   0.84263    5.766
 4415.00    0.69430   0.84053    5.766
 4416.00    0.78935   0.83604    5.766
 4417.00    0.90542   0.83085    5.766
 4418.00    0.90542   0.82710    5.766
 4419.00    0.47261   0.82643    5.766
 4420.00    0.39658   0.82928    5.766
 4421.00    0.47429   0.83474    5.766
 4422.00    0.70742   0.84106    5.766
 4423.00    0.70742   0.84656    5.766
 4424.00    0.92656   0.85030    5.766
 4425.00    1.04435   0.85228    5.766
 4426.00    1.04618   0.85300    5.766
 4427.00    1.08102   0.85306    5.766
 4428.00    1.08102   0.85285    5.766
 4429.00    1.01941   0.85252    5.766
 4430.00    0.94417   0.85210    5.766
 4431.00    0.94417   0.85158    5.766
 4432.00    0.86245   0.85088    5.766
 4433.00    0.84799   0.84991    5.766
 4434.00    0.91620   0.84865    5.766
 4435.00    1.12083   0.84732    5.766
 4436.00    1.12083   0.84643    5.766
 4437.00    1.11431   0.84662    5.766
 4438.00    1.11079   0.84829    5.766
 4439.00    1.10208   0.85120    5.766
 4440.00    0.93589   0.85432    5.766
 4441.00    0.93589   0.85632    5.766
 4442.00    1.00076   0.85619    5.766
 4443.00    1.08030   0.85396    5.766
 4444.00    1.08030   0.85083    5.766
 4445.00    1.13660   0.84860    5.766
 4446.00    1.14656   0.84876    5.766
 4447.00    1.09145   0.85169    5.766
 4448.00    0.92523   0.85657    5.766
 4449.00    0.92523   0.86180    5.766
 4450.00    0.99446   0.86584    5.766
 4451.00    1.03183   0.86779    5.766
 4452.00    1.02381   0.86751    5.766
 4453.00    0.86767   0.86531    5.766
 4454.00    0.86767   0.86164    5.766
 4455.00    0.79374   0.85698    5.766
 4456.00    0.70308   0.85185    5.766
 4457.00    0.70308   0.84687    5.766
 4458.00    0.98072   0.84274    5.766
 4459.00    1.03024   0.83993    5.766
 4460.00    1.03434   0.83857    5.766
 4461.00    1.04669   0.83844    5.766
 4462.00    1.04669   0.83919    5.766
 4463.00    1.12940   0.84049    5.766
 4464.00    1.17423   0.84204    5.766
 4465.00    1.15779   0.84347    5.766
 4466.00    0.83066   0.84428    5.766
 4467.00    0.83066   0.84391    5.766
 4468.00    0.65521   0.84199    5.766
 4469.00    0.43925   0.83863    0.000
 4470.00    0.43925   0.83456    0.000
 4471.00    0.69298   0.83104    0.000
 4472.00    0.73858   0.82951    0.000
 4473.00    0.73151   0.83105    0.000
 4474.00    0.71009   0.83599    0.000
 4475.00    0.71009   0.84364    0.000
 4476.00    0.84337   0.85250    5.766
 4477.00    0.91594   0.86063    5.766
 4478.00    0.91594   0.86623    5.766
 4479.00    0.91594   0.86808    5.766
 4480.00    0.91594   0.86598    5.766
 4481.00    0.91594   0.86081    5.766
 4482.00    0.91594   0.85450    5.766
 4483.00    0.91594   0.84945    5.766
 4484.00    0.91594   0.84768    5.766
 4485.00    0.91594   0.84995    5.766
 4486.00    0.91594   0.85538    5.766
 4487.00    0.91594   0.86186    5.766
 4488.00    0.91594   0.86700    5.766
 4489.00    0.91594   0.86925    5.766
 4490.00    0.91594   0.86846    5.766
 4491.00    0.91594   0.86572    5.766
 4492.00    0.91594   0.86259    5.766
 4493.00    0.91594   0.86031    5.766
 4494.00    0.91594   0.85935    5.766
 4495.00    0.91594   0.85950    5.766
 4496.00    0.91594   0.86029    5.766
 4497.00    0.91594   0.86139    5.766
 4498.00    0.98607   0.86263    5.766
 4499.00    1.04418   0.86393    5.766
 4500.00    1.04418   0.86518    5.766
 4501.00    1.04418   0.86633    5.766
 4502.00    1.04418   0.86760    5.766
 4503.00    1.04418   0.86943    5.766
 4504.00    1.04418   0.87226    5.766
 4505.00    1.04418   0.87614    5.766
 4506.00    1.04418   0.88049    5.766
 4507.00    1.04418   0.88433    5.766
 4508.00    1.04418   0.88675    5.766
 4509.00    1.04418   0.88740    5.766
 4510.00    1.04418   0.88654    5.766
 4511.00    1.04418   0.88482    5.766
 4512.00    1.04418   0.88274    5.766
 4513.00    1.04418   0.88042    5.766
 4514.00    1.04418   0.87770    5.766
 4515.00    1.04418   0.87443    5.766
 4516.00    1.04418   0.87074    5.766
 4517.00    1.04418   0.86705    5.766
 4518.00    1.04418   0.86387    5.766
 4519.00    1.04418   0.86151    5.766
 4520.00    0.89923   0.85994    5.766
 4521.00    0.71940   0.85888    5.766
 4522.00    0.71940   0.85793    5.766
 4523.00    1.08893   0.85675    5.766
 4524.00    1.15635   0.85511    5.766
 4525.00    1.11949   0.85284    5.766
 4526.00    1.00657   0.84983    5.766
 4527.00    1.00657   0.84603    5.766
 4528.00    0.77336   0.84150    5.766
 4529.00    0.64530   0.83651    5.766
 4530.00    0.64700   0.83154    5.766
 4531.00    0.68245   0.82719    5.766
 4532.00    0.68245   0.82393    5.766
 4533.00    0.78637   0.82191    5.766
 4534.00    0.91582   0.82103    5.766
 4535.00    0.91582   0.82119    5.766
 4536.00    0.92849   0.82254    5.766
 4537.00    0.93082   0.82541    5.766
 4538.00    0.79845   0.83000    5.766
 4539.00    0.39078   0.83592    5.766
 4540.00    0.39078   0.84220    5.766
 4541.00    0.71104   0.84762    5.766
 4542.00    0.88768   0.85126    5.766
 4543.00    0.89120   0.85290    5.766
 4544.00    0.96620   0.85291    5.766
 4545.00    0.96620   0.85195    5.766
 4546.00    0.83774   0.85051    5.766
 4547.00    0.67709   0.84872    5.766
 4548.00    0.67709   0.84648    5.766
 4549.00    0.83351   0.84367    5.766
 4550.00    0.86226   0.84036    5.766
 4551.00    0.85811   0.83691    5.766
 4552.00    0.84526   0.83382    5.766
 4553.00    0.84526   0.83150    5.766
 4554.00    0.56471   0.83010    5.766
 4555.00    0.40997   0.82954    5.766
 4556.00    0.41638   0.82984    5.766
 4557.00    0.55568   0.83123    5.766
 4558.00    0.55568   0.83410    5.766
 4559.00    0.67806   0.83862    5.766
 4560.00    0.83109   0.84443    5.766
 4561.00    0.83109   0.85060    5.766
 4562.00    1.42890   0.85592   -1.000
 4563.00    1.53961   0.85933   -1.000
 4564.00    1.47796   0.86036   -1.000
 4565.00    1.28708   0.85932    5.766
 4566.00    1.28708   0.85719    5.766
 4567.00    0.76401   0.85518    5.766
 4568.00    0.47429   0.85424    5.766
 4569.00    0.49149   0.85459    5.766
 4570.00    0.86556   0.85575    5.766
 4571.00    0.86556   0.85682    5.766
 4572.00    0.90861   0.85704    5.766
 4573.00    0.96267   0.85623    5.766
 4574.00    0.96267   0.85482    5.766
 4575.00    0.74434   0.85355    5.766
 4576.00    0.70390   0.85293    5.766
 4577.00    0.76421   0.85292    5.766
 4578.00    0.95191   0.85292    5.766
 4579.00    0.95191   0.85214    5.766
 4580.00    0.72569   0.84992    5.766
 4581.00    0.60040   0.84603    5.766
 4582.00    0.59565   0.84086    5.766
 4583.00    0.48988   0.83519    5.766
 4584.00    0.48988   0.83002    5.766
 4585.00    0.62925   0.82626    5.766
 4586.00    0.80424   0.82450    5.766
 4587.00    0.80424   0.82489    5.766
 4588.00    0.95245   0.82702    5.766
 4589.00    0.98010   0.83014    5.766
 4590.00    0.93748   0.83342    5.766
 4591.00    0.80480   0.83617    5.766
 4592.00    0.80480   0.83801    5.766
 4593.00    0.88972   0.83894    5.766
 4594.00    0.93696   0.83924    5.766
 4595.00    0.92554   0.83932    5.766
 4596.00    0.67127   0.83957    5.766
 4597.00    0.67127   0.84023    5.766
 4598.00    0.69668   0.84130    5.766
 4599.00    0.72871   0.84261    5.766
 4600.00    0.72871   0.84385    5.766
 4601.00    0.88864   0.84470    5.766
 4602.00    0.91847   0.84504    5.766
 4603.00    0.94742   0.84495    5.766
 4604.00    1.03801   0.84467    5.766
 4605.00    1.03801   0.84455    5.766
 4606.00    0.80209   0.84499    5.766
 4607.00    0.67031   0.84626    5.766
 4608.00    0.67815   0.84849    5.766
 4609.00    0.85700   0.85156    5.766
 4610.00    0.85700   0.85513    5.766
 4611.00    0.74435   0.85867    5.766
 4612.00    0.60178   0.86159    5.766
 4613.00    0.60178   0.86343    5.766
 4614.00    0.85400   0.86399    5.766
 4615.00    0.90141   0.86340    5.766
 4616.00    0.95302   0.86197    5.766
 4617.00    1.11538   0.86006    5.766
 4618.00    1.11538   0.85796    5.766
 4619.00    0.88623   0.85595    5.766
 4620.00    0.75823   0.85428    5.766
 4621.00    0.75665   0.85328    5.766
 4622.00    0.71963   0.85324    5.766
 4623.00    0.71963   0.85426    5.766
 4624.00    0.63579   0.85609    5.766
 4625.00    0.52969   0.85815    5.766
 4626.00    0.52969   0.85975    5.766
 4627.00    0.97052   0.86028    5.766
 4628.00    1.05398   0.85948    5.766
 4629.00    1.04442   0.85754    5.766
 4630.00    1.01434   0.85501    5.766
 4631.00    1.01434   0.85249    5.766
 4632.00    0.79738   0.85045    5.766
 4633.00    0.67567   0.84899    5.766
 4634.00    0.67756   0.84794    5.766
 4635.00    0.72167   0.84695    5.766
 4636.00    0.72167   0.84572    5.766
 4637.00    0.87522   0.84423    5.766
 4638.00    1.07031   0.84270    5.766
 4639.00    1.07031   0.84154    5.766
 4640.00    0.90428   0.84106    5.766
 4641.00    0.87284   0.84128    5.766
 4642.00    0.84315   0.84196    5.766
 4643.00    0.74925   0.84280    5.766
 4644.00    0.74925   0.84339    5.766
 4645.00    0.57781   0.84322    5.766
 4646.00    0.48163   0.84185    5.766
 4647.00    0.49629   0.83911    5.766
 4648.00    0.84772   0.83531    5.766
 4649.00    0.84772   0.83129    5.766
 4650.00    0.87074   0.82815    5.766
 4651.00    0.89997   0.82672    5.766
 4652.00    0.89997   0.82734    5.766
 4653.00    0.67323   0.82964    5.766
 4654.00    0.62999   0.83273    5.766
 4655.00    0.66363   0.83565    5.766
 4656.00    0.76999   0.83789    5.766
 4657.00    0.76999   0.83953    5.766
 4658.00    0.83464   0.84115    5.766
 4659.00    0.87106   0.84340    5.766
 4660.00    0.86165   0.84656    5.766
 4661.00    0.63597   0.85029    5.766
 4662.00    0.63597   0.85370    5.766
 4663.00    0.79108   0.85560    5.766
 4664.00    0.98894   0.85506    5.766
 4665.00    0.98894   0.85177    5.766
 4666.00    0.97571   0.84614    5.766
 4667.00    0.97319   0.83908    5.766
 4668.00    0.94343   0.83167    5.766
 4669.00    0.84883   0.82508    5.766
 4670.00    0.84883   0.82030    5.766
 4671.00    0.91067   0.81806    5.766
 4672.00    0.94558   0.81866    5.766
 4673.00    0.93456   0.82177    5.766
 4674.00    0.66324   0.82643    5.766
 4675.00    0.66324   0.83150    5.766
 4676.00    0.75854   0.83593    5.766
 4677.00    0.88058   0.83903    5.766
 4678.00    0.88058   0.84055    5.766
 4679.00    1.01867   0.84054    5.766
 4680.00    1.04519   0.83919    5.766
 4681.00    0.97188   0.83679    5.766
 4682.00    0.73753   0.83380    5.766
 4683.00    0.73753   0.83085    5.766
 4684.00    0.72383   0.82853    5.766
 4685.00    0.71608   0.82716    5.766
 4686.00    0.72303   0.82671    5.766
 4687.00    0.89859   0.82695    5.766
 4688.00    0.89859   0.82758    5.766
 4689.00    0.94563   0.82830    5.766
 4690.00    1.00587   0.82901    5.766
 4691.00    1.00587   0.82968    5.766
 4692.00    0.82206   0.83031    5.766
 4693.00    0.78650   0.83087    5.766
 4694.00    0.78529   0.83137    5.766
 4695.00    0.78141   0.83178    5.766
 4696.00    0.78141   0.83207    5.766
 4697.00    0.76769   0.83206    5.766
 4698.00    0.75989   0.83146    5.766
 4699.00    0.77533   0.82998    5.766
 4700.00    1.16529   0.82756    5.766
 4701.00    1.16529   0.82437    5.766
 4702.00    0.97082   0.82080    5.766
 4703.00    0.72080   0.81739    5.766
 4704.00    0.72080   0.81454    5.766
 4705.00    0.73293   0.81243    5.766
 4706.00    0.73528   0.81104    5.766
 4707.00    0.74554   0.81031    5.766
 4708.00    0.77851   0.81001    5.766
 4709.00    0.77851   0.80981    5.766
 4710.00    0.68351   0.80948    5.766
 4711.00    0.62954   0.80905    5.766
 4712.00    0.64328   0.80879    5.766
 4713.00    0.99976   0.80901    5.766
 4714.00    0.99976   0.80972    5.766
 4715.00    0.98819   0.81083    5.766
 4716.00    0.97333   0.81234    5.766
 4717.00    0.97333   0.81444    5.766
 4718.00    0.83300   0.81735    5.766
 4719.00    0.80566   0.82110    5.766
 4720.00    0.79801   0.82533    5.766
 4721.00    0.77343   0.82947    5.766
 4722.00    0.77343   0.83291    5.766
 4723.00    0.89780   0.83534    5.766
 4724.00    0.96877   0.83672    5.766
 4725.00    0.97268   0.83706    5.766
 4726.00    1.07426   0.83630    5.766
 4727.00    1.07426   0.83435    5.766
 4728.00    0.95042   0.83112    5.766
 4729.00    0.79057   0.82665    5.766
 4730.00    0.79057   0.82130    5.766
 4731.00    0.95903   0.81575    5.766
 4732.00    0.99186   0.81099    5.766
 4733.00    0.89549   0.80786    5.766
 4734.00    0.58409   0.80662    5.766
 4735.00    0.58409   0.80709    5.766
 4736.00    0.80029   0.80874    5.766
 4737.00    0.92364   0.81088    5.766
 4738.00    0.92028   0.81290    5.766
 4739.00    0.83052   0.81451    5.766
 4740.00    0.83052   0.81581    5.766
 4741.00    0.79472   0.81700    5.766
 4742.00    0.74841   0.81823    5.766
 4743.00    0.74841   0.81948    5.766
 4744.00    0.83094   0.82071    5.766
 4745.00    0.84713   0.82191    5.766
 4746.00    0.87164   0.82323    5.766
 4747.00    0.95128   0.82475    5.766
 4748.00    0.95128   0.82649    5.766
 4749.00    0.79971   0.82839    5.766
 4750.00    0.71287   0.83027    5.766
 4751.00    0.71570   0.83188    5.766
 4752.00    0.79343   0.83293    5.766
 4753.00    0.79343   0.83312    5.766
 4754.00    0.91112   0.83232    5.766
 4755.00    1.06364   0.83059    5.766
 4756.00    1.06364   0.82822    5.766
 4757.00    1.21553   0.82572    5.766
 4758.00    1.24556   0.82357    5.766
 4759.00    1.19209   0.82203    5.766
 4760.00    1.01836   0.82099    5.766
 4761.00    1.01836   0.82001    5.766
 4762.00    1.04630   0.81854    5.766
 4763.00    1.06238   0.81614    5.766
 4764.00    1.04701   0.81273    5.766
 4765.00    0.62524   0.80860    5.766
 4766.00    0.62524   0.80455    5.766
 4767.00    0.54144   0.80150    5.766
 4768.00    0.43240   0.80020    5.766
 4769.00    0.43240   0.80080    5.766
 4770.00    0.61712   0.80296    5.766
 4771.00    0.65363   0.80610    5.766
 4772.00    0.65415   0.80958    5.766
 4773.00    0.65587   0.81282    5.766
 4774.00    0.65587   0.81548    5.766
 4775.00    0.70824   0.81759    5.766
 4776.00    0.73837   0.81937    5.766
 4777.00    0.74482   0.82095    5.766
 4778.00    0.92700   0.82217    5.766
 4779.00    0.92700   0.82274    5.766
 4780.00    0.83973   0.82250    5.766
 4781.00    0.72619   0.82146    5.766
 4782.00    0.72619   0.81975    5.766
 4783.00    0.67963   0.81769    5.766
 4784.00    0.67036   0.81558    5.766
 4785.00    0.65540   0.81352    5.766
 4786.00    0.60653   0.81152    5.766
 4787.00    0.60653   0.80974    5.766
 4788.00    0.69364   0.80837    5.766
 4789.00    0.74398   0.80761    5.766
 4790.00    0.74102   0.80760    5.766
 4791.00    0.65735   0.80849    5.766
 4792.00    0.65735   0.81028    5.766
 4793.00    0.80900   0.81294    5.766
 4794.00    1.00709   0.81632    5.766
 4795.00    1.00709   0.82016    5.766
 4796.00    0.76917   0.82404    5.766
 4797.00    0.72181   0.82731    5.766
 4798.00    0.74251   0.82940    5.766
 4799.00    0.81050   0.82993    5.766
 4800.00    0.81050   0.82895    5.766
 4801.00    0.76585   0.82699    5.766
 4802.00    0.74005   0.82490    5.766
 4803.00    0.73352   0.82336    5.766
 4804.00    0.54333   0.82260    5.766
 4805.00    0.54333   0.82236    5.766
 4806.00    0.60433   0.82213    5.766
 4807.00    0.68401   0.82144    5.766
 4808.00    0.68401   0.82033    5.766
 4809.00    0.69757   0.81918    5.766
 4810.00    0.70029   0.81830    5.766
 4811.00    0.65845   0.81780    5.766
 4812.00    0.52027   0.81773    5.766
 4813.00    0.52027   0.81806    5.766
 4814.00    0.65718   0.81872    5.766
 4815.00    0.73662   0.81973    5.766
 4816.00    0.73914   0.82118    5.766
 4817.00    0.81457   0.82303    5.766
 4818.00    0.81457   0.82508    5.766
 4819.00    0.90805   0.82702    5.766
 4820.00    1.03066   0.82837    5.766
 4821.00    1.03066   0.82872    5.766
 4822.00    0.92675   0.82777    5.766
 4823.00    0.90577   0.82541    5.766
 4824.00    0.87030   0.82169    5.766
 4825.00    0.75313   0.81706    5.766
 4826.00    0.75313   0.81231    5.766
 4827.00    0.92907   0.80846    5.766
 4828.00    1.03158   0.80623    5.766
 4829.00    1.03608   0.80551    5.766
 4830.00    1.17125   0.80555    5.766
 4831.00    1.17125   0.80547    5.766
 4832.00    0.88555   0.80488    5.766
 4833.00    0.50937   0.80377    5.766
 4834.00    0.50937   0.80227    5.766
 4835.00    0.71899   0.80074    5.766
 4836.00    0.76131   0.79959    5.766
 4837.00    0.76455   0.79895    5.766
 4838.00    0.77530   0.79858    5.766
 4839.00    0.77530   0.79806    5.766
 4840.00    0.97532   0.79708    5.766
 4841.00    1.09187   0.79540    5.766
 4842.00    1.08485   0.79297    5.766
 4843.00    0.86729   0.79006    5.766
 4844.00    0.86729   0.78702    5.766
 4845.00    0.81088   0.78409    5.766
 4846.00    0.73661   0.78122    5.766
 4847.00    0.73661   0.77832    5.766
 4848.00    0.86957   0.77524    5.766
 4849.00    0.89660   0.77165    5.766
 4850.00    0.86335   0.76708    5.766
 4851.00    0.75294   0.76139    5.766
 4852.00    0.75294   0.75467    5.766
 4853.00    0.52152   0.74688    5.766
 4854.00    0.38611   0.73753    0.000
 4855.00    0.39905   0.72594    0.000
 4856.00    0.80005   0.71155    0.000
 4857.00    0.80005   0.69415    0.000
 4858.00    0.92949   0.67398    0.000
 4859.00    1.10060   0.65185    0.000
 4860.00    1.10060   0.62857    0.000
 4861.00    1.40705   0.60507    0.000
 4862.00    1.46935   0.58279    0.000
 4863.00    1.45360   0.56398    0.000
 4864.00    1.40101   0.55168    0.000
 4865.00    1.40101   0.54839    0.000
 4866.00    1.00460   0.55473    0.000
 4867.00    0.77264   0.56914    0.000
 4868.00    0.76320   0.58902    0.000
 4869.00    0.46067   0.61136    5.766
 4870.00    0.46067   0.63344    5.766
 4871.00    0.75549   0.65311    5.766
 4872.00    1.14525   0.66932    5.766
 4873.00    1.14525   0.68202    5.766
 4874.00    0.84923   0.69195    5.766
 4875.00    0.78863   0.70057    5.766
 4876.00    0.89333   0.70917    5.766
 4877.00    1.24292   0.71823    5.766
 4878.00    1.24292   0.72762    5.766
 4879.00    0.60885   0.73686    5.766
 4880.00    0.23627   0.74569   -1.000
 4881.00    0.26240   0.75372    5.766
 4882.00    1.12817   0.76040    5.766
 4883.00    1.12817   0.76529    5.766
 4884.00    1.09092   0.76822    5.766
 4885.00    1.04149   0.76941    5.766
 4886.00    1.04149   0.76938    5.766
 4887.00    0.90549   0.76862    5.766
 4888.00    0.87746   0.76749    5.766
 4889.00    0.83662   0.76616    5.766
 4890.00    0.69950   0.76488    5.766
 4891.00    0.69950   0.76381    5.766
 4892.00    0.51370   0.76320    5.766
 4893.00    0.40407   0.76359    5.766
 4894.00    0.40392   0.76586    5.766
 4895.00    0.39879   0.77075    5.766
 4896.00    0.39879   0.77817    5.766
 4897.00    0.65510   0.78702    5.766
 4898.00    0.99665   0.79569    5.766
 4899.00    0.99665   0.80281    5.766
 4900.00    0.62111   0.80754    5.766
 4901.00    0.54370   0.80960    5.766
 4902.00    0.53777   0.80935    5.766
 4903.00    0.51777   0.80775    5.766
 4904.00    0.51777   0.80586    5.766
 4905.00    0.63015   0.80433    5.766
 4906.00    0.69646   0.80345    5.766
 4907.00    0.70086   0.80331    5.766
 4908.00    0.85159   0.80371    5.766
 4909.00    0.85159   0.80394    5.766
 4910.00    0.82692   0.80322    5.766
 4911.00    0.79404   0.80126    5.766
 4912.00    0.79404   0.79839    5.766
 4913.00    0.45754   0.79543    5.766
 4914.00    0.38770   0.79330    5.766
 4915.00    0.40137   0.79248    5.766
 4916.00    0.44752   0.79254    5.766
 4917.00    0.44752   0.79245    5.766
 4918.00    0.59801   0.79100    5.766
 4919.00    0.68719   0.78709    5.766
 4920.00    0.68757   0.78012    5.766
 4921.00    0.70088   0.77049    5.766
 4922.00    0.70088   0.75981    5.766
 4923.00    0.62051   0.75028    5.766
 4924.00    0.51299   0.74389    5.766
 4925.00    0.51299   0.74168    5.766
 4926.00    0.03796   0.74366   -1.000
 4927.00   -0.06063   0.74933    0.000
 4928.00    0.10572   0.75796   -1.000
 4929.00    0.67045   0.76827    5.766
 4930.00    0.67045   0.77866    5.766
 4931.00    0.69141   0.78780    5.766
 4932.00    0.70383   0.79464    5.766
 4933.00    0.70634   0.79853    5.766
 4934.00    0.79532   0.79929    5.766
 4935.00    0.79532   0.79723    5.766
 4936.00    0.73784   0.79325    5.766
 4937.00    0.66093   0.78867    5.766
 4938.00    0.66093   0.78452    5.766
 4939.00    0.79412   0.78110    5.766
 4940.00    0.82196   0.77843    5.766
 4941.00    0.75478   0.77694    5.766
 4942.00    0.52670   0.77726    5.766
 4943.00    0.52670   0.77971    5.766
 4944.00    0.74653   0.78386    5.766
 4945.00    0.87733   0.78883    5.766
 4946.00    0.86985   0.79371    5.766
 4947.00    0.60356   0.79786    0.000
 4948.00    0.60356   0.80109    0.000
 4949.00    0.67963   0.80356    0.000
 4950.00    0.78181   0.80559    0.000
 4951.00    0.78181   0.80728    0.000
 4952.00    1.15272   0.80844    0.000
 4953.00    1.23076   0.80870    0.000
 4954.00    1.22603   0.80765    0.000
 4955.00    1.20985   0.80499    0.000
 4956.00    1.20985   0.80057    0.000
 4957.00    1.29699   0.79448    0.000
 4958.00    1.34906   0.78714    0.000
 4959.00    1.34345   0.77943    0.000
 4960.00    1.13615   0.77293    0.000
 4961.00    1.13615   0.76934    0.000
 4962.00    1.10941   0.76927    0.000
 4963.00    1.07333   0.77189    0.000
 4964.00    1.07333   0.77562    0.000
 4965.00    0.81192   0.77904    0.000
 4966.00    0.75692   0.78116    0.000
 4967.00    0.72174   0.78161    0.000
 4968.00    0.60098   0.78063    0.000
 4969.00    0.60098   0.77898    5.766
 4970.00    0.78544   0.77749    5.766
 4971.00    0.89566   0.77678    5.766
 4972.00    0.88870   0.77724    5.766
 4973.00    0.62166   0.77891    5.766
 4974.00    0.62166   0.78149    5.766
 4975.00    0.59233   0.78444    5.766
 4976.00    0.55276   0.78710    5.766
 4977.00    0.55276   0.78883    5.766
 4978.00    0.57782   0.78917    5.766
 4979.00    0.58313   0.78785    5.766
 4980.00    0.58769   0.78476    5.766
 4981.00    0.60337   0.78002    5.766
 4982.00    0.60337   0.77398    5.766
 4983.00    0.68504   0.76704    5.766
 4984.00    0.73404   0.75980    5.766
 4985.00    0.73291   0.75331    5.766
 4986.00    0.68979   0.74874    5.766
 4987.00    0.68979   0.74692    5.766
 4988.00    0.68423   0.74789    5.766
 4989.00    0.67671   0.75100    5.766
 4990.00    0.67671   0.75521    5.766
 4991.00    0.74316   0.75935    5.766
 4992.00    0.75724   0.76260    5.766
 4993.00    0.73827   0.76480    5.766
 4994.00    0.67279   0.76617    5.766
 4995.00    0.67279   0.76705    5.766
 4996.00    0.46514   0.76768    5.766
 4997.00    0.34055   0.76807    5.766
 4998.00    0.35568   0.76811    0.000
 4999.00    0.96005   0.76749    0.000
 5000.00    0.96005   0.76581    0.000
 5001.00    0.90362   0.76272    0.000
 5002.00    0.82722   0.75837    0.000
 5003.00    0.82722   0.75337    0.000
 5004.00    1.69024   0.74853    0.000
 5005.00    1.87429   0.74435    0.000
 5006.00    2.06099   0.74091    0.000
 5007.00    2.70551   0.73815    0.000
 5008.00    2.70551   0.73608    0.000
 5009.00    2.60232   0.73498    0.000
 5010.00    2.54015   0.73500    0.000
 5011.00    2.49517   0.73572    0.000
 5012.00    0.69769   0.73626    0.000
 5013.00    0.69769   0.73573    0.000
 5014.00    0.63473   0.73359    0.000
 5015.00    0.54915   0.72988    0.000
 5016.00    0.54915   0.72529    0.000
 5017.00    0.71188   0.72076    0.000
 5018.00    0.74670   0.71706    0.000
 5019.00    0.74057   0.71453    0.000
 5020.00    0.71928   0.71334    0.000
 5021.00    0.71928   0.71382    0.000
 5022.00    0.56203   0.71618    0.000
 5023.00    0.46689   0.71992    5.766
 5024.00    0.46731   0.72436    5.766
 5025.00    0.48499   0.72900    5.766
 5026.00    0.48499   0.73369    5.766
 5027.00    0.47675   0.73825    5.766
 5028.00    0.46551   0.74228    5.766
 5029.00    0.46551   0.74547    5.766
 5030.00    0.68597   0.74798    5.766
 5031.00    0.73330   0.75021    5.766
 5032.00    0.70927   0.75236    5.766
 5033.00    0.62535   0.75455    5.766
 5034.00    0.62535   0.75666    5.766
 5035.00    0.52229   0.75821    5.766
 5036.00    0.45994   0.75847    5.766
 5037.00    0.46874   0.75683    5.766
 5038.00    0.85193   0.75321    5.766
 5039.00    0.85193   0.74800    5.766
 5040.00    0.62785   0.74196    5.766
 5041.00    0.32200   0.73568    5.766
 5042.00    0.32200   0.72975    5.766
 5043.00    0.58759   0.72537    5.766
 5044.00    0.64500   0.72390    5.766
 5045.00    0.68731   0.72600    5.766
 5046.00    0.83501   0.73117    5.766
 5047.00    0.83501   0.73791    5.766
 5048.00    0.87479   0.74450    5.766
 5049.00    0.89896   0.74942    5.766
 5050.00    0.89442   0.75172    5.766
 5051.00    0.69672   0.75128    5.766
 5052.00    0.69672   0.74885    5.766
 5053.00    0.64419   0.74563    5.766
 5054.00    0.57221   0.74277    5.766
 5055.00    0.57221   0.74178    5.766
 5056.00    0.83859   0.74318    5.766
 5057.00    0.89617   0.74621    5.766
 5058.00    0.90241   0.75024    5.766
 5059.00    0.92433   0.75483    5.766
 5060.00    0.92433   0.75949    5.766
 5061.00    0.75906   0.76366    5.766
 5062.00    0.65866   0.76686    5.766
 5063.00    0.66020   0.76868    5.766
 5064.00    0.73047   0.76891    5.766
 5065.00    0.73047   0.76729    5.766
 5066.00    0.69651   0.76393    5.766
 5067.00    0.64996   0.75945    5.766
 5068.00    0.64996   0.75464    5.766
 5069.00    0.77571   0.75036    5.766
 5070.00    0.80307   0.74691    5.766
 5071.00    0.83348   0.74445    5.766
 5072.00    0.94024   0.74299    5.766
 5073.00    0.94024   0.74225    5.766
 5074.00    1.09154   0.74184    5.766
 5075.00    1.18384   0.74162    5.766
 5076.00    1.17207   0.74162    5.766
 5077.00    0.63611   0.74154    5.766
 5078.00    0.63611   0.74104    5.766
 5079.00    0.77279   0.73981    5.766
 5080.00    0.96085   0.73766    5.766
 5081.00    0.96085   0.73457    5.766
 5082.00    0.75363   0.73108    5.766
 5083.00    0.70853   0.72811    5.766
 5084.00    0.75498   0.72632    5.766
 5085.00    0.91900   0.72601    5.766
 5086.00    0.91900   0.72725    5.766
 5087.00    0.83127   0.72997    5.766
 5088.00    0.77764   0.73374    5.766
 5089.00    0.77955   0.73798    5.766
 5090.00    0.87066   0.74228    5.766
 5091.00    0.87066   0.74635    5.766
 5092.00    0.99660   0.74999    5.766
 5093.00    1.17057   0.75302    5.766
 5094.00    1.17057   0.75529    5.766
 5095.00    0.87232   0.75660    5.766
 5096.00    0.80699   0.75668    5.766
 5097.00    0.76492   0.75512    5.766
 5098.00    0.61553   0.75185    5.766
 5099.00    0.61553   0.74746    5.766
 5100.00    0.53046   0.74274    5.766
 5101.00    0.47835   0.73845    5.766
 5102.00    0.47965   0.73517    5.766
 5103.00    0.54480   0.73336    5.766
 5104.00    0.54480   0.73290    5.766
 5105.00    0.47785   0.73324    5.766
 5106.00    0.38538   0.73377    5.766
 5107.00    0.38538   0.73397    5.766
 5108.00    0.48578   0.73358    5.766
 5109.00    0.50792   0.73266    5.766
 5110.00    0.52167   0.73153    5.766
 5111.00    0.57048   0.73066    5.766
 5112.00    0.57048   0.73043    5.766
 5113.00    0.42263   0.73124    5.766
 5114.00    0.33168   0.73324    5.766
 5115.00    0.34366   0.73617    5.766
 5116.00    0.94511   0.73978    5.766
 5117.00    0.94511   0.74362    5.766
 5118.00    0.83622   0.74725    5.766
 5119.00    0.68520   0.75025    5.766
 5120.00    0.68520   0.75213    5.766
 5121.00    0.85546   0.75245    5.766
 5122.00    0.89300   0.75093    5.766
 5123.00    0.88897   0.74774    5.766
 5124.00    0.87456   0.74315    5.766
 5125.00    0.87456   0.73765    5.766
 5126.00    0.89832   0.73182    5.766
 5127.00    0.91294   0.72641    5.766
 5128.00    0.91002   0.72185    5.766
 5129.00    0.75591   0.71838    5.766
 5130.00    0.75591   0.71616    5.766
 5131.00    0.70337   0.71531    5.766
 5132.00    0.63050   0.71593    5.766
 5133.00    0.63050   0.71797    5.766
 5134.00    0.76851   0.72096    5.766
 5135.00    0.79914   0.72434    5.766
 5136.00    0.77489   0.72769    5.766
 5137.00    0.68825   0.73052    5.766
 5138.00    0.68825   0.73239    5.766
 5139.00    0.68954   0.73289    5.766
 5140.00    0.69033   0.73201    5.766
 5141.00    0.69157   0.73022    5.766
 5142.00    0.75722   0.72813    5.766
 5143.00    0.75722   0.72601    5.766
 5144.00    0.74230   0.72398    5.766
 5145.00    0.72153   0.72208    5.766
 5146.00    0.72153   0.72044    5.766
 5147.00    0.70876   0.71909    5.766
 5148.00    0.70593   0.71780    5.766
 5149.00    0.70623   0.71651    5.766
 5150.00    0.70733   0.71541    5.766
 5151.00    0.70733   0.71449    5.766
 5152.00    0.76870   0.71342    5.766
 5153.00    0.80660   0.71217    5.766
 5154.00    0.80424   0.71099    5.766
 5155.00    0.67197   0.71026    5.766
 5156.00    0.67197   0.71060    0.000
 5157.00    0.60438   0.71259    0.000
 5158.00    0.51007   0.71631    0.000
 5159.00    0.51007   0.72114    0.000
 5160.00    0.79369   0.72620    0.000
 5161.00    0.85705   0.73060    0.000
 5162.00    0.87430   0.73350    0.000
 5163.00    0.93659   0.73416    0.000
 5164.00    0.93659   0.73197    0.000
 5165.00    0.78984   0.72656    5.766
 5166.00    0.69882   0.71787    5.766
 5167.00    0.69644   0.70603    5.766
 5168.00    0.55549   0.69153    5.766
 5169.00    0.55549   0.67590    5.766
 5170.00    0.50212   0.66117    5.766
 5171.00    0.42751   0.64948    5.766
 5172.00    0.42751   0.64157    5.766
 5173.00    0.76249   0.63709    5.766
 5174.00    0.83782   0.63575    5.766
 5175.00    0.82898   0.63797    5.766
 5176.00    0.79707   0.64425    5.766
 5177.00    0.79707   0.65377    5.766
 5178.00    0.68971   0.66448    5.766
 5179.00    0.62285   0.67456    5.766
 5180.00    0.62511   0.68270    5.766
 5181.00    0.75932   0.68793    5.766
 5182.00    0.75932   0.68954    5.766
 5183.00    0.88262   0.68721    5.766
 5184.00    1.05571   0.68146    5.766
 5185.00    1.05571   0.67413    5.766
 5186.00    0.77782   0.66793    5.766
 5187.00    0.71533   0.66506    5.766
 5188.00    0.72915   0.66616    5.766
 5189.00    0.77939   0.67034    5.766
 5190.00    0.77939   0.67632    5.766
 5191.00    0.65287   0.68295    5.766
 5192.00    0.57408   0.68916    5.766
 5193.00    0.57383   0.69371    0.000
 5194.00    0.55816   0.69610    0.000
 5195.00    0.55816   0.69691    0.000
 5196.00    0.58318   0.69720    0.000
 5197.00    0.61831   0.69773    0.000
 5198.00    0.61831   0.69883    0.000
 5199.00    0.61158   0.70078    0.000
 5200.00    0.61006   0.70368    0.000
 5201.00    0.64159   0.70706    0.000
 5202.00    0.75614   0.71007    0.000
 5203.00    0.75614   0.71170    5.766
 5204.00    0.88884   0.71116    5.766
 5205.00    0.97184   0.70818    5.766
 5206.00    0.96817   0.70284    5.766
 5207.00    0.73683   0.69586    5.766
 5208.00    0.73683   0.68854    5.766
 5209.00    0.65725   0.68215    5.766
 5210.00    0.54508   0.67766    5.766
 5211.00    0.54508   0.67578    5.766
 5212.00    0.59226   0.67701    5.766
 5213.00    0.60293   0.68142    5.766
 5214.00    0.60395   0.68841    5.766
 5215.00    0.60765   0.69653    5.766
 5216.00    0.60765   0.70436    5.766
 5217.00    0.52105   0.71085    5.766
 5218.00    0.46689   0.71595    5.766
 5219.00    0.46986   0.72016    5.766
 5220.00    0.66982   0.72390    5.766
 5221.00    0.66982   0.72717    5.766
 5222.00    0.69914   0.72963    5.766
 5223.00    0.74047   0.73093    5.766
 5224.00    0.74047   0.73056    5.766
 5225.00    0.76808   0.72812    5.766
 5226.00    0.77437   0.72337    5.766
 5227.00    0.74462   0.71662    5.766
 5228.00    0.63527   0.70901    5.766
 5229.00    0.63527   0.70259    5.766
 5230.00    0.66468   0.69879    5.766
 5231.00    0.68315   0.69811    5.766
 5232.00    0.68372   0.69972    5.766
 5233.00    0.72459   0.70244    5.766
 5234.00    0.72459   0.70529    5.766
 5235.00    0.65176   0.70793    5.766
 5236.00    0.54869   0.71048    5.766
 5237.00    0.54869   0.71341    5.766
 5238.00    0.62785   0.71696    5.766
 5239.00    0.64600   0.72107    5.766
 5240.00    0.69128   0.72563    5.766
 5241.00    0.85772   0.73032    5.766
 5242.00    0.85772   0.73487    5.766
 5243.00    0.78546   0.73883    5.766
 5244.00    0.73989   0.74171    5.766
 5245.00    0.74012   0.74328    5.766
 5246.00    0.75696   0.74349    5.766
 5247.00    0.75696   0.74217    5.766
 5248.00    0.75885   0.73929    5.766
 5249.00    0.76155   0.73528    5.766
 5250.00    0.76155   0.73080    5.766
 5251.00    0.79539   0.72652    5.766
 5252.00    0.80314   0.72275    5.766
 5253.00    0.79333   0.71987    5.766
 5254.00    0.75703   0.71834    5.766
 5255.00    0.75703   0.71822    5.766
 5256.00    0.83227   0.71919    5.766
 5257.00    0.87971   0.72103    5.766
 5258.00    0.87885   0.72368    5.766
 5259.00    0.81186   0.72680    5.766
 5260.00    0.81186   0.72949    5.766
 5261.00    0.80070   0.73056    5.766
 5262.00    0.78484   0.72917    5.766
 5263.00    0.78484   0.72494    5.766
 5264.00    0.59822   0.71799    5.766
 5265.00    0.55516   0.70878    5.766
 5266.00    0.56571   0.69831    5.766
 5267.00    0.60473   0.68783    0.000
 5268.00    0.60473   0.67864    0.000
 5269.00    0.62950   0.67142    0.000
 5270.00    0.64517   0.66611    0.000
 5271.00    0.64632   0.66259    0.000
 5272.00    0.73568   0.66135    0.000
 5273.00    0.73568   0.66307    0.000
 5274.00    0.80026   0.66752    0.000
 5275.00    0.89237   0.67368    5.766
 5276.00    0.89237   0.68038    5.766
 5277.00    0.71198   0.68755    5.766
 5278.00    0.67035   0.69541    5.766
 5279.00    0.58297   0.70355    5.766
 5280.00    0.25803   0.71094    5.766
 5281.00    0.25803   0.71654    5.766
 5282.00    0.26804   0.72002    5.766
 5283.00    0.27438   0.72189    5.766
 5284.00    0.27895   0.72267    5.766
 5285.00    0.66390   0.72295    5.766
 5286.00    0.66390   0.72375    5.766
 5287.00    0.93290   0.72598    5.766
 5288.00    1.31664   0.72983   -1.000
 5289.00    1.31664   0.73483   -1.000
 5290.00    0.75173   0.74011    5.766
 5291.00    0.62053   0.74516    5.766
 5292.00    0.64260   0.74954    5.766
 5293.00    0.72469   0.75252    5.766
 5294.00    0.72469   0.75352    5.766
 5295.00    0.61515   0.75250    5.766
 5296.00    0.54550   0.74976    5.766
 5297.00    0.54773   0.74560    5.766
 5298.00    0.75336   0.74016    5.766
 5299.00    0.75336   0.73397    5.766
 5300.00    0.83627   0.72830    5.766
 5301.00    0.95504   0.72417    5.766
 5302.00    0.95504   0.72206    5.766
 5303.00    1.01224   0.72185    5.766
 5304.00    1.02561   0.72343    5.766
 5305.00    0.87129   0.72682    5.766
 5306.00    0.29403   0.73153    5.766
 5307.00    0.29403   0.73654    5.766
 5308.00    0.41510   0.74091    5.766
 5309.00    0.49239   0.74431    5.766
 5310.00    0.49725   0.74696    5.766
 5311.00    0.94417   0.74911    5.766
 5312.00    0.94417   0.75054    5.766
 5313.00    0.94775   0.75096    5.766
 5314.00    0.95290   0.75032    5.766
 5315.00    0.95290   0.74882    5.766
 5316.00    0.63623   0.74663    5.766
 5317.00    0.56222   0.74382    5.766
 5318.00    0.49074   0.74066    5.766
 5319.00    0.22180   0.73775   -1.000
 5320.00    0.22180   0.73564   -1.000
 5321.00    0.42908   0.73432    5.766
 5322.00    0.56141   0.73334    5.766
 5323.00    0.55876   0.73204    5.766
 5324.00    0.29019   0.72989    5.766
 5325.00    0.29019   0.72641    5.766
 5326.00    0.40429   0.72155    5.766
 5327.00    0.56838   0.71562    5.766
 5328.00    0.56838   0.70888    5.766
 5329.00    0.81891   0.70178    5.766
 5330.00    0.87784   0.69534    5.766
 5331.00    0.79452   0.69130    5.766
 5332.00    0.48099   0.69077    5.766
 5333.00    0.48099   0.69336    5.766
 5334.00    0.64290   0.69773    5.766
 5335.00    0.74669   0.70323    5.766
 5336.00    0.74666   0.70949    5.766
 5337.00    0.74370   0.71560    5.766
 5338.00    0.74370   0.72034    5.766
 5339.00    0.69591   0.72290    5.766
 5340.00    0.62692   0.72351    5.766
 5341.00    0.62692   0.72262    5.766
 5342.00    0.58347   0.72079    5.766
 5343.00    0.57326   0.71888    5.766
 5344.00    0.57108   0.71774    5.766
 5345.00    0.56286   0.71749    5.766
 5346.00    0.56286   0.71772    5.766
 5347.00    0.63746   0.71816    5.766
 5348.00    0.68528   0.71888    5.766
 5349.00    0.68315   0.71994    5.766
 5350.00    0.44296   0.72110    5.766
 5351.00    0.44296   0.72233    5.766
 5352.00    0.56551   0.72416    5.766
 5353.00    0.74248   0.72701    5.766
 5354.00    0.74248   0.73081    5.766
 5355.00    1.15891   0.73517    5.766
 5356.00    1.25749   0.73978    5.766
 5357.00    1.21973   0.74448    5.766
 5358.00    1.07681   0.74875    5.766
 5359.00    1.07681   0.75196    5.766
 5360.00    1.01523   0.75378    5.766
 5361.00    0.97560   0.75415    5.766
 5362.00    0.97366   0.75308    5.766
 5363.00    0.75544   0.75049    5.766
 5364.00    0.75544   0.74664    5.766
 5365.00    0.67757   0.74214    5.766
 5366.00    0.56468   0.73744    5.766
 5367.00    0.56468   0.73277    5.766
 5368.00    0.25718   0.72821    5.766
 5369.00    0.18393   0.72385   -1.000
 5370.00    0.25254   0.71976    5.766
 5371.00    0.51376   0.71571    5.766
 5372.00    0.51376   0.71179    5.766
 5373.00    0.82957   0.70871    5.766
 5374.00    1.03368   0.70746    5.766
 5375.00    1.03029   0.70869    5.766
 5376.00    0.59962   0.71205    5.766
 5377.00    0.59962   0.71669    5.766
 5378.00    0.52353   0.72197    5.766
 5379.00    0.41279   0.72733    5.766
 5380.00    0.41279   0.73212    5.766
 5381.00    0.77898   0.73545    5.766
 5382.00    0.86621   0.73692    5.766
 5383.00    0.76422   0.73686    5.766
 5384.00    0.37357   0.73600    5.766
 5385.00    0.37357   0.73501    5.766
 5386.00    0.46613   0.73417    5.766
 5387.00    0.52595   0.73363    5.766
 5388.00    0.52652   0.73331    5.766
 5389.00    0.60868   0.73287    5.766
 5390.00    0.60868   0.73197    5.766
 5391.00    0.63004   0.73038    5.766
 5392.00    0.66112   0.72806    5.766
 5393.00    0.66112   0.72506    5.766
 5394.00    0.67450   0.72146    5.766
 5395.00    0.67770   0.71750    5.766
 5396.00    0.67278   0.71349    5.766
 5397.00    0.65393   0.70956    5.766
 5398.00    0.65393   0.70594    5.766
 5399.00    0.71398   0.70304    5.766
 5400.00    0.75296   0.70133    5.766
 5401.00    0.75252   0.70097    5.766
 5402.00    0.68878   0.70131    5.766
 5403.00    0.68878   0.70178    5.766
 5404.00    0.74926   0.70194    5.766
 5405.00    0.83766   0.70127    5.766
 5406.00    0.83766   0.69939    5.766
 5407.00    0.76590   0.69624    5.766
 5408.00    0.74869   0.69275    5.766
 5409.00    0.64946   0.69001    5.766
 5410.00    0.26710   0.68830    5.766
 5411.00    0.26710   0.68769    5.766
 5412.00    0.65855   0.68860    5.766
 5413.00    0.91259   0.69143    5.766
 5414.00    0.91168   0.69603    5.766
 5415.00    0.75807   0.70131    5.766
 5416.00    0.75807   0.70646    5.766
 5417.00    0.71002   0.71156    5.766
 5418.00    0.63979   0.71661    5.766
 5419.00    0.63979   0.72110    5.766
 5420.00    0.46031   0.72443    5.766
 5421.00    0.41701   0.72636    5.766
 5422.00    0.47626   0.72729    5.766
 5423.00    0.70452   0.72759    5.766
 5424.00    0.70452   0.72728    5.766
 5425.00    0.78067   0.72629    5.766
 5426.00    0.83029   0.72481    5.766
 5427.00    0.83008   0.72344    5.766
 5428.00    0.79465   0.72249    5.766
 5429.00    0.79465   0.72130    5.766
 5430.00    0.82940   0.71911    5.766
 5431.00    0.88039   0.71594    5.766
 5432.00    0.88039   0.71256    5.766
 5433.00    0.61758   0.70954    5.766
 5434.00    0.55399   0.70664    5.766
 5435.00    0.60963   0.70383    5.766
 5436.00    0.82531   0.70180    5.766
 5437.00    0.82531   0.70153    5.766
 5438.00    0.71899   0.70348    5.766
 5439.00    0.64942   0.70724    5.766
 5440.00    0.64990   0.71218    5.766
 5441.00    0.74869   0.71775    5.766
 5442.00    0.74869   0.72339    5.766
 5443.00    0.64229   0.72837    5.766
 5444.00    0.48551   0.73176    5.766
 5445.00    0.48551   0.73292    5.766
 5446.00    0.59629   0.73152    5.766
 5447.00    0.62318   0.72783    5.766
 5448.00    0.59945   0.72273    5.766
 5449.00    0.50693   0.71748    5.766
 5450.00    0.50693   0.71330    5.766
 5451.00    0.54999   0.71057    5.766
 5452.00    0.57816   0.70909    5.766
 5453.00    0.57786   0.70854    5.766
 5454.00    0.50006   0.70861    5.766
 5455.00    0.50006   0.70875    5.766
 5456.00    0.56721   0.70821    5.766
 5457.00    0.66614   0.70688    5.766
 5458.00    0.66614   0.70561    5.766
 5459.00    0.87588   0.70528    5.766
 5460.00    0.92710   0.70598    5.766
 5461.00    0.89616   0.70720    5.766
 5462.00    0.77547   0.70864    5.766
 5463.00    0.77547   0.71021    5.766
 5464.00    0.64198   0.71154    5.766
 5465.00    0.55428   0.71232    5.766
 5466.00    0.55536   0.71258    5.766
 5467.00    0.83031   0.71268    5.766
 5468.00    0.83031   0.71296    5.766
 5469.00    0.79474   0.71352    5.766
 5470.00    0.74211   0.71435    5.766
 5471.00    0.74211   0.71511    5.766
 5472.00    0.71612   0.71534    5.766
 5473.00    0.70977   0.71477    5.766
 5474.00    0.72165   0.71335    5.766
 5475.00    0.76822   0.71117    5.766
 5476.00    0.76822   0.70829    5.766
 5477.00    0.83958   0.70485    5.766
 5478.00    0.88645   0.70132    5.766
 5479.00    0.88649   0.69845    5.766
 5480.00    0.89774   0.69685    5.766
 5481.00    0.89774   0.69646    5.766
 5482.00    0.93982   0.69680    5.766
 5483.00    1.00208   0.69778    5.766
 5484.00    1.00208   0.69968    5.766
 5485.00    0.87934   0.70251    5.766
 5486.00    0.84917   0.70554    5.766
 5487.00    0.75972   0.70805    5.766
 5488.00    0.40880   0.70994    5.766
 5489.00    0.40880   0.71136    5.766
 5490.00    0.58901   0.71254    5.766
 5491.00    0.70789   0.71340    5.766
 5492.00    0.70766   0.71389    5.766
 5493.00    0.63040   0.71409    5.766
 5494.00    0.63040   0.71417    5.766
 5495.00    0.65556   0.71433    5.766
 5496.00    0.69293   0.71457    5.766
 5497.00    0.69293   0.71464    5.766
 5498.00    0.77473   0.71421    5.766
 5499.00    0.79483   0.71334    5.766
 5500.00    0.76612   0.71234    5.766
 5501.00    0.65283   0.71137    5.766
 5502.00    0.65283   0.71006    5.766
 5503.00    0.77556   0.70818    5.766
 5504.00    0.85669   0.70615    5.766
 5505.00    0.85685   0.70449    5.766
 5506.00    0.94293   0.70306    5.766
 5507.00    0.94293   0.70138    5.766
 5508.00    1.00000   0.69950    5.766
 5509.00    1.08513   0.69824    5.766
 5510.00    1.08513   0.69786    5.766
 5511.00    0.87106   0.69782    5.766
 5512.00    0.81813   0.69754    5.766
 5513.00    0.84961   0.69701    5.766
 5514.00    0.97460   0.69672    5.766
 5515.00    0.97460   0.69673    5.766
 5516.00    0.87870   0.69708    5.766
 5517.00    0.81518   0.69780    5.766
 5518.00    0.81490   0.69928    5.766
 5519.00    0.53014   0.70177    5.766
 5520.00    0.53014   0.70524    5.766
 5521.00    0.61323   0.70918    5.766
 5522.00    0.73716   0.71290    5.766
 5523.00    0.73716   0.71592    5.766
 5524.00    0.81724   0.71796    5.766
 5525.00    0.83716   0.71877    5.766
 5526.00    0.80170   0.71812    5.766
 5527.00    0.66090   0.71602    5.766
 5528.00    0.66090   0.71288    5.766
 5529.00    0.62497   0.70932    5.766
 5530.00    0.60108   0.70596    5.766
 5531.00    0.60138   0.70340    5.766
 5532.00    0.90429   0.70195    5.766
 5533.00    0.90429   0.70149    5.766
 5534.00    0.83023   0.70184    5.766
 5535.00    0.71931   0.70272    5.766
 5536.00    0.71931   0.70409    5.766
 5537.00    0.85420   0.70557    5.766
 5538.00    0.88776   0.70694    5.766
 5539.00    0.86817   0.70819    5.766
 5540.00    0.78987   0.70947    5.766
 5541.00    0.78987   0.71101    5.766
 5542.00    0.71347   0.71276    5.766
 5543.00    0.66266   0.71444    5.766
 5544.00    0.66266   0.71565    5.766
 5545.00    0.78646   0.71633    5.766
 5546.00    0.78646   0.71680    5.766
 5547.00    0.88053   0.71723    5.766
 5548.00    1.02140   0.71762    5.766
 5549.00    1.02140   0.71813    5.766
 5550.00    1.01710   0.71902    5.766
 5551.00    1.01602   0.72026    5.766
 5552.00    1.00462   0.72155    5.766
 5553.00    0.95909   0.72257    5.766
 5554.00    0.95909   0.72318    5.766
 5555.00    0.67262   0.72322    5.766
 5556.00    0.48133   0.72266    5.766
 5557.00    0.48133   0.72178    5.766
 5558.00    0.59822   0.72076    5.766
 5559.00    0.59822   0.71963    5.766
 5560.00    0.68002   0.71852    5.766
 5561.00    0.80302   0.71756    5.766
 5562.00    0.80302   0.71669    5.766
 5563.00    0.75643   0.71556    5.766
 5564.00    0.74476   0.71415    5.766
 5565.00    0.78177   0.71262    5.766
 5566.00    0.93053   0.71103    5.766
 5567.00    0.93053   0.70931    5.766
 5568.00    0.87165   0.70751    5.766
 5569.00    0.83233   0.70591    5.766
 5570.00    0.83233   0.70461    5.766
 5571.00    0.91115   0.70357    5.766
 5572.00    0.91122   0.70281    5.766
 5573.00    0.89228   0.70234    5.766
 5574.00    0.86373   0.70206    5.766
 5575.00    0.86373   0.70215    5.766
 5576.00    0.83050   0.70278    5.766
 5577.00    0.82213   0.70385    5.766
 5578.00    0.84377   0.70503    5.766
 5579.00    0.93130   0.70638    5.766
 5580.00    0.93130   0.70800    5.766
 5581.00    0.77759   0.70971    5.766
 5582.00    0.67454   0.71090    5.766
 5583.00    0.67454   0.71130    5.766
 5584.00    0.63292   0.71088    5.766
 5585.00    0.63284   0.70960    5.766
 5586.00    0.83635   0.70720    5.766
 5587.00    1.14361   0.70354    5.766
 5588.00    1.14361   0.69878    5.766
 5589.00    1.06557   0.69349    5.766
 5590.00    1.04580   0.68859    5.766
 5591.00    0.98270   0.68450    5.766
 5592.00    0.72747   0.68152    5.766
 5593.00    0.72747   0.68000    5.766
 5594.00    1.01477   0.68015    5.766
 5595.00    1.20818   0.68170    5.766
 5596.00    1.20818   0.68429    5.766
 5597.00    1.31352   0.68737   -1.000
 5598.00    1.31372   0.69027   -1.000
 5599.00    1.29433   0.69220   -1.000
 5600.00    1.26493   0.69313   -1.000
 5601.00    1.26493   0.69351   -1.000
 5602.00    0.71841   0.69340    5.766
 5603.00    0.57995   0.69289    5.766
 5604.00    0.70734   0.69234    5.766
 5605.00    1.22577   0.69286   -1.000
 5606.00    1.22577   0.69487   -1.000
 5607.00    1.53649   0.69805   -1.000
 5608.00    1.74567   0.70196   -1.000
 5609.00    1.74567   0.70636   -1.000
 5610.00    1.15189   0.71080    5.766
 5611.00    1.15014   0.71456    5.766
 5612.00    0.88546   0.71710    5.766
 5613.00    0.48422   0.71823    5.766
 5614.00    0.48422   0.71780    5.766
 5615.00    0.46938   0.71571    5.766
 5616.00    0.46560   0.71218    5.766
 5617.00    0.44351   0.70794    5.766
 5618.00    0.35366   0.70393    5.766
 5619.00    0.35366   0.70060    5.766
 5620.00    0.58881   0.69801    5.766
 5621.00    0.74777   0.69629    5.766
 5622.00    0.74777   0.69594    5.766
 5623.00    0.62424   0.69687    5.766
 5624.00    0.62388   0.69797    5.766
 5625.00    0.46379   0.69844    5.766
 5626.00    0.22011   0.69835    5.766
 5627.00    0.22011   0.69837    5.766
 5628.00    0.89028   0.69872    5.766
 5629.00    1.06111   0.69924    5.766
 5630.00    0.89197   0.70004    5.766
 5631.00    0.19942   0.70150    5.766
 5632.00    0.19942   0.70357    5.766
 5633.00    0.11199   0.70573   -1.000
 5634.00    0.05290   0.70729   -1.000
 5635.00    0.05290   0.70808   -1.000
 5636.00    0.55868   0.70810    5.766
 5637.00    0.56066   0.70728    5.766
 5638.00    0.64097   0.70574    5.766
 5639.00    0.76321   0.70375    5.766
 5640.00    0.76321   0.70175    5.766
 5641.00    0.57782   0.69979    5.766
 5642.00    0.53028   0.69800    5.766
 5643.00    0.56711   0.69669    5.766
 5644.00    0.71886   0.69602    5.766
 5645.00    0.71886   0.69591    5.766
 5646.00    0.43171   0.69610    5.766
 5647.00    0.23682   0.69666    5.766
 5648.00    0.23682   0.69762    5.766
 5649.00    0.85920   0.69877    5.766
 5650.00    0.86226   0.69981    5.766
 5651.00    0.95445   0.70065    5.766
 5652.00    1.09534   0.70147    5.766
 5653.00    1.09534   0.70214    5.766
 5654.00    0.65994   0.70238    5.766
 5655.00    0.54761   0.70186    5.766
 5656.00    0.53847   0.70063    5.766
 5657.00    0.50079   0.69883    5.766
 5658.00    0.50079   0.69619    5.766
 5659.00    0.56218   0.69262    5.766
 5660.00    0.60402   0.68879    5.766
 5661.00    0.60402   0.68564    5.766
 5662.00    0.70609   0.68344    5.766
 5663.00    0.70659   0.68185    5.766
 5664.00    0.41947   0.68114    5.766
 5665.00   -0.02115   0.68193    0.000
 5666.00   -0.02115   0.68394    0.000
 5667.00    0.70067   0.68617    5.766
 5668.00    0.88689   0.68804    5.766
 5669.00    0.91436   0.68983    5.766
 5670.00    1.02823   0.69174    5.766
 5671.00    1.02823   0.69352    5.766
 5672.00    0.82280   0.69499    5.766
 5673.00    0.68282   0.69645    5.766
 5674.00    0.68282   0.69824    5.766
 5675.00    0.90188   0.70031    5.766
 5676.00    0.90317   0.70238    5.766
 5677.00    0.69554   0.70424    5.766
 5678.00    0.37689   0.70581    5.766
 5679.00    0.37689   0.70685    5.766
 5680.00    0.37097   0.70710    5.766
 5681.00    0.36943   0.70652    5.766
 5682.00    0.37736   0.70533    5.766
 5683.00    0.41022   0.70356    5.766
 5684.00    0.41022   0.70127    5.766
 5685.00    0.45285   0.69876    5.766
 5686.00    0.48202   0.69662    5.766
 5687.00    0.48202   0.69488    5.766
 5688.00    0.83242   0.69338    5.766
 5689.00    0.83448   0.69235    5.766
 5690.00    0.99191   0.69218    5.766
 5691.00    1.23450   0.69291   -1.000
 5692.00    1.23450   0.69405   -1.000
 5693.00    0.89576   0.69553    5.766
 5694.00    0.80784   0.69736    5.766
 5695.00    0.79715   0.69941    5.766
 5696.00    0.75255   0.70126    5.766
 5697.00    0.75255   0.70252    5.766
 5698.00    0.82824   0.70302    5.766
 5699.00    0.88002   0.70263    5.766
 5700.00    0.88002   0.70142    5.766
 5701.00    0.74996   0.69963    5.766
 5702.00    0.74906   0.69735    5.766
 5703.00    0.69522   0.69476    5.766
 5704.00    0.61226   0.69219    5.766
 5705.00    0.61226   0.68999    5.766
 5706.00    0.88252   0.68798    5.766
 5707.00    0.95308   0.68591    5.766
 5708.00    0.93656   0.68381    5.766
 5709.00    0.86764   0.68182    5.766
 5710.00    0.86764   0.67988    5.766
 5711.00    0.62295   0.67800    5.766
 5712.00    0.45485   0.67655    5.766
 5713.00    0.45485   0.67598    5.766
 5714.00    0.84022   0.67664    5.766
 5715.00    0.84325   0.67856    5.766
 5716.00    0.86619   0.68154    5.766
 5717.00    0.90169   0.68526    5.766
 5718.00    0.90169   0.68950    5.766
 5719.00    0.94838   0.69388    5.766
 5720.00    0.96064   0.69795    5.766
 5721.00    1.01435   0.70153    5.766
 5722.00    1.23983   0.70463   -1.000
 5723.00    1.23983   0.70714   -1.000
 5724.00    1.39432   0.70905   -1.000
 5725.00    1.50088   0.71039   -1.000
 5726.00    1.50088   0.71115   -1.000
 5727.00    0.81591   0.71112    5.766
 5728.00    0.81052   0.71041    5.766
 5729.00    0.83143   0.70935    5.766
 5730.00    0.86392   0.70828    5.766
 5731.00    0.86392   0.70728    5.766
 5732.00    0.93445   0.70631    5.766
 5733.00    0.95297   0.70570    5.766
 5734.00    0.92824   0.70575    5.766
 5735.00    0.82374   0.70637    5.766
 5736.00    0.82374   0.70709    5.766
 5737.00    0.84082   0.70771    5.766
 5738.00    0.85260   0.70838    5.766
 5739.00    0.85260   0.70903    5.766
 5740.00    0.77963   0.70949    5.766
 5741.00    0.77899   0.70967    5.766
 5742.00    0.70891   0.70969    5.766
 5743.00    0.60003   0.70959    5.766
 5744.00    0.60003   0.70951    5.766
 5745.00    0.46892   0.70951    5.766
 5746.00    0.43427   0.70963    5.766
 5747.00    0.48680   0.70968    5.766
 5748.00    0.70869   0.70953    5.766
 5749.00    0.70869   0.70910    5.766
 5750.00    0.68768   0.70863    5.766
 5751.00    0.67312   0.70810    5.766
 5752.00    0.67312   0.70727    5.766
 5753.00    0.68573   0.70601    5.766
 5754.00    0.68584   0.70464    5.766
 5755.00    0.69654   0.70354    5.766
 5756.00    0.71323   0.70284    5.766
 5757.00    0.71323   0.70244    5.766
 5758.00    0.60531   0.70240    5.766
 5759.00    0.57680   0.70270    5.766
 5760.00    0.59218   0.70333    5.766
 5761.00    0.65756   0.70392    5.766
 5762.00    0.65756   0.70422    5.766
 5763.00    0.66109   0.70400    5.766
 5764.00    0.66353   0.70359    5.766
 5765.00    0.66353   0.70337    5.766
 5766.00    0.66257   0.70368    5.766
 5767.00    0.66256   0.70435    5.766
 5768.00    0.80815   0.70550    5.766
 5769.00    1.03527   0.70711    5.766
 5770.00    1.03527   0.70891    5.766
 5771.00    1.10335   0.71020    5.766
 5772.00    1.12144   0.71086    5.766
 5773.00    1.10504   0.71092    5.766
 5774.00    1.03530   0.71044    5.766
 5775.00    1.03530   0.70934    5.766
 5776.00    0.85426   0.70779    5.766
 5777.00    0.72836   0.70595    5.766
 5778.00    0.72836   0.70395    5.766
 5779.00    0.48134   0.70168    5.766
 5780.00    0.47891   0.69896    5.766
 5781.00    0.44463   0.69580    5.766
 5782.00    0.39093   0.69236    5.766
 5783.00    0.39093   0.68880    5.766
 5784.00    0.71298   0.68543    5.766
 5785.00    0.79907   0.68252    5.766
 5786.00    0.79211   0.68031    5.766
 5787.00    0.76232   0.67917    5.766
 5788.00    0.76232   0.67948    5.766
 5789.00    0.62806   0.68092    5.766
 5790.00    0.53432   0.68294    5.766
 5791.00    0.53432   0.68537    5.766
 5792.00    1.09727   0.68822    5.766
 5793.00    1.10338   0.69120    5.766
 5794.00    1.06690   0.69394    5.766
