 3332.00    0.67472   0.51957    3.728
 3333.00    0.71821   0.51983    3.728
 3334.00    0.44908   0.50871    3.728
 3335.00    0.04599   0.48966    3.728
 3336.00   -0.11259   0.47006    0.000
 3337.00    0.81907   0.45752    3.728
 3338.00    0.78696   0.45699    3.728
 3339.00   -0.26486   0.46665    0.000
 3340.00    0.37537   0.47772    3.728
 3341.00    0.48356   0.48298    3.728
 3342.00    0.88969   0.48401    3.728
 3343.00    0.66235   0.48790    3.728
 3344.00    0.76927   0.49897    3.728
 3345.00    0.13324   0.51385    3.728
 3346.00    0.34923   0.52507    3.728
 3347.00    0.84006   0.52644    3.728
 3348.00    0.30058   0.51407    3.728
 3349.00    0.63114   0.49074    3.728
 3350.00    0.82700   0.47018    3.728
 3351.00    0.39645   0.46615    3.728
 3352.00    0.43031   0.47861    3.728
 3353.00    0.21487   0.49738    3.728
 3354.00    0.33635   0.51334    3.728
 3355.00    0.08550   0.52359    3.728
 3356.00   -0.01836   0.52844    0.000
 3357.00   -0.03279   0.52473    0.000
 3358.00    0.23814   0.50608    3.728
 3359.00    0.26844   0.47047    3.728
 3360.00    0.31037   0.42733    3.728
 3361.00    0.21590   0.39464    3.728
 3362.00    0.28745   0.38679    3.728
 3363.00    0.30399   0.40614    3.728
 3364.00   -0.09986   0.44115    0.000
 3365.00    0.02731   0.47250    3.728
 3366.00    0.20090   0.48460    3.728
 3367.00    0.32723   0.47323    3.728
 3368.00    0.50323   0.44642    3.728
 3369.00    0.42265   0.41822    3.728
 3370.00    0.13562   0.39878    3.728
 3371.00    0.35629   0.38937    3.728
 3372.00    0.52285   0.38747    3.728
 3373.00    0.16752   0.39378    3.728
 3374.00    0.22437   0.41205    3.728
 3375.00    0.56916   0.44277    3.728
 3376.00    1.04787   0.47790    3.728
 3377.00    0.88398   0.50252    3.728
 3378.00    0.74411   0.50465    3.728
 3379.00    0.07746   0.48601    3.728
 3380.00    0.08247   0.46029    3.728
 3381.00    0.03218   0.44268    3.728
 3382.00    0.14664   0.44159    3.728
 3383.00    0.60733   0.45501    3.728
 3384.00   -0.20105   0.47347    0.000
 3385.00    0.74277   0.48934    3.728
 3386.00    0.39412   0.50122    3.728
 3387.00    0.42705   0.50895    3.728
 3388.00    0.93054   0.51166    3.728
 3389.00    0.63328   0.51049    3.728
 3390.00    0.45996   0.50688    3.728
 3391.00    0.76373   0.50012    3.728
 3392.00    0.19581   0.48881    3.728
 3393.00    0.35520   0.47531    3.728
 3394.00    0.07890   0.46788    3.728
 3395.00    0.02483   0.47466    3.728
 3396.00   -0.34712   0.49548    0.000
 3397.00    0.07174   0.52285    3.728
 3398.00    0.33294   0.54852    3.728
 3399.00    0.60746   0.56611    3.728
 3400.00    0.15832   0.57187    3.728
 3401.00    0.81761   0.56664    3.728
 3402.00    1.20790   0.55397    3.728
 3403.00    0.32577   0.53744    3.728
 3404.00    0.25695   0.52130    3.728
 3405.00    0.19275   0.50911    3.728
 3406.00   -0.19015   0.50052    0.000
 3407.00   -0.05208   0.49320    0.000
 3408.00    0.18331   0.48721    3.728
 3409.00    0.41087   0.48546    3.728
 3410.00    0.39575   0.48948    3.728
 3411.00    0.37661   0.49556    3.728
 3412.00    0.35752   0.49594    3.728
 3413.00    0.57508   0.48648    3.728
 3414.00    0.86321   0.47174    3.728
 3415.00    0.57042   0.46139    3.728
 3416.00    0.34931   0.46303    3.728
 3417.00    0.37975   0.47730    3.728
 3418.00    0.66510   0.49968    3.728
 3419.00    0.89408   0.52450    3.728
 3420.00    0.63432   0.54638    3.728
 3421.00    0.47685   0.55963    3.728
 3422.00    0.49823   0.56025    3.728
 3423.00    0.59982   0.55054    3.728
 3424.00    0.39686   0.53837    3.728
 3425.00    0.50648   0.53108    3.728
 3426.00    0.89664   0.53062    3.728
 3427.00    0.61838   0.53553    3.728
 3428.00    0.54030   0.54614    3.728
 3429.00    0.69200   0.56322    3.728
 3430.00    0.83574   0.58073    3.728
 3431.00    0.70318   0.58665    3.728
 3432.00    1.32844   0.57539    3.728
 3433.00    0.67959   0.55414    3.728
 3434.00    0.28304   0.53614    3.728
 3435.00    0.97030   0.52989    3.728
 3436.00    0.48265   0.53270    3.728
 3437.00    0.64743   0.53414    3.728
 3438.00    0.48752   0.52511    3.728
 3439.00    0.60155   0.50273    3.728
 3440.00    0.50373   0.46958    3.728
 3441.00    0.53786   0.43358    3.728
 3442.00    0.10435   0.40600    3.728
 3443.00    0.40078   0.39545    3.728
 3444.00    0.33465   0.40142    3.728
 3445.00    0.73851   0.41691    3.728
 3446.00    0.05847   0.43670    3.728
 3447.00   -0.39226   0.46041    0.000
 3448.00    0.37796   0.48875    3.728
 3449.00    0.30957   0.51804    3.728
 3450.00    0.72267   0.54053    3.728
 3451.00    0.78039   0.54893    3.728
 3452.00    0.56844   0.54195    3.728
 3453.00   -0.06778   0.52742    0.000
 3454.00    0.46627   0.51763    3.728
 3455.00    0.59230   0.51874    3.728
 3456.00    0.73896   0.52516    3.728
 3457.00    0.40070   0.52573    3.728
 3458.00    0.52762   0.51418    3.728
 3459.00    0.38949   0.49420    3.728
 3460.00    0.14492   0.47462    3.728
 3461.00    0.14152   0.46256    3.728
 3462.00    0.44589   0.46313    3.728
 3463.00    0.71686   0.47746    3.728
 3464.00    1.11182   0.49733    3.728
 3465.00    0.91451   0.51067    3.728
 3466.00    0.42644   0.51369    3.728
 3467.00    0.17241   0.51330    3.728
 3468.00    0.50499   0.51847    3.728
 3469.00    0.48261   0.53129    3.728
 3470.00    0.19993   0.54549    3.728
 3471.00    0.24982   0.55231    3.728
 3472.00    0.04945   0.54600    3.728
 3473.00   -0.31805   0.52635    0.000
 3474.00   -0.87103   0.49777    0.000
 3475.00   -0.43258   0.46794    0.000
 3476.00    0.89273   0.44704    3.728
 3477.00    1.39528   0.44386   -1.000
 3478.00    2.08456   0.45898   -1.000
 3479.00    1.88136   0.48387   -1.000
 3480.00    2.36269   0.50749   -1.000
 3481.00    2.72471   0.52225   -1.000
 3482.00    2.35191   0.52587   -1.000
 3483.00    1.14789   0.52077    3.728
 3484.00    0.09154   0.51315    3.728
 3485.00    0.38321   0.51134    3.728
 3486.00    0.21844   0.52067    3.728
 3487.00    0.37210   0.53669    3.728
 3488.00    0.71724   0.54589    3.728
 3489.00    0.44600   0.53749    3.728
 3490.00    0.80139   0.51445    3.728
 3491.00    1.08442   0.49055    3.728
 3492.00    0.38763   0.47827    3.728
 3493.00    1.07640   0.47968    3.728
 3494.00    1.05819   0.48758    3.728
 3495.00    0.65394   0.49274    3.728
 3496.00    0.25794   0.49096    3.728
 3497.00    0.14535   0.48736    3.728
 3498.00    1.07163   0.49262    3.728
 3499.00    0.70460   0.51142    3.728
 3500.00    0.27318   0.53593    3.728
 3501.00    0.52749   0.55510    3.728
 3502.00    0.61439   0.56687    3.728
 3503.00    0.56942   0.57547    3.728
 3504.00    0.70806   0.58165    3.728
 3505.00    0.49640   0.58186    3.728
 3506.00    0.23094   0.57477    3.728
 3507.00    0.14186   0.56479    3.728
 3508.00    0.23096   0.55672    3.728
 3509.00    0.55914   0.55002    3.728
 3510.00    0.63036   0.54100    3.728
 3511.00    0.74914   0.52880    3.728
 3512.00    0.79875   0.51577    3.728
 3513.00    0.80712   0.50313    3.728
 3514.00    0.71839   0.49226    3.728
 3515.00    0.64281   0.48984    3.728
 3516.00    0.60335   0.50422    3.728
 3517.00    0.28418   0.53389    3.728
 3518.00    0.33086   0.56499    3.728
 3519.00    0.31882   0.58092    3.728
 3520.00    0.58328   0.57425    3.728
 3521.00    0.52042   0.55010    3.728
 3522.00    0.63920   0.51968    3.728
 3523.00    0.50813   0.49115    3.728
 3524.00    0.01404   0.46657    3.728
 3525.00    0.47397   0.44799    3.728
 3526.00    0.41112   0.44153    3.728
 3527.00    0.46622   0.45254    3.728
 3528.00    0.85916   0.47975    3.728
 3529.00    0.52495   0.51366    3.728
 3530.00    0.81633   0.54168    3.728
 3531.00    0.79220   0.55651    3.728
 3532.00    0.67027   0.56013    3.728
 3533.00   -0.17649   0.56075    0.000
 3534.00    0.55321   0.56565    3.728
 3535.00   -0.12708   0.57502    0.000
 3536.00    0.38617   0.58392    3.728
 3537.00    0.09538   0.58986    3.728
 3538.00    0.55464   0.59569    3.728
 3539.00    0.45973   0.60408    3.728
 3540.00    0.60690   0.61149    3.728
 3541.00    0.31388   0.61204    3.728
 3542.00    0.39639   0.60679    3.728
 3543.00    0.69531   0.60341    3.728
 3544.00    0.63181   0.60645    3.728
 3545.00    0.48480   0.61294    3.728
 3546.00    0.34302   0.61657    3.728
 3547.00    0.93952   0.61387    3.728
 3548.00    0.80415   0.60721    3.728
 3549.00    0.28110   0.60143    3.728
 3550.00    0.22948   0.59888    3.728
 3551.00    0.37829   0.59780    3.728
 3552.00    0.49624   0.59399    3.728
 3553.00    0.66887   0.58491    3.728
 3554.00    0.47030   0.57324    3.728
 3555.00   -0.00804   0.56518    0.000
 3556.00   -0.18401   0.56407    0.000
 3557.00    0.24324   0.56665    3.728
 3558.00    0.37983   0.56699    3.728
 3559.00    0.26131   0.56378    3.728
 3560.00    0.50853   0.56222    3.728
 3561.00    0.40029   0.56796    3.728
 3562.00    0.22937   0.57972    3.728
 3563.00    0.28881   0.58694    3.728
 3564.00    0.26994   0.57592    3.728
 3565.00    0.53179   0.54325    3.728
 3566.00    0.20681   0.50362    3.728
 3567.00   -0.03863   0.47651    0.000
 3568.00    0.25526   0.46579    3.728
 3569.00    0.03738   0.45998    3.728
 3570.00    0.05209   0.44998    3.728
 3571.00    0.22869   0.44067    3.728
 3572.00    0.42802   0.44280    3.728
 3573.00    0.51985   0.45765    3.728
 3574.00    0.67266   0.47622    3.728
 3575.00    0.19109   0.48994    3.728
 3576.00    0.63064   0.49641    3.728
 3577.00    0.36099   0.49635    3.728
 3578.00    0.60790   0.48856    3.728
 3579.00    0.51720   0.47078    3.728
 3580.00    0.41844   0.44445    3.728
 3581.00    0.18473   0.41678    3.728
 3582.00    0.23768   0.39724    3.728
 3583.00    0.46319   0.39110    3.728
 3584.00    0.60346   0.39442    3.728
 3585.00    0.48211   0.39691    3.728
 3586.00    0.40409   0.39344    3.728
 3587.00    0.10821   0.38965    3.728
 3588.00   -0.32094   0.39510    0.000
 3589.00    0.22723   0.41475    3.728
 3590.00    0.51311   0.44611    3.728
 3591.00    0.36964   0.48123    3.728
 3592.00    1.05436   0.51048    3.728
 3593.00    0.76325   0.52789    3.728
 3594.00    0.75471   0.53635    3.728
 3595.00    0.67922   0.54575    3.728
 3596.00    0.54262   0.56289    3.728
 3597.00    0.68487   0.58524    3.728
 3598.00    0.47306   0.60617    3.728
 3599.00    0.60262   0.62210    3.728
 3600.00    0.64953   0.63077    3.728
 3601.00    0.52738   0.62771    3.728
 3602.00    0.54900   0.60947    3.728
 3603.00    0.55627   0.57953    3.728
 3604.00    0.66884   0.54817    3.728
 3605.00    0.81398   0.52576    3.728
 3606.00    0.57324   0.51518    3.728
 3607.00    0.61293   0.51021    3.728
 3608.00    0.49953   0.50249    3.728
 3609.00    0.44841   0.49102    3.728
 3610.00    0.25678   0.48408    3.728
 3611.00    0.57592   0.49007    3.728
 3612.00    0.33654   0.50727    3.728
 3613.00    0.32452   0.52722    3.728
 3614.00    0.69833   0.54520    3.728
 3615.00    0.25923   0.56064    3.728
 3616.00    0.32407   0.56902    3.728
 3617.00    0.72071   0.56008    3.728
 3618.00    0.85303   0.53022    3.728
 3619.00    0.64701   0.49490    3.728
 3620.00    0.61395   0.47847    3.728
 3621.00    0.24446   0.49164    3.728
 3622.00    0.26657   0.52504    3.728
 3623.00    0.56861   0.56167    3.728
 3624.00    0.73459   0.59162    3.728
 3625.00    0.40435   0.61668    3.728
 3626.00    0.74566   0.64298    3.728
 3627.00    0.53309   0.66992    3.728
 3628.00    0.38501   0.68709    3.728
 3629.00    0.64792   0.68045    3.728
 3630.00    1.38634   0.64391    3.728
 3631.00    0.58394   0.58916    3.728
 3632.00    0.71511   0.54089    3.728
 3633.00    0.46846   0.51832    3.728
 3634.00    0.55724   0.52245    3.728
 3635.00    0.03454   0.54079    3.728
 3636.00    0.31504   0.56112    3.728
 3637.00    0.76836   0.58010    3.728
 3638.00    0.36326   0.60130    3.728
 3639.00    1.03399   0.62629    3.728
 3640.00    0.78583   0.64974    3.728
 3641.00    0.78147   0.66238    3.728
 3642.00    0.66915   0.65808    3.728
 3643.00    0.45172   0.63872    3.728
 3644.00    0.96342   0.61242    3.728
 3645.00    0.89830   0.58721    3.728
 3646.00    0.43313   0.56610    3.728
 3647.00    0.50544   0.54840    3.728
 3648.00    0.21473   0.53555    3.728
 3649.00    0.81127   0.53227    3.728
 3650.00    0.98717   0.54218    3.728
 3651.00    0.89078   0.56480    3.728
 3652.00    0.48768   0.59553    3.728
 3653.00    0.12973   0.62691    3.728
 3654.00    0.45029   0.65213    3.728
 3655.00    0.61617   0.66920    3.728
 3656.00    0.51121   0.68172    3.728
 3657.00    0.55906   0.69458    3.728
 3658.00    0.80847   0.70849    3.728
 3659.00    0.57382   0.72008    3.728
 3660.00    0.19485   0.72645    3.728
 3661.00    0.25273   0.72613    3.728
 3662.00    0.33548   0.71841    3.728
 3663.00    0.45607   0.70507    3.728
 3664.00    0.64304   0.69119    3.728
 3665.00    0.81126   0.68213    3.728
 3666.00    0.92511   0.67901    3.728
 3667.00    0.82739   0.67743    3.728
 3668.00    0.59983   0.67159    3.728
 3669.00    0.48629   0.66101    3.728
 3670.00    0.61078   0.65286    3.728
 3671.00    0.77023   0.65547    3.728
 3672.00    0.75034   0.66928    3.728
 3673.00    0.71228   0.68623    3.728
 3674.00    0.95280   0.69710    3.728
 3675.00    0.78664   0.69711    3.728
 3676.00    0.92614   0.68547    3.728
 3677.00    0.37679   0.66431    3.728
 3678.00    0.61691   0.63840    3.728
 3679.00    0.50408   0.61406    3.728
 3680.00    0.67826   0.59768    3.728
 3681.00    0.07266   0.59340    3.728
 3682.00    0.53641   0.60090    3.728
 3683.00    1.30208   0.61460    3.728
 3684.00    1.36547   0.62477    3.728
 3685.00    0.64752   0.62184    3.728
 3686.00    0.80915   0.60328    3.728
 3687.00    1.02342   0.57854    3.728
 3688.00    0.78278   0.56426    3.728
 3689.00    0.86600   0.57225    3.728
 3690.00    0.83914   0.60172    3.728
 3691.00    0.74678   0.63995    3.728
 3692.00    0.79090   0.66986    3.728
 3693.00    1.05564   0.68119    3.728
 3694.00    1.19402   0.67681    3.728
 3695.00    1.05297   0.66721    3.728
 3696.00    0.26220   0.66132    3.728
 3697.00    0.49373   0.66385    3.728
 3698.00    0.92708   0.67664    3.728
 3699.00    0.73805   0.69764    3.728
 3700.00    0.81561   0.71908    3.728
 3701.00    0.78388   0.72953    3.728
 3702.00    0.76474   0.71885    3.728
 3703.00    0.98722   0.68369    3.728
 3704.00    0.86185   0.63139    3.728
 3705.00    0.49723   0.57768    3.728
 3706.00    0.39090   0.53843    3.728
 3707.00    0.55794   0.52107    3.728
 3708.00    0.81174   0.52206    3.728
 3709.00    1.07844   0.53363    3.728
 3710.00    0.74174   0.55191    3.728
 3711.00    0.47057   0.57764    3.728
 3712.00    0.42889   0.61172    3.728
 3713.00    0.47217   0.65117    3.728
 3714.00    0.58490   0.68794    3.728
 3715.00    0.56312   0.71222    3.728
 3716.00    0.61109   0.71728    3.728
 3717.00    0.61109   0.70064    3.728
 3718.00    0.61109   0.66286    0.000
 3719.00    0.61109   0.60701    0.000
 3720.00    0.72734   0.54176    0.000
 3721.00    1.22469   0.48512    0.000
 3722.00    1.22469   0.45738    0.000
 3723.00    1.22469   0.46739    0.000
 3724.00    1.22469   0.50760    0.000
 3725.00    1.22469   0.55867    0.000
 3726.00    0.68730   0.59895    0.000
 3727.00    0.56029   0.61786    0.000
 3728.00    0.76069   0.62150    0.000
 3729.00    1.33908   0.62124    0.000
 3730.00    1.26110   0.61962    0.000
 3731.00    1.20037   0.60876    0.000
 3732.00    0.96353   0.57935    0.000
 3733.00    0.47264   0.53062    0.000
 3734.00    0.29961   0.47283    0.000
 3735.00    0.67640   0.42205    0.000
 3736.00    0.76444   0.39411    0.000
 3737.00    0.41114   0.39874    0.000
 3738.00    0.05301   0.43554    3.728
 3739.00    0.96239   0.49422    3.728
 3740.00    0.64248   0.55707    3.728
 3741.00    0.41542   0.60437    3.728
 3742.00    0.61131   0.62339    3.728
 3743.00    0.43667   0.61328    3.728
 3744.00    0.81263   0.58294    3.728
 3745.00    0.61552   0.54564    3.728
 3746.00    0.35093   0.51139    3.728
 3747.00    0.37049   0.48173    3.728
 3748.00    0.48974   0.45370    3.728
 3749.00    0.49588   0.42944    3.728
 3750.00    0.02307   0.42030    3.728
 3751.00    0.04599   0.43856    3.728
 3752.00    0.14191   0.48489    3.728
 3753.00    0.53929   0.54710    3.728
 3754.00    0.88408   0.60925    3.728
 3755.00    1.01283   0.65632    3.728
 3756.00    0.75871   0.67530    3.728
 3757.00    0.74376   0.66096    3.728
 3758.00    0.11392   0.62268    3.728
 3759.00    0.66433   0.58211    3.728
 3760.00    1.01290   0.55977    3.728
 3761.00    0.52042   0.56071    3.728
 3762.00    0.30864   0.57403    3.728
 3763.00    0.31855   0.58655    3.728
 3764.00    0.62128   0.59285    3.728
 3765.00    0.75750   0.59320    3.728
 3766.00    0.83540   0.58882    3.728
 3767.00    1.20676   0.58193    3.728
 3768.00    1.01580   0.57617    3.728
 3769.00    0.76824   0.57386    3.728
 3770.00    0.92173   0.57491    3.728
 3771.00    0.90450   0.58007    3.728
 3772.00    0.45440   0.59282    3.728
 3773.00    0.62702   0.61459    3.728
 3774.00    0.66718   0.63997    3.728
 3775.00    0.89842   0.66130    3.728
 3776.00    1.08768   0.67624    3.728
 3777.00    0.91498   0.68814    3.728
 3778.00    0.57487   0.70140    3.728
 3779.00    0.66257   0.71805    3.728
 3780.00    1.14936   0.73704    3.728
 3781.00    0.86231   0.75548    3.728
 3782.00    0.58171   0.77037    3.728
 3783.00    0.73395   0.77942    3.728
 3784.00    0.91087   0.77950    3.728
 3785.00    0.79309   0.76568    3.728
 3786.00    0.60855   0.73587    3.728
 3787.00    0.82343   0.69610    3.728
 3788.00    0.70061   0.65782    3.728
 3789.00    0.48694   0.63100    3.728
 3790.00    0.71038   0.61934    3.728
 3791.00    0.68499   0.61895    3.728
 3792.00    0.92317   0.62054    3.728
 3793.00    0.62847   0.61467    3.728
 3794.00    0.58667   0.59786    3.728
 3795.00    0.51681   0.57384    3.728
 3796.00    0.31273   0.54797    0.000
 3797.00    0.21639   0.52201    0.000
 3798.00    0.37297   0.49764    0.000
 3799.00    0.55549   0.48425    0.000
 3800.00    0.61036   0.49491    0.000
 3801.00    0.72453   0.53256    0.000
 3802.00    0.85700   0.58615    0.000
 3803.00    0.66931   0.63882    3.728
 3804.00    0.77264   0.67690    3.728
 3805.00    0.51759   0.69434    3.728
 3806.00    0.51814   0.69290    3.728
 3807.00    0.63512   0.68221    3.728
 3808.00    0.74929   0.67688    3.728
 3809.00    0.64709   0.68612    3.728
 3810.00    0.53708   0.70520    3.728
 3811.00    0.56550   0.71956    3.728
 3812.00    0.72299   0.71666    3.728
 3813.00    0.69136   0.69381    3.728
 3814.00    0.91165   0.65766    3.728
 3815.00    1.03209   0.62028    3.728
 3816.00    0.54916   0.59426    3.728
 3817.00    0.49344   0.58487    3.728
 3818.00    0.96322   0.58479    3.728
 3819.00    0.88365   0.58012    3.728
 3820.00    0.53443   0.56421    3.728
 3821.00    0.51157   0.54518    3.728
 3822.00    0.25718   0.53581    3.728
 3823.00    0.37393   0.53676    3.728
 3824.00    0.56129   0.53561    3.728
 3825.00    0.50645   0.52239    3.728
 3826.00    0.51045   0.50013    3.728
 3827.00    0.34542   0.47966    3.728
 3828.00    0.13815   0.46874    3.728
 3829.00    0.11536   0.46722    3.728
 3830.00    0.15533   0.46898    3.728
 3831.00    0.17021   0.46633    3.728
 3832.00   -0.00091   0.45420    0.000
 3833.00    0.13504   0.43328    0.000
 3834.00    0.40461   0.41024    0.000
 3835.00    0.87214   0.39394    0.000
 3836.00    0.71670   0.38949    0.000
 3837.00   -0.09749   0.39418    0.000
 3838.00    0.21500   0.40076    0.000
 3839.00    0.29725   0.40620    0.000
 3840.00    0.62666   0.41601    0.000
 3841.00    0.29088   0.43875    0.000
 3842.00    0.35348   0.47763    3.728
 3843.00    0.09115   0.52718    3.728
 3844.00    0.34876   0.57593    3.728
 3845.00    0.58131   0.61319    3.728
 3846.00    0.95325   0.63602    3.728
 3847.00    0.79167   0.64856    3.728
 3848.00    0.89667   0.65460    3.728
 3849.00    0.95335   0.65463    3.728
 3850.00    0.73323   0.65034    3.728
 3851.00    0.51844   0.64723    3.728
 3852.00    0.69302   0.65021    3.728
 3853.00    0.79928   0.65758    3.728
 3854.00    0.83163   0.66114    3.728
 3855.00    0.62593   0.65420    3.728
 3856.00    0.37978   0.63773    3.728
 3857.00    0.40486   0.61639    3.728
 3858.00    0.40322   0.59293    3.728
 3859.00    0.69435   0.57037    3.728
 3860.00    0.81282   0.55612    3.728
 3861.00    0.42114   0.55933    3.728
 3862.00    0.51088   0.58290    0.000
 3863.00    0.55901   0.61820    0.000
 3864.00    0.49984   0.64900    0.000
 3865.00    0.44810   0.66427    0.000
 3866.00    0.32992   0.66585    0.000
 3867.00    0.70966   0.66204    0.000
 3868.00    0.54188   0.65810    0.000
 3869.00    0.41982   0.65328    0.000
 3870.00    0.62635   0.64321    0.000
 3871.00    0.67408   0.62567    0.000
 3872.00    0.45952   0.60543    3.728
 3873.00    0.54332   0.59300    3.728
 3874.00    0.50387   0.59736    3.728
 3875.00    0.61607   0.61711    3.728
 3876.00    0.74734   0.63736    3.728
 3877.00    0.85833   0.64104    3.728
 3878.00    0.92405   0.62560    3.728
 3879.00    0.63420   0.60403    3.728
 3880.00    0.67949   0.59012    3.728
 3881.00    0.85275   0.58743    3.728
 3882.00    0.78359   0.59087    0.000
 3883.00    0.65756   0.59431    0.000
 3884.00    0.87711   0.59395    0.000
 3885.00    0.33420   0.58553    0.000
 3886.00    0.86430   0.56463    0.000
 3887.00    0.66544   0.53381    0.000
 3888.00    0.39039   0.50540    0.000
 3889.00    0.51833   0.49408    0.000
 3890.00    0.48029   0.50773    0.000
 3891.00    0.57041   0.54386    0.000
 3892.00    0.79780   0.59036    3.728
 3893.00    0.72390   0.63026    3.728
 3894.00    0.38458   0.65221    3.728
 3895.00    0.30465   0.65876    3.728
 3896.00    0.49350   0.66167    3.728
 3897.00    1.01967   0.66899    3.728
 3898.00    1.13490   0.67892    3.728
 3899.00    0.72855   0.68602    3.728
 3900.00    0.63847   0.68954    3.728
 3901.00    0.73236   0.69309    3.728
 3902.00    0.71846   0.69788    3.728
 3903.00    0.74563   0.70000    3.728
 3904.00    0.53329   0.69550    3.728
 3905.00    0.49841   0.68627    3.728
 3906.00    0.78261   0.68005    3.728
 3907.00    0.79515   0.68546    3.728
 3908.00    0.46483   0.70636    3.728
 3909.00    0.69139   0.73826    3.728
 3910.00    0.85715   0.77055    3.728
 3911.00    0.98876   0.79505    3.728
 3912.00    0.98488   0.81031    3.728
 3913.00    0.68796   0.81748    3.728
 3914.00    0.79498   0.81713    3.728
 3915.00    0.79415   0.81052    3.728
 3916.00    1.12357   0.79987    3.728
 3917.00    0.65625   0.78654    3.728
 3918.00    0.34397   0.76958    3.728
 3919.00    0.61853   0.74712    3.728
 3920.00    0.67414   0.71992    3.728
 3921.00    0.80281   0.69307    3.728
 3922.00    0.69758   0.67426    3.728
 3923.00    0.78653   0.66830    3.728
 3924.00    0.72210   0.67159    3.728
 3925.00    0.77634   0.67361    3.728
 3926.00    1.12742   0.66391    3.728
 3927.00    0.96205   0.63729    3.728
 3928.00    0.97512   0.59485    3.728
 3929.00    0.74214   0.54284    3.728
 3930.00    0.45123   0.48842    3.728
 3931.00    0.48640   0.43558    3.728
 3932.00    0.38883   0.38625    3.728
 3933.00   -0.00110   0.34420    0.000
 3934.00    0.10340   0.31641    3.728
 3935.00    0.30303   0.31045    3.728
 3936.00    0.16619   0.32932    3.728
 3937.00    0.45670   0.36925    3.728
 3938.00    0.03240   0.42247    3.728
 3939.00    0.29730   0.48010    3.728
 3940.00    0.76691   0.53370    3.728
 3941.00    0.71580   0.57693    3.728
 3942.00    0.36853   0.60604    3.728
 3943.00    0.53156   0.62143    3.728
 3944.00    0.52446   0.62938    3.728
 3945.00    0.66663   0.63940    3.728
 3946.00    0.66777   0.65762    3.728
 3947.00    0.83179   0.68212    3.728
 3948.00    0.82764   0.70601    3.728
 3949.00    0.84348   0.72579    3.728
 3950.00    0.86180   0.74296    3.728
 3951.00    0.75374   0.75793    3.728
 3952.00    1.00220   0.76835    3.728
 3953.00    1.23918   0.77407    3.728
 3954.00    1.06454   0.77817    3.728
 3955.00    0.87438   0.78110    3.728
 3956.00    0.89303   0.77872    3.728
 3957.00    0.77655   0.76898    3.728
 3958.00    0.67304   0.75547    3.728
 3959.00    0.56536   0.73998    3.728
 3960.00    0.73134   0.71660    3.728
 3961.00    0.61235   0.67828    0.000
 3962.00    0.50713   0.62769    0.000
 3963.00    0.53088   0.57660    0.000
 3964.00    0.72293   0.53370    0.000
 3965.00    0.50037   0.49594    0.000
 3966.00    0.41411   0.45299    0.000
 3967.00    0.41458   0.39978    0.000
 3968.00    0.47132   0.34441    0.000
 3969.00    0.21816   0.30296    0.000
 3970.00    0.51383   0.28829    0.000
 3971.00    0.44566   0.30412    0.000
 3972.00    0.18875   0.34599    0.000
 3973.00    0.32645   0.40518    0.000
 3974.00    0.31379   0.47296    0.000
 3975.00    0.72805   0.54243    3.728
 3976.00    0.94973   0.60847    3.728
 3977.00    0.66981   0.66854    3.728
 3978.00    0.93869   0.72234    3.728
 3979.00    1.08014   0.76968    3.728
 3980.00    0.86889   0.80808    3.728
 3981.00    0.89843   0.83355    3.728
 3982.00    0.74115   0.84523    3.728
 3983.00    1.05680   0.84813    3.728
 3984.00    0.82068   0.85074    3.728
 3985.00    1.06633   0.85941    3.728
 3986.00    0.51944   0.87456    3.728
 3987.00    0.62278   0.89285    3.728
 3988.00    1.40522   0.91066    3.728
 3989.00    0.89249   0.92502    3.728
 3990.00    0.84260   0.93483    3.728
 3991.00    0.98572   0.94232    3.728
 3992.00    1.12363   0.95117    3.728
 3993.00    0.87000   0.96193    3.728
 3994.00    0.74154   0.96974    3.728
 3995.00    1.20776   0.96819    3.728
 3996.00    0.88904   0.95604    3.728
 3997.00    0.95189   0.93990    3.728
 3998.00    1.20947   0.92995    3.728
 3999.00    1.26644   0.93311    3.728
 4000.00    1.17423   0.94956    3.728
 4001.00    1.07035   0.97343    3.728
 4002.00    1.14668   0.99513    3.728
 4003.00    1.12025   1.00430    3.728
 4004.00    1.01983   0.99429    3.728
 4005.00    0.95950   0.96704    3.728
 4006.00    0.75190   0.93608    3.728
 4007.00    0.96179   0.92078    3.728
 4008.00    0.99665   0.93140    3.728
 4009.00    0.95346   0.96063    3.728
 4010.00    1.00000   0.99236    3.728
 4011.00    0.77973   1.01564    3.728
 4012.00    0.87401   1.02912    3.728
 4013.00    0.99819   1.03652    3.728
 4014.00    0.94298   1.04157    3.728
 4015.00    1.19345   1.04550    3.728
 4016.00    1.41838   1.04757    3.728
 4017.00    1.46317   1.04750    3.728
 4018.00    1.16091   1.04713    3.728
 4019.00    1.21397   1.04922    3.728
 4020.00    1.27392   1.05420    3.728
 4021.00    0.87711   1.05919    3.728
 4022.00    1.02116   1.06082    3.728
 4023.00    1.31392   1.05804    3.728
 4024.00    0.93941   1.05218    0.000
 4025.00    1.19423   1.04675    0.000
 4026.00    1.43351   1.04759    0.000
 4027.00    1.20094   1.05831    0.000
 4028.00    0.87771   1.07278    0.000
 4029.00    1.07139   1.07526    0.000
 4030.00    0.98002   1.05276    0.000
 4031.00    0.50179   1.00754    3.728
 4032.00    0.66986   0.95628    3.728
 4033.00    0.50842   0.91842    3.728
 4034.00    1.21157   0.90580    3.728
 4035.00    1.43355   0.92075    3.728
 4036.00    1.11776   0.95913    3.728
 4037.00    1.03821   1.01181    3.728
 4038.00    0.67883   1.06438    3.728
 4039.00    0.79837   1.10071    3.728
 4040.00    1.13118   1.11233    3.728
 4041.00    1.35969   1.10381    3.728
 4042.00    1.26245   1.08463    3.728
 4043.00    1.36406   1.05626    3.728
 4044.00    1.30467   1.01239    3.728
 4045.00    1.17960   0.95430    3.728
 4046.00    0.94748   0.90204    3.728
 4047.00    0.92898   0.88274    3.728
 4048.00    1.22112   0.90738    3.728
 4049.00    0.78090   0.96271    3.728
 4050.00    1.02915   1.02321    3.728
 4051.00    1.02639   1.06789    3.728
 4052.00    0.53285   1.08835    3.728
 4053.00    0.49635   1.08663    3.728
 4054.00    0.59235   1.07063    3.728
 4055.00    0.79908   1.04980    3.728
 4056.00    0.85483   1.03057    3.728
 4057.00    0.89138   1.01536    3.728
 4058.00    0.81953   1.00637    3.728
 4059.00    0.84926   1.00701    3.728
 4060.00    0.95142   1.01644    3.728
 4061.00    0.84559   1.02408    3.728
 4062.00    0.57559   1.01456    3.728
 4063.00    0.57028   0.98271    3.728
 4064.00    0.79766   0.94188    3.728
 4065.00    1.05314   0.91415    3.728
 4066.00    1.06892   0.91259    3.728
 4067.00    1.01089   0.93399    0.000
 4068.00    1.05920   0.96568    0.000
 4069.00    0.76781   0.99386    0.000
 4070.00    1.11986   1.00680    0.000
 4071.00    1.14431   0.99949    3.728
 4072.00    0.85136   0.97987    3.728
 4073.00    0.72080   0.96516    3.728
 4074.00    1.01300   0.96540    3.728
 4075.00    1.00862   0.97222    3.728
 4076.00    1.25340   0.96897    3.728
 4077.00    0.96142   0.95104    3.728
 4078.00    0.82206   0.93216    3.728
 4079.00    0.82542   0.93193    3.728
 4080.00    0.94321   0.95869    3.728
 4081.00    1.03183   1.00229    3.728
 4082.00    1.64897   1.04104    3.728
 4083.00    1.01890   1.05781    3.728
 4084.00    1.26550   1.05284    3.728
 4085.00    1.10214   1.04180    3.728
 4086.00    1.36704   1.04225    3.728
 4087.00    1.33131   1.06113    3.728
 4088.00    1.26874   1.09175    3.728
 4089.00    1.17566   1.12001    3.728
 4090.00    1.28481   1.13394    3.728
 4091.00    1.06198   1.13064    3.728
 4092.00    1.06496   1.11624    3.728
 4093.00    0.99787   1.09887    3.728
 4094.00    1.08962   1.08104    3.728
 4095.00    1.33191   1.05949    0.000
 4096.00    1.38759   1.03093    0.000
 4097.00    0.92682   0.99679    0.000
 4098.00    0.86821   0.96149    0.000
 4099.00    1.03552   0.92577    0.000
 4100.00    0.97258   0.88572    0.000
 4101.00    0.93841   0.84139    0.000
 4102.00    0.81074   0.80427    0.000
 4103.00    0.83362   0.79173    0.000
 4104.00    1.21739   0.81318    0.000
 4105.00    0.90957   0.86178    0.000
 4106.00    0.76448   0.91896    0.000
 4107.00    0.88542   0.96728    0.000
 4108.00    0.86589   0.99863    3.728
 4109.00    1.04671   1.01306    3.728
 4110.00    0.95514   1.01550    3.728
 4111.00    1.05955   1.01410    3.728
 4112.00    1.27974   1.01651    3.728
 4113.00    0.90181   1.02639    3.728
 4114.00    0.98463   1.04315    3.728
 4115.00    1.41870   1.06279    3.728
 4116.00    1.13234   1.07880    3.728
 4117.00    1.14379   1.08519    3.728
 4118.00    1.23422   1.08045    3.728
 4119.00    1.12435   1.06867    3.728
 4120.00    1.27288   1.05701    3.728
 4121.00    0.96237   1.05150    3.728
 4122.00    0.83085   1.05361    3.728
 4123.00    0.72751   1.06096    3.728
 4124.00    1.10811   1.07110    3.728
 4125.00    1.07185   1.08236    3.728
 4126.00    1.00808   1.09115    3.728
 4127.00    0.85434   1.09224    3.728
 4128.00    1.14190   1.08378    3.728
 4129.00    0.99237   1.06931    3.728
 4130.00    0.87275   1.05275    3.728
 4131.00    1.04435   1.03359    3.728
 4132.00    1.26946   1.01040    3.728
 4133.00    0.93584   0.98809    3.728
 4134.00    1.45208   0.97801    3.728
 4135.00    1.26356   0.98910    3.728
 4136.00    1.31721   1.01996    3.728
 4137.00    0.85026   1.05984    3.728
 4138.00    1.00958   1.09612    3.728
 4139.00    1.24878   1.12052    3.728
 4140.00    1.05219   1.12871    3.728
 4141.00    1.21248   1.11645    3.728
 4142.00    1.02111   1.08186    3.728
 4143.00    0.90644   1.03286    3.728
 4144.00    1.11256   0.98868    3.728
 4145.00    1.09693   0.96997    3.728
 4146.00    0.98567   0.98361    3.728
 4147.00    0.75457   1.01675    3.728
 4148.00    0.65672   1.04794    3.728
 4149.00    0.85743   1.06424    3.728
 4150.00    1.06354   1.06736    3.728
 4151.00    1.01306   1.06555    3.728
 4152.00    0.83201   1.06314    3.728
 4153.00    1.02295   1.05845    3.728
 4154.00    1.20294   1.04969    3.728
 4155.00    1.15789   1.03991    3.728
 4156.00    0.95112   1.03578    3.728
 4157.00    1.08934   1.04209    3.728
 4158.00    1.21271   1.05846    3.728
 4159.00    1.18594   1.08093    3.728
 4160.00    1.02928   1.10471    3.728
 4161.00    0.72790   1.12609    3.728
 4162.00    0.70137   1.14338    3.728
 4163.00    1.16952   1.15592    3.728
 4164.00    1.37718   1.16178    3.728
 4165.00    1.29663   1.15782    3.728
 4166.00    1.26804   1.14317    3.728
 4167.00    1.06967   1.12265    3.728
 4168.00    1.10669   1.10488    3.728
 4169.00    0.95595   1.09498    3.728
 4170.00    0.67806   1.08903    3.728
 4171.00    0.95215   1.07697    3.728
 4172.00    1.02218   1.05245    3.728
 4173.00    0.94824   1.02101    3.728
 4174.00    1.04208   0.99762    3.728
 4175.00    1.24150   0.99392    3.728
 4176.00    1.45368   1.00799    3.728
 4177.00    1.14101   1.02850    3.728
 4178.00    1.09282   1.04726    3.728
 4179.00    0.96075   1.06358    3.728
 4180.00    1.20057   1.07756    3.728
 4181.00    0.87689   1.08589    3.728
 4182.00    0.86103   1.08667    3.728
 4183.00    0.79080   1.08452    3.728
 4184.00    0.90093   1.08625    3.728
 4185.00    0.74222   1.09178    3.728
 4186.00    1.03991   1.09316    3.728
 4187.00    0.81590   1.08436    3.728
 4188.00    0.93881   1.06962    3.728
 4189.00    0.85216   1.05965    3.728
 4190.00    0.84789   1.06117    3.728
 4191.00    1.15948   1.07257    3.728
 4192.00    1.18787   1.08880    3.728
 4193.00    1.17701   1.10524    3.728
 4194.00    1.23098   1.11605    3.728
 4195.00    1.23160   1.11366    3.728
 4196.00    1.37904   1.09418    3.728
 4197.00    1.46279   1.06248    3.728
 4198.00    1.14709   1.02928    3.728
 4199.00    1.08546   1.00330    3.728
 4200.00    1.11845   0.98749    3.728
 4201.00    1.02495   0.98143    3.728
 4202.00    0.96253   0.98425    3.728
 4203.00    1.00105   0.99559    3.728
 4204.00    0.98317   1.01574    3.728
 4205.00    0.98976   1.04420    3.728
 4206.00    1.07982   1.07741    3.728
 4207.00    0.96274   1.10940    3.728
 4208.00    1.18691   1.13446    3.728
 4209.00    1.41268   1.14902    3.728
 4210.00    1.17275   1.15304    3.728
 4211.00    1.11122   1.15069    3.728
 4212.00    0.99569   1.14694    3.728
 4213.00    0.91793   1.14179    3.728
 4214.00    1.25485   1.12997    3.728
 4215.00    1.25642   1.10925    3.728
 4216.00    1.51539   1.08732    3.728
 4217.00    1.16787   1.07760    3.728
 4218.00    0.96974   1.08823    3.728
 4219.00    1.07036   1.11503    3.728
 4220.00    1.16241   1.14395    3.728
 4221.00    1.12669   1.15972    3.728
 4222.00    0.99376   1.15193    3.728
 4223.00    1.06592   1.11564    3.728
 4224.00    1.05244   1.05165    3.728
 4225.00    1.06635   0.96907    3.728
 4226.00    1.29723   0.88678    3.728
 4227.00    0.68278   0.83007    3.728
 4228.00    0.62934   0.82045    3.728
 4229.00    0.86230   0.86147    3.728
 4230.00    1.07663   0.93285    3.728
 4231.00    0.79189   1.00317    3.728
 4232.00    0.72702   1.04983    3.728
 4233.00    0.81665   1.06832    3.728
 4234.00    0.99670   1.06655    3.728
 4235.00    1.14381   1.05559    3.728
 4236.00    1.08832   1.04411    3.728
 4237.00    1.08105   1.03798    3.728
 4238.00    1.25377   1.04113    3.728
 4239.00    0.95911   1.05461    3.728
 4240.00    1.04000   1.07556    3.728
 4241.00    1.25216   1.09919    3.728
 4242.00    1.22985   1.12251    3.728
 4243.00    1.10954   1.14533    3.728
 4244.00    1.31903   1.16742    3.728
 4245.00    1.20129   1.18476    3.728
 4246.00    1.09756   1.18919    3.728
 4247.00    1.09173   1.17344    3.728
 4248.00    1.10425   1.13885    3.728
 4249.00    1.11852   1.09748    3.728
 4250.00    1.03670   1.06501    3.728
 4251.00    1.15286   1.05037    3.728
 4252.00    1.07313   1.05107    3.728
 4253.00    1.00141   1.05688    3.728
 4254.00    1.17621   1.05854    3.728
 4255.00    1.15750   1.05662    3.728
 4256.00    0.76021   1.06037    3.728
 4257.00    0.80342   1.07446    3.728
 4258.00    1.02007   1.08862    3.728
 4259.00    1.19887   1.08664    3.728
 4260.00    1.08591   1.06632    3.728
 4261.00    1.02643   1.04594    3.728
 4262.00    1.12682   1.04859    3.728
 4263.00    0.92466   1.08142    3.728
 4264.00    0.98751   1.13074    3.728
 4265.00    1.12832   1.17497    3.728
 4266.00    1.33799   1.19927    3.728
 4267.00    1.25433   1.20009    3.728
 4268.00    1.11837   1.17999    3.728
 4269.00    0.85713   1.14224    3.728
 4270.00    1.18116   1.09046    3.728
 4271.00    1.14376   1.03190    3.728
 4272.00    0.55870   0.97831    3.728
 4273.00    0.65929   0.94242    3.728
 4274.00    1.72375   0.93228    3.728
 4275.00    0.38683   0.94846    3.728
 4276.00   -0.27943   0.98621    0.000
 4277.00    0.56499   1.03782    3.728
 4278.00    0.81463   1.09031    3.728
 4279.00    1.33743   1.12711    3.728
 4280.00    1.44776   1.13883    3.728
 4281.00    0.85308   1.13117    3.728
 4282.00    0.99428   1.11899    3.728
 4283.00    1.14696   1.11229    3.728
 4284.00    1.48977   1.10962    3.728
 4285.00    1.05043   1.10415    3.728
 4286.00    1.14901   1.09253    3.728
 4287.00    1.16616   1.07532    3.728
 4288.00    1.16037   1.05228    3.728
 4289.00    0.77835   1.02289    3.728
 4290.00    0.57317   0.99194    3.728
 4291.00    0.76083   0.97185    3.728
 4292.00    0.96927   0.97421    3.728
 4293.00    0.93124   0.99722    3.728
 4294.00    0.76410   1.02516    3.728
 4295.00    1.41437   1.04088    3.728
 4296.00    1.17631   1.03628    3.728
 4297.00    1.62640   1.01259    3.728
 4298.00    1.95971   0.97388   -1.000
 4299.00    1.05525   0.92538    3.728
 4300.00    0.81326   0.87664    3.728
 4301.00    0.67520   0.84008    3.728
 4302.00    0.75387   0.82296    3.728
 4303.00    0.90353   0.82325    3.728
 4304.00    0.92387   0.83284    3.728
 4305.00    0.69231   0.84236    3.728
 4306.00    0.90319   0.84315    3.728
 4307.00    0.79086   0.82988    3.728
 4308.00    0.62960   0.80580    3.728
 4309.00    0.91745   0.78404    3.728
 4310.00    0.78640   0.78011    3.728
 4311.00    0.43757   0.80197    3.728
 4312.00    0.77195   0.84672    3.728
 4313.00    0.79935   0.90694    3.728
 4314.00    0.99324   0.97815    3.728
 4315.00    1.15190   1.05834    3.728
 4316.00    1.17310   1.14269    3.728
 4317.00    0.89848   1.22130    3.728
 4318.00    0.84876   1.28100    3.728
 4319.00    0.54202   1.31271   -1.000
 4320.00    1.13275   1.31563    3.728
 4321.00    0.47892   1.29451   -1.000
 4322.00    1.36555   1.25192    3.728
 4323.00    0.97655   1.18804    3.728
 4324.00    1.17527   1.10942    3.728
 4325.00    0.72143   1.03506    3.728
 4326.00    1.20384   0.99112    3.728
 4327.00    1.53329   0.99656    3.728
 4328.00    1.02376   1.04912    3.728
 4329.00    0.93554   1.12509    3.728
 4330.00    0.56394   1.19373    3.728
 4331.00    0.56394   1.23840    3.728
 4332.00    0.56394   1.26136    0.000
 4333.00    0.56394   1.27383    0.000
 4334.00    0.66791   1.28171    0.000
 4335.00    1.23359   1.27979    0.000
 4336.00    1.23359   1.25753    0.000
 4337.00    1.23359   1.20696    0.000
 4338.00    1.23359   1.13070    0.000
 4339.00    1.13957   1.04506    0.000
 4340.00    0.90379   0.97574    0.000
 4341.00    1.03579   0.94424    0.000
 4342.00    0.95290   0.95816    0.000
 4343.00    0.63328   1.00800    0.000
 4344.00    0.79158   1.07245    0.000
 4345.00    1.04203   1.13163    0.000
 4346.00    1.30408   1.17875    0.000
 4347.00    1.58658   1.21640    3.728
 4348.00    1.29474   1.24673    3.728
 4349.00    0.85883   1.26594    3.728
 4350.00    1.00910   1.26526    3.728
 4351.00    1.49868   1.23921    3.728
 4352.00    1.03864   1.19590    3.728
 4353.00    1.07524   1.15717    3.728
 4354.00    0.99760   1.14446    3.728
 4355.00    0.81426   1.16194    3.728
 4356.00    0.85668   1.19629    3.728
 4357.00    1.14707   1.22898    3.728
 4358.00    1.29353   1.25037    3.728
 4359.00    1.24568   1.26134    3.728
 4360.00    1.17906   1.26815    3.728
 4361.00    1.24376   1.27798    3.728
 4362.00    1.59358   1.29427    3.728
 4363.00    1.53260   1.31423    3.728
 4364.00    1.18046   1.33224    3.728
 4365.00    1.06244   1.34423    3.728
 4366.00    1.66221   1.34658    3.728
 4367.00    1.58033   1.33599    3.728
 4368.00    1.05056   1.31422    3.728
 4369.00    1.67714   1.28959    3.728
 4370.00    1.47911   1.26949    3.728
 4371.00    1.19837   1.25451    3.728
 4372.00    1.33897   1.23967    3.728
 4373.00    0.99342   1.21970    3.728
 4374.00    1.09978   1.19406    3.728
 4375.00    1.20213   1.16912    3.728
 4376.00    1.15196   1.15595    3.728
 4377.00    1.05831   1.16290    3.728
 4378.00    0.83910   1.18678    3.728
 4379.00    1.19661   1.21159    3.728
 4380.00    1.07478   1.21909    3.728
 4381.00    0.93706   1.19651    3.728
 4382.00    0.87966   1.14181    3.728
 4383.00    0.94120   1.06592    3.728
 4384.00    0.98245   0.99370    3.728
 4385.00    0.96251   0.95515    3.728
 4386.00    0.58429   0.96709    3.728
 4387.00    0.96691   1.01817    3.728
 4388.00    1.15441   1.07754    3.728
 4389.00    0.87993   1.12046    3.728
 4390.00    1.01282   1.14231    3.728
 4391.00    1.37123   1.15374    3.728
 4392.00    1.17706   1.16535    3.728
 4393.00    1.16779   1.18024    3.728
 4394.00    1.34139   1.19572    3.728
 4395.00    1.25944   1.20939    3.728
 4396.00    1.22187   1.22427    3.728
 4397.00    1.54995   1.24376    3.728
 4398.00    1.31796   1.26360    3.728
 4399.00    1.17669   1.27308    3.728
 4400.00    1.28078   1.26602    3.728
 4401.00    1.28187   1.24685    3.728
 4402.00    1.39905   1.22274    3.728
 4403.00    1.31397   1.19505    3.728
 4404.00    1.31641   1.16100    3.728
 4405.00    1.11417   1.12339    3.728
 4406.00    0.77357   1.09530    3.728
 4407.00    1.05543   1.09103    3.728
 4408.00    1.42150   1.11299    3.728
 4409.00    0.97353   1.15345    3.728
 4410.00    0.96686   1.20345    3.728
 4411.00    1.62136   1.25621    3.728
 4412.00    1.68981   1.29983    3.728
 4413.00    1.08838   1.31880    3.728
 4414.00    0.64175   1.30580    3.728
 4415.00    0.82006   1.26960    3.728
 4416.00    0.75853   1.23154    3.728
 4417.00    0.85327   1.21567    3.728
 4418.00    1.49747   1.23373    3.728
 4419.00    0.93372   1.27655    3.728
 4420.00    1.54674   1.32127    3.728
 4421.00    1.49858   1.34793    3.728
 4422.00    1.60271   1.34895    3.728
 4423.00    1.36141   1.33223    3.728
 4424.00    1.26651   1.31232    3.728
 4425.00    1.29047   1.29913    3.728
 4426.00    1.37764   1.29339    3.728
 4427.00    1.31535   1.29126    3.728
 4428.00    0.97915   1.29177    3.728
 4429.00    1.21128   1.29611    3.728
 4430.00    1.37844   1.30277    3.728
 4431.00    1.47027   1.30881    3.728
 4432.00    1.32294   1.31074    3.728
 4433.00    1.11018   1.30445    3.728
 4434.00    1.61464   1.28699    3.728
 4435.00    1.19001   1.26178    3.728
 4436.00    1.10340   1.24285    3.728
 4437.00    1.26325   1.24730    3.728
 4438.00    1.11135   1.27924    3.728
 4439.00    0.87545   1.32344    3.728
 4440.00    0.83524   1.35609    3.728
 4441.00    1.34086   1.36146    3.728
 4442.00    1.81718   1.34207    3.728
 4443.00    1.91477   1.31556    3.728
 4444.00    1.68518   1.30337    3.728
 4445.00    1.34641   1.31619    3.728
 4446.00    1.26499   1.34792    3.728
 4447.00    1.32783   1.38162    3.728
 4448.00    1.30167   1.40390    3.728
 4449.00    1.33610   1.41254    3.728
 4450.00    1.30620   1.41247    3.728
 4451.00    1.32541   1.40668    3.728
 4452.00    1.19259   1.39270    3.728
 4453.00    1.20977   1.36621    3.728
 4454.00    1.26129   1.32568    3.728
 4455.00    1.03897   1.27631    3.728
 4456.00    1.28670   1.23161    3.728
 4457.00    1.30949   1.20488    3.728
 4458.00    1.02022   1.19954    3.728
 4459.00    1.07677   1.20779    3.728
 4460.00    1.41975   1.21916    3.728
 4461.00    1.42753   1.22958    3.728
 4462.00    1.34768   1.24198    3.728
 4463.00    0.75684   1.26089    3.728
 4464.00    0.78136   1.28716    3.728
 4465.00    1.34467   1.31571    3.728
 4466.00    1.80256   1.33790    3.728
 4467.00    1.29822   1.34801    3.728
 4468.00    0.72473   1.34711    3.728
 4469.00    1.19762   1.34178    0.000
 4470.00    1.55166   1.33998    0.000
 4471.00    1.67054   1.34848    0.000
 4472.00    1.68307   1.37017    0.000
 4473.00    1.23928   1.40149    0.000
 4474.00    1.30389   1.43339    0.000
 4475.00    1.38702   1.45730    0.000
 4476.00    1.40546   1.47095    3.728
 4477.00    1.38478   1.47704    3.728
 4478.00    1.33465   1.47678    3.728
 4479.00    1.54232   1.46638    3.728
 4480.00    1.35266   1.44120    3.728
 4481.00    1.78908   1.40472    3.728
 4482.00    1.54818   1.37156    3.728
 4483.00    1.73418   1.35895    3.728
 4484.00    1.67680   1.37379    3.728
 4485.00    1.44637   1.40885    3.728
 4486.00    0.53253   1.44728   -1.000
 4487.00    2.21555   1.47124    3.728
 4488.00    2.70932   1.47185   -1.000
 4489.00    1.50252   1.45337    3.728
 4490.00    1.44863   1.42937    3.728
 4491.00    1.28720   1.41347    3.728
 4492.00    1.72882   1.41128    3.728
 4493.00    1.64043   1.41653    3.728
 4494.00    1.72950   1.41785    3.728
 4495.00    1.68755   1.41018    3.728
 4496.00    1.02593   1.40000    3.728
 4497.00    0.61295   1.39875    3.728
 4498.00    1.29986   1.41080    3.728
 4499.00    1.63099   1.43098    3.728
 4500.00    1.65155   1.45079    3.728
 4501.00    1.84946   1.46578    3.728
 4502.00    1.72411   1.47884    3.728
 4503.00    1.13233   1.49704    3.728
 4504.00    1.37003   1.52344    3.728
 4505.00    2.35751   1.55255    3.728
 4506.00    1.98843   1.57466    3.728
 4507.00    1.51461   1.58338    3.728
 4508.00    2.21454   1.57966    3.728
 4509.00    1.83844   1.57086    3.728
 4510.00    1.31785   1.56367    3.728
 4511.00    1.41060   1.55897    3.728
 4512.00    1.55588   1.55292    3.728
 4513.00    1.54798   1.54113    3.728
 4514.00    1.60887   1.52397    3.728
 4515.00    1.32369   1.50714    3.728
 4516.00    1.66148   1.49605    3.728
 4517.00    1.17612   1.49147    3.728
 4518.00    1.48814   1.49020    3.728
 4519.00    1.80872   1.48984    3.728
 4520.00    1.28050   1.49192    3.728
 4521.00    1.18492   1.49832    3.728
 4522.00    1.50666   1.50551    3.728
 4523.00    1.72191   1.50579    3.728
 4524.00    1.45902   1.49364    3.728
 4525.00    1.59490   1.46928    3.728
 4526.00    1.84186   1.43648    3.728
 4527.00    1.55748   1.39809    3.728
 4528.00    1.52931   1.35743    3.728
 4529.00    1.14620   1.32167    3.728
 4530.00    1.14990   1.29999    3.728
 4531.00    1.13466   1.29695    3.728
 4532.00    1.53975   1.30748    3.728
 4533.00    1.41828   1.31975    3.728
 4534.00    1.05581   1.32373    3.728
 4535.00    1.42353   1.31987    3.728
 4536.00    1.35348   1.31967    3.728
 4537.00    1.35913   1.33722    3.728
 4538.00    1.36529   1.37672    3.728
 4539.00    1.24487   1.42684    3.728
 4540.00    1.53267   1.46839    3.728
 4541.00    1.06549   1.48941    3.728
 4542.00    1.30904   1.49268    3.728
 4543.00    1.73775   1.48884    3.728
 4544.00    1.49014   1.48458    3.728
 4545.00    1.32814   1.47910    3.728
 4546.00    1.15528   1.46958    3.728
 4547.00    1.31136   1.45668    3.728
 4548.00    1.41169   1.44363    3.728
 4549.00    1.35746   1.43232    3.728
 4550.00    1.27380   1.42405    3.728
 4551.00    0.69974   1.42149    3.728
 4552.00    0.35906   1.42594   -1.000
 4553.00    0.64055   1.43288   -1.000
 4554.00    1.05919   1.43498    3.728
 4555.00    1.47855   1.43118    3.728
 4556.00    1.01378   1.42924    3.728
 4557.00    1.28227   1.43971    3.728
 4558.00    2.16888   1.46697    3.728
 4559.00    1.39498   1.50435    3.728
 4560.00    1.47228   1.53914    3.728
 4561.00    1.76277   1.56222    3.728
 4562.00    1.53927   1.57051    3.728
 4563.00    2.04158   1.56474    3.728
 4564.00    1.52761   1.54804    3.728
 4565.00    1.27179   1.52658    3.728
 4566.00    1.54692   1.51021    3.728
 4567.00    1.85235   1.50826    3.728
 4568.00    1.66958   1.52236    3.728
 4569.00    1.58686   1.54340    3.728
 4570.00    1.64488   1.55712    3.728
 4571.00    1.44841   1.55490    3.728
 4572.00    1.40242   1.54040    3.728
 4573.00    1.42965   1.52614    3.728
 4574.00    0.45838   1.52394   -1.000
 4575.00    0.46325   1.53513   -1.000
 4576.00    1.64299   1.55077    3.728
 4577.00    2.12739   1.56030    3.728
 4578.00    2.70126   1.55796   -1.000
 4579.00    1.74392   1.54254    3.728
 4580.00    1.79074   1.51629    3.728
 4581.00    2.15025   1.48612    3.728
 4582.00    1.86947   1.46219    3.728
 4583.00    1.96986   1.45147    3.728
 4584.00    1.89724   1.45315    3.728
 4585.00    1.36006   1.45991    3.728
 4586.00    1.36153   1.46508    3.728
 4587.00    1.33453   1.46991    3.728
 4588.00    1.20317   1.48068    3.728
 4589.00    1.39832   1.50001    3.728
 4590.00    1.69908   1.52181    3.728
 4591.00    1.42709   1.53496    3.728
 4592.00    1.27606   1.53277    3.728
 4593.00    1.05752   1.51764    3.728
 4594.00    0.85118   1.49915    3.728
 4595.00    1.24005   1.48643    3.728
 4596.00    1.41220   1.48240    3.728
 4597.00    1.62301   1.48511    3.728
 4598.00    1.70910   1.49139    3.728
 4599.00    1.46505   1.49762    3.728
 4600.00    1.02243   1.50038    3.728
 4601.00    1.21098   1.49838    3.728
 4602.00    1.65172   1.49351    3.728
 4603.00    3.11093   1.48966   -1.000
 4604.00    2.99691   1.48925   -1.000
 4605.00    1.68944   1.49229    3.728
 4606.00    1.38398   1.49873    3.728
 4607.00    1.47797   1.50988    3.728
 4608.00    1.05739   1.52754    3.728
 4609.00    0.94817   1.55150    3.728
 4610.00    1.47747   1.57757    3.728
 4611.00    1.91198   1.59700    3.728
 4612.00    2.13127   1.60282    3.728
 4613.00    1.91037   1.59635    3.728
 4614.00    1.82099   1.58529    3.728
 4615.00    1.04388   1.57792    3.728
 4616.00    0.17504   1.57781   -1.000
 4617.00    1.16529   1.58235    3.728
 4618.00    1.25521   1.58670    3.728
 4619.00    2.09493   1.58872    3.728
 4620.00    3.18731   1.58956   -1.000
 4621.00    2.26794   1.59180    3.728
 4622.00    1.62404   1.59689    3.728
 4623.00    1.59034   1.60296    3.728
 4624.00    1.73292   1.60621    3.728
 4625.00    1.63116   1.60448    3.728
 4626.00    1.80660   1.59853    3.728
 4627.00    1.59321   1.59050    3.728
 4628.00    1.37363   1.58362    3.728
 4629.00    1.48606   1.58030    3.728
 4630.00    1.76712   1.58065    3.728
 4631.00    2.02410   1.58291    3.728
 4632.00    2.16147   1.58546    3.728
 4633.00    1.62230   1.58643    3.728
 4634.00    0.77215   1.58270   -1.000
 4635.00    0.03125   1.57291   -1.000
 4636.00    1.04112   1.55925    3.728
 4637.00    2.46748   1.54457   -1.000
 4638.00    2.93610   1.53020   -1.000
 4639.00    2.18241   1.51706    3.728
 4640.00    1.60859   1.50761    3.728
 4641.00    1.62023   1.50570    3.728
 4642.00    2.20343   1.51322    3.728
 4643.00    2.20120   1.52618    3.728
 4644.00    1.80585   1.53567    3.728
 4645.00    1.22684   1.53259    3.728
 4646.00    1.11151   1.51470    3.728
 4647.00    1.24891   1.48729    3.728
 4648.00    1.57646   1.46184    3.728
 4649.00    1.91631   1.45084    3.728
 4650.00    1.59039   1.45926    3.728
 4651.00    0.93786   1.48223    3.728
 4652.00    1.22840   1.50823    3.728
 4653.00    1.73531   1.52684    3.728
 4654.00    1.96922   1.53368    3.728
 4655.00    1.73395   1.52997    3.728
 4656.00    0.97013   1.52202    3.728
 4657.00    1.75628   1.51956    3.728
 4658.00    2.07626   1.53119    3.728
 4659.00    2.63627   1.55882   -1.000
 4660.00    2.59194   1.59483   -1.000
 4661.00    1.91616   1.62530    3.728
 4662.00    1.95365   1.63790    3.728
 4663.00    1.62231   1.62932    3.728
 4664.00    1.58191   1.60453    3.728
 4665.00    1.48147   1.57038    3.728
 4666.00    1.30950   1.53160    3.728
 4667.00    1.40591   1.49060    3.728
 4668.00    1.25371   1.45203    3.728
 4669.00    1.34697   1.42592    3.728
 4670.00    0.01189   1.42216   -1.000
 4671.00   -1.08436   1.44195    0.000
 4672.00    2.13618   1.47515    3.728
 4673.00    3.17740   1.50731   -1.000
 4674.00    4.21756   1.52919   -1.000
 4675.00    1.88383   1.54156    3.728
 4676.00    0.86295   1.55034    3.728
 4677.00    1.38229   1.55830    3.728
 4678.00    1.97183   1.56167    3.728
 4679.00    2.27353   1.55499    3.728
 4680.00    0.75384   1.53786    3.728
 4681.00    0.64074   1.51624   -1.000
 4682.00    1.42199   1.49841    3.728
 4683.00    1.87107   1.49018    3.728
 4684.00    1.88416   1.49336    3.728
 4685.00    1.80764   1.50483    3.728
 4686.00    1.36134   1.51805    3.728
 4687.00    1.75272   1.52761    3.728
 4688.00    1.48997   1.53157    3.728
 4689.00    1.11722   1.53138    3.728
 4690.00    1.44570   1.52963    3.728
 4691.00    1.02583   1.52825    3.728
 4692.00    0.74125   1.52792    3.728
 4693.00    1.29643   1.53017    3.728
 4694.00    1.43231   1.53685    3.728
 4695.00    1.64567   1.54745    3.728
 4696.00    1.70276   1.55796    3.728
 4697.00    1.34280   1.56346    3.728
 4698.00    0.82803   1.55937    3.728
 4699.00    0.46216   1.54418   -1.000
 4700.00    0.01957   1.52143   -1.000
 4701.00    0.13547   1.49742   -1.000
 4702.00    1.26987   1.47730    3.728
 4703.00    2.22671   1.46326    3.728
 4704.00    3.18597   1.45681   -1.000
 4705.00    2.14030   1.45913    3.728
 4706.00    1.72217   1.46803    3.728
 4707.00    1.40845   1.47682    3.728
 4708.00    1.06213   1.47926    3.728
 4709.00    0.94702   1.47585    3.728
 4710.00    1.21304   1.47386    3.728
 4711.00    1.41396   1.47954    3.728
 4712.00    1.66727   1.49270    3.728
 4713.00    1.40170   1.50788    3.728
 4714.00    1.67024   1.51818    3.728
 4715.00    1.40488   1.52145    3.728
 4716.00    1.14222   1.52323    3.728
 4717.00   -0.30790   1.53105    0.000
 4718.00    0.08773   1.54853   -1.000
 4719.00    1.55630   1.57205    3.728
 4720.00    3.20474   1.59415   -1.000
 4721.00    4.32286   1.60958   -1.000
 4722.00    3.18010   1.61679   -1.000
 4723.00    1.69403   1.61756    3.728
 4724.00    1.39419   1.61533    3.728
 4725.00    1.84150   1.61252    3.728
 4726.00    1.46614   1.60709    3.728
 4727.00    1.19072   1.59372    3.728
 4728.00    1.26792   1.56872    3.728
 4729.00    1.17116   1.53536    3.728
 4730.00    0.97687   1.50499    3.728
 4731.00    1.29993   1.48772    3.728
 4732.00    1.60150   1.48655    3.728
 4733.00    1.86425   1.49777    3.728
 4734.00    1.34000   1.51430    3.728
 4735.00    1.10517   1.52939    3.728
 4736.00    0.73426   1.53927   -1.000
 4737.00    0.58368   1.54403   -1.000
 4738.00    1.72157   1.54650    3.728
 4739.00    2.99255   1.55027   -1.000
 4740.00    2.93276   1.55710   -1.000
 4741.00    2.33032   1.56484    3.728
 4742.00    1.89966   1.57000    3.728
 4743.00    1.24344   1.57265    3.728
 4744.00    1.24514   1.57509    3.728
 4745.00    1.55207   1.57901    3.728
 4746.00    1.55742   1.58525    3.728
 4747.00    1.28187   1.59310    3.728
 4748.00    1.40883   1.60229    3.728
 4749.00    1.38225   1.61223    3.728
 4750.00    1.32072   1.62089    3.728
 4751.00    1.50256   1.62631    3.728
 4752.00    1.50393   1.62612    3.728
 4753.00    1.68602   1.61867    3.728
 4754.00    1.93155   1.60497    3.728
 4755.00    1.86139   1.58839    3.728
 4756.00    1.55442   1.57494    3.728
 4757.00    1.18688   1.56856    3.728
 4758.00    1.27228   1.56953    3.728
 4759.00    1.93957   1.57498    3.728
 4760.00    2.31808   1.58076    3.728
 4761.00    2.54291   1.58239   -1.000
 4762.00    2.32177   1.57557    3.728
 4763.00    1.49257   1.55879    3.728
 4764.00    1.38926   1.53400    3.728
 4765.00    1.17617   1.50756    3.728
 4766.00    1.05441   1.48619    3.728
 4767.00    1.56722   1.47458    3.728
 4768.00    1.79802   1.47577    3.728
 4769.00    1.81021   1.48996    3.728
 4770.00    1.69400   1.51269    3.728
 4771.00    1.54179   1.53509    3.728
 4772.00    1.30936   1.55005    3.728
 4773.00    1.48811   1.55733    3.728
 4774.00    1.43266   1.56239    3.728
 4775.00    1.46962   1.57124    3.728
 4776.00    1.17063   1.58347    3.728
 4777.00    1.42704   1.59465    3.728
 4778.00    1.64775   1.60066    3.728
 4779.00    1.59458   1.60034    3.728
 4780.00    1.58010   1.59481    3.728
 4781.00    1.11756   1.58530    3.728
 4782.00    1.55417   1.57269    3.728
 4783.00    2.19026   1.55784    3.728
 4784.00    1.95174   1.54239    3.728
 4785.00    1.95212   1.52955    3.728
 4786.00    1.97766   1.52127    3.728
 4787.00    1.87875   1.51773    3.728
 4788.00    1.56304   1.51734    3.728
 4789.00    1.81444   1.51961    3.728
 4790.00    1.81621   1.52509    3.728
 4791.00    1.59463   1.53510    3.728
 4792.00    1.52659   1.55097    3.728
 4793.00    1.55882   1.57274    3.728
 4794.00    1.33489   1.59960    3.728
 4795.00    1.52652   1.62786    3.728
 4796.00    1.92707   1.65206    3.728
 4797.00    1.68398   1.66491    3.728
 4798.00    1.52783   1.66241    3.728
 4799.00    1.60346   1.64675    3.728
 4800.00    1.51518   1.62612    3.728
 4801.00    1.38523   1.61095    3.728
 4802.00    1.48297   1.60874    3.728
 4803.00    1.46683   1.61895    3.728
 4804.00    1.59143   1.63352    3.728
 4805.00    1.73336   1.64173    3.728
 4806.00    1.69123   1.63822    3.728
 4807.00    1.92972   1.62558    3.728
 4808.00    1.74252   1.61029    3.728
 4809.00    1.69397   1.59872    3.728
 4810.00    1.53066   1.59533    3.728
 4811.00    1.57890   1.60003    3.728
 4812.00    1.55262   1.60879    3.728
 4813.00    1.81291   1.61736    3.728
 4814.00    1.67868   1.62369    3.728
 4815.00    1.26239   1.62894    3.728
 4816.00    1.50848   1.63605    3.728
 4817.00    1.55824   1.64647    3.728
 4818.00    1.48757   1.65878    3.728
 4819.00    1.74037   1.66996    3.728
 4820.00    1.72889   1.67691    3.728
 4821.00    1.56589   1.67742    3.728
 4822.00    1.36643   1.66900    3.728
 4823.00    1.37575   1.65055    3.728
 4824.00    1.66963   1.62565    3.728
 4825.00    1.23117   1.60239    3.728
 4826.00    1.31699   1.59080    3.728
 4827.00    1.58232   1.59343    3.728
 4828.00    1.40966   1.60408    3.728
 4829.00    1.34906   1.61287    3.728
 4830.00    1.39322   1.61408    3.728
 4831.00    1.28883   1.60854    3.728
 4832.00    1.29654   1.59890    3.728
 4833.00    1.71932   1.58880    3.728
 4834.00    1.77220   1.58382    3.728
 4835.00    1.64018   1.58700    3.728
 4836.00    1.55135   1.59751    3.728
 4837.00    1.55381   1.60952    3.728
 4838.00    1.64317   1.61589    3.728
 4839.00    2.04047   1.61339    3.728
 4840.00    1.90054   1.60286    3.728
 4841.00    1.45912   1.58893    3.728
 4842.00    1.37196   1.57647    3.728
 4843.00    1.58806   1.56892    3.728
 4844.00    1.63189   1.56735    3.728
 4845.00    1.72480   1.57195    3.728
 4846.00    1.92331   1.58260    3.728
 4847.00    1.82872   1.59631    3.728
 4848.00    1.73798   1.60648    3.728
 4849.00    1.71075   1.60927    3.728
 4850.00    1.68676   1.60622    3.728
 4851.00    1.79685   1.60249    3.728
 4852.00    1.80720   1.60037    3.728
 4853.00    1.95977   1.59667    3.728
 4854.00    1.83245   1.58673    0.000
 4855.00    1.62022   1.56734    0.000
 4856.00    1.70566   1.54086    0.000
 4857.00    1.50662   1.51304    0.000
