 2841.00    1.15298   1.31376    4.127
 2842.00    1.23389   1.31407    4.127
 2843.00    1.73400   1.31438    4.127
 2844.00    1.43527   1.31469    4.127
 2845.00    1.70013   1.31500    4.127
 2846.00    1.14477   1.31531    4.127
 2847.00    1.46842   1.31562    4.127
 2848.00    1.29769   1.31593    4.127
 2849.00    1.34010   1.31623    4.127
 2850.00    1.27603   1.30883    4.127
 2851.00    1.41441   1.30143    4.127
 2852.00    1.34299   1.30173    4.127
 2853.00    1.72882   1.30204    4.127
 2854.00    1.98864   1.30234    4.127
 2855.00    2.06315   1.30265   -1.000
 2856.00    1.17283   1.30295    4.127
 2857.00    2.01900   1.30326    4.127
 2858.00    1.86681   1.30356    4.127
 2859.00    1.18247   1.30387    4.127
 2860.00    1.30302   1.31345    4.127
 2861.00    1.39774   1.32302    4.127
 2862.00    0.93379   1.32333    4.127
 2863.00    1.73170   1.32364    4.127
 2864.00    0.06885   1.32395   -1.000
 2865.00    0.81591   1.32426    4.127
 2866.00    0.46398   1.32457   -1.000
 2867.00    0.52510   1.32488   -1.000
 2868.00    1.29577   1.32518    4.127
 2869.00    1.61155   1.32549    4.127
 2870.00    1.20096   1.31367    4.127
 2871.00    0.88391   1.30185    4.127
 2872.00    1.25133   1.30215    4.127
 2873.00    1.40950   1.30246    4.127
 2874.00    1.48343   1.30276    4.127
 2875.00    0.82732   1.30306    4.127
 2876.00    0.73945   1.30337    4.127
 2877.00    0.88259   1.30367    4.127
 2878.00    1.36343   1.30398    4.127
 2879.00    1.19506   1.30428    4.127
 2880.00    1.19898   1.30202    4.127
 2881.00    1.40433   1.29977    4.127
 2882.00    1.24331   1.30007    4.127
 2883.00    1.43538   1.30037    4.127
 2884.00    1.16097   1.30067    4.127
 2885.00    1.57849   1.30098    4.127
 2886.00    0.99868   1.30128    4.127
 2887.00    1.32758   1.30158    4.127
 2888.00    0.83262   1.30188    4.127
 2889.00    0.89167   1.30218    4.127
 2890.00    0.81512   1.29033    4.127
 2891.00    0.61713   1.27846    4.127
 2892.00    0.73501   1.27876    4.127
 2893.00    1.07698   1.27906    4.127
 2894.00    1.31330   1.27935    4.127
 2895.00    1.50344   1.27965    4.127
 2896.00    1.26912   1.27995    4.127
 2897.00    0.93609   1.28024    4.127
 2898.00    1.45281   1.28054    4.127
 2899.00    1.53651   1.28083    4.127
 2900.00    1.50245   1.28113    4.127
 2901.00    1.28010   1.28143    4.127
 2902.00    1.04522   1.28173    4.127
 2903.00    1.17966   1.29877    4.127
 2904.00    1.44094   1.29907    4.127
 2905.00    1.26356   1.29937    4.127
 2906.00    1.36293   1.29967    4.127
 2907.00    1.33077   1.29997    4.127
 2908.00    1.52122   1.30027    4.127
 2909.00    1.77728   1.30057    4.127
 2910.00    1.21029   1.30087    4.127
 2911.00    1.27831   1.30117    4.127
 2912.00    0.81083   1.30146    4.127
 2913.00    0.33549   1.30176   -1.000
 2914.00    1.72131   1.30206    4.127
 2915.00    1.67570   1.30236    4.127
 2916.00    0.61166   1.30266    4.127
 2917.00    1.48305   1.30296    4.127
 2918.00    0.85786   1.30326    4.127
 2919.00    0.38874   1.30355   -1.000
 2920.00    1.17063   1.28975    4.127
 2921.00    1.38827   1.27596    4.127
 2922.00    0.91881   1.27625    4.127
 2923.00    1.52624   1.27654    4.127
 2924.00    0.84800   1.27684    4.127
 2925.00    0.83023   1.27713    4.127
 2926.00    0.92920   1.27742    4.127
 2927.00    1.84279   1.27771    4.127
 2928.00    1.55418   1.27801    4.127
 2929.00    1.10712   1.27830    4.127
 2930.00    0.88525   1.27859    4.127
 2931.00    0.82900   1.27889    4.127
 2932.00    0.96449   1.27918    4.127
 2933.00    1.00914   1.27947    4.127
 2934.00    1.01616   1.27976    4.127
 2935.00    1.41735   1.28006    4.127
 2936.00    1.42109   1.28035    4.127
 2937.00    1.22253   1.28064    4.127
 2938.00    1.54370   1.28093    4.127
 2939.00    1.89833   1.28122    4.127
 2940.00    1.73672   1.26656    4.127
 2941.00    1.46414   1.25190    4.127
 2942.00    1.33417   1.25219    4.127
 2943.00    0.96582   1.25247    4.127
 2944.00    1.49731   1.25276    4.127
 2945.00    1.00808   1.25304    4.127
 2946.00    1.00109   1.25333    4.127
 2947.00    1.26764   1.25361    4.127
 2948.00    0.97134   1.25390    4.127
 2949.00    1.13366   1.25419    4.127
 2950.00    1.59125   1.25447    4.127
 2951.00    1.34192   1.25476    4.127
 2952.00    0.62869   1.25504    4.127
 2953.00    0.96124   1.25533    4.127
 2954.00    1.16166   1.25561    4.127
 2955.00    1.05208   1.25590    4.127
 2956.00    0.66393   1.25618    4.127
 2957.00    0.89160   1.25647    4.127
 2958.00    1.17553   1.25675    4.127
 2959.00    1.39008   1.25704    4.127
 2960.00    0.97729   1.25078    4.127
 2961.00    1.63577   1.24453    4.127
 2962.00    1.39665   1.24481    4.127
 2963.00    1.25942   1.24510    4.127
 2964.00    1.44460   1.24538    4.127
 2965.00    1.05469   1.24566    4.127
 2966.00    1.17563   1.24594    4.127
 2967.00    1.63053   1.24623    4.127
 2968.00    1.02134   1.24651    4.127
 2969.00    0.81296   1.24679    4.127
 2970.00    1.26415   1.24707    4.127
 2971.00    1.62890   1.24735    4.127
 2972.00    1.20824   1.24764    4.127
 2973.00    1.42617   1.24792    4.127
 2974.00    1.92765   1.24820    4.127
 2975.00    0.97354   1.24848    4.127
 2976.00    1.18658   1.24876    4.127
 2977.00    1.33821   1.24905    4.127
 2978.00    1.07087   1.24933    4.127
 2979.00    1.37083   1.24960    4.127
 2980.00    1.62683   1.23922    4.127
 2981.00    1.29198   1.22883    4.127
 2982.00    0.98451   1.22910    4.127
 2983.00    0.99222   1.22938    4.127
 2984.00    0.63787   1.22966    4.127
 2985.00    0.98305   1.22993    4.127
 2986.00    0.90165   1.23021    4.127
 2987.00    1.60831   1.23049    4.127
 2988.00    1.39898   1.23076    4.127
 2989.00    1.67512   1.23104    4.127
 2990.00    1.40239   1.23132    4.127
 2991.00    1.76697   1.23159    4.127
 2992.00    1.72322   1.23187    4.127
 2993.00    1.23513   1.23215    4.127
 2994.00    0.61376   1.23242    4.127
 2995.00    1.13813   1.23270    4.127
 2996.00    1.14555   1.23298    4.127
 2997.00    1.16066   1.23325    4.127
 2998.00    1.24343   1.23353    4.127
 2999.00    1.36534   1.23380    4.127
 3000.00    1.49246   1.22466    4.127
 3001.00    1.54968   1.21553    4.127
 3002.00    1.50350   1.21580    4.127
 3003.00    1.05473   1.21607    4.127
 3004.00    1.31304   1.21635    4.127
 3005.00    1.95627   1.21662   -1.000
 3006.00    1.43160   1.21689    4.127
 3007.00    0.64271   1.21716    4.127
 3008.00    1.26726   1.21743    4.127
 3009.00    1.02159   1.21771    4.127
 3010.00    1.47324   1.21798    4.127
 3011.00    1.04045   1.21825    4.127
 3012.00    1.13523   1.21852    4.127
 3013.00    1.27754   1.21879    4.127
 3014.00    1.33474   1.21907    4.127
 3015.00    1.38473   1.21934    4.127
 3016.00    0.90947   1.21961    4.127
 3017.00    0.54966   1.21988    4.127
 3018.00    1.47204   1.22015    4.127
 3019.00    1.31297   1.22042    4.127
 3020.00    1.01140   1.21170    4.127
 3021.00    1.40721   1.20298    4.127
 3022.00    1.38696   1.20325    4.127
 3023.00    1.46354   1.20352    4.127
 3024.00    1.36337   1.20378    4.127
 3025.00    0.83955   1.20405    4.127
 3026.00    0.78931   1.20432    4.127
 3027.00    1.13189   1.20459    4.127
 3028.00    1.46704   1.20485    4.127
 3029.00    1.30089   1.20512    4.127
 3030.00    1.02821   1.20539    4.127
 3031.00    1.01870   1.20566    4.127
 3032.00    1.14555   1.20592    4.127
 3033.00    1.06769   1.20619    4.127
 3034.00    0.86700   1.20646    4.127
 3035.00    0.98126   1.20673    4.127
 3036.00    0.77611   1.20699    4.127
 3037.00    1.33224   1.20726    4.127
 3038.00    0.81695   1.20753    4.127
 3039.00    1.30668   1.20779    4.127
 3040.00    1.06366   1.19852    4.127
 3041.00    1.17054   1.18925    4.127
 3042.00    1.06106   1.18951    4.127
 3043.00    0.83646   1.18978    4.127
 3044.00    1.26467   1.19004    4.127
 3045.00    1.06247   1.19030    4.127
 3046.00    0.85966   1.19057    4.127
 3047.00    0.83497   1.19083    4.127
 3048.00    1.22035   1.19109    4.127
 3049.00    1.35839   1.19135    4.127
 3050.00    1.75057   1.19162    4.127
 3051.00    1.23440   1.19188    4.127
 3052.00    0.99611   1.19214    4.127
 3053.00    1.22514   1.19240    4.127
 3054.00    0.32678   1.19267   -1.000
 3055.00    0.00196   1.19293   -1.000
 3056.00    0.61972   1.19319    4.127
 3057.00    0.75750   1.19346    4.127
 3058.00    0.75750   1.19372    4.127
 3059.00    0.75750   1.19398    4.127
 3060.00    0.75750   1.18447    4.127
 3061.00    0.82120   1.17497    4.127
 3062.00    0.83883   1.17523    4.127
 3063.00    0.83883   1.17548    4.127
 3064.00    0.83883   1.17574    4.127
 3065.00    0.83883   1.17600    4.127
 3066.00    1.15718   1.17626    4.127
 3067.00    1.58219   1.17652    4.127
 3068.00    0.71968   1.17677    4.127
 3069.00    1.43041   1.17703    4.127
 3070.00    1.01443   1.17729    4.127
 3071.00    1.03200   1.17755    4.127
 3072.00    1.12493   1.17781    4.127
 3073.00    1.44192   1.17806    4.127
 3074.00    1.43568   1.17832    4.127
 3075.00    0.90532   1.17858    4.127
 3076.00    0.60503   1.17884    4.127
 3077.00    1.16218   1.17910    4.127
 3078.00    1.69020   1.17935    4.127
 3079.00    1.17430   1.17960    4.127
 3080.00    1.67332   1.16885    4.127
 3081.00    1.62975   1.15808    4.127
 3082.00    2.40058   1.15833   -1.000
 3083.00    1.68353   1.15859    4.127
 3084.00    1.23424   1.15884    4.127
 3085.00    1.18769   1.15909    4.127
 3086.00    1.23528   1.15934    4.127
 3087.00    0.70031   1.15960    4.127
 3088.00    0.94607   1.15985    4.127
 3089.00    1.68018   1.16010    4.127
 3090.00    1.85835   1.16036    4.127
 3091.00    1.42629   1.16061    4.127
 3092.00    1.56635   1.16086    4.127
 3093.00    1.67390   1.16111    4.127
 3094.00    1.65724   1.16137    4.127
 3095.00    1.61891   1.16162    4.127
 3096.00    1.60670   1.16187    4.127
 3097.00    1.13603   1.16212    4.127
 3098.00    0.98393   1.16238    4.127
 3099.00    1.38565   1.16262    4.127
 3100.00    1.65340   1.15290    4.127
 3101.00    1.21464   1.14317    4.127
 3102.00    1.33399   1.14342    4.127
 3103.00    1.13396   1.14366    4.127
 3104.00    0.72748   1.14391    4.127
 3105.00    1.32752   1.14416    4.127
 3106.00    1.10120   1.14441    4.127
 3107.00    1.27184   1.14466    4.127
 3108.00    1.08061   1.14490    4.127
 3109.00    0.62909   1.14515    4.127
 3110.00    1.31189   1.14540    4.127
 3111.00    1.19126   1.14565    4.127
 3112.00    0.61766   1.14590    4.127
 3113.00    1.15521   1.14614    4.127
 3114.00    1.27210   1.14639    4.127
 3115.00    0.90209   1.14664    4.127
 3116.00    0.84327   1.14689    4.127
 3117.00    1.18664   1.14713    4.127
 3118.00    1.21263   1.14738    4.127
 3119.00    1.22455   1.14762    4.127
 3120.00    1.48305   1.13595    4.127
 3121.00    1.06505   1.12428    4.127
 3122.00    0.91386   1.12452    4.127
 3123.00    0.77008   1.12476    4.127
 3124.00    1.14040   1.12501    4.127
 3125.00    1.45414   1.12525    4.127
 3126.00    1.05546   1.12549    4.127
 3127.00    1.64642   1.12573    4.127
 3128.00    1.10665   1.12598    4.127
 3129.00    1.47428   1.12622    4.127
 3130.00    1.40961   1.12646    4.127
 3131.00    1.32992   1.12670    4.127
 3132.00    0.86125   1.12694    4.127
 3133.00    1.14187   1.12719    4.127
 3134.00    1.07812   1.12743    4.127
 3135.00    1.23845   1.12767    4.127
 3136.00    1.11342   1.12791    4.127
 3137.00    0.71830   1.12816    4.127
 3138.00    1.04889   1.12840    4.127
 3139.00    1.47497   1.12864    4.127
 3140.00    1.30651   1.12378    4.127
 3141.00    1.24664   1.11893    4.127
 3142.00    1.23377   1.11917    4.127
 3143.00    1.20232   1.11941    4.127
 3144.00    0.99084   1.11965    4.127
 3145.00    0.87297   1.11989    4.127
 3146.00    1.29479   1.12013    4.127
 3147.00    1.53737   1.12037    4.127
 3148.00    1.25732   1.12061    4.127
 3149.00    0.72554   1.12085    4.127
 3150.00    0.78313   1.12109    4.127
 3151.00    0.87161   1.12133    4.127
 3152.00    1.21121   1.12157    4.127
 3153.00    1.01943   1.12181    4.127
 3154.00    1.11911   1.12205    4.127
 3155.00    1.04739   1.12229    4.127
 3156.00    1.16634   1.12253    4.127
 3157.00    1.17874   1.12277    4.127
 3158.00    1.27146   1.12301    4.127
 3159.00    1.49762   1.12324    4.127
 3160.00    1.29275   1.11067    4.127
 3161.00    1.49711   1.09810    4.127
 3162.00    1.25094   1.09833    4.127
 3163.00    1.40684   1.09857    4.127
 3164.00    1.57953   1.09880    4.127
 3165.00    1.09830   1.09904    4.127
 3166.00    1.19177   1.09927    4.127
 3167.00    1.10188   1.09950    4.127
 3168.00    1.06249   1.09974    4.127
 3169.00    0.62320   1.09997    4.127
 3170.00    0.96503   1.10020    4.127
 3171.00    1.03348   1.10044    4.127
 3172.00    1.02005   1.10067    4.127
 3173.00    1.34051   1.10090    4.127
 3174.00    1.07660   1.10114    4.127
 3175.00    1.02747   1.10137    4.127
 3176.00    0.79139   1.10161    4.127
 3177.00    0.58571   1.10184    4.127
 3178.00    1.27337   1.10207    4.127
 3179.00    1.42212   1.10230    4.127
 3180.00    1.27874   1.08686    4.127
 3181.00    1.33516   1.07143    4.127
 3182.00    1.42618   1.07165    4.127
 3183.00    1.05072   1.07188    4.127
 3184.00    1.32569   1.07211    4.127
 3185.00    1.07432   1.07233    4.127
 3186.00    0.77708   1.07256    4.127
 3187.00    1.06159   1.07279    4.127
 3188.00    1.11459   1.07301    4.127
 3189.00    1.25576   1.07324    4.127
 3190.00    1.34629   1.07347    4.127
 3191.00    1.05746   1.07369    4.127
 3192.00    0.72992   1.07392    4.127
 3193.00    0.56273   1.07415    4.127
 3194.00    1.09675   1.07437    4.127
 3195.00    0.96630   1.07460    4.127
 3196.00    0.96790   1.07482    4.127
 3197.00    0.95528   1.07505    4.127
 3198.00    0.95421   1.07528    4.127
 3199.00    0.93661   1.07550    4.127
 3200.00    0.94513   1.07271    4.127
 3201.00    1.22292   1.06991    4.127
 3202.00    0.81599   1.07013    4.127
 3203.00    1.27467   1.07036    4.127
 3204.00    1.17044   1.07058    4.127
 3205.00    1.35736   1.07081    4.127
 3206.00    1.12266   1.07103    4.127
 3207.00    0.91843   1.07126    4.127
 3208.00    1.16294   1.07148    4.127
 3209.00    1.51734   1.07171    4.127
 3210.00    1.18634   1.07193    4.127
 3211.00    0.89668   1.07216    4.127
 3212.00    0.77494   1.07238    4.127
 3213.00    1.41829   1.07261    4.127
 3214.00    1.16654   1.07283    4.127
 3215.00    0.87581   1.07305    4.127
 3216.00    1.06039   1.07328    4.127
 3217.00    1.03834   1.07350    4.127
 3218.00    0.94657   1.07373    4.127
 3219.00    1.44868   1.07394    4.127
 3220.00    1.49098   1.06318    4.127
 3221.00    1.48544   1.05242    4.127
 3222.00    1.21982   1.05264    4.127
 3223.00    1.11670   1.05286    4.127
 3224.00    1.23997   1.05308    4.127
 3225.00    1.47187   1.05330    4.127
 3226.00    0.89562   1.05352    4.127
 3227.00    0.50826   1.05374    4.127
 3228.00    0.36856   1.05396    4.127
 3229.00    0.87498   1.05418    4.127
 3230.00    0.42676   1.05440    4.127
 3231.00   -0.56662   1.05462    0.000
 3232.00    0.36811   1.05484    4.127
 3233.00    0.69199   1.05506    4.127
 3234.00    0.92428   1.05528    4.127
 3235.00    1.22437   1.05550    4.127
 3236.00    1.27996   1.05572    4.127
 3237.00    1.04094   1.05594    4.127
 3238.00    0.81833   1.05616    4.127
 3239.00    1.16086   1.05638    4.127
 3240.00    1.17105   1.05112    4.127
 3241.00    0.64635   1.04586    4.127
 3242.00    1.17538   1.04608    4.127
 3243.00    1.47581   1.04629    4.127
 3244.00    1.37361   1.04651    4.127
 3245.00    1.03301   1.04673    4.127
 3246.00    1.01746   1.04694    4.127
 3247.00    0.94700   1.04716    4.127
 3248.00    1.42887   1.04738    4.127
 3249.00    1.55441   1.04760    4.127
 3250.00    0.94357   1.04781    4.127
 3251.00    1.23680   1.04803    4.127
 3252.00    1.38268   1.04825    4.127
 3253.00    0.93463   1.04846    4.127
 3254.00    1.06658   1.04868    4.127
 3255.00    1.23481   1.04890    4.127
 3256.00    1.00314   1.04911    4.127
 3257.00    1.02567   1.04933    4.127
 3258.00    1.35134   1.04955    4.127
 3259.00    1.29636   1.04976    4.127
 3260.00    0.63621   1.04117    4.127
 3261.00    0.72038   1.03258    4.127
 3262.00    1.62244   1.03279    4.127
 3263.00    1.72810   1.03300    4.127
 3264.00    1.02998   1.03322    4.127
 3265.00    1.07597   1.03343    4.127
 3266.00    1.46745   1.03364    4.127
 3267.00    1.71245   1.03386    4.127
 3268.00    1.55431   1.03407    4.127
 3269.00    0.72441   1.03428    4.127
 3270.00    0.64622   1.03450    4.127
 3271.00    1.08513   1.03471    4.127
 3272.00    1.52323   1.03492    4.127
 3273.00    1.29662   1.03513    4.127
 3274.00    1.11122   1.03535    4.127
 3275.00    0.92031   1.03556    4.127
 3276.00    0.76291   1.03577    4.127
 3277.00    0.77311   1.03599    4.127
 3278.00    0.90553   1.03620    4.127
 3279.00    0.76428   1.03641    4.127
 3280.00    0.72953   1.02934    4.127
 3281.00    1.12513   1.02227    4.127
 3282.00    1.32211   1.02248    4.127
 3283.00    0.77528   1.02269    4.127
 3284.00    1.08330   1.02290    4.127
 3285.00    1.22509   1.02311    4.127
 3286.00    1.09911   1.02332    4.127
 3287.00    1.45426   1.02353    4.127
 3288.00    1.42078   1.02374    4.127
 3289.00    1.18200   1.02395    4.127
 3290.00    1.06929   1.02416    4.127
 3291.00    1.41831   1.02437    4.127
 3292.00    1.32659   1.02458    4.127
 3293.00    0.90791   1.02479    4.127
 3294.00    0.72345   1.02500    4.127
 3295.00    1.04231   1.02521    4.127
 3296.00    0.75351   1.02542    4.127
 3297.00    0.79804   1.02563    4.127
 3298.00    0.85490   1.02584    4.127
 3299.00    0.91202   1.02604    4.127
 3300.00    1.29351   1.01959    4.127
 3301.00    1.29097   1.01313    4.127
 3302.00    1.21320   1.01334    4.127
 3303.00    1.20771   1.01354    4.127
 3304.00    1.78714   1.01375   -1.000
 3305.00    1.04545   1.01395    4.127
 3306.00    0.80550   1.01416    4.127
 3307.00    1.09858   1.01437    4.127
 3308.00    1.09182   1.01457    4.127
 3309.00    1.00390   1.01478    4.127
 3310.00    0.71218   1.01499    4.127
 3311.00    0.79405   1.01519    4.127
 3312.00    0.82626   1.01540    4.127
 3313.00    1.65409   1.01560    4.127
 3314.00    1.08599   1.01581    4.127
 3315.00    0.80469   1.01603    4.127
 3316.00    1.36950   1.04375    4.127
 3317.00    1.37849   1.07148    4.127
 3318.00    1.00052   1.07170    4.127
 3319.00    0.70700   1.07191    4.127
 3320.00    1.25634   1.07213    4.127
 3321.00    1.43343   1.07235    4.127
 3322.00    0.77061   1.07257    4.127
 3323.00    1.09980   1.07683    4.127
 3324.00    1.25092   1.07181    4.127
 3325.00    1.12298   1.06932    4.127
 3326.00    1.09701   1.06853    4.127
 3327.00    1.04145   1.06779    4.127
 3328.00    1.10034   1.06778    4.127
 3329.00    1.04235   1.06822    4.127
 3330.00    1.14932   1.07018    4.127
 3331.00    1.40990   1.07253    4.127
 3332.00    1.49416   1.06863    4.127
 3333.00    1.34684   1.05785    4.127
 3334.00    1.43598   1.04610    4.127
 3335.00    1.13996   1.03437    4.127
 3336.00    0.95700   1.03104    4.127
 3337.00    1.09444   1.03158    4.127
 3338.00    0.99059   1.02349    4.127
 3339.00    0.93362   1.01957    4.127
 3340.00    0.91801   1.01305    4.127
 3341.00    0.72308   1.01981    4.127
 3342.00    0.32251   1.03059    4.127
 3343.00    0.60173   1.04317    4.127
 3344.00    1.06533   1.05360    4.127
 3345.00    0.78888   1.06059    4.127
 3346.00    0.78876   1.06770    4.127
 3347.00    1.27729   1.07226    4.127
 3348.00    1.20200   1.06440    4.127
 3349.00    1.16304   1.05205    4.127
 3350.00    0.91239   1.02427    4.127
 3351.00    0.86040   1.01179    4.127
 3352.00    1.17630   1.01571    4.127
 3353.00    1.22425   1.01933    4.127
 3354.00    0.86264   1.01284    4.127
 3355.00    0.86061   1.00223    4.127
 3356.00    1.04338   1.00425    4.127
 3357.00    0.96515   1.01023    4.127
 3358.00    1.28269   1.01956    4.127
 3359.00    1.23049   1.02255    4.127
 3360.00    1.15589   1.02513    4.127
 3361.00    1.00000   1.01857    4.127
 3362.00    0.88538   1.02300    4.127
 3363.00    0.70936   1.02534    4.127
 3364.00    1.25688   1.02635    4.127
 3365.00    0.77493   1.01923    4.127
 3366.00    0.76514   1.00439    4.127
 3367.00    0.85597   0.99062    4.127
 3368.00    1.06018   0.98250    4.127
 3369.00    0.68477   0.99030    4.127
 3370.00    0.98121   1.00970    4.127
 3371.00    1.23272   1.00980    4.127
 3372.00    0.96504   0.99632    4.127
 3373.00    0.74437   0.98595    4.127
 3374.00    1.20561   0.98765    4.127
 3375.00    1.18689   1.00615    4.127
 3376.00    0.99747   1.01645    4.127
 3377.00    0.96292   1.00374    4.127
 3378.00    1.17222   0.99989    4.127
 3379.00    0.80034   0.99840    4.127
 3380.00    1.01587   1.00820    4.127
 3381.00    1.05343   1.01834    4.127
 3382.00    1.40698   1.02628    4.127
 3383.00    1.38598   1.03024    4.127
 3384.00    0.90754   1.03300    4.127
 3385.00    0.98825   1.03594    4.127
 3386.00    0.95389   1.03262    4.127
 3387.00    1.08372   1.02296    4.127
 3388.00    0.82311   1.01850    4.127
 3389.00    0.59252   1.02160    4.127
 3390.00    0.89676   1.02922    4.127
 3391.00    1.34744   1.03530    4.127
 3392.00    1.25333   1.03653    4.127
 3393.00    1.05261   1.03433    4.127
 3394.00    0.65957   1.03552    4.127
 3395.00    0.48860   1.03748    4.127
 3396.00    0.88954   1.03986    4.127
 3397.00    0.76957   1.03406    4.127
 3398.00    0.94653   1.02510    4.127
 3399.00    1.03029   1.00835    4.127
 3400.00    0.74712   0.99263    4.127
 3401.00    0.94438   0.99685    4.127
 3402.00    1.03460   0.98948    4.127
 3403.00    1.15969   0.98343    4.127
 3404.00    0.58128   0.98003    4.127
 3405.00    0.61424   0.98334    4.127
 3406.00    1.13731   0.98332    4.127
 3407.00    0.88474   0.98966    4.127
 3408.00    0.98643   0.99538    4.127
 3409.00    0.81805   0.99757    4.127
 3410.00    0.63170   0.99974    4.127
 3411.00    0.65941   0.99283    4.127
 3412.00    1.11497   0.99635    4.127
 3413.00    1.07144   1.00382    4.127
 3414.00    1.35307   1.01170    4.127
 3415.00    1.39528   1.01271    4.127
 3416.00    0.74209   1.01251    4.127
 3417.00    0.98340   1.01402    4.127
 3418.00    0.96819   1.01932    4.127
 3419.00    1.05829   1.02256    4.127
 3420.00    1.32987   1.01989    4.127
 3421.00    1.02598   1.01556    4.127
 3422.00    0.68081   1.01151    4.127
 3423.00    0.87578   1.01200    4.127
 3424.00    0.95725   1.01449    4.127
 3425.00    1.04769   1.01217    4.127
 3426.00    0.45812   1.01369    4.127
 3427.00    0.88904   1.01504    4.127
 3428.00    0.69214   1.01897    4.127
 3429.00    0.68023   1.02312    4.127
 3430.00    1.03041   1.01614    4.127
 3431.00    0.70310   1.01589    4.127
 3432.00    1.04913   1.01252    4.127
 3433.00    1.20625   1.01511    4.127
 3434.00    1.29557   1.01862    4.127
 3435.00    1.32194   1.01893    4.127
 3436.00    1.27223   1.02056    4.127
 3437.00    0.67406   1.01489    4.127
 3438.00    0.72816   1.01279    4.127
 3439.00    1.00065   1.00667    4.127
 3440.00    0.86572   0.99661    4.127
 3441.00    0.96853   0.99170    4.127
 3442.00    0.96234   0.99105    4.127
 3443.00    0.73695   0.99721    4.127
 3444.00    1.18704   0.99847    4.127
 3445.00    1.15184   0.99499    4.127
 3446.00    1.36564   0.99394    4.127
 3447.00    1.08234   0.99588    4.127
 3448.00    0.79358   1.00507    4.127
 3449.00    0.50878   1.01194    4.127
 3450.00    0.94843   0.99880    4.127
 3451.00    0.95597   0.97722    4.127
 3452.00    0.97155   0.96440    4.127
 3453.00    1.18088   0.95799    4.127
 3454.00    1.22006   0.95923    4.127
 3455.00    1.22006   0.96035    4.127
 3456.00    1.22006   0.96703    4.127
 3457.00    1.22006   0.97172    4.127
 3458.00    1.10855   0.96584    4.127
 3459.00    1.03408   0.96210    4.127
 3460.00    1.03408   0.95771    4.127
 3461.00    1.03408   0.95572    4.127
 3462.00    1.03408   0.95730    4.127
 3463.00    1.16054   0.96353    4.127
 3464.00    0.99272   0.96101    4.127
 3465.00    0.49193   0.96632    4.127
 3466.00    0.62094   0.96960    4.127
 3467.00    1.06670   0.96880    4.127
 3468.00    0.73143   0.96561    4.127
 3469.00    0.99584   0.96044    4.127
 3470.00    0.79304   0.96551    4.127
 3471.00    0.50602   0.96809    4.127
 3472.00    0.70558   0.96650    4.127
 3473.00    1.17554   0.96147    4.127
 3474.00    1.24646   0.96290    4.127
 3475.00    0.84094   0.96273    4.127
 3476.00    0.75487   0.96453    4.127
 3477.00    1.32505   0.96079    4.127
 3478.00    1.11310   0.95385    4.127
 3479.00    0.96183   0.94506    4.127
 3480.00    0.99464   0.94289    4.127
 3481.00    1.01553   0.94624    4.127
 3482.00    1.17055   0.94315    4.127
 3483.00    0.87639   0.94214    4.127
 3484.00    0.61409   0.94505    4.127
 3485.00    0.79887   0.95379    4.127
 3486.00    1.02108   0.96391    4.127
 3487.00    1.07672   0.96981    4.127
 3488.00    0.63184   0.97614    4.127
 3489.00    0.61682   0.97489    4.127
 3490.00    0.82252   0.97206    4.127
 3491.00    0.68060   0.96964    4.127
 3492.00    0.51414   0.97592    4.127
 3493.00    0.57803   0.97867    4.127
 3494.00    0.31815   0.97090    4.127
 3495.00    0.40081   0.96153    4.127
 3496.00    0.32499   0.95945    4.127
 3497.00    1.01706   0.96443    4.127
 3498.00    1.09534   0.96934    4.127
 3499.00    0.94160   0.96216    4.127
 3500.00    1.19271   0.94280    4.127
 3501.00    0.97544   0.93910    4.127
 3502.00    0.79784   0.94467    4.127
 3503.00    0.42870   0.94695    4.127
 3504.00    0.76092   0.93978    4.127
 3505.00    1.18760   0.93328    4.127
 3506.00    1.00414   0.93040    4.127
 3507.00    1.08142   0.93072    4.127
 3508.00    0.91959   0.93714    4.127
 3509.00    1.06598   0.94196    4.127
 3510.00    1.36398   0.94474    4.127
 3511.00    1.13643   0.94162    4.127
 3512.00    0.98521   0.93770    4.127
 3513.00    0.55088   0.93133    4.127
 3514.00    0.89105   0.93266    4.127
 3515.00    0.84474   0.94261    4.127
 3516.00    0.76215   0.94595    4.127
 3517.00    1.01998   0.94884    4.127
 3518.00    1.16362   0.95293    4.127
 3519.00    1.06067   0.95551    4.127
 3520.00    0.84273   0.95562    4.127
 3521.00    1.05376   0.95197    4.127
 3522.00    1.28054   0.94741    4.127
 3523.00    1.28984   0.94954    4.127
 3524.00    0.89899   0.95346    4.127
 3525.00    0.81392   0.95745    4.127
 3526.00    0.66845   0.95298    4.127
 3527.00    0.29013   0.94750    4.127
 3528.00    0.44220   0.94447    4.127
 3529.00    0.73249   0.94908    4.127
 3530.00    1.13976   0.95435    4.127
 3531.00    1.19827   0.95624    4.127
 3532.00    0.91590   0.96034    4.127
 3533.00    0.79798   0.95971    4.127
 3534.00    0.80627   0.95729    4.127
 3535.00    0.89654   0.95818    4.127
 3536.00    0.82479   0.95728    4.127
 3537.00    1.00759   0.95452    4.127
 3538.00    1.19113   0.95501    4.127
 3539.00    1.00655   0.95545    4.127
 3540.00    1.28463   0.95669    4.127
 3541.00    0.80810   0.95566    4.127
 3542.00    0.74412   0.95654    4.127
 3543.00    0.97178   0.96212    4.127
 3544.00    0.77792   0.96840    4.127
 3545.00    0.84550   0.96725    4.127
 3546.00    0.87310   0.96574    4.127
 3547.00    1.23062   0.96597    4.127
 3548.00    0.96240   0.96368    4.127
 3549.00    0.74597   0.96131    4.127
 3550.00    1.12526   0.96050    4.127
 3551.00    1.14981   0.96200    4.127
 3552.00    0.98185   0.96406    4.127
 3553.00    0.84931   0.95933    4.127
 3554.00    0.93182   0.95335    4.127
 3555.00    1.06114   0.95234    4.127
 3556.00    1.00455   0.95542    4.127
 3557.00    0.93519   0.96087    4.127
 3558.00    1.15322   0.96086    4.127
 3559.00    1.27673   0.95753    4.127
 3560.00    0.96644   0.95212    4.127
 3561.00    0.85387   0.95377    4.127
 3562.00    0.79482   0.95579    4.127
 3563.00    0.96174   0.95595    4.127
 3564.00    0.80468   0.95043    4.127
 3565.00    0.62351   0.94055    4.127
 3566.00    1.09515   0.93697    4.127
 3567.00    0.94687   0.94026    4.127
 3568.00    1.02227   0.94603    4.127
 3569.00    1.41727   0.94613    4.127
 3570.00    0.97313   0.94178    4.127
 3571.00    0.81962   0.92470    4.127
 3572.00    1.05899   0.90619    4.127
 3573.00    0.85958   0.90104    4.127
 3574.00    0.76224   0.90156    4.127
 3575.00    0.78820   0.90268    4.127
 3576.00    0.78357   0.90658    4.127
 3577.00    0.78199   0.90386    4.127
 3578.00    1.18787   0.89984    4.127
 3579.00    0.96446   0.89856    4.127
 3580.00    1.32583   0.89950    4.127
 3581.00    1.07783   0.90285    4.127
 3582.00    0.91707   0.90259    4.127
 3583.00    1.15448   0.89810    4.127
 3584.00    1.00182   0.89504    4.127
 3585.00    0.96036   0.89071    4.127
 3586.00    0.92434   0.88631    4.127
 3587.00    0.48961   0.88363    4.127
 3588.00    0.39990   0.88260    4.127
 3589.00    0.78138   0.89249    4.127
 3590.00    0.67089   0.89973    4.127
 3591.00    1.10897   0.89772    4.127
 3592.00    1.27250   0.89487    4.127
 3593.00    1.17039   0.89373    4.127
 3594.00    1.22756   0.89583    4.127
 3595.00    1.31191   0.89961    4.127
 3596.00    1.19731   0.90002    4.127
 3597.00    0.89175   0.90300    4.127
 3598.00    0.75145   0.90668    4.127
 3599.00    0.62294   0.90587    4.127
 3600.00    1.01510   0.90432    4.127
 3601.00    1.08298   0.90206    4.127
 3602.00    1.02617   0.90467    4.127
 3603.00    0.86840   0.90446    4.127
 3604.00    0.89977   0.90507    4.127
 3605.00    1.25948   0.90558    4.127
 3606.00    1.11598   0.90832    4.127
 3607.00    0.79335   0.90949    4.127
 3608.00    1.13158   0.90902    4.127
 3609.00    1.07534   0.91012    4.127
 3610.00    1.10056   0.91376    4.127
 3611.00    1.06284   0.91605    4.127
 3612.00    0.50282   0.91340    4.127
 3613.00    0.93579   0.90927    4.127
 3614.00    1.09370   0.90797    4.127
 3615.00    0.96122   0.90661    4.127
 3616.00    0.59673   0.91116    4.127
 3617.00    0.63731   0.91471    4.127
 3618.00    0.80646   0.91880    4.127
 3619.00    0.83190   0.92585    4.127
 3620.00    1.19369   0.92795    4.127
 3621.00    1.20954   0.93084    4.127
 3622.00    0.93027   0.93574    4.127
 3623.00    0.90992   0.93684    4.127
 3624.00    0.88033   0.93659    4.127
 3625.00    0.86059   0.93765    4.127
 3626.00    0.81288   0.94062    4.127
 3627.00    0.96565   0.94530    4.127
 3628.00    1.04689   0.94874    4.127
 3629.00    1.02660   0.94480    4.127
 3630.00    0.92310   0.93821    4.127
 3631.00    0.98473   0.93209    4.127
 3632.00    0.44591   0.92954    4.127
 3633.00    0.72431   0.92883    4.127
 3634.00    0.90992   0.93393    4.127
 3635.00    1.33766   0.93264    4.127
 3636.00    1.04203   0.92019    4.127
 3637.00    0.69155   0.91470    4.127
 3638.00    1.02289   0.91794    4.127
 3639.00    0.92929   0.92279    4.127
 3640.00    1.17620   0.92359    4.127
 3641.00    1.18181   0.92136    4.127
 3642.00    1.13587   0.92162    4.127
 3643.00    1.12039   0.92173    4.127
 3644.00    1.28230   0.92106    4.127
 3645.00    0.99693   0.92093    4.127
 3646.00    0.70066   0.91413    4.127
 3647.00    0.86351   0.91231    4.127
 3648.00    1.10334   0.91349    4.127
 3649.00    0.84465   0.91387    4.127
 3650.00    0.89387   0.91681    4.127
 3651.00    0.89789   0.91835    4.127
 3652.00    0.86793   0.91800    4.127
 3653.00    0.99534   0.91836    4.127
 3654.00    1.28432   0.91828    4.127
 3655.00    1.08634   0.91526    4.127
 3656.00    0.74576   0.91758    4.127
 3657.00    0.56717   0.91893    4.127
 3658.00    0.64418   0.91578    4.127
 3659.00    0.88394   0.91181    4.127
 3660.00    0.94345   0.90731    4.127
 3661.00    1.14666   0.90833    4.127
 3662.00    1.04686   0.90638    4.127
 3663.00    0.74478   0.90767    4.127
 3664.00    0.93157   0.90685    4.127
 3665.00    0.97746   0.90368    4.127
 3666.00    1.05887   0.90373    4.127
 3667.00    0.99155   0.90106    4.127
 3668.00    0.97632   0.89994    4.127
 3669.00    1.00437   0.90346    4.127
 3670.00    0.57765   0.90629    4.127
 3671.00    0.82735   0.90703    4.127
 3672.00    1.15041   0.90484    4.127
 3673.00    1.00564   0.89886    4.127
 3674.00    1.19702   0.89577    4.127
 3675.00    1.18288   0.88915    4.127
 3676.00    1.02862   0.88612    4.127
 3677.00    0.86964   0.88481    4.127
 3678.00    1.15865   0.88299    4.127
 3679.00    1.18974   0.88312    4.127
 3680.00    1.19747   0.88512    4.127
 3681.00    1.24137   0.89198    4.127
 3682.00    0.98839   0.89049    4.127
 3683.00    1.06662   0.88920    4.127
 3684.00    0.86161   0.89033    4.127
 3685.00    0.76652   0.88408    4.127
 3686.00    1.01423   0.87332    4.127
 3687.00    0.94222   0.87399    4.127
 3688.00    0.85993   0.88809    4.127
 3689.00    0.76795   0.90398    4.127
 3690.00    0.85834   0.90099    4.127
 3691.00    1.11863   0.88125    4.127
 3692.00    0.84839   0.87864    4.127
 3693.00    0.94282   0.88890    4.127
 3694.00    1.01798   0.90531    4.127
 3695.00    1.12923   0.90101    4.127
 3696.00    0.92497   0.87728    4.127
 3697.00    0.68138   0.86808    4.127
 3698.00    0.83578   0.87264    4.127
 3699.00    0.58146   0.90314    4.127
 3700.00    0.94477   0.93153    4.127
 3701.00    1.00670   0.93477    4.127
 3702.00    1.04857   0.90488    4.127
 3703.00    1.07185   0.84219    4.127
 3704.00    0.77190   0.81149    4.127
 3705.00    0.82425   0.81033    4.127
 3706.00    0.92312   0.85579    4.127
 3707.00    0.70116   0.90108    4.127
 3708.00    0.94557   0.93711    4.127
 3709.00    1.06042   0.92030    4.127
 3710.00    0.97105   0.87204    4.127
 3711.00    0.76690   0.82216    4.127
 3712.00    0.92533   0.79828    4.127
 3713.00    1.26973   0.81787    4.127
 3714.00    1.01402   0.86297    4.127
 3715.00    1.04574   0.93600    4.127
 3716.00    1.11021   0.97900    4.127
 3717.00    1.11208   1.00239    4.127
 3718.00    1.01820   0.99335    0.000
 3719.00    0.86142   0.94949    0.000
 3720.00    1.07689   0.86316    0.000
 3721.00    0.83870   0.81173    0.000
 3722.00    0.87367   0.77968    0.000
 3723.00    1.24107   0.80656    0.000
 3724.00    2.50809   0.86584    0.000
 3725.00    4.46626   0.94637    0.000
 3726.00    6.86535   0.98288    0.000
 3727.00    9.12127   1.02549    0.000
 3728.00   10.03045   1.03994    0.000
 3729.00    9.80651   1.04097    0.000
 3730.00    8.54925   1.01958    0.000
 3731.00    4.85171   0.97269    0.000
 3732.00    1.60820   0.88986    0.000
 3733.00    1.09436   0.81946    0.000
 3734.00    0.86161   0.76161    0.000
 3735.00    1.13084   0.75900    0.000
 3736.00    0.88588   0.80435    0.000
 3737.00    1.05264   0.89606    0.000
 3738.00    1.15806   0.96109    4.127
 3739.00    1.10957   1.03635    4.127
 3740.00    1.08080   1.07333    4.127
 3741.00    0.97472   1.09628    4.127
 3742.00    1.39801   1.10419    4.127
 3743.00    0.73771   1.09963    4.127
 3744.00    1.26042   1.08325    4.127
 3745.00    1.01735   1.05524    4.127
 3746.00    1.13304   1.00696    4.127
 3747.00    0.80004   0.93579    4.127
 3748.00    0.54812   0.86038    4.127
 3749.00    0.26517   0.76722    4.127
 3750.00    0.50963   0.74011    4.127
 3751.00    0.96180   0.75966    4.127
 3752.00    1.09130   0.82758    4.127
 3753.00    0.72959   0.89914    4.127
 3754.00    1.05545   0.98125    4.127
 3755.00    1.05570   1.01979    4.127
 3756.00    1.25107   1.06272    4.127
 3757.00    1.17289   1.07571    4.127
 3758.00    1.18150   1.07892    4.127
 3759.00    1.34992   1.07287    4.127
 3760.00    1.24782   1.06493    4.127
 3761.00    1.15271   1.06202    4.127
 3762.00    1.17938   1.07535    4.127
 3763.00    1.17683   1.07776    4.127
 3764.00    1.26007   1.06744    4.127
 3765.00    1.30003   1.04103    4.127
 3766.00    1.36407   0.99385    4.127
 3767.00    0.86147   0.94623    4.127
 3768.00    0.39104   0.86966    4.127
 3769.00    0.46876   0.78363    4.127
 3770.00    0.93668   0.72416    4.127
 3771.00    0.85831   0.70586    4.127
 3772.00    0.52834   0.75665    4.127
 3773.00    0.72707   0.84350    4.127
 3774.00    0.68410   0.91766    4.127
 3775.00    0.91861   0.98250    4.127
 3776.00    1.06838   1.03471    4.127
 3777.00    1.16999   1.06969    4.127
 3778.00    1.20629   1.10537    4.127
 3779.00    1.18285   1.12707    4.127
 3780.00    0.85194   1.14906    4.127
 3781.00    1.01352   1.15924    4.127
 3782.00    1.26601   1.16354    4.127
 3783.00    1.03362   1.16239    4.127
 3784.00    1.08890   1.16185    4.127
 3785.00    1.35586   1.16021    4.127
 3786.00    1.10704   1.15305    4.127
 3787.00    1.14747   1.14688    4.127
 3788.00    1.25711   1.14127    4.127
 3789.00    1.00543   1.13036    4.127
 3790.00    1.09274   1.10754    4.127
 3791.00    1.15045   1.08171    4.127
 3792.00    1.15076   1.04707    4.127
 3793.00    1.20122   1.00578    4.127
 3794.00    1.24407   0.96271    4.127
 3795.00    0.82901   0.87989    4.127
 3796.00    0.76383   0.79987    0.000
 3797.00    0.70746   0.71869    0.000
 3798.00    0.88349   0.68140    0.000
 3799.00    0.82486   0.71255    0.000
 3800.00    0.87522   0.80420    0.000
 3801.00    0.89739   0.88241    0.000
 3802.00    1.12538   0.96481    0.000
 3803.00    1.31658   1.01543    4.127
 3804.00    1.35979   1.05479    4.127
 3805.00    1.37716   1.08517    4.127
 3806.00    1.32144   1.10246    4.127
 3807.00    1.19049   1.12178    4.127
 3808.00    0.99295   1.13724    4.127
 3809.00    0.82646   1.15560    4.127
 3810.00    0.84949   1.17058    4.127
 3811.00    1.32030   1.17842    4.127
 3812.00    1.52367   1.17652    4.127
 3813.00    1.30088   1.16574    4.127
 3814.00    1.14999   1.15638    4.127
 3815.00    0.86178   1.15602    4.127
 3816.00    1.32630   1.15560    4.127
 3817.00    1.67117   1.14185    4.127
 3818.00    1.51742   1.11864    4.127
 3819.00    1.25697   1.08803    4.127
 3820.00    1.35998   1.07676    4.127
 3821.00    1.25678   1.08919    4.127
 3822.00    1.17768   1.11959    4.127
 3823.00    1.31421   1.12677    4.127
 3824.00    0.94877   1.12006    4.127
 3825.00    0.94017   1.10685    4.127
 3826.00    0.72998   1.09031    4.127
 3827.00    0.90253   1.07445    4.127
 3828.00    1.02378   1.05442    4.127
 3829.00    0.88818   1.02451    4.127
 3830.00    0.94506   0.99327    4.127
 3831.00    0.91967   0.94368    4.127
 3832.00    0.85482   0.88510    4.127
 3833.00    0.92988   0.80914    0.000
 3834.00    0.90282   0.70413    0.000
 3835.00    0.92544   0.66183    0.000
 3836.00    1.18185   0.66447    0.000
 3837.00    0.99360   0.72208    0.000
 3838.00    1.02415   0.80093    0.000
 3839.00    0.87353   0.89075    0.000
 3840.00    0.94288   0.94759    0.000
 3841.00    1.08568   1.00937    0.000
 3842.00    0.86118   1.04584    4.127
 3843.00    0.74890   1.08050    4.127
 3844.00    1.09987   1.10174    4.127
 3845.00    1.10592   1.11827    4.127
 3846.00    1.43425   1.13444    4.127
 3847.00    1.07681   1.14349    4.127
 3848.00    1.14777   1.14826    4.127
 3849.00    0.83600   1.14981    4.127
 3850.00    1.19594   1.15671    4.127
 3851.00    1.44439   1.16870    4.127
 3852.00    1.62952   1.17498    4.127
 3853.00    1.41155   1.17051    4.127
 3854.00    1.05597   1.15853    4.127
 3855.00    1.15008   1.14841    4.127
 3856.00    0.99603   1.14495    4.127
 3857.00    1.56663   1.15441    4.127
 3858.00    1.10546   1.17020    4.127
 3859.00    1.13327   1.17761    4.127
 3860.00    1.02194   1.18148    4.127
 3861.00    1.32278   1.17471    4.127
 3862.00    1.44553   1.15936    0.000
 3863.00    1.10144   1.13107    0.000
 3864.00    1.33506   1.13010    0.000
 3865.00    1.42282   1.13819    0.000
 3866.00    1.18949   1.13900    0.000
 3867.00    1.43684   1.14069    0.000
 3868.00    1.50447   1.14269    0.000
 3869.00    1.59289   1.14556    0.000
 3870.00    1.57085   1.14389    0.000
 3871.00    1.38101   1.13413    0.000
 3872.00    1.21194   1.12436    4.127
 3873.00    1.02159   1.12444    4.127
 3874.00    1.19071   1.13150    4.127
 3875.00    1.44598   1.13712    4.127
 3876.00    1.30556   1.13021    4.127
 3877.00    0.97468   1.11589    4.127
 3878.00    1.27247   1.10431    4.127
 3879.00    1.25897   1.09628    4.127
 3880.00    1.19459   1.08649    4.127
 3881.00    0.97824   1.06735    4.127
 3882.00    0.98485   1.03468    0.000
 3883.00    1.16081   1.00584    0.000
 3884.00    0.92698   0.97093    0.000
 3885.00    0.71261   0.91609    0.000
 3886.00    0.98857   0.85166    0.000
 3887.00    1.02492   0.75489    0.000
 3888.00    0.84252   0.67731    0.000
 3889.00    1.19868   0.64111    0.000
 3890.00    1.14990   0.66962    0.000
 3891.00    0.97624   0.74167    0.000
 3892.00    0.96598   0.84680    4.127
 3893.00    0.94257   0.91598    4.127
 3894.00    1.19790   0.97604    4.127
 3895.00    1.25374   1.01476    4.127
 3896.00    0.95551   1.04568    4.127
 3897.00    0.79071   1.07417    4.127
 3898.00    0.97914   1.08866    4.127
 3899.00    1.02239   1.10278    4.127
 3900.00    1.23120   1.11090    4.127
 3901.00    1.32035   1.12422    4.127
 3902.00    1.52510   1.14049    4.127
 3903.00    1.30846   1.14950    4.127
 3904.00    1.10444   1.15282    4.127
 3905.00    0.93072   1.14856    4.127
 3906.00    0.88275   1.14643    4.127
 3907.00    1.30994   1.15477    4.127
 3908.00    1.29306   1.16887    4.127
 3909.00    1.32797   1.18165    4.127
 3910.00    1.47055   1.18604    4.127
 3911.00    1.10395   1.18599    4.127
 3912.00    1.27897   1.17967    4.127
 3913.00    1.05672   1.17171    4.127
 3914.00    0.98211   1.16470    4.127
 3915.00    0.96329   1.16565    4.127
 3916.00    1.11217   1.17243    4.127
 3917.00    1.19123   1.17501    4.127
 3918.00    1.25495   1.17056    4.127
 3919.00    0.96060   1.16140    4.127
 3920.00    1.10771   1.16053    4.127
 3921.00    0.91408   1.16317    4.127
 3922.00    1.12260   1.16317    4.127
 3923.00    1.23976   1.15707    4.127
 3924.00    1.31634   1.15161    4.127
 3925.00    1.11593   1.15048    4.127
 3926.00    1.08444   1.14509    4.127
 3927.00    1.22476   1.14900    4.127
 3928.00    1.43391   1.15235    4.127
 3929.00    1.39446   1.15381    4.127
 3930.00    1.06314   1.15079    4.127
 3931.00    0.98912   1.12712    4.127
 3932.00    1.02963   1.07832    4.127
 3933.00    0.92335   1.02762    4.127
 3934.00    0.81697   1.02440    4.127
 3935.00    1.08695   1.05891    4.127
 3936.00    0.79858   1.11036    4.127
 3937.00    0.89887   1.13811    4.127
 3938.00    0.97484   1.15311    4.127
 3939.00    1.25389   1.16470    4.127
 3940.00    1.17885   1.17548    4.127
 3941.00    1.16475   1.18166    4.127
 3942.00    1.21248   1.18110    4.127
 3943.00    1.08750   1.17088    4.127
 3944.00    1.02877   1.15966    4.127
 3945.00    1.02500   1.15040    4.127
 3946.00    1.24632   1.14372    4.127
 3947.00    1.16030   1.14316    4.127
 3948.00    1.04300   1.14519    4.127
 3949.00    1.34660   1.14463    4.127
 3950.00    1.17879   1.14198    4.127
 3951.00    1.11581   1.13794    4.127
 3952.00    1.12166   1.13308    4.127
 3953.00    1.08898   1.12910    4.127
 3954.00    1.29384   1.12708    4.127
 3955.00    1.22850   1.11906    4.127
 3956.00    1.09995   1.11053    4.127
 3957.00    1.16448   1.10454    4.127
 3958.00    0.83607   1.10196    4.127
 3959.00    1.14210   1.09457    4.127
 3960.00    1.04047   1.07472    4.127
 3961.00    0.80863   1.05447    0.000
 3962.00    1.08184   1.02830    0.000
 3963.00    1.04081   1.00096    0.000
 3964.00    0.97123   0.96521    0.000
 3965.00    0.65673   0.91907    0.000
 3966.00    0.71698   0.86618    0.000
 3967.00    1.04572   0.77640    0.000
 3968.00    0.97023   0.68448    0.000
 3969.00    1.03316   0.61160    0.000
 3970.00    0.90596   0.58710    0.000
 3971.00    0.77440   0.62784    0.000
 3972.00    1.06707   0.71698    0.000
 3973.00    1.46686   0.79843    0.000
 3974.00    1.35452   0.87651    0.000
 3975.00    1.16779   0.93213    4.127
 3976.00    1.29092   0.96992    4.127
 3977.00    1.33775   1.00656    4.127
 3978.00    1.18178   1.02466    4.127
 3979.00    0.82466   1.04890    4.127
 3980.00    0.92129   1.06549    4.127
 3981.00    0.74882   1.07891    4.127
 3982.00    0.83928   1.08713    4.127
 3983.00    0.85780   1.09334    4.127
 3984.00    0.74922   1.10328    4.127
 3985.00    0.91950   1.11253    4.127
 3986.00    1.18277   1.12216    4.127
 3987.00    1.35756   1.12622    4.127
 3988.00    1.16210   1.13218    4.127
 3989.00    1.02917   1.13217    4.127
 3990.00    1.47365   1.13534    4.127
 3991.00    1.89705   1.13685   -1.000
 3992.00    1.85593   1.13671    4.127
 3993.00    1.24383   1.13696    4.127
 3994.00    0.99529   1.13409    4.127
 3995.00    1.00687   1.13651    4.127
 3996.00    1.02857   1.13663    4.127
 3997.00    1.34579   1.13771    4.127
 3998.00    0.56579   1.14006    4.127
 3999.00    1.36568   1.14317    4.127
 4000.00    1.16968   1.13622    4.127
 4001.00    1.12140   1.12463    4.127
 4002.00    1.11834   1.12017    4.127
 4003.00    1.16642   1.11844    4.127
 4004.00    1.03471   1.11984    4.127
 4005.00    1.08083   1.12232    4.127
 4006.00    1.24642   1.12550    4.127
 4007.00    1.35687   1.12593    4.127
 4008.00    1.17543   1.11954    4.127
 4009.00    0.95814   1.11137    4.127
 4010.00    1.54390   1.11099    4.127
 4011.00    1.32689   1.11979    4.127
 4012.00    1.22684   1.12737    4.127
 4013.00    1.48301   1.13240    4.127
 4014.00    1.46379   1.13526    4.127
 4015.00    1.15298   1.13832    4.127
 4016.00    1.31668   1.14445    4.127
 4017.00    1.17856   1.15069    4.127
 4018.00    1.15785   1.15228    4.127
 4019.00    0.96822   1.15355    4.127
 4020.00    1.38906   1.15284    4.127
 4021.00    1.41738   1.14971    4.127
 4022.00    1.13517   1.14285    4.127
 4023.00    1.12963   1.11830    4.127
 4024.00    0.65520   1.08430    0.000
 4025.00    1.05391   1.05265    0.000
 4026.00    1.05391   1.04362    0.000
 4027.00    1.05391   1.06075    0.000
 4028.00    1.05391   1.09483    0.000
 4029.00    1.33874   1.11798    0.000
 4030.00    1.37915   1.13524    0.000
 4031.00    1.37915   1.13984    4.127
 4032.00    1.37915   1.14187    4.127
 4033.00    1.21937   1.14077    4.127
 4034.00    0.92076   1.14179    4.127
 4035.00    1.00579   1.14664    4.127
 4036.00    1.17099   1.15009    4.127
 4037.00    1.25102   1.15015    4.127
 4038.00    1.24031   1.15174    4.127
 4039.00    0.75403   1.15187    4.127
 4040.00    0.82187   1.15103    4.127
 4041.00    1.17594   1.15128    4.127
 4042.00    1.15578   1.14705    4.127
 4043.00    0.76168   1.14095    4.127
 4044.00    1.13249   1.13287    4.127
 4045.00    1.00704   1.12723    4.127
 4046.00    0.86631   1.12857    4.127
 4047.00    1.03560   1.13536    4.127
 4048.00    1.27726   1.14086    4.127
 4049.00    1.03674   1.14483    4.127
 4050.00    1.20523   1.14835    4.127
 4051.00    1.05666   1.14738    4.127
 4052.00    1.31063   1.14223    4.127
 4053.00    1.34474   1.13588    4.127
 4054.00    1.24555   1.13478    4.127
 4055.00    1.27077   1.13940    4.127
 4056.00    1.39113   1.14125    4.127
 4057.00    1.36311   1.13989    4.127
 4058.00    1.28846   1.13905    4.127
 4059.00    1.05064   1.14020    4.127
 4060.00    1.44716   1.14134    4.127
 4061.00    1.37829   1.13715    4.127
 4062.00    0.84158   1.12963    4.127
 4063.00    0.79391   1.12370    4.127
 4064.00    0.83582   1.11731    4.127
 4065.00    1.18562   1.09961    4.127
 4066.00    1.15318   1.08925    4.127
 4067.00    1.04367   1.08460    0.000
 4068.00    1.30851   1.08316    0.000
 4069.00    1.36347   1.08114    0.000
 4070.00    1.20229   1.07501    0.000
 4071.00    1.36754   1.06965    4.127
 4072.00    1.19283   1.06944    4.127
 4073.00    1.27398   1.07174    4.127
 4074.00    1.09279   1.07230    4.127
 4075.00    1.28687   1.06809    4.127
 4076.00    1.31211   1.05995    4.127
 4077.00    0.94479   1.05337    4.127
 4078.00    1.03955   1.05380    4.127
 4079.00    1.23173   1.06300    4.127
 4080.00    0.87925   1.07110    4.127
 4081.00    0.80367   1.07610    4.127
 4082.00    1.31733   1.07473    4.127
 4083.00    1.63380   1.06903    4.127
 4084.00    1.12888   1.06082    4.127
 4085.00    0.99673   1.05454    4.127
 4086.00    1.01958   1.04613    4.127
 4087.00    1.00152   1.04158    4.127
 4088.00    1.06066   1.03090    4.127
 4089.00    0.89166   1.02345    4.127
 4090.00    0.65778   1.01394    4.127
 4091.00    1.03306   1.01116    4.127
 4092.00    0.77892   1.00714    4.127
 4093.00    0.91279   0.99032    4.127
 4094.00    1.16477   0.96942    4.127
 4095.00    0.82289   0.93629    0.000
 4096.00    0.81641   0.89533    0.000
 4097.00    0.77564   0.85448    0.000
 4098.00    0.87915   0.79886    0.000
 4099.00    0.75475   0.73697    0.000
 4100.00    0.79853   0.66028    0.000
 4101.00    1.02957   0.58999    0.000
 4102.00    1.27371   0.57471    0.000
 4103.00    1.74462   0.62134    0.000
 4104.00    1.07356   0.69909    0.000
 4105.00    0.92356   0.78512    0.000
 4106.00    1.31768   0.84688    0.000
 4107.00    1.25482   0.89123    0.000
 4108.00    0.86837   0.92618    4.127
 4109.00    1.01719   0.94607    4.127
 4110.00    1.02152   0.96725    4.127
 4111.00    1.01104   0.98379    4.127
 4112.00    0.76902   1.00058    4.127
 4113.00    0.48281   1.01045    4.127
 4114.00    0.85320   1.01746    4.127
 4115.00    1.12099   1.02137    4.127
 4116.00    1.33943   1.02671    4.127
 4117.00    1.16612   1.03050    4.127
 4118.00    1.22415   1.02897    4.127
 4119.00    1.27793   1.02691    4.127
 4120.00    1.09373   1.02026    4.127
 4121.00    0.94909   1.02179    4.127
 4122.00    0.99174   1.03020    4.127
 4123.00    1.45545   1.04069    4.127
 4124.00    0.93419   1.04987    4.127
 4125.00    0.94608   1.05528    4.127
 4126.00    1.10077   1.04551    4.127
 4127.00    1.46561   1.03009    4.127
 4128.00    1.63913   1.02070    4.127
 4129.00    0.94053   1.01586    4.127
 4130.00    1.02559   1.01622    4.127
 4131.00    0.98593   1.02288    4.127
 4132.00    0.81886   1.03144    4.127
 4133.00    0.84403   1.04233    4.127
 4134.00    0.98503   1.05569    4.127
 4135.00    1.18241   1.06171    4.127
 4136.00    1.06728   1.06518    4.127
 4137.00    1.02770   1.06379    4.127
 4138.00    1.22001   1.06421    4.127
 4139.00    1.26373   1.06522    4.127
 4140.00    1.03410   1.06590    4.127
 4141.00    0.83065   1.05982    4.127
 4142.00    1.25453   1.04234    4.127
 4143.00    0.83922   1.02909    4.127
 4144.00    0.88514   1.02209    4.127
 4145.00    0.80840   1.03236    4.127
 4146.00    1.09110   1.04666    4.127
 4147.00    1.26199   1.05888    4.127
 4148.00    1.40148   1.06309    4.127
 4149.00    1.45427   1.06261    4.127
 4150.00    1.41588   1.06453    4.127
 4151.00    1.26735   1.06587    4.127
 4152.00    1.26772   1.06545    4.127
 4153.00    1.55825   1.06594    4.127
 4154.00    1.54765   1.06409    4.127
 4155.00    1.28418   1.06360    4.127
 4156.00    1.32121   1.06423    4.127
 4157.00    1.21689   1.06537    4.127
 4158.00    0.97141   1.06762    4.127
 4159.00    1.14633   1.06629    4.127
 4160.00    1.14356   1.06332    4.127
 4161.00    0.94164   1.05996    4.127
 4162.00    1.07294   1.05889    4.127
 4163.00    1.37873   1.06082    4.127
 4164.00    1.05579   1.06405    4.127
 4165.00    0.79227   1.06886    4.127
 4166.00    1.05743   1.07013    4.127
 4167.00    0.92146   1.06271    4.127
 4168.00    0.79611   1.05647    4.127
 4169.00    0.93746   1.05435    4.127
 4170.00    0.62011   1.05085    4.127
 4171.00    0.74811   1.04252    4.127
 4172.00    0.98154   1.03425    4.127
 4173.00    1.36544   1.03024    4.127
 4174.00    1.22398   1.03596    4.127
 4175.00    1.05278   1.04272    4.127
 4176.00    1.35742   1.04693    4.127
 4177.00    1.46564   1.03917    4.127
 4178.00    1.09048   1.03004    4.127
 4179.00    0.90075   1.03106    4.127
 4180.00    0.92023   1.03685    4.127
 4181.00    0.87311   1.04743    4.127
 4182.00    1.15011   1.05244    4.127
 4183.00    1.16528   1.05319    4.127
 4184.00    1.10415   1.05394    4.127
 4185.00    0.67625   1.05390    4.127
 4186.00    0.63807   1.05341    4.127
 4187.00    1.02591   1.05089    4.127
 4188.00    1.24938   1.04836    4.127
 4189.00    1.09491   1.04307    4.127
 4190.00    0.92706   1.03458    4.127
 4191.00    0.90446   1.03310    4.127
 4192.00    0.90674   1.03432    4.127
 4193.00    1.05311   1.03565    4.127
 4194.00    0.80196   1.03456    4.127
 4195.00    0.88456   1.02993    4.127
 4196.00    0.95281   1.02379    4.127
 4197.00    0.91559   1.01732    4.127
 4198.00    1.06926   1.00735    4.127
 4199.00    1.13296   0.99851    4.127
 4200.00    0.99605   0.99676    4.127
 4201.00    0.75145   0.99955    4.127
 4202.00    0.66065   1.00576    4.127
 4203.00    0.96664   1.01473    4.127
 4204.00    1.20922   1.02008    4.127
 4205.00    0.75310   1.02431    4.127
 4206.00    0.70342   1.02855    4.127
 4207.00    1.09893   1.03114    4.127
 4208.00    0.84478   1.03116    4.127
 4209.00    1.05368   1.03040    4.127
 4210.00    0.85390   1.03022    4.127
 4211.00    0.77423   1.03123    4.127
 4212.00    0.90075   1.03061    4.127
 4213.00    1.14776   1.02958    4.127
 4214.00    0.60749   1.02434    4.127
 4215.00    0.89159   1.01647    4.127
 4216.00    1.17142   1.01380    4.127
 4217.00    0.87329   1.01831    4.127
 4218.00    0.71233   1.02814    4.127
 4219.00    0.96284   1.03376    4.127
 4220.00    0.93643   1.03386    4.127
 4221.00    0.62418   1.03250    4.127
 4222.00    0.80880   1.03003    4.127
 4223.00    0.95376   1.02504    4.127
 4224.00    0.95598   1.01742    4.127
 4225.00    0.88771   1.01211    4.127
 4226.00    1.09433   1.00917    4.127
 4227.00    1.04762   1.01203    4.127
 4228.00    1.02871   1.01634    4.127
 4229.00    0.96362   1.02276    4.127
 4230.00    1.28249   1.02707    4.127
 4231.00    0.97273   1.02114    4.127
 4232.00    0.43730   1.00591    4.127
 4233.00    0.82768   0.99406    4.127
 4234.00    0.71580   0.99277    4.127
 4235.00    0.26660   1.00224   -1.000
 4236.00   -0.27945   1.01289    0.000
 4237.00    0.17219   1.01608   -1.000
 4238.00    1.06864   1.01749    4.127
 4239.00    0.69666   1.01943    4.127
 4240.00    0.87163   1.01714    4.127
 4241.00    0.92211   1.01227    4.127
 4242.00    0.75261   1.01143    4.127
 4243.00    0.62347   1.01344    4.127
 4244.00    0.79958   1.01829    4.127
 4245.00    0.99252   1.01824    4.127
 4246.00    1.10327   1.01363    4.127
 4247.00    0.98995   1.00989    4.127
 4248.00    1.03473   1.00833    4.127
 4249.00    1.01054   1.00802    4.127
 4250.00    1.10540   1.00671    4.127
 4251.00    1.59294   1.00554    4.127
 4252.00    2.29831   1.00490   -1.000
 4253.00    1.59337   1.00359    4.127
 4254.00   -0.30156   1.00229    0.000
 4255.00   -0.55307   1.00344    0.000
 4256.00    1.12835   1.00312    4.127
 4257.00    0.81728   1.00003    4.127
 4258.00    0.92279   0.99521    4.127
 4259.00    1.13482   0.99238    4.127
 4260.00    0.72020   0.99101    4.127
 4261.00    0.74787   0.99269    4.127
 4262.00    0.88067   0.99874    4.127
 4263.00    1.00202   1.00625    4.127
 4264.00    1.09275   1.00951    4.127
 4265.00    0.76822   1.00581    4.127
 4266.00    0.64727   0.99574    4.127
 4267.00    1.23013   0.98979    4.127
 4268.00    0.62500   0.98563    4.127
 4269.00    0.79762   0.98446    4.127
 4270.00    1.00444   0.98341    4.127
 4271.00    0.78163   0.97838    4.127
 4272.00    0.69104   0.97588    4.127
 4273.00    0.83882   0.97682    4.127
 4274.00    0.73974   0.98036    4.127
 4275.00    2.01510   0.98436   -1.000
 4276.00    1.90597   0.99076   -1.000
 4277.00    0.41319   0.99383    4.127
 4278.00    0.49448   0.99304    4.127
 4279.00    0.13430   0.99286   -1.000
 4280.00    0.27392   0.99229   -1.000
 4281.00    0.70410   0.99237    4.127
 4282.00    0.94734   0.99099    4.127
 4283.00    1.10214   0.98854    4.127
 4284.00    0.98506   0.98823    4.127
 4285.00    1.30519   0.98738    4.127
 4286.00    0.86633   0.98520    4.127
 4287.00    0.50161   0.98262    4.127
 4288.00    0.79245   0.97957    4.127
 4289.00    1.16758   0.97412    4.127
 4290.00    2.14470   0.96422   -1.000
 4291.00    2.45508   0.96296   -1.000
 4292.00    1.45641   0.96664    4.127
 4293.00    0.36258   0.96644    4.127
 4294.00   -0.34608   0.96179    0.000
 4295.00    0.70403   0.95480    4.127
 4296.00    0.87212   0.95295    4.127
 4297.00    0.81002   0.95376    4.127
 4298.00    0.53788   0.95364    4.127
 4299.00    0.56302   0.95112    4.127
 4300.00    0.64506   0.94546    4.127
 4301.00    1.15464   0.94100    4.127
 4302.00    1.16054   0.93734    4.127
 4303.00    0.74444   0.93809    4.127
 4304.00    0.64648   0.94363    4.127
 4305.00    0.44264   0.95185    4.127
 4306.00    1.03436   0.95359    4.127
 4307.00    1.56354   0.94787    4.127
 4308.00    2.94348   0.94487   -1.000
