 1323.00    1.77852   1.70809    2.344
 1324.00    1.38915   1.70951    2.344
 1325.00    1.37249   1.71092    2.344
 1326.00    1.67572   1.71234    2.344
 1327.00    1.71775   1.71373    2.344
 1328.00    1.33191   1.71429    2.344
 1329.00    1.85060   1.70505    2.344
 1330.00    1.91259   1.67395    2.344
 1331.00    1.58346   1.64282    2.344
 1332.00    1.55818   1.63350    2.344
 1333.00    2.12593   1.63397    2.344
 1334.00    1.82918   1.63527    2.344
 1335.00    1.96795   1.63659    2.344
 1336.00    1.94350   1.63790    2.344
 1337.00    2.14321   1.63924    2.344
 1338.00    2.32435   1.64236    2.344
 1339.00    2.62653   1.66569    2.344
 1340.00    1.63576   1.73373    2.344
 1341.00    1.44883   1.80181    2.344
 1342.00    1.72135   1.82527    2.344
 1343.00    1.70263   1.82853    2.344
 1344.00    1.94713   1.82999    2.344
 1345.00    1.85548   1.83142    2.344
 1346.00    1.77226   1.83285    2.344
 1347.00    2.17017   1.83426    2.344
 1348.00    1.75622   1.83468    2.344
 1349.00    1.86997   1.82430    2.344
 1350.00    1.80138   1.79024    2.344
 1351.00    1.31151   1.75616    2.344
 1352.00    1.21812   1.74570    2.344
 1353.00    1.37707   1.74603    2.344
 1354.00    1.39732   1.74734    2.344
 1355.00    1.64983   1.74867    2.344
 1356.00    1.51478   1.75000    2.344
 1357.00    1.22779   1.75130    2.344
 1358.00    1.20817   1.75115    2.344
 1359.00    1.53936   1.73576    2.344
 1360.00    1.55313   1.68720    2.344
 1361.00    1.53776   1.63862    2.344
 1362.00    1.51089   1.62312    2.344
 1363.00    1.54950   1.62286    2.344
 1364.00    1.90495   1.62404    2.344
 1365.00    1.39904   1.62524    2.344
 1366.00    1.19818   1.62644    2.344
 1367.00    1.32712   1.62765    2.344
 1368.00    1.16338   1.63006    2.344
 1369.00    1.16882   1.64472    2.344
 1370.00    1.25209   1.68581    2.344
 1371.00    1.16468   1.72691    2.344
 1372.00    1.49300   1.74164    2.344
 1373.00    1.31307   1.74412    2.344
 1374.00    1.36029   1.74540    2.344
 1375.00    1.50254   1.74665    2.344
 1376.00    1.51119   1.74791    2.344
 1377.00    1.34835   1.74916    2.344
 1378.00    1.50781   1.75072    2.344
 1379.00    1.40018   1.75530    2.344
 1380.00    1.40498   1.76633    2.344
 1381.00    1.71573   1.77737    2.344
 1382.00    1.49539   1.78196    2.344
 1383.00    1.09885   1.78353    2.344
 1384.00    1.38833   1.78479    2.344
 1385.00    1.77240   1.78604    2.344
 1386.00    1.39066   1.78729    2.344
 1387.00    1.46700   1.78853    2.344
 1388.00    2.00808   1.78982    2.344
 1389.00    2.04706   1.79148    2.344
 1390.00    2.03609   1.79395    2.344
 1391.00    1.62510   1.79642    2.344
 1392.00    1.79614   1.79808    2.344
 1393.00    2.20230   1.79936    2.344
 1394.00    2.34044   1.80059    2.344
 1395.00    2.33538   1.80182    2.344
 1396.00    2.00280   1.80305    2.344
 1397.00    2.49071   1.80427    2.344
 1398.00    2.21196   1.80514    2.344
 1399.00    2.64482   1.80270    2.344
 1400.00    1.91352   1.79332    2.344
 1401.00    2.12350   1.78394    2.344
 1402.00    1.82601   1.78148    2.344
 1403.00    2.20264   1.78231    2.344
 1404.00    1.96085   1.78350    2.344
 1405.00    2.01930   1.78469    2.344
 1406.00    1.89071   1.78587    2.344
 1407.00    1.94155   1.78704    2.344
 1408.00    1.64673   1.78722    2.344
 1409.00    1.63866   1.77829    2.344
 1410.00    1.25143   1.75042    2.344
 1411.00    1.53668   1.72253    2.344
 1412.00    1.44369   1.71355    2.344
 1413.00    1.69489   1.71365    2.344
 1414.00    1.64732   1.71475    2.344
 1415.00    1.74058   1.71587    2.344
 1416.00    2.04297   1.71698    2.344
 1417.00    1.22623   1.71810    2.344
 1418.00    1.55209   1.71950    2.344
 1419.00    2.03658   1.72339    2.344
 1420.00    1.66863   1.73245    2.344
 1421.00    1.63296   1.74152    2.344
 1422.00    2.00260   1.74542    2.344
 1423.00    2.13211   1.74682    2.344
 1424.00    2.02978   1.74794    2.344
 1425.00    1.96584   1.74905    2.344
 1426.00    1.69547   1.75016    2.344
 1427.00    1.67652   1.75125    2.344
 1428.00    1.73376   1.75117    2.344
 1429.00    1.51490   1.74097    2.344
 1430.00    1.46526   1.71007    2.344
 1431.00    1.66187   1.67916    2.344
 1432.00    1.51943   1.66890    2.344
 1433.00    1.63177   1.66876    2.344
 1434.00    1.69836   1.66978    2.344
 1435.00    1.46793   1.67081    2.344
 1436.00    1.73297   1.67190    2.344
 1437.00    2.04391   1.67558    2.344
 1438.00    1.37225   1.69926    2.344
 1439.00    1.27649   1.74878    2.344
 1440.00    1.28761   1.77250    2.344
 1441.00    1.54498   1.77623    2.344
 1442.00    1.97468   1.77740    2.344
 1443.00    1.97872   1.78000    2.344
 1444.00    1.57340   1.79392    2.344
 1445.00    1.69316   1.82235    2.344
 1446.00    1.53981   1.83629    2.344
 1447.00    1.60973   1.83892    2.344
 1448.00    1.06568   1.84005    2.344
 1449.00    1.49927   1.84074    2.344
 1450.00    1.56605   1.83799    2.344
 1451.00    1.71486   1.82836    2.344
 1452.00    1.82943   1.81872    2.344
 1453.00    1.36128   1.81595    2.344
 1454.00    1.71632   1.81661    2.344
 1455.00    1.50045   1.81768    2.344
 1456.00    1.05814   1.81876    2.344
 1457.00    1.07321   1.81981    2.344
 1458.00    1.43965   1.81959    2.344
 1459.00    1.68430   1.80905    2.344
 1460.00    1.18453   1.77795    2.344
 1461.00    1.50448   1.74684    2.344
 1462.00    1.34352   1.73625    2.344
 1463.00    1.67551   1.73597    2.344
 1464.00    1.68213   1.73695    2.344
 1465.00    1.46521   1.73796    2.344
 1466.00    1.53144   1.73897    2.344
 1467.00    1.64051   1.73995    2.344
 1468.00    1.41465   1.74012    2.344
 1469.00    1.60397   1.73374    2.344
 1470.00    1.90101   1.71442    2.344
 1471.00    1.59316   1.69509    2.344
 1472.00    1.47782   1.68867    2.344
 1473.00    1.57298   1.68880    2.344
 1474.00    1.79281   1.68974    2.344
 1475.00    1.80229   1.69070    2.344
 1476.00    1.73573   1.69166    2.344
 1477.00    1.69744   1.69263    2.344
 1478.00    1.59615   1.69394    2.344
 1479.00    1.84772   1.69797    2.344
 1480.00    1.74223   1.70730    2.344
 1481.00    1.22670   1.71664    2.344
 1482.00    0.98101   1.72067    2.344
 1483.00    1.30703   1.72199    2.344
 1484.00    1.25753   1.72296    2.344
 1485.00    1.34299   1.72392    2.344
 1486.00    1.68756   1.72488    2.344
 1487.00    1.50048   1.72586    2.344
 1488.00    1.29894   1.72731    2.344
 1489.00    1.08950   1.73255    2.344
 1490.00    1.34499   1.74509    2.344
 1491.00    1.59287   1.75765    2.344
 1492.00    1.45245   1.76289    2.344
 1493.00    1.87964   1.76436    2.344
 1494.00    2.07559   1.76534    2.344
 1495.00    1.76958   1.76631    2.344
 1496.00    1.56818   1.76728    2.344
 1497.00    1.60506   1.76824    2.344
 1498.00    1.49850   1.76907    2.344
 1499.00    1.63759   1.76894    2.344
 1500.00    1.43991   1.76696    2.344
 1501.00    1.64958   1.76497    2.344
 1502.00    1.45639   1.76484    2.344
 1503.00    1.53442   1.76566    2.344
 1504.00    1.85041   1.76660    2.344
 1505.00    1.58067   1.76755    2.344
 1506.00    1.83309   1.76843    2.344
 1507.00    1.49955   1.76716    2.344
 1508.00    1.25736   1.75152    2.344
 1509.00    0.80085   1.71877    2.344
 1510.00    1.34028   1.70311    2.344
 1511.00    1.37392   1.70180    2.344
 1512.00    1.23893   1.70270    2.344
 1513.00    1.74791   1.70567    2.344
 1514.00    1.95906   1.72200    2.344
 1515.00    1.78639   1.75408    2.344
 1516.00    1.61898   1.77043    2.344
 1517.00    1.42421   1.77343    2.344
 1518.00    1.18762   1.77435    2.344
 1519.00    1.66133   1.77295    2.344
 1520.00    1.63139   1.75507    2.344
 1521.00    1.84301   1.70609    2.344
 1522.00    1.75543   1.65710    2.344
 1523.00    1.46482   1.63914    2.344
 1524.00    2.00505   1.63766    2.344
 1525.00    1.72407   1.63843    2.344
 1526.00    1.79587   1.63927    2.344
 1527.00    2.03018   1.64006    2.344
 1528.00    2.14350   1.63926    2.344
 1529.00    2.22563   1.62702    2.344
 1530.00    2.11666   1.59335    2.344
 1531.00    2.23861   1.55968    2.344
 1532.00    2.48954   1.54738    2.344
 1533.00    2.66210   1.54652    2.344
 1534.00    2.56122   1.54725    2.344
 1535.00    2.75517   1.54804    2.344
 1536.00    2.82689   1.54882    2.344
 1537.00    2.89910   1.54970   -1.000
 1538.00    3.36183   1.55315   -1.000
 1539.00    3.85380   1.57484   -1.000
 1540.00    3.84417   1.63032   -1.000
 1541.00    4.08591   1.68581   -1.000
 1542.00    4.53179   1.70757   -1.000
 1543.00    4.77797   1.71109   -1.000
 1544.00    4.44862   1.71204   -1.000
 1545.00    4.47334   1.71290   -1.000
 1546.00    5.05812   1.71375   -1.000
 1547.00    5.35510   1.71454   -1.000
 1548.00    4.88838   1.71347   -1.000
 1549.00    4.15144   1.69954   -1.000
 1550.00    3.81472   1.66196   -1.000
 1551.00    4.13822   1.62437   -1.000
 1552.00    3.97800   1.61039   -1.000
 1553.00    3.78661   1.60926   -1.000
 1554.00    3.16686   1.60999   -1.000
 1555.00    2.57416   1.61078    2.344
 1556.00    3.02063   1.61157   -1.000
 1557.00    3.04013   1.61230   -1.000
 1558.00    2.18163   1.61165    2.344
 1559.00    2.45030   1.60145    2.344
 1560.00    2.63286   1.57388    2.344
 1561.00    2.64823   1.54632    2.344
 1562.00    2.83410   1.53608    2.344
 1563.00    2.75460   1.53538    2.344
 1564.00    2.43097   1.53607    2.344
 1565.00    2.21892   1.53681    2.344
 1566.00    2.52999   1.53755    2.344
 1567.00    2.24779   1.53832    2.344
 1568.00    2.41165   1.53984    2.344
 1569.00    2.44576   1.54641    2.344
 1570.00    2.38812   1.56210    2.344
 1571.00    1.85397   1.57779    2.344
 1572.00    1.85385   1.58438    2.344
 1573.00    2.21105   1.58591    2.344
 1574.00    2.25374   1.58670    2.344
 1575.00    2.03453   1.58746    2.344
 1576.00    1.52952   1.58821    2.344
 1577.00    1.88442   1.58902    2.344
 1578.00    2.53638   1.59107    2.344
 1579.00    2.23041   1.60142    2.344
 1580.00    1.71960   1.62659    2.344
 1581.00    1.40311   1.65177    2.344
 1582.00    1.31969   1.66215    2.344
 1583.00    1.56000   1.66423    2.344
 1584.00    1.96582   1.66506    2.344
 1585.00    2.20583   1.66584    2.344
 1586.00    1.66141   1.66662    2.344
 1587.00    1.89185   1.66743    2.344
 1588.00    1.51560   1.66895    2.344
 1589.00    1.56703   1.67512    2.344
 1590.00    1.92383   1.68953    2.344
 1591.00    1.42931   1.70393    2.344
 1592.00    1.74365   1.71012    2.344
 1593.00    1.70996   1.71165    2.344
 1594.00    1.42284   1.71247    2.344
 1595.00    1.51076   1.71327    2.344
 1596.00    1.44783   1.71406    2.344
 1597.00    1.54375   1.71477    2.344
 1598.00    1.54435   1.71380    2.344
 1599.00    1.82920   1.70196    2.344
 1600.00    1.51753   1.67107    2.344
 1601.00    1.73037   1.64016    2.344
 1602.00    2.04305   1.62828    2.344
 1603.00    1.58635   1.62726    2.344
 1604.00    1.59987   1.62793    2.344
 1605.00    1.63946   1.62867    2.344
 1606.00    1.50499   1.62941    2.344
 1607.00    1.45694   1.63015    2.344
 1608.00    1.28011   1.63083    2.344
 1609.00    1.60667   1.63119    2.344
 1610.00    1.92937   1.63096    2.344
 1611.00    1.68552   1.63074    2.344
 1612.00    1.50253   1.63109    2.344
 1613.00    1.57669   1.63177    2.344
 1614.00    1.76798   1.63250    2.344
 1615.00    1.67719   1.63323    2.344
 1616.00    1.55023   1.63396    2.344
 1617.00    1.47105   1.63460    2.344
 1618.00    1.56410   1.63329    2.344
 1619.00    1.82602   1.61973    2.344
 1620.00    1.73488   1.58511    2.344
 1621.00    1.57423   1.55049    2.344
 1622.00    2.01391   1.53689    2.344
 1623.00    1.74097   1.53553    2.344
 1624.00    1.33414   1.53612    2.344
 1625.00    1.78666   1.53680    2.344
 1626.00    2.01454   1.53748    2.344
 1627.00    1.65184   1.53819    2.344
 1628.00    1.86660   1.53949    2.344
 1629.00    1.89526   1.54452    2.344
 1630.00    1.89526   1.55589    2.344
 1631.00    1.89526   1.56726    2.344
 1632.00    1.89526   1.57230    2.344
 1633.00    1.89526   1.57362    2.344
 1634.00    2.14048   1.57434    2.344
 1635.00    2.14063   1.57502    2.344
 1636.00    2.14063   1.57571    2.344
 1637.00    2.14063   1.57641    2.344
 1638.00    2.14063   1.57732    2.344
 1639.00    2.09659   1.57951    2.344
 1640.00    1.69224   1.58389    2.344
 1641.00    1.74443   1.58827    2.344
 1642.00    1.73533   1.59047    2.344
 1643.00    1.79585   1.59138    2.344
 1644.00    1.51445   1.59208    2.344
 1645.00    1.56028   1.59277    2.344
 1646.00    1.84303   1.59345    2.344
 1647.00    1.80075   1.59400    2.344
 1648.00    1.71957   1.59159    2.344
 1649.00    1.55221   1.57143    2.344
 1650.00    1.38855   1.52162    2.344
 1651.00    1.74900   1.47180    2.344
 1652.00    1.80830   1.45159    2.344
 1653.00    1.84109   1.44911    2.344
 1654.00    1.60109   1.44958    2.344
 1655.00    1.74828   1.45020    2.344
 1656.00    1.51395   1.45082    2.344
 1657.00    1.64256   1.45156    2.344
 1658.00    1.66009   1.45501    2.344
 1659.00    1.57151   1.47448    2.344
 1660.00    1.69472   1.52046    2.344
 1661.00    1.90677   1.56644    2.344
 1662.00    2.02076   1.58596    2.344
 1663.00    1.64593   1.58946    2.344
 1664.00    1.40521   1.59026    2.344
 1665.00    1.36897   1.59093    2.344
 1666.00    1.75348   1.59124    2.344
 1667.00    2.01489   1.58474    2.344
 1668.00    1.64938   1.54315    2.344
 1669.00    1.72143   1.46783    2.344
 1670.00    1.80401   1.42620    2.344
 1671.00    1.57494   1.41963    2.344
 1672.00    1.55484   1.42010    2.344
 1673.00    1.64884   1.42527    2.344
 1674.00    1.53693   1.45252    2.344
 1675.00    1.16619   1.50099    2.344
 1676.00    0.99110   1.52827    2.344
 1677.00    1.28740   1.53349    2.344
 1678.00    1.41585   1.53445    2.344
 1679.00    1.69150   1.53681    2.344
 1680.00    1.53013   1.54850    2.344
 1681.00    1.17368   1.57541    2.344
 1682.00    1.26170   1.60233    2.344
 1683.00    1.05293   1.61404    2.344
 1684.00    1.29534   1.61643    2.344
 1685.00    1.45091   1.61719    2.344
 1686.00    1.19643   1.61785    2.344
 1687.00    1.72537   1.61841    2.344
 1688.00    1.87121   1.61721    2.344
 1689.00    1.94440   1.60614    2.344
 1690.00    1.85542   1.57903    2.344
 1691.00    1.33895   1.55191    2.344
 1692.00    1.22558   1.54082    2.344
 1693.00    1.26414   1.53957    2.344
 1694.00    1.36689   1.54010    2.344
 1695.00    1.36815   1.54072    2.344
 1696.00    1.36815   1.54135    2.344
 1697.00    1.36815   1.54191    2.344
 1698.00    1.36815   1.54138    2.344
 1699.00    1.36815   1.53489    2.344
 1700.00    1.36815   1.51875    2.344
 1701.00    1.36815   1.50260    2.344
 1702.00    0.99147   1.49610    2.344
 1703.00    0.76594   1.49554    2.344
 1704.00    0.76594   1.49608    2.344
 1705.00    0.76594   1.49668    2.344
 1706.00    0.76594   1.49728    2.344
 1707.00    0.76594   1.49783    2.344
 1708.00    0.76594   1.49768    2.344
 1709.00    0.76594   1.49376    2.344
 1710.00    0.91617   1.48374    2.344
 1711.00    1.35382   1.47372    2.344
 1712.00    1.39981   1.46979    2.344
 1713.00    1.34147   1.46962    2.344
 1714.00    1.32025   1.47016    2.344
 1715.00    1.48253   1.47074    2.344
 1716.00    1.28909   1.47133    2.344
 1717.00    1.17214   1.47188    2.344
 1718.00    1.09597   1.47188    2.344
 1719.00    1.38087   1.46902    2.344
 1720.00    1.47394   1.46158    2.344
 1721.00    1.26674   1.45414    2.344
 1722.00    1.71879   1.45128    2.344
 1723.00    1.67055   1.45127    2.344
 1724.00    1.61033   1.45181    2.344
 1725.00    1.76166   1.45238    2.344
 1726.00    1.84415   1.45295    2.344
 1727.00    1.53360   1.45360    2.344
 1728.00    1.38391   1.45541    2.344
 1729.00    1.50202   1.46319    2.344
 1730.00    1.61532   1.48051    2.344
 1731.00    1.81640   1.49784    2.344
 1732.00    1.28990   1.50563    2.344
 1733.00    1.33030   1.50746    2.344
 1734.00    1.21686   1.50813    2.344
 1735.00    1.29591   1.50872    2.344
 1736.00    1.45793   1.50930    2.344
 1737.00    1.10467   1.50983    2.344
 1738.00    1.41139   1.50954    2.344
 1739.00    1.65397   1.50511    2.344
 1740.00    1.61132   1.49411    2.344
 1741.00    1.43061   1.48310    2.344
 1742.00    1.86166   1.47866    2.344
 1743.00    1.64223   1.47835    2.344
 1744.00    1.83795   1.47887    2.344
 1745.00    1.25201   1.47944    2.344
 1746.00    1.46021   1.48001    2.344
 1747.00    1.48944   1.48069    2.344
 1748.00    1.17761   1.48301    2.344
 1749.00    2.20583   1.49333    2.344
 1750.00    1.71351   1.51635    2.344
 1751.00    1.86566   1.53937    2.344
 1752.00    1.79356   1.54972    2.344
 1753.00    1.44288   1.55206    2.344
 1754.00    1.34183   1.55277    2.344
 1755.00    1.39290   1.55336    2.344
 1756.00    1.17991   1.55395    2.344
 1757.00    1.43554   1.55430    2.344
 1758.00    1.41910   1.55135    2.344
 1759.00    1.27049   1.53247    2.344
 1760.00    1.33071   1.48847    2.344
 1761.00    1.38842   1.44447    2.344
 1762.00    1.41008   1.42555    2.344
 1763.00    1.65330   1.42254    2.344
 1764.00    1.61625   1.42283    2.344
 1765.00    1.38860   1.42337    2.344
 1766.00    1.33715   1.42391    2.344
 1767.00    1.35564   1.42462    2.344
 1768.00    1.84688   1.42761    2.344
 1769.00    1.87292   1.44137    2.344
 1770.00    1.55015   1.47205    2.344
 1771.00    1.36412   1.50273    2.344
 1772.00    1.59314   1.51652    2.344
 1773.00    1.53420   1.51954    2.344
 1774.00    1.48638   1.52029    2.344
 1775.00    1.72481   1.52086    2.344
 1776.00    1.71985   1.52143    2.344
 1777.00    1.31376   1.52197    2.344
 1778.00    1.27925   1.52209    2.344
 1779.00    1.12501   1.52031    2.344
 1780.00    1.14265   1.51555    2.344
 1781.00    1.60039   1.51079    2.344
 1782.00    1.56287   1.50900    2.344
 1783.00    1.42353   1.50912    2.344
 1784.00    1.44051   1.50965    2.344
 1785.00    1.43656   1.51021    2.344
 1786.00    1.31781   1.51078    2.344
 1787.00    1.36410   1.51144    2.344
 1788.00    1.51670   1.51338    2.344
 1789.00    0.97754   1.52117    2.344
 1790.00    0.90976   1.53803    2.344
 1791.00    1.61673   1.55490    2.344
 1792.00    1.79662   1.56269    2.344
 1793.00    1.30776   1.56466    2.344
 1794.00    1.29544   1.56534    2.344
 1795.00    1.37357   1.56592    2.344
 1796.00    1.23055   1.56649    2.344
 1797.00    1.07382   1.56698    2.344
 1798.00    0.92135   1.56646    2.344
 1799.00    1.24833   1.56139    2.344
 1800.00    1.90662   1.54928    2.344
 1801.00    1.75163   1.53717    2.344
 1802.00    1.14418   1.53208    2.344
 1803.00    1.27357   1.53154    2.344
 1804.00    1.73301   1.53202    2.344
 1805.00    1.62213   1.53258    2.344
 1806.00    1.71207   1.53314    2.344
 1807.00    1.46604   1.53363    2.344
 1808.00    1.24673   1.53339    2.344
 1809.00    1.53144   1.52991    2.344
 1810.00    1.50579   1.52144    2.344
 1811.00    0.93712   1.51296    2.344
 1812.00    1.18782   1.50947    2.344
 1813.00    1.51240   1.50922    2.344
 1814.00    1.44091   1.50971    2.344
 1815.00    1.81548   1.51025    2.344
 1816.00    1.20869   1.51080    2.344
 1817.00    1.28246   1.51125    2.344
 1818.00    1.10975   1.51065    2.344
 1819.00    1.52603   1.50547    2.344
 1820.00    1.15649   1.49327    2.344
 1821.00    1.24882   1.48107    2.344
 1822.00    0.96772   1.47588    2.344
 1823.00    0.55610   1.47525    2.344
 1824.00    1.39060   1.47569    2.344
 1825.00    1.66967   1.47622    2.344
 1826.00    1.46331   1.47675    2.344
 1827.00    1.66006   1.47719    2.344
 1828.00    1.29226   1.47665    2.344
 1829.00    1.09932   1.47189    2.344
 1830.00    0.87895   1.46073    2.344
 1831.00    0.81177   1.44956    2.344
 1832.00    1.20812   1.44480    2.344
 1833.00    1.20610   1.44424    2.344
 1834.00    1.16047   1.44467    2.344
 1835.00    1.64338   1.44518    2.344
 1836.00    1.30488   1.44569    2.344
 1837.00    1.14786   1.44605    2.344
 1838.00    1.52967   1.44460    2.344
 1839.00    1.41805   1.43563    2.344
 1840.00    1.00664   1.41527    2.344
 1841.00    1.10737   1.39490    2.344
 1842.00    1.30014   1.38592    2.344
 1843.00    0.42612   1.38444    2.344
 1844.00   -0.19776   1.38477    0.000
 1845.00    0.79042   1.38526    2.344
 1846.00    0.69551   1.38575    2.344
 1847.00    1.16073   1.38628    2.344
 1848.00    1.78219   1.38723    2.344
 1849.00    1.68687   1.38990    2.344
 1850.00    1.67222   1.39516    2.344
 1851.00    1.80910   1.40043    2.344
 1852.00    1.88782   1.40310    2.344
 1853.00    1.61082   1.40406    2.344
 1854.00    1.48278   1.40459    2.344
 1855.00    1.55753   1.40508    2.344
 1856.00    1.72558   1.40558    2.344
 1857.00    1.66738   1.40607    2.344
 1858.00    1.64308   1.40653    2.344
 1859.00    1.54602   1.40687    2.344
 1860.00    1.43656   1.40703    2.344
 1861.00    1.11414   1.40720    2.344
 1862.00    1.63583   1.40754    2.344
 1863.00    2.03011   1.40800    2.344
 1864.00    1.46385   1.40848    2.344
 1865.00    1.33978   1.40898    2.344
 1866.00    1.58898   1.40947    2.344
 1867.00    1.83775   1.41008    2.344
 1868.00    2.15753   1.41199    2.344
 1869.00    1.84249   1.41902    2.344
 1870.00    1.31978   1.43371    2.344
 1871.00    2.23034   1.44840    2.344
 1872.00    1.92568   1.45544    2.344
 1873.00    1.53659   1.45736    2.344
 1874.00    2.03402   1.45799    2.344
 1875.00    1.75953   1.45849    2.344
 1876.00    2.19462   1.45900    2.344
 1877.00    1.92761   1.45942    2.344
 1878.00    1.17215   1.45900    2.344
 1879.00    1.95653   1.45529    2.344
 1880.00    2.20818   1.44668    2.344
 1881.00    2.24294   1.43806    2.344
 1882.00    1.85299   1.43434    2.344
 1883.00    2.31918   1.43391    2.344
 1884.00    2.15841   1.43432    2.344
 1885.00    2.06366   1.43482    2.344
 1886.00    2.33117   1.43531    2.344
 1887.00    2.29079   1.43573    2.344
 1888.00    1.91984   1.43538    2.344
 1889.00    2.37283   1.43208    2.344
 1890.00    2.42010   1.42442    2.344
 1891.00    1.84513   1.41677    2.344
 1892.00    2.11836   1.41346    2.344
 1893.00    2.03789   1.41310    2.344
 1894.00    1.81264   1.41351    2.344
 1895.00    2.05334   1.41399    2.344
 1896.00    2.42391   1.41448    2.344
 1897.00    2.11859   1.41494    2.344
 1898.00    2.38287   1.41521    2.344
 1899.00    2.57463   1.41474    2.344
 1900.00    2.22898   1.41317    2.344
 1901.00    2.40082   1.41161    2.344
 1902.00    2.54320   1.41114    2.344
 1903.00    2.60710   1.41140    2.344
 1904.00    2.76825   1.41186   -1.000
 1905.00    2.55139   1.41234    2.344
 1906.00    2.50055   1.41282    2.344
 1907.00    2.72265   1.41326    2.344
 1908.00    2.65626   1.41329    2.344
 1909.00    2.31818   1.41178    2.344
 1910.00    2.34293   1.40803    2.344
 1911.00    2.19415   1.40427    2.344
 1912.00    2.09005   1.40276    2.344
 1913.00    2.21272   1.40278    2.344
 1914.00    2.11493   1.40321    2.344
 1915.00    2.08373   1.40369    2.344
 1916.00    2.04358   1.40416    2.344
 1917.00    1.73895   1.40461    2.344
 1918.00    1.61433   1.40483    2.344
 1919.00    1.36088   1.40422    2.344
 1920.00    1.29200   1.40240    2.344
 1921.00    1.24453   1.40058    2.344
 1922.00    1.72780   1.39997    2.344
 1923.00    1.92919   1.40019    2.344
 1924.00    1.79675   1.40064    2.344
 1925.00    2.30879   1.40111    2.344
 1926.00    2.17160   1.40158    2.344
 1927.00    1.71994   1.40200    2.344
 1928.00    1.95992   1.40193    2.344
 1929.00    1.38206   1.40013    2.344
 1930.00    1.64846   1.39581    2.344
 1931.00    2.03163   1.39148    2.344
 1932.00    1.58997   1.38967    2.344
 1933.00    1.51268   1.38960    2.344
 1934.00    1.75123   1.39002    2.344
 1935.00    1.61431   1.39048    2.344
 1936.00    1.28187   1.39095    2.344
 1937.00    1.38749   1.39153    2.344
 1938.00    1.29274   1.39327    2.344
 1939.00    1.23403   1.39913    2.344
 1940.00    1.86559   1.41092    2.344
 1941.00    1.41069   1.42271    2.344
 1942.00    1.56955   1.42857    2.344
 1943.00    1.65240   1.43033    2.344
 1944.00    1.63683   1.43092    2.344
 1945.00    1.44368   1.43140    2.344
 1946.00    1.43264   1.43187    2.344
 1947.00    1.31634   1.43223    2.344
 1948.00    1.53625   1.43151    2.344
 1949.00    1.57941   1.42701    2.344
 1950.00    1.32805   1.41708    2.344
 1951.00    1.46982   1.40716    2.344
 1952.00    1.65945   1.40265    2.344
 1953.00    1.35996   1.40191    2.344
 1954.00    1.54400   1.40226    2.344
 1955.00    1.30720   1.40272    2.344
 1956.00    1.43092   1.40318    2.344
 1957.00    1.44859   1.40365    2.344
 1958.00    1.37610   1.40421    2.344
 1959.00    1.26472   1.40571    2.344
 1960.00    1.28244   1.41043    2.344
 1961.00    1.18434   1.41974    2.344
 1962.00    1.19778   1.42906    2.344
 1963.00    1.36144   1.43379    2.344
 1964.00    1.14324   1.43530    2.344
 1965.00    1.30402   1.43586    2.344
 1966.00    1.62721   1.43634    2.344
 1967.00    1.04099   1.43681    2.344
 1968.00    0.86603   1.43727    2.344
 1969.00    1.09899   1.43765    2.344
 1970.00    1.04017   1.43719    2.344
 1971.00    1.06999   1.43445    2.344
 1972.00    1.37281   1.42958    2.344
 1973.00    1.54542   1.42683    2.344
 1974.00    1.40193   1.42637    2.344
 1975.00    1.26057   1.42674    2.344
 1976.00    1.22418   1.42720    2.344
 1977.00    1.32594   1.42756    2.344
 1978.00    1.37879   1.42699    2.344
 1979.00    1.41236   1.42327    2.344
 1980.00    1.41241   1.41514    2.344
 1981.00    1.07428   1.40701    2.344
 1982.00    0.88323   1.40329    2.344
 1983.00    1.21004   1.40270    2.344
 1984.00    1.46496   1.40306    2.344
 1985.00    1.18486   1.40351    2.344
 1986.00    1.02396   1.40394    2.344
 1987.00    1.30635   1.40409    2.344
 1988.00    1.58290   1.40145    2.344
 1989.00    1.22048   1.39151    2.344
 1990.00    0.63283   1.37475    2.344
 1991.00    1.00014   1.36480    2.344
 1992.00    1.31974   1.36215    2.344
 1993.00    1.86355   1.36228    2.344
 1994.00    1.58840   1.36271    2.344
 1995.00    1.02959   1.36314    2.344
 1996.00    1.25488   1.36358    2.344
 1997.00    1.35076   1.36401    2.344
 1998.00    1.33391   1.36434    2.344
 1999.00    1.79883   1.36434    2.344
 2000.00    1.22057   1.36388    2.344
 2001.00    1.13363   1.36343    2.344
 2002.00    1.09285   1.36343    2.344
 2003.00    1.25895   1.36375    2.344
 2004.00    1.09636   1.36418    2.344
 2005.00    0.97262   1.36461    2.344
 2006.00    1.23017   1.36504    2.344
 2007.00    1.20366   1.36528    2.344
 2008.00    1.23880   1.36374    2.344
 2009.00    1.18799   1.35652    2.344
 2010.00    1.51065   1.34140    2.344
 2011.00    1.28539   1.32629    2.344
 2012.00    0.61777   1.31905    2.344
 2013.00    0.91008   1.31750    2.344
 2014.00    1.09496   1.31772    2.344
 2015.00    1.32003   1.31813    2.344
 2016.00    1.39523   1.31855    2.344
 2017.00    1.15498   1.31905    2.344
 2018.00    1.19026   1.32020    2.344
 2019.00    1.17385   1.32346    2.344
 2020.00    1.10155   1.32960    2.344
 2021.00    1.19152   1.33574    2.344
 2022.00    1.20201   1.33900    2.344
 2023.00    1.45639   1.34016    2.344
 2024.00    1.33695   1.34066    2.344
 2025.00    1.00089   1.34109    2.344
 2026.00    1.11426   1.34151    2.344
 2027.00    1.16438   1.34191    2.344
 2028.00    1.15830   1.34205    2.344
 2029.00    1.26833   1.34139    2.344
 2030.00    1.23587   1.33963    2.344
 2031.00    1.13638   1.33788    2.344
 2032.00    1.14794   1.33722    2.344
 2033.00    1.60348   1.33736    2.344
 2034.00    1.61501   1.33775    2.344
 2035.00    1.44987   1.33817    2.344
 2036.00    1.26324   1.33859    2.344
 2037.00    1.15753   1.33908    2.344
 2038.00    1.20955   1.34008    2.344
 2039.00    1.44709   1.34271    2.344
 2040.00    1.14429   1.34755    2.344
 2041.00    1.16099   1.35240    2.344
 2042.00    1.45983   1.35503    2.344
 2043.00    1.34835   1.35603    2.344
 2044.00    1.38897   1.35653    2.344
 2045.00    1.05655   1.35695    2.344
 2046.00    1.09503   1.35736    2.344
 2047.00    1.05476   1.35750    2.344
 2048.00    0.66208   1.35537    2.344
 2049.00    1.08770   1.34620    2.344
 2050.00    1.08109   1.32746    2.344
 2051.00    1.18578   1.30873    2.344
 2052.00    0.94848   1.29955    2.344
 2053.00    1.19828   1.29740    2.344
 2054.00    1.20045   1.29752    2.344
 2055.00    1.43764   1.29790    2.344
 2056.00    1.36719   1.29831    2.344
 2057.00    1.55597   1.29869    2.344
 2058.00    0.91433   1.29892    2.344
 2059.00    1.74411   1.29869    2.344
 2060.00    1.18375   1.29781    2.344
 2061.00    1.04002   1.29693    2.344
 2062.00    1.88862   1.29669    2.344
 2063.00    1.25454   1.29692    2.344
 2064.00    1.35191   1.29731    2.344
 2065.00    1.35404   1.29771    2.344
 2066.00    1.26139   1.29813    2.344
 2067.00    0.73858   1.29882    2.344
 2068.00    1.09573   1.30148    2.344
 2069.00    1.44380   1.30902    2.344
 2070.00    1.31557   1.32091    2.344
 2071.00    1.42234   1.32846    2.344
 2072.00    1.64314   1.33113    2.344
 2073.00    1.40970   1.33189    2.344
 2074.00    1.34164   1.33278    2.344
 2075.00    0.93538   1.33488    2.344
 2076.00    0.94053   1.33863    2.344
 2077.00    1.14221   1.34238    2.344
 2078.00    1.30693   1.34449    2.344
 2079.00    1.42254   1.34544    2.344
 2080.00    1.49344   1.34646    2.344
 2081.00    1.29781   1.34860    2.344
 2082.00    1.12800   1.35177    2.344
 2083.00    1.20985   1.35391    2.344
 2084.00    1.37336   1.35488    2.344
 2085.00    1.32978   1.35537    2.344
 2086.00    1.20101   1.35577    2.344
 2087.00    1.16712   1.35594    2.344
 2088.00    1.33488   1.35441    2.344
 2089.00    1.28111   1.34776    2.344
 2090.00    1.20153   1.33427    2.344
 2091.00    1.49069   1.32078    2.344
 2092.00    1.58308   1.31412    2.344
 2093.00    1.27567   1.31257    2.344
 2094.00    1.01018   1.31273    2.344
 2095.00    1.05543   1.31311    2.344
 2096.00    1.28712   1.31351    2.344
 2097.00    1.28861   1.31387    2.344
 2098.00    1.06997   1.31389    2.344
 2099.00    1.30562   1.31292    2.344
 2100.00    1.44482   1.31064    2.344
 2101.00    1.24923   1.30836    2.344
 2102.00    1.17440   1.30739    2.344
 2103.00    1.29531   1.30740    2.344
 2104.00    1.45542   1.30775    2.344
 2105.00    1.28866   1.30815    2.344
 2106.00    1.14826   1.30855    2.344
 2107.00    1.02923   1.30891    2.344
 2108.00    1.16456   1.30907    2.344
 2109.00    1.05349   1.30859    2.344
 2110.00    0.93736   1.30729    2.344
 2111.00    1.15808   1.30598    2.344
 2112.00    1.23809   1.30551    2.344
 2113.00    1.41115   1.30566    2.344
 2114.00    1.52343   1.30602    2.344
 2115.00    1.18928   1.30642    2.344
 2116.00    1.30475   1.30681    2.344
 2117.00    1.19766   1.30718    2.344
 2118.00    1.18496   1.30739    2.344
 2119.00    0.99228   1.30712    2.344
 2120.00    0.50958   1.30621    2.344
 2121.00    0.36314   1.30530    2.344
 2122.00    1.16723   1.30502    2.344
 2123.00    0.97259   1.30523    2.344
 2124.00    1.28207   1.30560    2.344
 2125.00    1.08122   1.30599    2.344
 2126.00    1.17069   1.30636    2.344
 2127.00    1.37673   1.30620    2.344
 2128.00    1.32110   1.30266    2.344
 2129.00    1.17886   1.28922    2.344
 2130.00    0.87859   1.26282    2.344
 2131.00    1.73738   1.23643    2.344
 2132.00    1.27847   1.22297    2.344
 2133.00    1.41859   1.21940    2.344
 2134.00    1.63362   1.21921    2.344
 2135.00    1.43566   1.21955    2.344
 2136.00    1.02528   1.21994    2.344
 2137.00    1.32818   1.22069    2.344
 2138.00    1.14251   1.22377    2.344
 2139.00    1.48532   1.23359    2.344
 2140.00    1.18708   1.25220    2.344
 2141.00    1.13224   1.27081    2.344
 2142.00    1.53556   1.28065    2.344
 2143.00    1.26524   1.28375    2.344
 2144.00    0.95445   1.28452    2.344
 2145.00    1.29080   1.28493    2.344
 2146.00    1.78370   1.28531    2.344
 2147.00    0.88862   1.28569    2.344
 2148.00    0.87160   1.28599    2.344
 2149.00    1.70685   1.28611    2.344
 2150.00    1.59300   1.28598    2.344
 2151.00    0.98878   1.28585    2.344
 2152.00    0.80993   1.28597    2.344
 2153.00    0.46100   1.28627    2.344
 2154.00    0.45016   1.28665    2.344
 2155.00    0.90893   1.28703    2.344
 2156.00    1.15853   1.28739    2.344
 2157.00    0.92799   1.28743    2.344
 2158.00    0.81684   1.28543    2.344
 2159.00    0.82094   1.27762    2.344
 2160.00    0.98564   1.26233    2.344
 2161.00    1.51953   1.24705    2.344
 2162.00    1.18586   1.23923    2.344
 2163.00    0.95093   1.23722    2.344
 2164.00    1.20755   1.23723    2.344
 2165.00    1.27218   1.23758    2.344
 2166.00    0.83776   1.23794    2.344
 2167.00    0.54538   1.23822    2.344
 2168.00    0.80229   1.23799    2.344
 2169.00    1.12490   1.23632    2.344
 2170.00    1.29714   1.23281    2.344
 2171.00    1.22143   1.22930    2.344
 2172.00    1.27706   1.22762    2.344
 2173.00    1.63733   1.22739    2.344
 2174.00    1.38387   1.22766    2.344
 2175.00    0.84237   1.22802    2.344
 2176.00    0.63576   1.22838    2.344
 2177.00    1.01564   1.22868    2.344
 2178.00    1.16096   1.22863    2.344
 2179.00    1.02650   1.22758    2.344
 2180.00    1.26321   1.22526    2.344
 2181.00    0.91441   1.22295    2.344
 2182.00    0.94375   1.22190    2.344
 2183.00    1.17562   1.22184    2.344
 2184.00    1.41424   1.22214    2.344
 2185.00    1.12229   1.22249    2.344
 2186.00    1.06135   1.22288    2.344
 2187.00    1.18747   1.22359    2.344
 2188.00    1.51863   1.22620    2.344
 2189.00    0.89474   1.23413    2.344
 2190.00    1.05087   1.24880    2.344
 2191.00    1.07204   1.26346    2.344
 2192.00    0.79906   1.27140    2.344
 2193.00    0.75360   1.27403    2.344
 2194.00    1.24844   1.27475    2.344
 2195.00    0.97350   1.27515    2.344
 2196.00    0.97613   1.27550    2.344
 2197.00    1.32625   1.27553    2.344
 2198.00    0.98225   1.27369    2.344
 2199.00    1.07954   1.26666    2.344
 2200.00    0.99841   1.25311    2.344
 2201.00    0.80035   1.23955    2.344
 2202.00    1.19043   1.23252    2.344
 2203.00    1.16267   1.23066    2.344
 2204.00    1.21293   1.23068    2.344
 2205.00    1.15702   1.23101    2.344
 2206.00    0.76316   1.23133    2.344
 2207.00    0.84748   1.23124    2.344
 2208.00    1.07928   1.22875    2.344
 2209.00    1.28324   1.21965    2.344
 2210.00    1.32550   1.20227    2.344
 2211.00    1.07664   1.18488    2.344
 2212.00    0.74245   1.17577    2.344
 2213.00    0.72860   1.17326    2.344
 2214.00    0.76782   1.17315    2.344
 2215.00    1.36471   1.17345    2.344
 2216.00    1.38300   1.17378    2.344
 2217.00    0.74492   1.17392    2.344
 2218.00    0.88854   1.17303    2.344
 2219.00    0.94130   1.16929    2.344
 2220.00    0.90600   1.16201    2.344
 2221.00    0.98679   1.15473    2.344
 2222.00    0.92249   1.15099    2.344
 2223.00    1.02885   1.15008    2.344
 2224.00    0.53445   1.15022    2.344
 2225.00    0.65531   1.15054    2.344
 2226.00    0.17576   1.15092    2.344
 2227.00    0.70763   1.15185    2.344
 2228.00    0.57049   1.15587    2.344
 2229.00    1.51439   1.16825    2.344
 2230.00    1.54824   1.19099    2.344
 2231.00    0.99824   1.21373    2.344
 2232.00    1.20177   1.22613    2.344
 2233.00    1.26491   1.23016    2.344
 2234.00    0.81254   1.23112    2.344
 2235.00    1.09897   1.23152    2.344
 2236.00    1.04279   1.23183    2.344
 2237.00    1.11505   1.23160    2.344
 2238.00    0.46230   1.22836    2.344
 2239.00    0.54773   1.21703    2.344
 2240.00    0.83210   1.19574    2.344
 2241.00    0.78077   1.17446    2.344
 2242.00    0.85793   1.16312    2.344
 2243.00    1.38077   1.15986    2.344
 2244.00    0.89222   1.15960    2.344
 2245.00    0.70350   1.15988    2.344
 2246.00    0.79516   1.16020    2.344
 2247.00    1.01673   1.16031    2.344
 2248.00    1.04958   1.15932    2.344
 2249.00    1.14987   1.15536    2.344
 2250.00    0.91251   1.14779    2.344
 2251.00    0.57350   1.14022    2.344
 2252.00    0.64319   1.13626    2.344
 2253.00    0.78415   1.13526    2.344
 2254.00    0.75938   1.13536    2.344
 2255.00    0.73769   1.13567    2.344
 2256.00    0.73795   1.13599    2.344
 2257.00    1.01185   1.13630    2.344
 2258.00    0.85685   1.13651    2.344
 2259.00    1.00241   1.13648    2.344
 2260.00    1.73020   1.13614    2.344
 2261.00    1.09174   1.13580    2.344
 2262.00    1.16470   1.13576    2.344
 2263.00    0.96385   1.13597    2.344
 2264.00    1.18971   1.13628    2.344
 2265.00    1.14429   1.13660    2.344
 2266.00    0.94528   1.13696    2.344
 2267.00    0.52703   1.13762    2.344
 2268.00    0.57734   1.13995    2.344
 2269.00    1.05865   1.14666    2.344
 2270.00    0.69385   1.15866    2.344
 2271.00    0.57558   1.17067    2.344
 2272.00    0.55356   1.17739    2.344
 2273.00    0.94452   1.17973    2.344
 2274.00    1.22080   1.18041    2.344
 2275.00    0.98257   1.18077    2.344
 2276.00    0.95145   1.18112    2.344
 2277.00    0.87746   1.18160    2.344
 2278.00    1.16163   1.18277    2.344
 2279.00    1.00769   1.18575    2.344
 2280.00    0.61646   1.19090    2.344
 2281.00    0.49880   1.19605    2.344
 2282.00    1.17933   1.19903    2.344
 2283.00    0.81768   1.20020    2.344
 2284.00    0.74484   1.20069    2.344
 2285.00    0.74742   1.20104    2.344
 2286.00    1.19845   1.20134    2.344
 2287.00    1.51481   1.20122    2.344
 2288.00    1.82149   1.19896    2.344
 2289.00    2.42291   1.19109    2.344
 2290.00    1.71064   1.17654    2.344
 2291.00    1.58782   1.16200    2.344
 2292.00    1.65347   1.15412    2.344
 2293.00    1.12577   1.15184    2.344
 2294.00    1.59457   1.15171    2.344
 2295.00    0.54654   1.15199    2.344
 2296.00   -0.02657   1.15231    0.000
 2297.00    1.11026   1.15252    2.344
 2298.00    1.77895   1.15221    2.344
 2299.00    0.82498   1.15055    2.344
 2300.00    0.80915   1.14729    2.344
 2301.00    1.10108   1.14403    2.344
 2302.00    0.90226   1.14236    2.344
 2303.00    1.03932   1.14205    2.344
 2304.00    1.22469   1.14226    2.344
 2305.00    0.80923   1.14257    2.344
 2306.00    0.85142   1.14286    2.344
 2307.00    1.41712   1.14289    2.344
 2308.00    1.11613   1.14159    2.344
 2309.00    0.94540   1.13684    2.344
 2310.00    1.07090   1.12805    2.344
 2311.00    1.75926   1.11926    2.344
 2312.00    1.20009   1.11451    2.344
 2313.00    1.09348   1.11319    2.344
 2314.00    1.30203   1.11321    2.344
 2315.00    1.29151   1.11349    2.344
 2316.00    0.76592   1.11369    2.344
 2317.00    1.43452   1.11279    2.344
 2318.00    0.92478   1.10638    2.344
 2319.00    1.22872   1.08592    2.344
 2320.00    1.09333   1.04903    2.344
 2321.00    1.40372   1.01214    2.344
 2322.00    1.45769   0.99166    2.344
 2323.00    1.03930   0.98522    2.344
 2324.00    0.85308   0.98429    2.344
 2325.00    1.05231   0.98445    2.344
 2326.00    0.85309   0.98480    2.344
 2327.00    0.76333   0.98588    2.344
 2328.00    1.11114   0.99060    2.344
 2329.00    1.26114   1.00454    2.344
 2330.00    1.02363   1.02918    2.344
 2331.00    0.65532   1.05383    2.344
 2332.00    0.88961   1.06778    2.344
 2333.00    0.88740   1.07253    2.344
 2334.00    1.11223   1.07363    2.344
 2335.00    1.48769   1.07401    2.344
 2336.00    1.01691   1.07425    2.344
 2337.00    0.43290   1.07397    2.344
 2338.00   -0.15222   1.07109    0.000
 2339.00    0.74242   1.06167    2.344
 2340.00    0.55211   1.04470    2.344
 2341.00    0.18279   1.02774    2.344
 2342.00    0.84349   1.01831    2.344
 2343.00    1.22944   1.01542    2.344
 2344.00    1.24775   1.01511    2.344
 2345.00    1.36124   1.01534    2.344
 2346.00    1.55236   1.01569    2.344
 2347.00    0.60922   1.01663    2.344
 2348.00    1.11599   1.02046    2.344
 2349.00    0.77875   1.03152    2.344
 2350.00    0.80538   1.05088    2.344
 2351.00    1.11599   1.07023    2.344
 2352.00    1.36066   1.08131    2.344
 2353.00    1.16850   1.08516    2.344
 2354.00    1.06655   1.08612    2.344
 2355.00    1.13825   1.08648    2.344
 2356.00    0.59595   1.08671    2.344
 2357.00    0.30465   1.08626    2.344
 2358.00    0.50923   1.08254    2.344
 2359.00    0.22562   1.07069    2.344
 2360.00    0.37768   1.04960    2.344
 2361.00    0.92710   1.02850    2.344
 2362.00    1.55855   1.01664    2.344
 2363.00    0.75917   1.01290    2.344
 2364.00    0.89087   1.01243    2.344
 2365.00    1.09110   1.01263    2.344
 2366.00    1.24065   1.01294    2.344
 2367.00    1.03570   1.01352    2.344
 2368.00    1.04064   1.01542    2.344
 2369.00    1.06745   1.02057    2.344
 2370.00    0.92573   1.02939    2.344
 2371.00    0.91441   1.03822    2.344
 2372.00    0.69006   1.04337    2.344
 2373.00    0.94170   1.04528    2.344
 2374.00    1.06263   1.04587    2.344
 2375.00    1.05573   1.04619    2.344
 2376.00    1.10276   1.04639    2.344
 2377.00    1.09869   1.04583    2.344
 2378.00    1.15459   1.04169    2.344
 2379.00    1.10097   1.02878    2.344
 2380.00    1.05262   1.00600    2.344
 2381.00    0.97726   0.98323    2.344
 2382.00    0.75180   0.97030    2.344
 2383.00    1.02273   0.96614    2.344
 2384.00    1.67570   0.96556    2.344
 2385.00    1.40888   0.96574    2.344
 2386.00    0.94392   0.96607    2.344
 2387.00    1.06715   0.96695    2.344
 2388.00    1.45794   0.97047    2.344
 2389.00    1.40393   0.98039    2.344
 2390.00    1.13141   0.99744    2.344
 2391.00    1.17561   1.01449    2.344
 2392.00    1.34920   1.02441    2.344
 2393.00    1.02775   1.02795    2.344
 2394.00    1.05310   1.02885    2.344
 2395.00    1.21237   1.02920    2.344
 2396.00    0.92386   1.02944    2.344
 2397.00    1.12026   1.02929    2.344
 2398.00    0.92410   1.02739    2.344
 2399.00    0.57534   1.02122    2.344
 2400.00    0.90021   1.01032    2.344
 2401.00    1.22508   0.99943    2.344
 2402.00    1.32096   0.99325    2.344
 2403.00    1.40706   0.99133    2.344
 2404.00    1.23088   0.99118    2.344
 2405.00    0.92756   0.99140    2.344
 2406.00    1.14481   0.99169    2.344
 2407.00    0.95388   0.99212    2.344
 2408.00    0.67823   0.99322    2.344
 2409.00    0.99311   0.99592    2.344
 2410.00    1.33413   1.00039    2.344
 2411.00    1.31155   1.00486    2.344
 2412.00    0.94341   1.00757    2.344
 2413.00    0.85125   1.00867    2.344
 2414.00    1.37943   1.00911    2.344
 2415.00    1.18881   1.00940    2.344
 2416.00    1.01052   1.00972    2.344
 2417.00    1.02154   1.01044    2.344
 2418.00    1.12178   1.01294    2.344
 2419.00    1.05336   1.01973    2.344
 2420.00    1.09274   1.03118    2.344
 2421.00    1.06732   1.04263    2.344
 2422.00    0.99676   1.04943    2.344
 2423.00    1.13830   1.05194    2.344
 2424.00    0.72804   1.05266    2.344
 2425.00    1.07571   1.05299    2.344
 2426.00    1.28588   1.05323    2.344
 2427.00    0.95004   1.05306    2.344
 2428.00    0.14426   1.05103    2.344
 2429.00   -0.19088   1.04462    0.000
 2430.00    0.75994   1.03345    2.344
 2431.00   -0.22094   1.02229    0.000
 2432.00    0.97694   1.01587    2.344
 2433.00    0.96174   1.01383    2.344
 2434.00    1.53394   1.01365    2.344
 2435.00    1.71530   1.01387    2.344
 2436.00    1.63498   1.01421    2.344
 2437.00    1.32061   1.01504    2.344
 2438.00    1.25110   1.01814    2.344
 2439.00    1.11273   1.02658    2.344
 2440.00    0.96408   1.04074    2.344
 2441.00    0.96446   1.05489    2.344
 2442.00    0.22798   1.06333    2.344
 2443.00    0.70360   1.06645    2.344
 2444.00    1.92696   1.06730    2.344
 2445.00    1.79698   1.06764    2.344
 2446.00    1.19000   1.06790    2.344
 2447.00    1.34967   1.06784    2.344
 2448.00    1.45136   1.06646    2.344
 2449.00    1.08021   1.06194    2.344
 2450.00    0.77778   1.05408    2.344
 2451.00    1.07965   1.04622    2.344
 2452.00    1.36051   1.04170    2.344
 2453.00    0.63997   1.04031    2.344
 2454.00    0.44830   1.04025    2.344
 2455.00    1.23211   1.04049    2.344
 2456.00    0.99681   1.04075    2.344
 2457.00    0.75457   1.04092    2.344
 2458.00    0.41119   1.04067    2.344
 2459.00   -0.32190   1.03945    0.000
 2460.00   -0.27653   1.03720    0.000
 2461.00    0.50213   1.03495    2.344
 2462.00    1.34026   1.03373    2.344
 2463.00    1.03103   1.03348    2.344
 2464.00    0.86782   1.03365    2.344
 2465.00    0.87985   1.03391    2.344
 2466.00    0.75062   1.03413    2.344
 2467.00    1.43855   1.03397    2.344
 2468.00   -0.26042   1.03212    0.000
 2469.00   -0.40211   1.02635    0.000
 2470.00    0.67315   1.01647    2.344
 2471.00    0.99913   1.00659    2.344
 2472.00    0.72114   1.00082    2.344
 2473.00    0.39596   0.99896    2.344
 2474.00    0.66531   0.99879    2.344
 2475.00    0.70954   0.99900    2.344
 2476.00    0.80278   0.99931    2.344
 2477.00    0.50744   0.99995    2.344
 2478.00    0.10073   1.00205    2.344
 2479.00    0.93049   1.00750    2.344
 2480.00    1.21478   1.01643    2.344
 2481.00    1.64298   1.02537    2.344
 2482.00    1.21933   1.03082    2.344
 2483.00    1.31666   1.03292    2.344
 2484.00    1.24938   1.03357    2.344
 2485.00    1.26191   1.03389    2.344
 2486.00    0.72479   1.03413    2.344
 2487.00    0.16123   1.03407    2.344
 2488.00    0.65261   1.03278    2.344
 2489.00    0.44648   1.02864    2.344
 2490.00    2.30918   1.02155   -1.000
 2491.00    1.45641   1.01447    2.344
 2492.00    1.12347   1.01032    2.344
 2493.00    1.00000   1.00902    2.344
 2494.00    0.71265   1.00896    2.344
 2495.00    1.15372   1.00919    2.344
 2496.00    1.26572   1.00955    2.344
 2497.00    1.22864   1.01062    2.344
 2498.00    1.36954   1.01475    2.344
 2499.00    1.42755   1.02580    2.344
 2500.00    1.35647   1.04396    2.344
 2501.00    1.41022   1.06212    2.344
 2502.00    1.05870   1.07318    2.344
 2503.00    0.54155   1.07732    2.344
 2504.00    0.72443   1.07841    2.344
 2505.00    1.09903   1.07867    2.344
 2506.00    1.10372   1.07798    2.344
 2507.00    1.03165   1.07362    2.344
 2508.00    1.04352   1.06105    2.344
 2509.00    0.85026   1.04003    2.344
 2510.00    0.67659   1.01899    2.344
 2511.00    0.80718   1.00641    2.344
 2512.00    1.06016   1.00205    2.344
 2513.00    1.07751   1.00145    2.344
 2514.00    0.91714   1.00207    2.344
 2515.00    0.97166   1.00349    2.344
 2516.00    0.82053   1.00532    2.344
 2517.00    0.53857   1.00673    2.344
 2518.00    0.65152   1.00734    2.344
 2519.00    1.16599   1.00665    2.344
 2520.00    1.21623   1.00240    2.344
 2521.00    0.71585   0.99183    2.344
 2522.00    0.24576   0.97751    2.344
 2523.00    0.21628   0.96693    2.344
 2524.00    1.25217   0.96266    2.344
 2525.00    1.64467   0.96184    2.344
 2526.00    1.44827   0.96196    2.344
 2527.00    1.72910   0.96227    2.344
 2528.00    1.61135   0.96282    2.344
 2529.00    2.04541   0.96389    2.344
 2530.00    1.87424   0.96550    2.344
 2531.00    1.60465   0.96711    2.344
 2532.00    1.56020   0.96819    2.344
 2533.00    0.41191   0.96874    2.344
 2534.00    0.71760   0.96906    2.344
 2535.00    1.16209   0.96932    2.344
 2536.00    1.51899   0.96956    2.344
 2537.00    1.71660   0.96976    2.344
 2538.00    0.61250   0.96973    2.344
 2539.00    1.12056   0.96923    2.344
 2540.00    0.49475   0.96825    2.344
 2541.00    1.07077   0.96727    2.344
 2542.00    0.85069   0.96677    2.344
 2543.00    1.22504   0.96675    2.344
 2544.00    1.70759   0.96694    2.344
 2545.00    0.96870   0.96719    2.344
 2546.00    0.73835   0.96753    2.344
 2547.00    1.25230   0.96848    2.344
 2548.00    1.25541   0.97185    2.344
 2549.00    1.38460   0.98048    2.344
 2550.00    0.65698   0.99454    2.344
 2551.00    0.61846   1.00861    2.344
 2552.00    1.51719   1.01725    2.344
 2553.00    1.41793   1.02063    2.344
 2554.00    1.33710   1.02160    2.344
 2555.00    1.03123   1.02195    2.344
 2556.00    1.13582   1.02218    2.344
 2557.00    1.39798   1.02214    2.344
 2558.00    1.11892   1.02106    2.344
 2559.00    1.45843   1.01774    2.344
 2560.00    1.35210   1.01210    2.344
 2561.00    1.24005   1.00646    2.344
 2562.00    0.96533   1.00313    2.344
 2563.00    0.72726   1.00205    2.344
 2564.00    0.78479   1.00200    2.344
 2565.00    1.14742   1.00222    2.344
 2566.00    1.48217   1.00256    2.344
 2567.00    1.14769   1.00343    2.344
 2568.00   -0.11245   1.00635    0.000
 2569.00   -0.09758   1.01366    0.000
 2570.00   -0.47230   1.02550    0.000
 2571.00    0.51716   1.03735    2.344
 2572.00    1.03525   1.04466    2.344
 2573.00    1.04143   1.04759    2.344
 2574.00    1.28890   1.04847    2.344
 2575.00    1.33795   1.04883    2.344
 2576.00    1.12565   1.04908    2.344
 2577.00    0.91803   1.04919    2.344
 2578.00    0.93918   1.04880    2.344
 2579.00    1.01903   1.04732    2.344
 2580.00    1.01903   1.04473    2.344
 2581.00    1.01903   1.04213    2.344
 2582.00    1.01903   1.04065    2.344
 2583.00    1.01903   1.04026    2.344
 2584.00    1.13309   1.04037    2.344
 2585.00    1.19401   1.04061    2.344
 2586.00    1.19401   1.04084    2.344
 2587.00    1.19401   1.04092    2.344
 2588.00    1.19401   1.04038    2.344
 2589.00    1.19401   1.03853    2.344
 2590.00    1.16582   1.03533    2.344
 2591.00    0.89264   1.03213    2.344
 2592.00    1.04110   1.03028    2.344
 2593.00    1.00842   1.02973    2.344
 2594.00    1.08059   1.02980    2.344
 2595.00    1.04450   1.03003    2.344
 2596.00    0.99058   1.03021    2.344
 2597.00    0.77305   1.02989    2.344
 2598.00    0.60324   1.02774    2.344
 2599.00    1.18938   1.02174    2.344
 2600.00    1.99253   1.01177    2.344
 2601.00    0.60514   1.00179    2.344
 2602.00   -1.12431   0.99579    0.000
 2603.00    0.83294   0.99363    2.344
 2604.00    0.65136   0.99331    2.344
 2605.00    0.14137   0.99347    2.344
 2606.00   -0.32177   0.99369    0.000
 2607.00    1.42127   0.99380    2.344
 2608.00    1.72706   0.99346    2.344
 2609.00    1.76570   0.99220    2.344
 2610.00    1.35300   0.98997    2.344
 2611.00    0.89174   0.98774    2.344
 2612.00    1.44758   0.98648    2.344
 2613.00   -0.39169   0.98614    0.000
 2614.00    0.49624   0.98624    2.344
 2615.00    0.99199   0.98648    2.344
 2616.00    1.02685   0.98678    2.344
 2617.00    1.16651   0.98742    2.344
 2618.00    1.69052   0.98922    2.344
 2619.00    2.03505   0.99346    2.344
 2620.00    2.20612   1.00021    2.344
 2621.00    1.05437   1.00696    2.344
 2622.00    0.65491   1.01119    2.344
 2623.00    0.07371   1.01301    2.344
 2624.00    0.51795   1.01365    2.344
 2625.00    1.46949   1.01397    2.344
 2626.00    0.90381   1.01429    2.344
 2627.00    0.58711   1.01492    2.344
 2628.00    0.93593   1.01669    2.344
 2629.00    1.56129   1.02079    2.344
 2630.00    1.70427   1.02730    2.344
 2631.00    1.42537   1.03381    2.344
 2632.00    1.61710   1.03791    2.344
 2633.00    1.37011   1.03969    2.344
 2634.00    1.49646   1.04033    2.344
 2635.00    1.10930   1.04067    2.344
 2636.00    0.43510   1.04114    2.344
 2637.00    0.39137   1.04271    2.344
 2638.00    1.14791   1.04818    2.344
 2639.00    1.49246   1.06157    2.344
 2640.00    1.22356   1.08317    2.344
 2641.00    1.11404   1.10478    2.344
 2642.00    1.11965   1.11818    2.344
 2643.00    1.04162   1.12367    2.344
 2644.00    0.96552   1.12526    2.344
 2645.00    0.94663   1.12575    2.344
 2646.00    1.28187   1.12608    2.344
 2647.00    1.05662   1.12650    2.344
 2648.00    0.72643   1.12736    2.344
 2649.00    0.91742   1.12907    2.344
 2650.00    0.74353   1.13167    2.344
 2651.00    0.82059   1.13428    2.344
 2652.00    0.66350   1.13599    2.344
 2653.00    0.79357   1.13684    2.344
 2654.00    0.98629   1.13727    2.344
 2655.00    0.71362   1.13756    2.344
 2656.00    0.98852   1.13765    2.344
 2657.00    1.32757   1.13672    2.344
 2658.00    1.34453   1.13226    2.344
 2659.00    0.89931   1.12076    2.344
 2660.00    1.08518   1.10194    2.344
 2661.00    1.66868   1.08311    2.344
 2662.00    0.74212   1.07160    2.344
 2663.00   -0.01899   1.06713    0.000
 2664.00    0.06226   1.06617    2.344
 2665.00    1.33360   1.06625    2.344
 2666.00    0.86310   1.06658    2.344
 2667.00    1.12542   1.06733    2.344
 2668.00    0.81565   1.06950    2.344
 2669.00    0.99775   1.07447    2.344
 2670.00    0.72448   1.08234    2.344
 2671.00    1.06813   1.09021    2.344
 2672.00    0.96205   1.09518    2.344
 2673.00    1.08420   1.09735    2.344
 2674.00    1.12153   1.09812    2.344
 2675.00    0.90366   1.09848    2.344
 2676.00    1.20479   1.09877    2.344
 2677.00    1.81768   1.09911    2.344
 2678.00    1.62056   1.09965    2.344
 2679.00    1.43506   1.10057    2.344
 2680.00    1.15824   1.10190    2.344
 2681.00    1.54853   1.10323    2.344
 2682.00    1.95575   1.10415    2.344
 2683.00    1.76909   1.10469    2.344
 2684.00    1.54795   1.10503    2.344
 2685.00    1.21751   1.10530    2.344
 2686.00    1.23155   1.10544    2.344
 2687.00    1.26125   1.10488    2.344
 2688.00    1.19558   1.10201    2.344
 2689.00    0.99425   1.09463    2.344
 2690.00    0.94254   1.08255    2.344
 2691.00    0.92530   1.07046    2.344
 2692.00    0.72378   1.06308    2.344
 2693.00    0.93654   1.06019    2.344
 2694.00    1.29247   1.05962    2.344
 2695.00    1.37598   1.05975    2.344
 2696.00    0.98848   1.06005    2.344
 2697.00    0.72855   1.06065    2.344
 2698.00    0.82838   1.06215    2.344
 2699.00    1.09451   1.06542    2.344
 2700.00    1.49886   1.07054    2.344
 2701.00    1.86042   1.07565    2.344
 2702.00    1.71885   1.07892    2.344
 2703.00    1.44177   1.08044    2.344
 2704.00    1.56534   1.08103    2.344
 2705.00    1.54772   1.08134    2.344
 2706.00    1.28183   1.08144    2.344
 2707.00    1.24296   1.08071    2.344
