 2814.00   -0.02932   1.02168    0.000
 2815.00    0.96221   1.02229    1.101
 2816.00    1.06038   1.02254    1.101
 2817.00    0.63457   1.02279    1.101
 2818.00    0.52439   1.02311    1.101
 2819.00   -1.36823   1.02416    0.000
 2820.00   -2.26416   1.02801    0.000
 2821.00   -0.42192   1.03598    0.000
 2822.00    1.00667   1.04417    1.101
 2823.00    1.24420   1.04840    1.101
 2824.00    1.53718   1.04961    1.101
 2825.00    0.83705   1.04995    1.101
 2826.00   -0.57143   1.05020    0.000
 2827.00   -0.25704   1.05045    0.000
 2828.00    0.88199   1.05060    1.101
 2829.00    0.78687   1.04978    1.101
 2830.00   -0.06138   1.04526    0.000
 2831.00   -0.06138   1.03533    0.000
 2832.00    2.03416   1.02508    1.101
 2833.00    2.06531   1.02003    1.101
 2834.00    1.11799   1.01897    1.101
 2835.00    0.97598   1.01909    1.101
 2836.00   -0.41869   1.01933    0.000
 2837.00   -0.87395   1.01956    0.000
 2838.00   -0.02264   1.01970    0.000
 2839.00    0.45899   1.01886    1.101
 2840.00    0.80324   1.01428    1.101
 2841.00    1.11728   1.00425    1.101
 2842.00    1.20808   0.99387    1.101
 2843.00    1.34024   0.98871    1.101
 2844.00    1.10302   0.98761    1.101
 2845.00    0.52713   0.98772    1.101
 2846.00    0.27435   0.98795    1.101
 2847.00   -0.90692   0.98817    0.000
 2848.00   -0.76211   0.98832    0.000
 2849.00    1.48484   0.98768    1.101
 2850.00    1.48484   0.98405    1.101
 2851.00    0.75818   0.97606    1.101
 2852.00    0.71575   0.96777    1.101
 2853.00   -1.66684   0.96364    0.000
 2854.00   -2.15711   0.96278    0.000
 2855.00   -0.06500   0.96290    0.000
 2856.00    0.77357   0.96312    1.101
 2857.00    0.47335   0.96336    1.101
 2858.00    0.27165   0.96377    1.101
 2859.00    1.04825   0.96605    1.101
 2860.00    1.88144   0.97528    1.101
 2861.00    2.00299   0.99464    1.101
 2862.00    2.21246   1.01476    1.101
 2863.00    1.85306   1.02522    1.101
 2864.00    0.78325   1.02803    1.101
 2865.00    0.48891   1.02853    1.101
 2866.00   -1.38509   1.02878    0.000
 2867.00   -1.32749   1.02902    0.000
 2868.00    1.45744   1.02929    1.101
 2869.00    1.45744   1.02988    1.101
 2870.00    2.28933   1.03160    1.101
 2871.00    2.37687   1.03500    1.101
 2872.00    0.05877   1.03853    1.101
 2873.00   -0.56092   1.04047    0.000
 2874.00   -0.20986   1.04115    0.000
 2875.00   -0.03955   1.04143    0.000
 2876.00    0.18970   1.04168    1.101
 2877.00    0.37139   1.04192    1.101
 2878.00    0.78537   1.04216    1.101
 2879.00    1.30718   1.04241    1.101
 2880.00    0.88778   1.04265    1.101
 2881.00    0.02329   1.04291    1.101
 2882.00    0.20650   1.04316    1.101
 2883.00    0.89185   1.04341    1.101
 2884.00    0.97565   1.04365    1.101
 2885.00    1.76745   1.04390    1.101
 2886.00    1.76745   1.04414    1.101
 2887.00   -1.07815   1.04438    0.000
 2888.00   -1.13628   1.04467    0.000
 2889.00   -0.27692   1.04542    0.000
 2890.00   -0.14194   1.04782    0.000
 2891.00   -0.74039   1.05263    0.000
 2892.00   -0.94118   1.05767    0.000
 2893.00   -0.33310   1.06042    0.000
 2894.00    0.01900   1.06131    1.101
 2895.00    0.18272   1.06162    1.101
 2896.00    0.33531   1.06187    1.101
 2897.00    0.16830   1.06212    1.101
 2898.00   -0.08029   1.06237    0.000
 2899.00    0.00373   1.06261    1.101
 2900.00    0.21310   1.06288    1.101
 2901.00    0.21257   1.06365    1.101
 2902.00    0.20999   1.06901    1.101
 2903.00    0.17142   1.08843    1.101
 2904.00   -0.48913   1.12068    0.000
 2905.00   -0.48913   1.14280    0.000
 2906.00    0.19212   1.14961    1.101
 2907.00    0.23602   1.15067    1.101
 2908.00    1.50796   1.15098    1.101
 2909.00    1.77923   1.15124    1.101
 2910.00    1.76959   1.15151    1.101
 2911.00    1.76562   1.15177    1.101
 2912.00    1.84148   1.15204    1.101
 2913.00    1.89359   1.15230    1.101
 2914.00    0.66604   1.15257    1.101
 2915.00   -0.67830   1.15284    0.000
 2916.00    0.21825   1.15310    1.101
 2917.00    1.79960   1.15336    1.101
 2918.00    1.57173   1.15344    1.101
 2919.00    0.87368   1.15188    1.101
 2920.00    0.86909   1.14431    1.101
 2921.00    0.83851   1.12812    1.101
 2922.00    0.82401   1.11097    1.101
 2923.00   -0.13500   1.10195    0.000
 2924.00   -0.13500   1.09978    0.000
 2925.00   -0.57789   1.09974    0.000
 2926.00   -0.62742   1.09998    0.000
 2927.00    0.39829   1.10023    1.101
 2928.00    0.68140   1.10048    1.101
 2929.00    1.16377   1.10074    1.101
 2930.00    1.40354   1.10099    1.101
 2931.00    1.45696   1.10124    1.101
 2932.00    1.50018   1.10149    1.101
 2933.00    1.84698   1.10175    1.101
 2934.00    2.29375   1.10200    1.101
 2935.00    2.08102   1.10225    1.101
 2936.00    1.63162   1.10250    1.101
 2937.00    1.38284   1.10275    1.101
 2938.00    0.42282   1.10289    1.101
 2939.00    0.36787   1.10200    1.101
 2940.00   -0.18551   1.09743    0.000
 2941.00   -0.18551   1.08760    0.000
 2942.00    1.57899   1.07712    1.101
 2943.00    1.62495   1.07158    1.101
 2944.00    1.10082   1.07029    1.101
 2945.00    1.01471   1.07034    1.101
 2946.00   -1.47668   1.07058    0.000
 2947.00   -2.33659   1.07082    0.000
 2948.00   -1.54973   1.07106    0.000
 2949.00   -1.08349   1.07131    0.000
 2950.00   -0.04808   1.07155    0.000
 2951.00    0.93798   1.07180    1.101
 2952.00    0.65930   1.07204    1.101
 2953.00    0.23511   1.07228    1.101
 2954.00    0.39570   1.07253    1.101
 2955.00    0.80608   1.07277    1.101
 2956.00    0.74012   1.07301    1.101
 2957.00    0.40756   1.07326    1.101
 2958.00    0.34852   1.07352    1.101
 2959.00   -0.77795   1.07396    0.000
 2960.00   -0.77795   1.07500    0.000
 2961.00    0.54272   1.07691    1.101
 2962.00    0.63555   1.07894    1.101
 2963.00   -1.47776   1.08016    0.000
 2964.00   -1.94529   1.08066    0.000
 2965.00   -1.15495   1.08094    0.000
 2966.00   -0.82125   1.08119    0.000
 2967.00    0.81198   1.08143    1.101
 2968.00    1.95917   1.08168    1.101
 2969.00    1.87718   1.08192    1.101
 2970.00    1.78544   1.08217    1.101
 2971.00    1.29127   1.08241    1.101
 2972.00    0.39907   1.08266    1.101
 2973.00    0.53489   1.08290    1.101
 2974.00    0.96328   1.08315    1.101
 2975.00    0.89305   1.08339    1.101
 2976.00    0.40144   1.08363    1.101
 2977.00    0.39780   1.08388    1.101
 2978.00    0.02813   1.08409    1.101
 2979.00    0.02813   1.08402    1.101
 2980.00    1.05537   1.08293    1.101
 2981.00    1.17711   1.08043    1.101
 2982.00   -0.16860   1.07771    0.000
 2983.00   -0.55188   1.07632    0.000
 2984.00   -0.35196   1.07612    0.000
 2985.00   -0.25027   1.07630    0.000
 2986.00    0.70396   1.07654    1.101
 2987.00    1.49306   1.07678    1.101
 2988.00    1.24010   1.07702    1.101
 2989.00    0.90701   1.07726    1.101
 2990.00    0.21660   1.07751    1.101
 2991.00   -1.27841   1.07775    0.000
 2992.00   -0.88919   1.07799    0.000
 2993.00    0.66341   1.07823    1.101
 2994.00    0.61041   1.07847    1.101
 2995.00    0.03955   1.07872    1.101
 2996.00    0.03955   1.07896    1.101
 2997.00    0.90388   1.07920    1.101
 2998.00    0.93131   1.07942    1.101
 2999.00    2.09311   1.07942    1.101
 3000.00    2.29211   1.07869    1.101
 3001.00    2.28233   1.07691    1.101
 3002.00    2.27886   1.07497    1.101
 3003.00    1.65386   1.07399    1.101
 3004.00    1.27494   1.07389    1.101
 3005.00    0.30284   1.07409    1.101
 3006.00   -0.64304   1.07432    0.000
 3007.00   -0.24146   1.07456    0.000
 3008.00    0.38308   1.07480    1.101
 3009.00    0.23960   1.07504    1.101
 3010.00   -0.13701   1.07528    0.000
 3011.00    0.12695   1.07552    1.101
 3012.00    1.51114   1.07576    1.101
 3013.00    1.51385   1.07600    1.101
 3014.00    1.57216   1.07624    1.101
 3015.00    1.57216   1.07648    1.101
 3016.00    0.93560   1.07672    1.101
 3017.00    0.88692   1.07697    1.101
 3018.00    2.22520   1.07725    1.101
 3019.00    2.53206   1.07788    1.101
 3020.00    1.79989   1.07975    1.101
 3021.00    1.48274   1.08332    1.101
 3022.00    1.16272   1.08720    1.101
 3023.00    0.93314   1.08950    1.101
 3024.00   -0.03998   1.09031    0.000
 3025.00   -1.15153   1.09063    0.000
 3026.00   -0.60562   1.09088    0.000
 3027.00    0.40345   1.09112    1.101
 3028.00    0.29831   1.09136    1.101
 3029.00   -0.04330   1.09161    0.000
 3030.00   -0.11003   1.09185    0.000
 3031.00   -0.60002   1.09209    0.000
 3032.00   -0.57993   1.09233    0.000
 3033.00    3.97205   1.09258   -1.000
 3034.00    3.97205   1.09282   -1.000
 3035.00    2.65511   1.09306    1.101
 3036.00    2.49014   1.09330    1.101
 3037.00    1.95278   1.09354    1.101
 3038.00    1.79494   1.09376    1.101
 3039.00    1.52193   1.09375    1.101
 3040.00    1.37970   1.09298    1.101
 3041.00    1.45347   1.09115    1.101
 3042.00    1.51580   1.08913    1.101
 3043.00    1.28678   1.08807    1.101
 3044.00    0.97853   1.08795    1.101
 3045.00    1.35379   1.08813    1.101
 3046.00    2.18597   1.08837    1.101
 3047.00    1.53320   1.08861    1.101
 3048.00   -1.15619   1.08885    0.000
 3049.00   -1.14497   1.08909    0.000
 3050.00   -1.01516   1.08933    0.000
 3051.00   -1.01516   1.08957    0.000
 3052.00    0.97297   1.08981    1.101
 3053.00    1.04750   1.09005    1.101
 3054.00    1.86466   1.09029    1.101
 3055.00    2.01069   1.09053    1.101
 3056.00    2.30504   1.09077    1.101
 3057.00    2.41231   1.09102    1.101
 3058.00    1.65069   1.09138    1.101
 3059.00    1.17830   1.09280    1.101
 3060.00    0.62544   1.09777    1.101
 3061.00    0.07581   1.10765    1.101
 3062.00   -0.47249   1.11853    0.000
 3063.00   -1.34472   1.12494    0.000
 3064.00   -1.25016   1.12692    0.000
 3065.00   -0.99516   1.12744    0.000
 3066.00   -0.65709   1.12770    0.000
 3067.00    1.18898   1.12795    1.101
 3068.00    1.19015   1.12820    1.101
 3069.00    1.21867   1.12844    1.101
 3070.00    1.21867   1.12869    1.101
 3071.00    1.93196   1.12894    1.101
 3072.00    1.99077   1.12918    1.101
 3073.00    2.04466   1.12943    1.101
 3074.00    2.05745   1.12968    1.101
 3075.00    1.38626   1.12993    1.101
 3076.00    1.08805   1.13017    1.101
 3077.00    0.80424   1.13042    1.101
 3078.00    0.59609   1.13064    1.101
 3079.00    1.13620   1.13064    1.101
 3080.00    1.76662   1.12992    1.101
 3081.00    2.18527   1.12820    1.101
 3082.00    2.97762   1.12626    1.101
 3083.00    2.23936   1.12522    1.101
 3084.00   -0.23246   1.12510    0.000
 3085.00   -0.05840   1.12529    0.000
 3086.00    1.28772   1.12553    1.101
 3087.00    1.28772   1.12578    1.101
 3088.00    1.92274   1.12603    1.101
 3089.00    1.92337   1.12627    1.101
 3090.00    2.56567   1.12652    1.101
 3091.00    2.65053   1.12676    1.101
 3092.00    0.37701   1.12701    1.101
 3093.00   -0.31047   1.12725    0.000
 3094.00    0.02369   1.12750    1.101
 3095.00    0.20177   1.12774    1.101
 3096.00    1.32609   1.12799    1.101
 3097.00    2.29695   1.12824    1.101
 3098.00    1.56876   1.12868    1.101
 3099.00    0.56686   1.13068    1.101
 3100.00    0.27952   1.13784    1.101
 3101.00   -0.37395   1.15208    0.000
 3102.00   -0.24931   1.16795    0.000
 3103.00    0.28224   1.17747    1.101
 3104.00    0.32261   1.18039    1.101
 3105.00    0.82618   1.18107    1.101
 3106.00    0.82618   1.18135    1.101
 3107.00   -0.27082   1.18161    0.000
 3108.00   -0.31832   1.18187    0.000
 3109.00    0.84240   1.18212    1.101
 3110.00    1.05855   1.18238    1.101
 3111.00    0.81845   1.18263    1.101
 3112.00    0.72853   1.18289    1.101
 3113.00    1.58266   1.18315    1.101
 3114.00    2.12459   1.18340    1.101
 3115.00    1.63863   1.18366    1.101
 3116.00    1.14551   1.18391    1.101
 3117.00    0.75741   1.18416    1.101
 3118.00    0.12651   1.18424    1.101
 3119.00    0.54838   1.18294    1.101
 3120.00    1.71767   1.17712    1.101
 3121.00    1.53966   1.16510    1.101
 3122.00    0.52631   1.15162    1.101
 3123.00    0.53516   1.14365    1.101
 3124.00    0.78727   1.14147    1.101
 3125.00    0.78727   1.14133    1.101
 3126.00    0.32670   1.14154    1.101
 3127.00    0.28581   1.14179    1.101
 3128.00    0.25721   1.14203    1.101
 3129.00    0.25018   1.14228    1.101
 3130.00    0.97416   1.14253    1.101
 3131.00    1.30398   1.14277    1.101
 3132.00    1.12059   1.14302    1.101
 3133.00    0.98310   1.14326    1.101
 3134.00    0.27307   1.14351    1.101
 3135.00   -0.57380   1.14375    0.000
 3136.00    0.04052   1.14400    1.101
 3137.00    1.23128   1.14425    1.101
 3138.00    1.16483   1.14456    1.101
 3139.00    0.93579   1.14541    1.101
 3140.00    0.85981   1.14799    1.101
 3141.00    0.24114   1.15293    1.101
 3142.00    0.24114   1.15845    1.101
 3143.00   -1.10122   1.16188    0.000
 3144.00   -1.10979   1.16309    0.000
 3145.00    1.18712   1.16349    1.101
 3146.00    1.50649   1.16375    1.101
 3147.00    2.59744   1.16400    1.101
 3148.00    2.93734   1.16425    1.101
 3149.00    1.67856   1.16450    1.101
 3150.00    0.99169   1.16475    1.101
 3151.00    0.65158   1.16500    1.101
 3152.00    0.35148   1.16525    1.101
 3153.00    0.58456   1.16550    1.101
 3154.00    0.91240   1.16575    1.101
 3155.00    0.54944   1.16599    1.101
 3156.00   -0.29631   1.16624    0.000
 3157.00   -0.13718   1.16650    0.000
 3158.00    0.56586   1.16685    1.101
 3159.00    0.63654   1.16804    1.101
 3160.00    1.59253   1.17189    1.101
 3161.00    1.59253   1.17937    1.101
 3162.00    0.88055   1.18775    1.101
 3163.00    0.84573   1.19296    1.101
 3164.00    0.60985   1.19475    1.101
 3165.00    0.56421   1.19525    1.101
 3166.00    0.42714   1.19553    1.101
 3167.00    0.37441   1.19578    1.101
 3168.00    1.06322   1.19604    1.101
 3169.00    1.51023   1.19629    1.101
 3170.00    1.19147   1.19655    1.101
 3171.00    0.86098   1.19680    1.101
 3172.00    1.06539   1.19705    1.101
 3173.00    1.40537   1.19731    1.101
 3174.00    1.42385   1.19756    1.101
 3175.00    1.47653   1.19782    1.101
 3176.00    1.46912   1.19807    1.101
 3177.00    1.42510   1.19830    1.101
 3178.00    1.44625   1.19819    1.101
 3179.00    2.15930   1.19530    1.101
 3180.00    2.15930   1.18356    1.101
 3181.00    1.76439   1.15973    1.101
 3182.00    1.72680   1.13292    1.101
 3183.00    2.12228   1.11649    1.101
 3184.00    2.22278   1.11143    1.101
 3185.00    1.09538   1.11079    1.101
 3186.00    0.56942   1.11095    1.101
 3187.00    1.17675   1.11118    1.101
 3188.00    1.64167   1.11142    1.101
 3189.00    2.42662   1.11165    1.101
 3190.00    3.38336   1.11189    1.101
 3191.00    2.86317   1.11212    1.101
 3192.00    1.83038   1.11236    1.101
 3193.00    1.46200   1.11259    1.101
 3194.00    0.15199   1.11283    1.101
 3195.00    0.04405   1.11306    1.101
 3196.00   -0.88582   1.11330    0.000
 3197.00   -0.88582   1.11354    0.000
 3198.00    0.50615   1.11390    1.101
 3199.00    0.52265   1.11522    1.101
 3200.00    0.96037   1.11956    1.101
 3201.00    1.02430   1.12803    1.101
 3202.00    0.30350   1.13754    1.101
 3203.00    0.07252   1.14354    1.101
 3204.00    0.46693   1.14566    1.101
 3205.00    0.68725   1.14621    1.101
 3206.00    0.86949   1.14648    1.101
 3207.00    1.03380   1.14672    1.101
 3208.00    1.29560   1.14696    1.101
 3209.00    1.67172   1.14720    1.101
 3210.00    1.36856   1.14744    1.101
 3211.00    0.64377   1.14768    1.101
 3212.00    0.55198   1.14792    1.101
 3213.00    0.13153   1.14816    1.101
 3214.00    0.20902   1.14840    1.101
 3215.00    1.35221   1.14864    1.101
 3216.00    1.35221   1.14888    1.101
 3217.00    0.87700   1.14910    1.101
 3218.00    0.85093   1.14906    1.101
 3219.00    1.25107   1.14695    1.101
 3220.00    1.33157   1.13837    1.101
 3221.00    1.03628   1.12093    1.101
 3222.00    0.91962   1.10126    1.101
 3223.00    1.19787   1.08898    1.101
 3224.00    1.38254   1.08506    1.101
 3225.00    1.80607   1.08460    1.101
 3226.00    2.25429   1.08476    1.101
 3227.00    1.62549   1.08498    1.101
 3228.00    0.55535   1.08521    1.101
 3229.00    0.61825   1.08543    1.101
 3230.00    0.80261   1.08566    1.101
 3231.00    0.94823   1.08589    1.101
 3232.00    1.85084   1.08611    1.101
 3233.00    1.80857   1.08634    1.101
 3234.00    0.04713   1.08656    1.101
 3235.00    0.04713   1.08679    1.101
 3236.00    0.92293   1.08702    1.101
 3237.00    1.01197   1.08729    1.101
 3238.00    2.38565   1.08811    1.101
 3239.00    2.74644   1.09307    1.101
 3240.00    1.04675   1.11099    1.101
 3241.00    0.23402   1.14664    1.101
 3242.00    0.34189   1.18681    1.101
 3243.00    0.42629   1.21237    1.101
 3244.00    1.02787   1.22123    1.101
 3245.00    1.77722   1.22291    1.101
 3246.00    1.81994   1.22330    1.101
 3247.00    1.90683   1.22356    1.101
 3248.00    1.77839   1.22382    1.101
 3249.00    1.30764   1.22407    1.101
 3250.00    1.28200   1.22432    1.101
 3251.00    1.04768   1.22458    1.101
 3252.00    1.04768   1.22483    1.101
 3253.00   -0.74002   1.22508    0.000
 3254.00   -0.77110   1.22534    0.000
 3255.00   -0.03709   1.22559    0.000
 3256.00    0.07508   1.22584    1.101
 3257.00    2.22338   1.22612    1.101
 3258.00    2.93204   1.22675    1.101
 3259.00    2.12263   1.22990    1.101
 3260.00    1.65985   1.24090    1.101
 3261.00    1.18141   1.26263    1.101
 3262.00    0.74068   1.28714    1.101
 3263.00    1.42736   1.30293    1.101
 3264.00    2.43606   1.30859    1.101
 3265.00    2.44878   1.30976    1.101
 3266.00    2.48000   1.31011    1.101
 3267.00    2.35253   1.31039    1.101
 3268.00    1.74671   1.31066    1.101
 3269.00    1.62952   1.31093    1.101
 3270.00   -0.27009   1.31120    0.000
 3271.00   -0.27009   1.31147    0.000
 3272.00    0.33750   1.31174    1.101
 3273.00    0.37431   1.31201    1.101
 3274.00    1.00835   1.31228    1.101
 3275.00    1.14085   1.31255    1.101
 3276.00    2.30475   1.31282    1.101
 3277.00    2.77685   1.31309    1.101
 3278.00    1.51077   1.31333    1.101
 3279.00    0.65236   1.31343    1.101
 3280.00    0.62107   1.31306    1.101
 3281.00    0.58723   1.31205    1.101
 3282.00    0.89557   1.31087    1.101
 3283.00    1.43259   1.31021    1.101
 3284.00    1.44651   1.31015    1.101
 3285.00    1.48849   1.31036    1.101
 3286.00    1.50410   1.31063    1.101
 3287.00    1.60541   1.31089    1.101
 3288.00    1.61625   1.31116    1.101
 3289.00    2.20570   1.31143    1.101
 3290.00    2.20570   1.31170    1.101
 3291.00    1.26849   1.31197    1.101
 3292.00    1.16706   1.31224    1.101
 3293.00    0.16582   1.31250    1.101
 3294.00   -0.10577   1.31277    0.000
 3295.00    0.26193   1.31304    1.101
 3296.00    0.44191   1.31331    1.101
 3297.00    1.29728   1.31356    1.101
 3298.00    1.98128   1.31358    1.101
 3299.00    1.48483   1.31200    1.101
 3300.00    0.85285   1.30553    1.101
 3301.00    0.89748   1.29235    1.101
 3302.00    0.99041   1.27737    1.101
 3303.00    0.53734   1.26774    1.101
 3304.00   -1.17757   1.26446    0.000
 3305.00   -1.06803   1.26407    0.000
 3306.00   -0.00311   1.26427    0.000
 3307.00   -0.00311   1.26452    0.000
 3308.00    1.40624   1.26478    1.101
 3309.00    1.43862   1.26503    1.101
 3310.00    0.97625   1.26529    1.101
 3311.00    0.90227   1.26555    1.101
 3312.00    1.99404   1.26580    1.101
 3313.00    2.36463   1.26603    1.101
 3314.00    1.56684   1.26585    1.101
 3315.00    1.10002   1.26292    1.101
 3316.00    0.94787   1.25159    1.101
 3317.00    0.80480   1.22874    1.101
 3318.00    0.77723   1.20274    1.101
 3319.00    0.73584   1.18588    1.101
 3320.00    0.88881   1.17992    1.101
 3321.00    1.27411   1.17922    1.101
 3322.00    1.01932   1.18095    1.101
 3323.00   -0.23840   1.18715    0.000
 3324.00   -0.17113   1.20033    0.000
 3325.00    1.03133   1.21797    1.101
 3326.00    1.03133   1.23201    1.101
 3327.00    2.02937   1.23469    1.101
 3328.00    2.09591   1.22717    1.101
 3329.00    0.93808   1.22021    1.101
 3330.00    0.68697   1.22335    1.101
 3331.00    0.90799   1.23656    1.101
 3332.00    1.00000   1.25141    1.101
 3333.00    1.30241   1.25660    1.101
 3334.00    1.51206   1.24441    1.101
 3335.00    1.25264   1.21544    1.101
 3336.00    0.96602   1.17905    1.101
 3337.00    0.72167   1.15037    1.101
 3338.00    0.28608   1.14206    1.101
 3339.00    0.34995   1.15429    1.101
 3340.00    0.54795   1.17439    1.101
 3341.00    0.46779   1.18894    1.101
 3342.00   -0.07627   1.19575    0.000
 3343.00   -0.06285   1.20307    0.000
 3344.00    0.98082   1.21867    1.101
 3345.00    0.98082   1.24050    1.101
 3346.00    0.08565   1.25803    1.101
 3347.00   -0.01717   1.26037    0.000
 3348.00    0.85398   1.24304    1.101
 3349.00    1.09755   1.21229    1.101
 3350.00    0.36225   1.18353    1.101
 3351.00   -0.00649   1.17191    0.000
 3352.00    0.28409   1.18141    1.101
 3353.00    0.52156   1.20274    1.101
 3354.00    0.95271   1.22304    1.101
 3355.00    1.51370   1.23602    1.101
 3356.00    1.54559   1.24076    1.101
 3357.00    1.61363   1.23376    1.101
 3358.00    1.51366   1.20749    1.101
 3359.00    1.12267   1.15823    1.101
 3360.00    1.17215   1.09648    1.101
 3361.00    1.68560   1.04699    1.101
 3362.00    1.68560   1.03293    1.101
 3363.00    0.89030   1.05926    1.101
 3364.00    0.86774   1.10886    1.101
 3365.00   -0.38424   1.15241    0.000
 3366.00   -0.59326   1.16613    0.000
 3367.00    1.34392   1.14614    1.101
 3368.00    2.02028   1.10741    1.101
 3369.00    1.02080   1.06861    1.101
 3370.00    0.42236   1.04096    1.101
 3371.00    0.90228   1.02698    1.101
 3372.00    1.36335   1.02514    1.101
 3373.00    1.74127   1.03636    1.101
 3374.00    2.32125   1.06446    1.101
 3375.00    1.62825   1.10911    1.101
 3376.00   -0.16432   1.15868    0.000
 3377.00    0.22912   1.19223    1.101
 3378.00    2.24817   1.19303    1.101
 3379.00    2.18611   1.16373    1.101
 3380.00    0.94456   1.12695    1.101
 3381.00    0.94456   1.10732    1.101
 3382.00    1.63420   1.11492    1.101
 3383.00    1.68442   1.14299    1.101
 3384.00    0.97204   1.17620    1.101
 3385.00    0.81184   1.20180    1.101
 3386.00    0.21456   1.21555    1.101
 3387.00   -0.04028   1.21927    0.000
 3388.00    0.52110   1.21723    1.101
 3389.00    0.91862   1.21393    1.101
 3390.00    1.26967   1.21060    1.101
 3391.00    1.66597   1.20355    1.101
 3392.00    1.36955   1.18922    1.101
 3393.00    0.82864   1.17190    1.101
 3394.00    1.31487   1.16335    1.101
 3395.00    2.86710   1.17380    1.101
 3396.00    2.76179   1.20371    1.101
 3397.00    2.01123   1.24425    1.101
 3398.00    1.99735   1.28367    1.101
 3399.00    0.11555   1.31070    1.101
 3400.00    0.11555   1.31706    1.101
 3401.00   -0.06729   1.30332    0.000
 3402.00   -0.08951   1.27868    0.000
 3403.00    0.93147   1.25334    1.101
 3404.00    1.22598   1.23307    1.101
 3405.00    1.59932   1.21760    1.101
 3406.00    1.79110   1.20287    1.101
 3407.00    1.00563   1.18685    1.101
 3408.00    0.34965   1.17338    1.101
 3409.00    1.04987   1.16922    1.101
 3410.00    1.98018   1.17612    1.101
 3411.00    1.86547   1.18712    1.101
 3412.00    1.61482   1.19114    1.101
 3413.00    1.47062   1.18190    1.101
 3414.00    0.88747   1.16352    1.101
 3415.00    0.84753   1.14750    1.101
 3416.00    0.40345   1.14583    1.101
 3417.00    0.40345   1.16519    1.101
 3418.00    1.68937   1.20324    1.101
 3419.00    1.73319   1.24891    1.101
 3420.00    0.64012   1.28744    1.101
 3421.00    0.44958   1.30582    1.101
 3422.00    0.18288   1.29928    1.101
 3423.00    0.08714   1.27616    1.101
 3424.00    0.56758   1.25274    1.101
 3425.00    0.86189   1.24024    1.101
 3426.00    0.63156   1.23891    1.101
 3427.00    0.40546   1.24536    1.101
 3428.00    0.61625   1.26029    1.101
 3429.00    0.94711   1.28543    1.101
 3430.00    1.29026   1.31197    1.101
 3431.00    2.20205   1.32085    1.101
 3432.00    1.88914   1.30242    1.101
 3433.00    0.22114   1.26829    1.101
 3434.00    0.32376   1.24036    1.101
 3435.00    2.63683   1.23107    1.101
 3436.00    2.63683   1.23423    1.101
 3437.00    0.57651   1.23405    1.101
 3438.00    0.41368   1.21836    1.101
 3439.00    1.03352   1.18341    1.101
 3440.00    1.17793   1.13457    1.101
 3441.00    1.21338   1.08442    1.101
 3442.00    1.22890   1.04715    1.101
 3443.00    1.23176   1.03210    1.101
 3444.00    1.23383   1.03902    1.101
 3445.00    0.97803   1.06082    1.101
 3446.00    0.68296   1.09119    1.101
 3447.00    0.63923   1.12776    1.101
 3448.00    0.55754   1.16960    1.101
 3449.00    0.74783   1.21298    1.101
 3450.00    1.37368   1.24728    1.101
 3451.00    1.38388   1.25889    1.101
 3452.00    1.46036   1.24513    1.101
 3453.00    1.45696   1.22064    1.101
 3454.00   -0.27758   1.20454    0.000
 3455.00   -0.27758   1.20351    0.000
 3456.00    1.99747   1.20758    1.101
 3457.00    2.28882   1.20160    1.101
 3458.00    2.67460   1.17927    1.101
 3459.00    2.78919   1.14708    1.101
 3460.00    1.76444   1.11817    1.101
 3461.00    1.22534   1.10335    1.101
 3462.00    1.36826   1.10776    1.101
 3463.00    1.49023   1.12933    1.101
 3464.00    1.30465   1.15642    1.101
 3465.00    1.05261   1.17413    1.101
 3466.00    1.30776   1.17870    1.101
 3467.00    1.87943   1.18058    1.101
 3468.00    1.60357   1.19193    1.101
 3469.00    0.44912   1.21476    1.101
 3470.00    0.43320   1.23984    1.101
 3471.00    0.24269   1.25384    1.101
 3472.00    0.24269   1.24653    1.101
 3473.00    0.70432   1.21508    1.101
 3474.00    0.72260   1.16679    1.101
 3475.00    2.15258   1.11775    1.101
 3476.00    2.41250   1.08580    1.101
 3477.00    1.91148   1.08242    1.101
 3478.00    1.72662   1.10636    1.101
 3479.00    1.34323   1.14381    1.101
 3480.00    1.10322   1.17791    1.101
 3481.00    1.50513   1.19813    1.101
 3482.00    1.90784   1.20244    1.101
 3483.00    1.83355   1.19554    1.101
 3484.00    1.71429   1.18702    1.101
 3485.00    2.08370   1.18813    1.101
 3486.00    3.09235   1.20399    1.101
 3487.00    3.09173   1.22610    1.101
 3488.00    3.08833   1.23611    1.101
 3489.00    2.98496   1.22056    1.101
 3490.00    0.30280   1.18381    1.101
 3491.00    0.30280   1.14543    1.101
 3492.00    0.00142   1.12455    1.101
 3493.00   -0.02430   1.12610    0.000
 3494.00    1.37156   1.13951    1.101
 3495.00    1.70826   1.14884    1.101
 3496.00    0.07079   1.14697    1.101
 3497.00   -0.66341   1.14319    0.000
 3498.00    0.57708   1.15455    1.101
 3499.00    1.49507   1.18736    1.101
 3500.00    0.95919   1.22874    1.101
 3501.00    0.32755   1.26050    1.101
 3502.00    0.36639   1.27879    1.101
 3503.00    0.44063   1.29112    1.101
 3504.00    0.40909   1.30018    1.101
 3505.00    0.30234   1.30125    1.101
 3506.00    0.30234   1.29179    1.101
 3507.00    0.30234   1.27672    1.101
 3508.00    0.30234   1.26219    1.101
 3509.00    0.30234   1.24802    1.101
 3510.00    0.30234   1.23092    1.101
 3511.00    0.30234   1.21064    1.101
 3512.00    2.63025   1.18883    1.101
 3513.00    3.13007   1.16650    1.101
 3514.00    3.13007   1.14742    1.101
 3515.00    3.13007   1.14248    1.101
 3516.00    3.13007   1.16373    1.101
 3517.00    3.13007   1.20969    1.101
 3518.00    3.13007   1.26079    1.101
 3519.00    2.60501   1.29188    1.101
 3520.00    1.87678   1.28933    1.101
 3521.00    2.26841   1.25788    1.101
 3522.00    3.16834   1.21315    1.101
 3523.00    2.99012   1.16895    1.101
 3524.00    2.21785   1.13116    1.101
 3525.00    2.16604   1.10344    1.101
 3526.00    1.49845   1.09388    1.101
 3527.00    1.49845   1.10988    1.101
 3528.00    2.07816   1.14883    1.101
 3529.00    2.10449   1.19696    1.101
 3530.00    2.50524   1.23670    1.101
 3531.00    2.58111   1.25759    1.101
 3532.00    0.66531   1.26288    1.101
 3533.00   -0.06102   1.26502    0.000
 3534.00    0.33149   1.27307    1.101
 3535.00    0.58285   1.28569    1.101
 3536.00    0.42316   1.29692    1.101
 3537.00    0.25968   1.30527    1.101
 3538.00    0.57371   1.31506    1.101
 3539.00    1.08951   1.32912    1.101
 3540.00    1.18986   1.34223    1.101
 3541.00    1.47150   1.34587    1.101
 3542.00    1.17325   1.33876    1.101
 3543.00   -0.55106   1.32975    0.000
 3544.00   -0.47106   1.32884    0.000
 3545.00    1.96949   1.33699    1.101
 3546.00    1.96949   1.34598    1.101
 3547.00    0.17863   1.34735    1.101
 3548.00    0.01443   1.34015    1.101
 3549.00    1.35965   1.32975    1.101
 3550.00    1.69483   1.32110    1.101
 3551.00    1.93643   1.31410    1.101
 3552.00    2.04750   1.30444    1.101
 3553.00    1.87157   1.28859    1.101
 3554.00    1.73849   1.26918    1.101
 3555.00    1.72933   1.25462    1.101
 3556.00    1.71830   1.25121    1.101
 3557.00    1.13602   1.25629    1.101
 3558.00   -0.00374   1.26143    0.000
 3559.00    0.48405   1.26159    1.101
 3560.00    2.18707   1.26036    1.101
 3561.00    2.29834   1.26543    1.101
 3562.00    3.22762   1.27800    1.101
 3563.00    3.22762   1.28675    1.101
 3564.00    1.83279   1.27441    1.101
 3565.00    1.82042   1.23443    1.101
 3566.00    2.81618   1.18154    1.101
 3567.00    2.95716   1.14033    1.101
 3568.00    0.96903   1.12060    1.101
 3569.00    0.34207   1.11161    1.101
 3570.00    0.91030   1.10122    1.101
 3571.00    1.22369   1.09045    1.101
 3572.00    1.75565   1.08828    1.101
 3573.00    2.22917   1.09900    1.101
 3574.00    1.03892   1.11745    1.101
 3575.00   -0.64879   1.13485    0.000
 3576.00   -0.48681   1.14465    0.000
 3577.00   -0.10495   1.14217    0.000
 3578.00    0.04266   1.12446    1.101
 3579.00    0.70552   1.09266    1.101
 3580.00    0.80738   1.05285    1.101
 3581.00    2.23383   1.01522    1.101
 3582.00    2.23383   0.98984    1.101
 3583.00    2.96858   0.98012    1.101
 3584.00    3.00630   0.98060    1.101
 3585.00    1.56174   0.98211    1.101
 3586.00    1.27722   0.98034    1.101
 3587.00    0.16016   0.97958    1.101
 3588.00   -0.27484   0.98810    0.000
 3589.00   -0.32205   1.01183    0.000
 3590.00   -0.35294   1.05110    0.000
 3591.00   -0.97609   1.09920    0.000
 3592.00   -1.62788   1.14377    0.000
 3593.00   -1.48350   1.17492    0.000
 3594.00   -1.24087   1.19488    0.000
 3595.00   -0.51272   1.21604    0.000
 3596.00    1.58613   1.24745    1.101
 3597.00    1.60014   1.28589    1.101
 3598.00    1.68469   1.32140    1.101
 3599.00    1.69021   1.34765    1.101
 3600.00    1.89395   1.36159    1.101
 3601.00    1.89395   1.35776    1.101
 3602.00    1.16031   1.33173    1.101
 3603.00    1.08833   1.28794    1.101
 3604.00    0.80514   1.23973    1.101
 3605.00    0.73219   1.20173    1.101
 3606.00    1.63240   1.18049    1.101
 3607.00    2.05663   1.17027    1.101
 3608.00    1.36955   1.15995    1.101
 3609.00    0.83833   1.14624    1.101
 3610.00    0.73937   1.13835    1.101
 3611.00    0.61756   1.14723    1.101
 3612.00    1.03856   1.17263    1.101
 3613.00    1.88181   1.20443    1.101
 3614.00    1.72136   1.23530    1.101
 3615.00    1.14341   1.26294    1.101
 3616.00    1.34085   1.28006    1.101
 3617.00    3.08750   1.27335    1.101
 3618.00    3.08750   1.23788    1.101
 3619.00    1.41590   1.19050    1.101
 3620.00    1.39231   1.16279    1.101
 3621.00    2.73512   1.17542    1.101
 3622.00    2.93469   1.22293    1.101
 3623.00    1.63695   1.28400    1.101
 3624.00    1.21556   1.34135    1.101
 3625.00    0.98210   1.39156    1.101
 3626.00    0.85029   1.43901    1.101
 3627.00    2.46008   1.48211    1.101
 3628.00    3.92428   1.50638    1.101
 3629.00    3.18748   1.49258    1.101
 3630.00    2.11929   1.43318    1.101
 3631.00    2.32305   1.34511    1.101
 3632.00    2.81595   1.26463    1.101
 3633.00    2.52793   1.22242    1.101
 3634.00    1.18652   1.22402    1.101
 3635.00    1.13228   1.25363    1.101
 3636.00    0.30499   1.29119    1.101
 3637.00    0.30499   1.32658    1.101
 3638.00    1.18392   1.36178    1.101
 3639.00    1.23429   1.40016    1.101
 3640.00    2.87178   1.43594    1.101
 3641.00    3.20698   1.45638    1.101
 3642.00    1.26226   1.45181    1.101
 3643.00    0.48557   1.42338    1.101
 3644.00    0.33874   1.38205    1.101
 3645.00    0.24050   1.33969    1.101
 3646.00    0.98538   1.30210    1.101
 3647.00    1.78142   1.27033    1.101
 3648.00    1.74189   1.24712    1.101
 3649.00    1.67391   1.24007    1.101
 3650.00    1.47940   1.25683    1.101
 3651.00    0.90263   1.29732    1.101
 3652.00    1.01327   1.35181    1.101
 3653.00    1.71191   1.40626    1.101
 3654.00    1.69088   1.44967    1.101
 3655.00    0.71036   1.47983    1.101
 3656.00    0.71036   1.50308    1.101
 3657.00    1.77145   1.52761    1.101
 3658.00    1.88217   1.55574    1.101
 3659.00    2.53698   1.58137    1.101
 3660.00    2.71100   1.59533    1.101
 3661.00    2.36682   1.59215    1.101
 3662.00    2.20058   1.57302    1.101
 3663.00    0.92507   1.54602    1.101
 3664.00   -0.08285   1.52261    0.000
 3665.00    0.20088   1.51012    1.101
 3666.00    0.55745   1.50623    1.101
 3667.00    0.75117   1.50145    1.101
 3668.00    1.14870   1.48777    1.101
 3669.00    1.15372   1.46717    1.101
 3670.00    1.17236   1.45223    1.101
 3671.00    1.19663   1.45605    1.101
 3672.00    1.42464   1.47975    1.101
 3673.00    1.42464   1.51065    1.101
 3674.00    1.68523   1.53255    1.101
 3675.00    1.69035   1.53520    1.101
 3676.00    0.16039   1.51568    1.101
 3677.00   -0.07791   1.47731    0.000
 3678.00    0.76457   1.42926    1.101
 3679.00    1.04613   1.38431    1.101
 3680.00    2.05162   1.35513    1.101
 3681.00    2.63199   1.34921    1.101
 3682.00    1.41821   1.36404    1.101
 3683.00    0.29129   1.38714    1.101
 3684.00   -0.01404   1.40188    0.000
 3685.00   -0.46666   1.39516    0.000
 3686.00   -0.08404   1.36498    0.000
 3687.00    0.86600   1.32543    1.101
 3688.00    0.72842   1.30204    1.101
 3689.00    0.06440   1.31497    1.101
 3690.00    0.10098   1.36420    1.101
 3691.00    0.71584   1.42936    1.101
 3692.00    0.71584   1.48268    1.101
 3693.00    2.42765   1.50643    1.101
 3694.00    2.53608   1.50268    1.101
 3695.00    1.48840   1.48714    1.101
 3696.00    1.26571   1.47575    1.101
 3697.00    1.17502   1.47873    1.101
 3698.00    1.13783   1.50145    1.101
 3699.00    1.99315   1.54164    1.101
 3700.00    2.57837   1.58476    1.101
 3701.00    1.99686   1.60814    1.101
 3702.00    1.36189   1.59233    1.101
 3703.00    0.15089   1.53087    1.101
 3704.00   -1.97835   1.43600    0.000
 3705.00   -1.23701   1.33682    0.000
 3706.00    1.02220   1.26479    1.101
 3707.00    0.69138   1.23550    1.101
 3708.00   -1.49644   1.24222    0.000
 3709.00   -1.45651   1.26664    0.000
 3710.00    1.05864   1.29594    1.101
 3711.00    1.05864   1.33044    1.101
 3712.00    5.09220   1.37691   -1.000
 3713.00    5.53964   1.43713   -1.000
 3714.00    2.01946   1.50267    1.101
 3715.00    1.05343   1.55778    1.101
 3716.00    1.78764   1.58708    1.101
 3717.00    2.15099   1.58059    1.101
 3718.00    3.04924   1.53299    0.000
 3719.00    3.77466   1.44447    0.000
 3720.00    3.25955   1.32748    0.000
 3721.00    2.59792   1.21177    0.000
 3722.00    2.03033   1.13658    0.000
 3723.00    0.83668   1.12963    0.000
 3724.00    0.79671   1.19150    0.000
 3725.00    0.64313   1.29603    0.000
 3726.00    0.91565   1.40306    0.000
 3727.00    3.63573   1.48074    0.000
 3728.00    3.63573   1.52266    0.000
 3729.00    4.80799   1.53969    0.000
 3730.00    4.83732   1.53635    0.000
 3731.00    2.52681   1.50117    0.000
 3732.00    2.15026   1.42037    0.000
 3733.00    3.01199   1.29876    0.000
 3734.00    3.30828   1.16515    0.000
 3735.00    3.66114   1.05795    0.000
 3736.00    3.86957   1.00867    0.000
 3737.00    3.68357   1.03285    0.000
 3738.00    3.50712   1.12617    1.101
 3739.00    2.42144   1.26626    1.101
 3740.00    0.77558   1.41795    1.101
 3741.00    0.80285   1.54205    1.101
 3742.00    0.87240   1.61046    1.101
 3743.00    0.69543   1.61717    1.101
 3744.00   -0.19200   1.57504    0.000
 3745.00   -0.11353   1.50357    0.000
 3746.00    1.35322   1.41766    1.101
 3747.00    1.35322   1.32345    1.101
 3748.00    1.91512   1.22439    1.101
 3749.00    1.95415   1.13269    1.101
 3750.00    1.10253   1.07353    1.101
 3751.00    0.91505   1.07378    1.101
 3752.00    1.52236   1.14264    1.101
 3753.00    1.77759   1.26508    1.101
 3754.00    1.88432   1.41193    1.101
 3755.00    1.95899   1.54984    1.101
 3756.00    1.80175   1.64675    1.101
 3757.00    1.62632   1.68394    1.101
 3758.00    1.47700   1.66927    1.101
 3759.00    1.20826   1.63478    1.101
 3760.00    1.52332   1.61392    1.101
 3761.00    2.51178   1.61774    1.101
 3762.00    2.56833   1.63394    1.101
 3763.00    2.96063   1.64413    1.101
 3764.00    2.94396   1.63754    1.101
 3765.00    1.33486   1.61145    1.101
 3766.00    1.33486   1.56636    1.101
 3767.00    1.25828   1.50684    1.101
 3768.00    1.24927   1.44268    1.101
 3769.00    1.88492   1.38452    1.101
 3770.00    2.06494   1.34114    1.101
 3771.00    1.86353   1.32158    1.101
 3772.00    1.76142   1.33512    1.101
 3773.00    1.53688   1.38419    1.101
 3774.00    1.35175   1.45835    1.101
 3775.00    0.94680   1.54095    1.101
 3776.00    0.41569   1.62181    1.101
 3777.00    1.22246   1.70066    1.101
 3778.00    2.96155   1.78094    1.101
 3779.00    2.57934   1.86284    1.101
 3780.00    1.06166   1.94117    1.101
 3781.00    1.07227   2.00860    1.101
 3782.00    1.18551   2.05974    1.101
 3783.00    1.18551   2.09224    1.101
 3784.00    1.63943   2.10339    1.101
 3785.00    1.65336   2.08678    1.101
 3786.00    1.15595   2.03785    1.101
 3787.00    1.07125   1.96366    1.101
 3788.00    1.42869   1.88308    1.101
 3789.00    1.55508   1.81583    1.101
 3790.00    0.76207   1.77151    1.101
 3791.00    0.28279   1.74497    1.101
 3792.00    1.21381   1.71879    1.101
 3793.00    2.11619   1.67247    1.101
 3794.00    2.47465   1.59491    1.101
 3795.00    3.03042   1.49112    1.101
 3796.00    2.35521   1.37697    0.000
 3797.00    0.58942   1.26897    0.000
 3798.00    0.64591   1.18212    0.000
 3799.00    0.93999   1.13561    0.000
 3800.00    0.97084   1.15020    0.000
 3801.00    1.61947   1.23247    0.000
 3802.00    1.61947   1.36510    0.000
 3803.00    1.49779   1.51511    1.101
 3804.00    1.48858   1.64981    1.101
 3805.00    2.21206   1.74875    1.101
 3806.00    2.37715   1.80818    1.101
 3807.00    1.02366   1.84118    1.101
 3808.00    0.44008   1.87042    1.101
 3809.00    1.49709   1.91303    1.101
 3810.00    2.25311   1.96721    1.101
 3811.00    2.46502   2.01292    1.101
 3812.00    2.70661   2.02702    1.101
 3813.00    2.60780   2.00053    1.101
 3814.00    2.42592   1.94494    1.101
 3815.00    2.55233   1.88419    1.101
 3816.00    2.96081   1.83974    1.101
 3817.00    2.76270   1.81826    1.101
 3818.00    1.31814   1.80923    1.101
 3819.00    1.31670   1.79428    1.101
 3820.00    1.03736   1.76449    1.101
 3821.00    1.03736   1.73026    1.101
 3822.00    2.16177   1.70885    1.101
 3823.00    2.30124   1.70157    1.101
 3824.00    1.74526   1.69014    1.101
 3825.00    1.58285   1.65817    1.101
 3826.00    1.82333   1.60890    1.101
 3827.00    1.94821   1.55890    1.101
 3828.00    1.12575   1.52007    1.101
 3829.00    0.43277   1.49106    1.101
 3830.00    1.25238   1.46063    1.101
 3831.00    2.35111   1.41438    1.101
 3832.00    2.07194   1.34245    1.101
 3833.00    1.45497   1.24760    0.000
 3834.00    1.42644   1.14725    0.000
 3835.00    1.30928   1.06589    0.000
 3836.00    1.34034   1.02266    0.000
 3837.00    1.69483   1.02287    0.000
 3838.00    1.69483   1.05702    0.000
 3839.00   -0.09755   1.11165    0.000
 3840.00   -0.16286   1.18167    0.000
 3841.00    1.01488   1.27101    0.000
 3842.00    1.22415   1.38172    1.101
 3843.00    0.86055   1.50599    1.101
 3844.00    0.72853   1.62770    1.101
 3845.00    1.15642   1.73042    1.101
 3846.00    1.42072   1.80585    1.101
 3847.00    2.11912   1.85587    1.101
 3848.00    2.81074   1.88642    1.101
 3849.00    2.36355   1.90199    1.101
 3850.00    1.65437   1.90758    1.101
 3851.00    1.78354   1.91104    1.101
 3852.00    2.13062   1.91985    1.101
 3853.00    2.01153   1.93352    1.101
 3854.00    1.36609   1.94269    1.101
 3855.00    1.44935   1.93923    1.101
 3856.00    3.44547   1.92439    1.101
 3857.00    3.44547   1.90411    1.101
 3858.00    1.43769   1.88188    1.101
 3859.00    1.27329   1.86083    1.101
 3860.00    0.65983   1.84884    1.101
 3861.00    0.51507   1.85536    1.101
 3862.00    1.49070   1.88229    0.000
 3863.00    1.92218   1.91941    0.000
 3864.00    2.54387   1.95030    0.000
 3865.00    2.99845   1.96476    0.000
 3866.00    1.82418   1.96487    0.000
 3867.00    0.45762   1.95999    0.000
 3868.00    0.84480   1.95676    0.000
 3869.00    1.57444   1.95362    0.000
 3870.00    1.73891   1.94401    0.000
 3871.00    2.28654   1.92382    0.000
 3872.00    2.11166   1.89786    1.101
 3873.00    0.76900   1.88014    1.101
 3874.00    0.76900   1.88381    1.101
 3875.00    1.19107   1.90781    1.101
 3876.00    1.19118   1.93092    1.101
 3877.00    0.66294   1.92564    1.101
 3878.00    0.59381   1.88424    1.101
 3879.00    1.36180   1.82687    1.101
 3880.00    1.59308   1.77842    1.101
 3881.00    1.56881   1.74638    1.101
 3882.00    1.55590   1.72155    0.000
 3883.00    2.06021   1.69145    0.000
 3884.00    2.49397   1.64836    0.000
 3885.00    1.21108   1.58520    0.000
 3886.00   -0.54695   1.49511    0.000
 3887.00   -0.27648   1.38389    0.000
 3888.00    0.33650   1.27843    0.000
 3889.00    0.36358   1.21436    0.000
 3890.00    0.47853   1.21571    0.000
 3891.00    0.56613   1.28204    0.000
 3892.00    1.64341   1.39228    1.101
 3893.00    1.64341   1.51386    1.101
 3894.00    3.42388   1.61880    1.101
 3895.00    3.49909   1.69722    1.101
 3896.00    1.82769   1.75765    1.101
 3897.00    1.51818   1.81172    1.101
 3898.00    1.21730   1.86153    1.101
 3899.00    1.10504   1.90315    1.101
 3900.00    2.72076   1.93691    1.101
 3901.00    3.74169   1.96888    1.101
 3902.00    2.58505   2.00282    1.101
 3903.00    1.41478   2.03306    1.101
 3904.00    2.13996   2.05085    1.101
 3905.00    3.31641   2.05639    1.101
 3906.00    3.59158   2.06100    1.101
 3907.00    4.35047   2.08008    1.101
 3908.00    4.07123   2.12405    1.101
 3909.00    2.49370   2.19032    1.101
 3910.00    2.51861   2.26184    1.101
 3911.00    3.21228   2.31966    1.101
 3912.00    3.21228   2.35411    1.101
 3913.00    2.09578   2.36510    1.101
 3914.00    1.99763   2.35723    1.101
 3915.00    4.03436   2.33906    1.101
 3916.00    4.53179   2.31782    1.101
 3917.00    2.21155   2.29541    1.101
 3918.00    1.15930   2.26799    1.101
 3919.00    1.32620   2.23185    1.101
 3920.00    1.45095   2.18881    1.101
 3921.00    1.82629   2.14672    1.101
 3922.00    2.27265   2.11698    1.101
 3923.00    2.37687   2.10638    1.101
 3924.00    2.57801   2.11146    1.101
 3925.00    2.43029   2.11713    1.101
 3926.00    1.92318   2.10601    1.101
 3927.00    1.82388   2.06691    1.101
 3928.00    1.01927   1.99878    1.101
 3929.00    1.01927   1.91137    1.101
 3930.00    1.36441   1.81752    1.101
 3931.00    1.36628   1.72407    1.101
 3932.00    1.36098   1.63068    1.101
 3933.00    1.36025   1.54156    1.101
 3934.00    1.16513   1.47425    1.101
 3935.00    1.10459   1.45160    1.101
 3936.00    1.32905   1.48557    1.101
 3937.00    1.45113   1.56840    1.101
 3938.00    0.92066   1.67951    1.101
 3939.00    0.45442   1.79520    1.101
 3940.00    0.51872   1.89692    1.101
 3941.00    0.60879   1.97248    1.101
 3942.00    2.02316   2.01801    1.101
 3943.00    5.31111   2.03614   -1.000
 3944.00    4.96691   2.03911   -1.000
 3945.00    3.45360   2.04559    1.101
 3946.00    3.39691   2.06670    1.101
 3947.00    2.64176   2.10149    1.101
 3948.00    2.64176   2.14048    1.101
 3949.00    1.85899   2.17435    1.101
 3950.00    1.82134   2.20244    1.101
 3951.00    1.30796   2.22582    1.101
 3952.00    1.20899   2.24318    1.101
 3953.00    0.70646   2.25417    1.101
 3954.00    0.51407   2.26075    1.101
 3955.00    1.87677   2.26139    1.101
 3956.00    2.75749   2.24857    1.101
 3957.00    2.74258   2.21757    1.101
 3958.00    2.72716   2.17350    1.101
 3959.00    2.37802   2.12171    1.101
 3960.00    1.79914   2.05659    1.101
 3961.00    1.77928   1.96762    0.000
 3962.00    1.72296   1.85653    0.000
 3963.00    1.43479   1.74031    0.000
 3964.00   -0.26416   1.63195    0.000
 3965.00   -0.25108   1.52751    0.000
 3966.00    0.18232   1.41003    0.000
 3967.00    0.18232   1.27141    0.000
 3968.00    1.73751   1.12524    0.000
 3969.00    1.88418   1.00192    0.000
 3970.00    1.82030   0.93137    0.000
 3971.00    1.80417   0.92813    0.000
 3972.00    1.58700   0.99092    0.000
 3973.00    1.48602   1.10699    0.000
 3974.00    1.16578   1.25922    0.000
 3975.00    0.92136   1.42852    1.101
 3976.00    0.78435   1.59767    1.101
 3977.00    0.61801   1.75533    1.101
 3978.00    1.82792   1.89855    1.101
 3979.00    4.21958   2.02546    1.101
 3980.00    4.04358   2.13240    1.101
 3981.00    3.42035   2.21353    1.101
 3982.00    3.32121   2.26693    1.101
 3983.00    2.47379   2.29997    1.101
 3984.00    2.47379   2.32608    1.101
 3985.00    3.75870   2.35878    1.101
 3986.00    3.77265   2.40209    1.101
 3987.00    3.54198   2.45022    1.101
 3988.00    3.50859   2.49422    1.101
 3989.00    3.49862   2.52747    1.101
 3990.00    3.49543   2.54976    1.101
 3991.00    2.57963   2.56806    1.101
 3992.00    2.06969   2.59047    1.101
 3993.00    2.42162   2.61822    1.101
 3994.00    2.73767   2.64255    1.101
 3995.00    3.15413   2.65076    1.101
 3996.00    3.75064   2.63780    1.101
 3997.00    3.37054   2.61295    1.101
 3998.00    2.46502   2.59516    1.101
 3999.00    2.34614   2.59907    1.101
 4000.00    1.80526   2.62717    1.101
 4001.00    1.90163   2.66964    1.101
 4002.00    3.30051   2.70843    1.101
 4003.00    3.30051   2.72487    1.101
 4004.00    3.22295   2.70737    1.101
 4005.00    3.21876   2.65998    1.101
 4006.00    2.06463   2.60554    1.101
 4007.00    1.83367   2.57703    1.101
 4008.00    2.46608   2.59339    1.101
 4009.00    2.71474   2.64513    1.101
 4010.00    2.50533   2.70473    1.101
 4011.00    2.36692   2.75149    1.101
 4012.00    2.26910   2.78215    1.101
 4013.00    2.16578   2.80239    1.101
 4014.00    2.70190   2.81898    1.101
 4015.00    3.61144   2.83474    1.101
 4016.00    3.62004   2.84716    1.101
 4017.00    3.64514   2.85539    1.101
 4018.00    3.49772   2.86268    1.101
 4019.00    2.58951   2.87259    1.101
 4020.00    2.59383   2.88539    1.101
 4021.00    2.76790   2.89480    1.101
 4022.00    2.76790   2.89158    1.101
 4023.00    3.01176   2.87183    1.101
 4024.00    3.03626   2.84105    0.000
 4025.00    2.70938   2.81159    0.000
 4026.00    2.62404   2.79881    0.000
 4027.00    2.04392   2.81142    0.000
 4028.00    1.76745   2.83825    0.000
 4029.00    2.30818   2.84879    0.000
 4030.00    2.73000   2.81445    0.000
 4031.00    2.71516   2.73212    1.101
 4032.00    2.69675   2.62933    1.101
 4033.00    3.18599   2.54668    1.101
 4034.00    4.17674   2.51365    1.101
 4035.00    3.96504   2.53952    1.101
 4036.00    3.19136   2.61793    1.101
 4037.00    3.07977   2.72997    1.101
 4038.00    2.06832   2.84565    1.101
 4039.00    2.06832   2.93298    1.101
 4040.00    1.89982   2.97234    1.101
 4041.00    1.89706   2.96487    1.101
 4042.00    2.72121   2.92560    1.101
 4043.00    2.84636   2.86243    1.101
 4044.00    2.72474   2.77086    1.101
 4045.00    2.68478   2.65583    1.101
 4046.00    2.48270   2.54995    1.101
 4047.00    2.36765   2.50212    1.101
 4048.00    2.98221   2.53883    1.101
 4049.00    3.54613   2.64129    1.101
 4050.00    3.36689   2.76205    1.101
 4051.00    3.10440   2.85794    1.101
 4052.00    2.81966   2.90790    1.101
 4053.00    2.12349   2.91116    1.101
 4054.00    2.15886   2.88037    1.101
 4055.00    2.32581   2.83452    1.101
 4056.00    2.27295   2.78980    1.101
 4057.00    1.43113   2.75528    1.101
 4058.00    1.43113   2.73516    1.101
 4059.00    2.10944   2.73193    1.101
 4060.00    2.15016   2.74114    1.101
 4061.00    2.87354   2.74489    1.101
 4062.00    3.02393   2.71990    1.101
 4063.00    2.11573   2.65889    1.101
 4064.00    1.74909   2.58430    1.101
 4065.00    2.20722   2.53227    1.101
 4066.00    2.51690   2.52579    1.101
 4067.00    2.83776   2.56226    0.000
 4068.00    3.18369   2.62004    0.000
 4069.00    2.79338   2.67182    0.000
 4070.00    2.11646   2.69447    0.000
 4071.00    1.66462   2.67844    1.101
 4072.00    0.30910   2.63752    1.101
 4073.00    0.65387   2.60357    1.101
 4074.00    2.87669   2.59787    1.101
 4075.00    2.88512   2.60817    1.101
 4076.00    3.32508   2.60277    1.101
 4077.00    3.32508   2.56904    1.101
 4078.00    2.64322   2.53174    1.101
 4079.00    2.57024   2.53051    1.101
 4080.00    2.97692   2.58455    1.101
 4081.00    3.08659   2.67569    1.101
 4082.00    1.98568   2.76172    1.101
 4083.00    1.44803   2.80634    1.101
 4084.00    2.06444   2.80397    1.101
 4085.00    2.55590   2.77935    1.101
 4086.00    2.64938   2.76574    1.101
 4087.00    2.76790   2.78302    1.101
 4088.00    2.62301   2.82653    1.101
 4089.00    2.32234   2.87322    1.101
 4090.00    2.36736   2.89778    1.101
 4091.00    2.53699   2.88638    1.101
 4092.00    2.76328   2.84340    1.101
 4093.00    4.93825   2.78319    1.101
 4094.00    4.93825   2.71323    1.101
 4095.00    2.81900   2.63068    0.000
 4096.00    2.77247   2.53002    0.000
 4097.00    3.04775   2.41244    0.000
 4098.00    3.09152   2.28866    0.000
 4099.00    3.95235   2.16654    0.000
 4100.00    4.24379   2.04577    0.000
 4101.00    3.86687   1.93103    0.000
 4102.00    3.64724   1.84341    0.000
 4103.00    3.16889   1.81222    0.000
 4104.00    2.72041   1.85593    0.000
 4105.00    2.19344   1.96474    0.000
 4106.00    1.40427   2.10568    0.000
 4107.00    1.51364   2.24310    0.000
 4108.00    1.78782   2.35392    1.101
 4109.00    1.93057   2.42881    1.101
 4110.00    2.63034   2.47194    1.101
 4111.00    2.50539   2.49855    1.101
 4112.00    0.30398   2.52653    1.101
 4113.00    0.30398   2.56698    1.101
 4114.00    2.09530   2.62119    1.101
 4115.00    2.21273   2.68101    1.101
 4116.00    2.41822   2.73177    1.101
 4117.00    2.46264   2.75956    1.101
 4118.00    3.02424   2.76019    1.101
 4119.00    3.25694   2.74171    1.101
 4120.00    2.13492   2.72048    1.101
 4121.00    1.36098   2.71078    1.101
 4122.00    1.56176   2.71729    1.101
 4123.00    1.78316   2.73649    1.101
 4124.00    2.02070   2.76474    1.101
 4125.00    2.44236   2.79815    1.101
 4126.00    2.69497   2.82602    1.101
 4127.00    3.47497   2.83231    1.101
 4128.00    3.37286   2.81019    1.101
 4129.00    2.68286   2.76813    1.101
 4130.00    2.68251   2.72055    1.101
 4131.00    2.65674   2.67464    1.101
 4132.00    2.65674   2.63132    1.101
 4133.00    2.71210   2.59656    1.101
 4134.00    2.71840   2.58777    1.101
 4135.00    2.84500   2.61918    1.101
 4136.00    2.88025   2.68733    1.101
 4137.00    3.26931   2.77207    1.101
 4138.00    3.46356   2.84917    1.101
 4139.00    1.20192   2.90110    1.101
 4140.00   -0.64267   2.91987    0.000
 4141.00   -0.09577   2.89778    0.000
 4142.00    0.61299   2.82937    1.101
 4143.00    0.67686   2.72617    1.101
 4144.00    0.81239   2.62486    1.101
 4145.00    1.00860   2.56974    1.101
 4146.00    1.77375   2.58288    1.101
 4147.00    1.88832   2.64572    1.101
 4148.00    3.06303   2.71586    1.101
 4149.00    3.06303   2.76032    1.101
 4150.00    3.56258   2.77311    1.101
 4151.00    3.57636   2.76832    1.101
 4152.00    3.02046   2.76058    1.101
 4153.00    2.92802   2.75394    1.101
 4154.00    2.90721   2.74628    1.101
 4155.00    2.89998   2.73781    1.101
 4156.00    2.83475   2.73518    1.101
 4157.00    2.79585   2.74856    1.101
 4158.00    2.81904   2.78165    1.101
 4159.00    2.84125   2.82910    1.101
 4160.00    2.42725   2.88126    1.101
 4161.00    1.79448   2.92845    1.101
 4162.00    2.25894   2.96651    1.101
 4163.00    3.45744   2.99355    1.101
 4164.00    3.47916   3.00481    1.101
 4165.00    3.58988   2.99420    1.101
 4166.00    3.52624   2.96315    1.101
 4167.00    2.28645   2.92250    1.101
 4168.00    2.28645   2.88828    1.101
 4169.00    3.09767   2.86764    1.101
 4170.00    3.15628   2.85287    1.101
 4171.00    2.73117   2.82525    1.101
 4172.00    2.63619   2.77232    1.101
 4173.00    1.87576   2.70361    1.101
 4174.00    1.55243   2.64698    1.101
 4175.00    2.60035   2.62758    1.101
 4176.00    3.34088   2.64498    1.101
 4177.00    2.88106   2.67810    1.101
 4178.00    2.36399   2.70846    1.101
 4179.00    2.21468   2.73499    1.101
 4180.00    1.94337   2.76319    1.101
 4181.00    2.05305   2.79172    1.101
 4182.00    2.40181   2.81464    1.101
 4183.00    2.54226   2.83090    1.101
 4184.00    3.53425   2.84776    1.101
 4185.00    3.53371   2.86754    1.101
 4186.00    3.46456   2.87963    1.101
 4187.00    3.46456   2.87203    1.101
 4188.00    1.33388   2.84851    1.101
 4189.00    1.07746   2.82758    1.101
 4190.00    2.48254   2.82367    1.101
 4191.00    2.88500   2.83658    1.101
 4192.00    3.09292   2.86014    1.101
 4193.00    3.19949   2.88645    1.101
 4194.00    2.32559   2.90432    1.101
 4195.00    1.59865   2.89745    1.101
 4196.00    1.82140   2.85588    1.101
 4197.00    2.11646   2.78923    1.101
 4198.00    2.02285   2.71908    1.101
 4199.00    1.81878   2.66445    1.101
 4200.00    2.53139   2.63211    1.101
 4201.00    5.39578   2.62008    1.101
 4202.00    5.17519   2.62439    1.101
 4203.00    2.75384   2.64387    1.101
 4204.00    2.75384   2.68310    1.101
 4205.00    3.14994   2.74405    1.101
 4206.00    3.16314   2.82031    1.101
 4207.00    4.80630   2.89764    1.101
 4208.00    5.09052   2.96128    1.101
 4209.00    4.60492   2.99988    1.101
 4210.00    4.43104   3.01161    1.101
 4211.00    4.03851   3.00464    1.101
 4212.00    3.79905   2.98967    1.101
 4213.00    4.09643   2.96932    1.101
 4214.00    4.38692   2.93724    1.101
 4215.00    3.18495   2.89185    1.101
 4216.00    1.30216   2.85103    1.101
 4217.00    1.90024   2.84094    1.101
 4218.00    3.48164   2.87621    1.101
 4219.00    3.36688   2.94257    1.101
 4220.00    2.75849   3.00665    1.101
 4221.00    2.76578   3.03697    1.101
 4222.00    2.92793   3.01510    1.101
 4223.00    2.92793   2.93245    1.101
 4224.00    3.29867   2.79505    1.101
 4225.00    3.32755   2.62111    1.101
 4226.00    2.74880   2.44719    1.101
 4227.00    2.61482   2.32139    1.101
 4228.00    1.78866   2.28680    1.101
 4229.00    1.42830   2.35350    1.101
 4230.00    1.99603   2.49120    1.101
 4231.00    2.40537   2.64194    1.101
 4232.00    1.94668   2.75517    1.101
 4233.00    1.41862   2.80847    1.101
 4234.00    1.72396   2.81176    1.101
 4235.00    2.29202   2.79199    1.101
 4236.00    2.49811   2.77409    1.101
 4237.00    3.17136   2.77137    1.101
 4238.00    3.06160   2.78833    1.101
 4239.00    2.24251   2.82356    1.101
 4240.00    2.24467   2.87151    1.101
 4241.00    2.97899   2.92659    1.101
 4242.00    2.97899   2.98675    1.101
 4243.00    2.83037   3.05109    1.101
 4244.00    2.81147   3.11458    1.101
 4245.00    4.09766   3.16153    1.101
 4246.00    4.47863   3.17280    1.101
 4247.00    4.17058   3.13599    1.101
 4248.00    4.00923   3.05665    1.101
 4249.00    3.69729   2.96131    1.101
 4250.00    3.43213   2.87851    1.101
 4251.00    3.50570   2.82780    1.101
 4252.00    3.60532   2.81054    1.101
 4253.00    3.27918   2.81336    1.101
 4254.00    2.55179   2.82063    1.101
 4255.00    2.62503   2.82863    1.101
 4256.00    2.93058   2.84792    1.101
 4257.00    2.85166   2.88019    1.101
 4258.00    1.92044   2.90544    1.101
 4259.00    1.92044   2.89824    1.101
 4260.00    1.93337   2.85760    1.101
 4261.00    1.93387   2.81948    1.101
 4262.00    2.35234   2.82653    1.101
 4263.00    2.42811   2.89628    1.101
 4264.00    2.66924   3.00679    1.101
 4265.00    2.75776   3.11456    1.101
 4266.00    2.94741   3.18151    1.101
 4267.00    3.06577   3.19097    1.101
 4268.00    3.06814   3.14451    1.101
 4269.00    3.07052   3.05128    1.101
 4270.00    3.17946   2.92566    1.101
 4271.00    3.35367   2.78851    1.101
 4272.00    3.13869   2.66429    1.101
 4273.00    2.55462   2.58108    1.101
 4274.00    2.45180   2.55582    1.101
 4275.00    1.88400   2.58871    1.101
 4276.00    1.94199   2.66955    1.101
 4277.00    3.40656   2.78368    1.101
 4278.00    3.40656   2.90177    1.101
 4279.00    2.38726   2.99154    1.101
 4280.00    2.30088   3.03350    1.101
 4281.00    2.78871   3.03274    1.101
 4282.00    2.90564   3.01379    1.101
 4283.00    3.57621   2.99726    1.101
 4284.00    3.87550   2.98703    1.101
 4285.00    3.64092   2.97715    1.101
 4286.00    3.46767   2.96030    1.101
 4287.00    3.67093   2.92889    1.101
 4288.00    3.90957   2.87843    1.101
 4289.00    3.72488   2.80880    1.101
 4290.00    3.37304   2.73468    1.101
 4291.00    3.38420   2.68532    1.101
 4292.00    3.42190   2.68346    1.101
 4293.00    3.41707   2.72283    1.101
 4294.00    3.37925   2.77353    1.101
 4295.00    3.37925   2.80269    1.101
 4296.00    4.60360   2.79704    1.101
 4297.00    4.60660   2.75871    1.101
 4298.00    4.55786   2.69158    1.101
 4299.00    4.55133   2.60174    1.101
 4300.00    3.01190   2.50616    1.101
 4301.00    2.54320   2.42789    1.101
 4302.00    1.35631   2.38511    1.101
 4303.00    0.71830   2.37875    1.101
 4304.00    1.97911   2.39501    1.101
 4305.00    3.07426   2.41475    1.101
 4306.00    2.61276   2.41673    1.101
 4307.00    1.97525   2.39030    1.101
 4308.00    1.75204   2.34416    1.101
 4309.00    1.24032   2.30636    1.101
 4310.00    1.27812   2.30649    1.101
 4311.00    1.44090   2.35611    1.101
 4312.00    1.49411   2.44471    1.101
 4313.00    2.17227   2.55678    1.101
 4314.00    2.17227   2.68422    1.101
 4315.00    3.23149   2.82866    1.101
 4316.00    3.27905   2.98858    1.101
 4317.00    4.78356   3.14573    1.101
 4318.00    5.06631   3.27225    1.101
 4319.00    4.74705   3.34193    1.101
 4320.00    4.62660   3.34929    1.101
 4321.00    3.76543   3.30481    1.101
 4322.00    3.21566   3.21712    1.101
 4323.00    2.33789   3.08935    1.101
 4324.00    1.44282   2.92941    1.101
 4325.00    1.52706   2.76506    1.101
 4326.00    1.66514   2.64997    1.101
 4327.00    1.96925   2.63048    1.101
 4328.00    2.81851   2.71502    1.101
 4329.00    2.86324   2.85775    1.101
 4330.00    3.11984   2.99724    1.101
 4331.00    3.13171   3.09075    1.101
 4332.00    3.48831   3.13402    0.000
 4333.00    3.48831   3.14671    0.000
 4334.00    2.57014   3.13999    0.000
 4335.00    2.48703   3.10602    0.000
 4336.00    3.22214   3.02492    0.000
 4337.00    3.40446   2.88330    0.000
 4338.00    2.83701   2.68794    0.000
 4339.00    2.57673   2.47747    0.000
 4340.00    2.57298   2.30632    0.000
 4341.00    2.57015   2.21854    0.000
 4342.00    3.17148   2.23327    0.000
 4343.00    3.89295   2.33243    0.000
 4344.00    3.69371   2.47602    0.000
 4345.00    3.30499   2.62745    0.000
 4346.00    2.83076   2.76800    0.000
 4347.00    1.18442   2.89469    1.101
 4348.00    1.50440   3.00403    1.101
 4349.00    4.16314   3.08241    1.101
 4350.00    4.16314   3.10978    1.101
 4351.00    4.51504   3.07723    1.101
 4352.00    4.51781   3.00299    1.101
 4353.00    3.04530   2.93497    1.101
 4354.00    2.83869   2.91578    1.101
 4355.00    2.22408   2.95750    1.101
 4356.00    2.03078   3.03666    1.101
 4357.00    3.89301   3.11766    1.101
 4358.00    4.91569   3.17882    1.101
 4359.00    4.59805   3.21776    1.101
 4360.00    4.31613   3.24779    1.101
 4361.00    3.81209   3.28362    1.101
 4362.00    3.09883   3.32964    1.101
 4363.00    3.16942   3.37937    1.101
 4364.00    3.33504   3.42336    1.101
 4365.00    3.34944   3.45298    1.101
 4366.00    3.41368   3.45998    1.101
 4367.00    3.43289   3.43648    1.101
 4368.00    3.69867   3.38646    1.101
 4369.00    3.69867   3.32795    1.101
 4370.00    3.77050   3.27998    1.101
 4371.00    3.77411   3.24713    1.101
 4372.00    2.63283   3.21707    1.101
 4373.00    2.40884   3.17405    1.101
 4374.00    3.33665   3.11460    1.101
 4375.00    3.69620   3.05383    1.101
 4376.00    3.33202   3.01864    1.101
 4377.00    3.09472   3.02870    1.101
 4378.00    2.02097   3.07469    1.101
 4379.00    0.90007   3.12430    1.101
 4380.00    1.32022   3.13704    1.101
 4381.00    2.02338   3.08438    1.101
 4382.00    2.40232   2.96284    1.101
 4383.00    3.48767   2.79467    1.101
 4384.00    3.26698   2.63295    1.101
 4385.00    1.93981   2.53723    1.101
 4386.00    1.95860   2.54297    1.101
 4387.00    2.62696   2.63350    1.101
 4388.00    2.62696   2.75752    1.101
 4389.00    2.96445   2.86299    1.101
 4390.00    2.99717   2.93014    1.101
 4391.00    2.67105   2.96923    1.101
 4392.00    2.58741   2.99834    1.101
 4393.00    2.47009   3.02864    1.101
 4394.00    2.41505   3.05885    1.101
 4395.00    2.81308   3.08935    1.101
 4396.00    3.12020   3.12745    1.101
 4397.00    2.53460   3.17684    1.101
 4398.00    1.81659   3.22589    1.101
 4399.00    2.09734   3.24985    1.101
 4400.00    2.65720   3.23533    1.101
 4401.00    2.65131   3.19049    1.101
 4402.00    2.63016   3.12959    1.101
 4403.00    2.71049   3.05825    1.101
 4404.00    3.41359   2.97532    1.101
 4405.00    3.41359   2.88826    1.101
 4406.00    3.38924   2.82696    1.101
 4407.00    3.38893   2.81738    1.101
 4408.00    4.23337   2.86720    1.101
 4409.00    4.35833   2.96025    1.101
 4410.00    5.42915   3.07724    1.101
 4411.00    5.77503   3.19557    1.101
 4412.00    4.59760   3.28910    1.101
 4413.00    3.93570   3.32835    1.101
 4414.00    2.87676   3.30060    1.101
 4415.00    1.91642   3.22017    1.101
 4416.00    1.94247   3.13385    1.101
 4417.00    1.98009   3.09378    1.101
 4418.00    2.08887   3.12609    1.101
 4419.00    2.35139   3.21453    1.101
 4420.00    2.67604   3.31382    1.101
 4421.00    4.17802   3.37745    1.101
 4422.00    4.11802   3.38552    1.101
 4423.00    3.21803   3.35191    1.101
 4424.00    3.21803   3.30788    1.101
 4425.00    2.02834   3.27976    1.101
 4426.00    1.96081   3.27153    1.101
 4427.00    3.93666   3.27598    1.101
 4428.00    4.33833   3.28544    1.101
 4429.00    4.10870   3.29535    1.101
 4430.00    4.01754   3.30378    1.101
 4431.00    3.03767   3.30817    1.101
 4432.00    2.38336   3.30442    1.101
 4433.00    2.96697   3.28690    1.101
 4434.00    3.58824   3.25098    1.101
 4435.00    3.46930   3.20536    1.101
 4436.00    3.26562   3.17571    1.101
 4437.00    3.02352   3.19259    1.101
 4438.00    2.30846   3.26019    1.101
 4439.00    2.45262   3.35250    1.101
 4440.00    3.35541   3.42065    1.101
 4441.00    3.35096   3.43419    1.101
 4442.00    3.14834   3.39613    1.101
 4443.00    3.14834   3.34276    1.101
 4444.00    3.27408   3.31810    1.101
 4445.00    3.28708   3.34582    1.101
 4446.00    4.69101   3.41626    1.101
 4447.00    5.06193   3.49403    1.101
 4448.00    5.50350   3.54842    1.101
 4449.00    5.71630   3.57017    1.101
 4450.00    4.99353   3.56825    1.101
 4451.00    4.42464   3.55172    1.101
 4452.00    3.80546   3.51972    1.101
 4453.00    3.03115   3.46453    1.101
 4454.00    3.83635   3.37967    1.101
 4455.00    5.48511   3.27603    1.101
 4456.00    4.94658   3.17679    1.101
 4457.00    2.95552   3.10822    1.101
 4458.00    2.96137   3.07968    1.101
 4459.00    3.01580   3.08005    1.101
 4460.00    3.01580   3.09255    1.101
 4461.00    3.13969   3.10891    1.101
 4462.00    3.14204   3.13429    1.101
 4463.00    2.68955   3.17848    1.101
 4464.00    2.61966   3.24142    1.101
 4465.00    2.25233   3.30883    1.101
 4466.00    2.12989   3.36108    1.101
 4467.00    3.25012   3.38567    1.101
 4468.00    3.89468   3.38486    1.101
 4469.00    3.76067   3.37192    0.000
 4470.00    3.63674   3.36419    0.000
 4471.00    3.49992   3.37716    0.000
 4472.00    3.29750   3.41787    0.000
 4473.00    3.09322   3.48175    0.000
 4474.00    2.58842   3.55283    0.000
 4475.00    2.53366   3.61502    0.000
 4476.00    2.27165   3.65995    1.101
 4477.00    2.36430   3.68630    1.101
 4478.00    3.90747   3.69218    1.101
 4479.00    3.90747   3.66634    1.101
 4480.00    4.84071   3.60058    1.101
 4481.00    4.89879   3.50745    1.101
 4482.00    5.06374   3.42621    1.101
 4483.00    5.09856   3.39898    1.101
 4484.00    3.95217   3.44041    1.101
 4485.00    3.48383   3.53141    1.101
 4486.00    3.29577   3.62691    1.101
 4487.00    3.16761   3.68586    1.101
 4488.00    3.15550   3.68721    1.101
 4489.00    3.14231   3.64237    1.101
 4490.00    3.49175   3.58146    1.101
 4491.00    4.10422   3.53815    1.101
 4492.00    4.06729   3.52444    1.101
 4493.00    3.95533   3.52729    1.101
 4494.00    3.73979   3.52557    1.101
 4495.00    2.32042   3.50912    1.101
 4496.00    2.32564   3.49303    1.101
 4497.00    2.63464   3.49752    1.101
 4498.00    2.63464   3.53048    1.101
 4499.00    1.11661   3.57931    1.101
 4500.00    0.95049   3.62273   -1.000
 4501.00    2.83206   3.65177    1.101
 4502.00    3.34691   3.67742    1.101
 4503.00    4.77469   3.71829    1.101
 4504.00    5.47817   3.78535    1.101
 4505.00    4.99626   3.86235    1.101
 4506.00    4.60860   3.92693    1.101
 4507.00    4.54913   3.95586    1.101
 4508.00    4.47296   3.95052    1.101
 4509.00    4.73308   3.92810    1.101
 4510.00    5.27768   3.90665    1.101
 4511.00    4.90569   3.89386    1.101
 4512.00    3.48091   3.88102    1.101
 4513.00    3.55229   3.85490    1.101
 4514.00    4.25849   3.81382    1.101
 4515.00    4.25849   3.76914    1.101
 4516.00    5.06825   3.73730    1.101
 4517.00    5.08769   3.72397    1.101
 4518.00    3.84219   3.72380    1.101
 4519.00    3.64003   3.72912    1.101
 4520.00    4.41802   3.73919    1.101
 4521.00    4.68414   3.75607    1.101
 4522.00    4.14401   3.77275    1.101
 4523.00    3.82664   3.77576    1.101
 4524.00    4.03890   3.75106    1.101
 4525.00    4.23986   3.69656    1.101
 4526.00    4.27167   3.61842    1.101
 4527.00    4.31969   3.52384    1.101
 4528.00    4.14768   3.42377    1.101
 4529.00    3.71127   3.33361    1.101
 4530.00    3.59428   3.27251    1.101
 4531.00    3.01069   3.25426    1.101
 4532.00    3.05420   3.27230    1.101
 4533.00    3.85148   3.30433    1.101
 4534.00    3.85148   3.32623    1.101
 4535.00    3.63656   3.33248    1.101
 4536.00    3.62176   3.34148    1.101
 4537.00    3.14334   3.38014    1.101
 4538.00    3.03855   3.45985    1.101
 4539.00    3.34542   3.56128    1.101
 4540.00    3.47379   3.64895    1.101
 4541.00    3.33388   3.69642    1.101
 4542.00    3.23621   3.70580    1.101
 4543.00    3.49210   3.69725    1.101
 4544.00    3.77649   3.68676    1.101
 4545.00    3.39151   3.67735    1.101
 4546.00    2.70232   3.66253    1.101
 4547.00    3.08783   3.64170    1.101
 4548.00    4.29412   3.61958    1.101
 4549.00    4.21097   3.60021    1.101
 4550.00    3.63920   3.58748    1.101
 4551.00    3.65354   3.58396    1.101
 4552.00    4.91578   3.59093    1.101
 4553.00    4.91578   3.59943    1.101
 4554.00    8.22535   3.59783   -1.000
 4555.00    8.61153   3.58342   -1.000
 4556.00    7.71758   3.57306   -1.000
 4557.00    7.46584   3.59131   -1.000
 4558.00    6.56303   3.65095    1.101
 4559.00    6.10632   3.74037    1.101
 4560.00    4.33316   3.82988    1.101
 4561.00    2.87550   3.89642    1.101
 4562.00    4.16262   3.92350    1.101
 4563.00    5.84399   3.91308    1.101
 4564.00    4.95950   3.87150    1.101
 4565.00    3.05718   3.81823    1.101
 4566.00    2.88670   3.77759    1.101
 4567.00    2.21383   3.77205    1.101
 4568.00    2.34607   3.80471    1.101
 4569.00    3.73529   3.85848    1.101
 4570.00    3.73529   3.89935    1.101
 4571.00    3.38595   3.90644    1.101
 4572.00    3.37541   3.87958    1.101
 4573.00    4.72785   3.84584    1.101
 4574.00    4.95634   3.83353    1.101
 4575.00    6.65448   3.85006    1.101
 4576.00    7.25192   3.88156   -1.000
 4577.00    5.93752   3.90264    1.101
 4578.00    5.14560   3.89787    1.101
 4579.00    5.06622   3.86146    1.101
 4580.00    4.98959   3.79931    1.101
 4581.00    4.17815   3.72599    1.101
 4582.00    2.92263   3.66499    1.101
 4583.00    2.84489   3.63100    1.101
 4584.00    2.64231   3.62730    1.101
 4585.00    2.83702   3.63902    1.101
 4586.00    3.84344   3.65397    1.101
 4587.00    3.91549   3.67134    1.101
 4588.00    5.41323   3.69888    1.101
 4589.00    5.41323   3.74293    1.101
 4590.00    1.61160   3.79207    1.101
 4591.00    1.32837   3.82590    1.101
 4592.00    3.45275   3.82769    1.101
 4593.00    3.93360   3.79703    1.101
 4594.00    4.82582   3.75192    1.101
 4595.00    5.20963   3.71089    1.101
 4596.00    3.46450   3.68685    1.101
 4597.00    2.22132   3.68139    1.101
 4598.00    2.74501   3.69102    1.101
 4599.00    3.33970   3.70748    1.101
 4600.00    5.08639   3.72292    1.101
 4601.00    8.29430   3.73041   -1.000
 4602.00    8.64432   3.73051   -1.000
 4603.00    9.76927   3.72820   -1.000
 4604.00    9.44954   3.72682   -1.000
 4605.00    7.12888   3.72874   -1.000
 4606.00    7.12024   3.73759   -1.000
 4607.00    5.65327   3.76120    1.101
 4608.00    5.65327   3.80625    1.101
 4609.00    4.74076   3.87182    1.101
 4610.00    4.62870   3.94504    1.101
 4611.00    5.55456   4.00157    1.101
 4612.00    5.82426   4.02824    1.101
 4613.00    5.60317   4.02049    1.101
 4614.00    5.48886   3.99726    1.101
 4615.00    7.66111   3.97848   -1.000
 4616.00    9.48237   3.97663   -1.000
 4617.00    8.27293   3.98918   -1.000
 4618.00    6.65482   4.00456    1.101
 4619.00    4.66376   4.01462    1.101
 4620.00    0.28343   4.01742   -1.000
 4621.00    0.74926   4.01937   -1.000
 4622.00    2.65071   4.02464    1.101
 4623.00    2.53031   4.03374    1.101
 4624.00    1.16524   4.04169   -1.000
 4625.00    1.16524   4.04174   -1.000
 4626.00    2.49549   4.02998    1.101
 4627.00    2.54257   4.00813    1.101
 4628.00    4.94604   3.98392    1.101
 4629.00    5.37148   3.96455    1.101
 4630.00    4.87323   3.95589    1.101
 4631.00    4.69300   3.95577    1.101
 4632.00    3.10364   3.96049    1.101
 4633.00    2.12596   3.96187    1.101
 4634.00    2.74488   3.95230    1.101
 4635.00    3.35659   3.92748    1.101
 4636.00    4.01548   3.89076    1.101
 4637.00    5.05608   3.84907    1.101
 4638.00    4.61877   3.80852    1.101
 4639.00    3.45104   3.77095    1.101
 4640.00    3.32418   3.73998    1.101
 4641.00    2.63911   3.72318    1.101
 4642.00    2.68505   3.72726    1.101
 4643.00    3.75923   3.74620    1.101
 4644.00    3.75923   3.76397    1.101
 4645.00    3.63930   3.75684    1.101
 4646.00    3.62961   3.71778    1.101
 4647.00    3.48756   3.65236    1.101
 4648.00    3.45415   3.59023    1.101
 4649.00    4.38929   3.55882    1.101
 4650.00    4.80097   3.57593    1.101
 4651.00    3.06163   3.63641    1.101
 4652.00    1.79238   3.71363    1.101
 4653.00    1.87851   3.78087    1.101
 4654.00    1.97844   3.81729    1.101
 4655.00    3.44350   3.82185    1.101
 4656.00    6.19255   3.80748    1.101
 4657.00    5.35052   3.79893    1.101
 4658.00    2.55444   3.81837    1.101
 4659.00    2.61068   3.87652    1.101
 4660.00    3.03836   3.95836    1.101
 4661.00    3.03774   4.03563    1.101
 4662.00    2.40318   4.07368    1.101
 4663.00    2.40318   4.06062    1.101
 4664.00    4.20730   3.99968    1.101
 4665.00    4.44227   3.90979    1.101
 4666.00    3.63816   3.80577    1.101
 4667.00    3.39733   3.69850    1.101
 4668.00    2.91181   3.60120    1.101
 4669.00    2.65473   3.53476    1.101
 4670.00    2.74246   3.51727    1.101
 4671.00    2.81778   3.55554    1.101
 4672.00    3.07794   3.62967    1.101
 4673.00    3.43305   3.71092    1.101
 4674.00    3.21368   3.77153    1.101
 4675.00    2.71767   3.80897    1.101
 4676.00    2.86557   3.83100    1.101
 4677.00    3.49041   3.84864    1.101
 4678.00    3.41223   3.85941    1.101
 4679.00    2.46410   3.85212    1.101
 4680.00    2.46410   3.82284    1.101
 4681.00    1.50870   3.77835    1.101
 4682.00    1.46885   3.73640    1.101
 4683.00    4.91998   3.71247    1.101
 4684.00    5.55435   3.71347    1.101
 4685.00    5.16648   3.73375    1.101
 4686.00    5.02265   3.76009    1.101
 4687.00    4.65971   3.78050    1.101
 4688.00    4.43086   3.78830    1.101
 4689.00    4.18743   3.78746    1.101
 4690.00    3.94209   3.78296    1.101
 4691.00    3.69104   3.77921    1.101
 4692.00    3.28544   3.77752    1.101
 4693.00    3.60562   3.78118    1.101
 4694.00    4.48639   3.79391    1.101
 4695.00    4.58800   3.81743    1.101
 4696.00    5.15765   3.84384    1.101
 4697.00    5.12297   3.86049    1.101
 4698.00    4.18469   3.85369    1.101
 4699.00    4.18469   3.82123    1.101
 4700.00    4.32376   3.76991    1.101
 4701.00    4.33586   3.71631    1.101
 4702.00    3.34970   3.67199    1.101
 4703.00    3.11034   3.64440    1.101
 4704.00    2.66813   3.63469    1.101
 4705.00    2.46803   3.64203    1.101
 4706.00    1.88730   3.66159    1.101
 4707.00    1.45497   3.68146    1.101
 4708.00    1.57340   3.69000    1.101
 4709.00    1.71355   3.68532    1.101
 4710.00    1.75845   3.67896    1.101
 4711.00    1.84490   3.68380    1.101
 4712.00    2.78584   3.70397    1.101
 4713.00    5.99799   3.72839    1.101
 4714.00    5.73072   3.74522    1.101
 4715.00    3.58668   3.75106    1.101
 4716.00    3.58668   3.75751    1.101
 4717.00    4.63788   3.77965    1.101
 4718.00    4.64304   3.82625    1.101
 4719.00    5.31766   3.89050    1.101
 4720.00    5.40976   3.95594    1.101
 4721.00    4.05572   4.00804    1.101
 4722.00    3.63783   4.03815    1.101
 4723.00    4.28023   4.04900    1.101
 4724.00    4.62852   4.04657    1.101
 4725.00    3.78853   4.03815    1.101
 4726.00    3.05316   4.02126    1.101
 4727.00    3.30892   3.98542    1.101
 4728.00    3.66651   3.92005    1.101
 4729.00    3.39348   3.82927    1.101
 4730.00    2.76169   3.73838    1.101
 4731.00    3.67833   3.67406    1.101
 4732.00    7.67601   3.65573   -1.000
 4733.00    7.51132   3.67782   -1.000
 4734.00    5.33376   3.72434    1.101
 4735.00    5.33376   3.77370    1.101
 4736.00    3.68697   3.81237    1.101
 4737.00    3.60952   3.83624    1.101
 4738.00    4.07696   3.85179    1.101
 4739.00    4.16642   3.86717    1.101
 4740.00    2.05250   3.88653    1.101
 4741.00    1.24516   3.90551   -1.000
 4742.00    1.33491   3.91695    1.101
 4743.00    1.39267   3.91959    1.101
 4744.00    1.63892   3.91891    1.101
 4745.00    1.89249   3.92278    1.101
 4746.00    2.43261   3.93624    1.101
 4747.00    3.32536   3.95747    1.101
 4748.00    3.56580   3.98445    1.101
 4749.00    4.24406   4.01154    1.101
 4750.00    4.20362   4.03553    1.101
 4751.00    3.96611   4.05131    1.101
 4752.00    3.99867   4.05416    1.101
 4753.00    5.04165   4.03977    1.101
 4754.00    5.04165   4.00956    1.101
 4755.00    3.94800   3.97000    1.101
 4756.00    3.84646   3.93471    1.101
 4757.00    3.97458   3.91254    1.101
 4758.00    4.00685   3.90804    1.101
 4759.00    3.22298   3.91496    1.101
 4760.00    2.86016   3.92408    1.101
 4761.00    1.68821   3.92460    1.101
 4762.00    0.79640   3.90770   -1.000
 4763.00    3.52086   3.86960    1.101
 4764.00    6.82198   3.81243   -1.000
 4765.00    5.52267   3.74667    1.101
 4766.00    2.96547   3.68760    1.101
 4767.00    3.17285   3.64940    1.101
 4768.00    3.90300   3.64330    1.101
 4769.00    3.78969   3.66976    1.101
 4770.00    2.82864   3.72048    1.101
 4771.00    2.82864   3.77506    1.101
 4772.00    2.07973   3.81722    1.101
 4773.00    2.07234   3.84109    1.101
 4774.00    3.49666   3.85775    1.101
 4775.00    3.70196   3.88040    1.101
 4776.00    5.24677   3.91150    1.101
 4777.00    5.73785   3.94356    1.101
 4778.00    4.78751   3.96458    1.101
 4779.00    4.26114   3.97087    1.101
 4780.00    4.26158   3.96235    1.101
 4781.00    4.26197   3.94236    1.101
 4782.00    4.05437   3.91126    1.101
 4783.00    3.75822   3.87173    1.101
 4784.00    4.66942   3.82779    1.101
 4785.00    6.83257   3.78904   -1.000
 4786.00    6.17368   3.76290    1.101
 4787.00    3.18551   3.75309    1.101
 4788.00    3.25653   3.75541    1.101
 4789.00    4.27083   3.76573    1.101
 4790.00    4.27083   3.78085    1.101
 4791.00    5.10750   3.80310    1.101
 4792.00    5.15181   3.83725    1.101
 4793.00    7.76468   3.88810   -1.000
 4794.00    8.28480   3.95768   -1.000
 4795.00    4.68915   4.03620    1.101
 4796.00    3.28215   4.10752    1.101
 4797.00    1.84900   4.14893    1.101
 4798.00    0.90364   4.14882   -1.000
 4799.00    1.83071   4.10977    1.101
 4800.00    2.80608   4.05449    1.101
 4801.00    4.35588   4.01042    1.101
 4802.00    6.97141   3.99951   -1.000
 4803.00    5.94716   4.02116    1.101
 4804.00    2.96821   4.05760    1.101
 4805.00    2.86397   4.07975    1.101
 4806.00    2.22689   4.07169    1.101
 4807.00    2.32361   4.03527    1.101
 4808.00    6.11080   3.98867    1.101
 4809.00    6.11080   3.95076    1.101
 4810.00    3.64493   3.93390    1.101
 4811.00    3.39861   3.93895    1.101
 4812.00    2.51561   3.95763    1.101
 4813.00    2.28645   3.97899    1.101
 4814.00    5.85981   3.99623    1.101
 4815.00    7.55517   4.01100   -1.000
