 3586.00    0.21517   0.30659    3.822
 3587.00    0.61626   0.31707    3.822
 3588.00    0.56610   0.33509    3.822
 3589.00    0.32560   0.36077    3.822
 3590.00    0.32723   0.39097    3.822
 3591.00    0.10702   0.42166    3.822
 3592.00    0.26408   0.44863    3.822
 3593.00    0.45310   0.47131    3.822
 3594.00    0.48511   0.49158    3.822
 3595.00    0.36495   0.51177    3.822
 3596.00    0.14466   0.53256    3.822
 3597.00    0.20698   0.55213    3.822
 3598.00    0.31643   0.56836    3.822
 3599.00    0.45026   0.57818    3.822
 3600.00    0.76039   0.57821    3.822
 3601.00    0.94033   0.56679    3.822
 3602.00    0.84319   0.54575    3.822
 3603.00    0.61989   0.51924    3.822
 3604.00    0.61928   0.49262    3.822
 3605.00    0.85545   0.46958    3.822
 3606.00    0.89655   0.45116    3.822
 3607.00    0.77274   0.43668    3.822
 3608.00    0.55390   0.42612    3.822
 3609.00    0.63047   0.42160    3.822
 3610.00    0.82458   0.42505    3.822
 3611.00    0.53603   0.43693    3.822
 3612.00    0.25267   0.45403    3.822
 3613.00    0.28319   0.47288    3.822
 3614.00    0.01235   0.48898    3.822
 3615.00    0.38886   0.49739    3.822
 3616.00    0.85502   0.49417    3.822
 3617.00    0.77518   0.47996    3.822
 3618.00    0.21888   0.46054    3.822
 3619.00    0.09701   0.44718    3.822
 3620.00    0.70718   0.44729    3.822
 3621.00    0.58585   0.46371    3.822
 3622.00    0.59991   0.49270    3.822
 3623.00    0.24938   0.52875    3.822
 3624.00    0.20601   0.56660    3.822
 3625.00    0.43425   0.60192    3.822
 3626.00    0.50580   0.62974    3.822
 3627.00    0.27109   0.64422    3.822
 3628.00    0.54521   0.64007    3.822
 3629.00   -0.02601   0.61629    0.000
 3630.00    0.42689   0.57773    3.822
 3631.00    0.42660   0.53670    3.822
 3632.00    0.35469   0.50439    3.822
 3633.00    0.54881   0.48879    3.822
 3634.00    0.85849   0.49051    3.822
 3635.00    0.71638   0.50609    3.822
 3636.00    0.71111   0.53000    3.822
 3637.00    0.40296   0.55766    3.822
 3638.00    0.40515   0.58517    3.822
 3639.00    0.57756   0.60817    3.822
 3640.00    0.61556   0.62275    3.822
 3641.00    0.60857   0.62561    3.822
 3642.00    0.76237   0.61636    3.822
 3643.00    0.14523   0.59749    3.822
 3644.00    0.20539   0.57280    3.822
 3645.00    0.20650   0.54655    3.822
 3646.00    0.51021   0.52277    3.822
 3647.00    0.44503   0.50510    3.822
 3648.00    0.43812   0.49785    3.822
 3649.00    0.63538   0.50357    3.822
 3650.00    0.39656   0.52282    3.822
 3651.00   -0.06738   0.55217    0.000
 3652.00    0.71101   0.58668    3.822
 3653.00    0.42309   0.62012    3.822
 3654.00    0.15214   0.64948    3.822
 3655.00    0.29108   0.67407    3.822
 3656.00    0.53425   0.69490    3.822
 3657.00    0.50283   0.71307    3.822
 3658.00    0.35344   0.72749    3.822
 3659.00    0.76274   0.73689    3.822
 3660.00    0.76325   0.73954    3.822
 3661.00    0.82545   0.73510    3.822
 3662.00    0.85255   0.72493    3.822
 3663.00    1.06591   0.71234    3.822
 3664.00    1.18260   0.70017    3.822
 3665.00    0.80549   0.68989    3.822
 3666.00    0.20003   0.68090    3.822
 3667.00    0.40083   0.67197    3.822
 3668.00    0.54317   0.66351    3.822
 3669.00    0.68736   0.65777    3.822
 3670.00    0.64710   0.65792    3.822
 3671.00    0.25791   0.66445    3.822
 3672.00    0.10008   0.67454    3.822
 3673.00    0.80687   0.68356    3.822
 3674.00    1.10207   0.68677    3.822
 3675.00    0.70450   0.68103    3.822
 3676.00    0.52426   0.66566    3.822
 3677.00    0.60680   0.64322    3.822
 3678.00    0.76282   0.61863    3.822
 3679.00    0.66135   0.59783    3.822
 3680.00    0.30942   0.58559    3.822
 3681.00    0.14807   0.58288    3.822
 3682.00    0.53968   0.58635    3.822
 3683.00    0.52338   0.59025    3.822
 3684.00    0.54836   0.58888    3.822
 3685.00    0.35280   0.58064    3.822
 3686.00    0.31771   0.56863    3.822
 3687.00    0.44773   0.56070    3.822
 3688.00    0.52423   0.56348    3.822
 3689.00    0.39145   0.57983    3.822
 3690.00    0.40932   0.60587    3.822
 3691.00    0.61422   0.63361    3.822
 3692.00    0.46789   0.65435    3.822
 3693.00    0.59536   0.66473    3.822
 3694.00    0.66389   0.66720    3.822
 3695.00    0.68883   0.66721    3.822
 3696.00    0.82005   0.67053    3.822
 3697.00    0.83018   0.67975    3.822
 3698.00    0.62144   0.69361    3.822
 3699.00    0.64266   0.70623    3.822
 3700.00    0.71764   0.71095    3.822
 3701.00    0.54464   0.70187    3.822
 3702.00    0.60231   0.67673    3.822
 3703.00    0.72862   0.63736    3.822
 3704.00    0.51339   0.59121    3.822
 3705.00    0.84031   0.54685    3.822
 3706.00    0.20986   0.51308    3.822
 3707.00    0.31127   0.49456    3.822
 3708.00    0.55885   0.49319    3.822
 3709.00    0.70476   0.50854    3.822
 3710.00    0.59845   0.53837    3.822
 3711.00    0.44859   0.57763    3.822
 3712.00    0.59985   0.61965    3.822
 3713.00    0.47190   0.65606    3.822
 3714.00    0.83132   0.67877    3.822
 3715.00    0.94901   0.68233    3.822
 3716.00    0.80802   0.66496    3.822
 3717.00    0.44231   0.62826    3.822
 3718.00    0.33330   0.57796    0.000
 3719.00    0.58575   0.52361    0.000
 3720.00    0.58167   0.47620    0.000
 3721.00    0.45872   0.44680    0.000
 3722.00    0.62321   0.44070    0.000
 3723.00    0.65548   0.45616    0.000
 3724.00    0.66036   0.48489    0.000
 3725.00    0.58665   0.51557    0.000
 3726.00    0.58278   0.53893    0.000
 3727.00    0.71360   0.55140    0.000
 3728.00    0.67411   0.55384    0.000
 3729.00    0.69271   0.54713    0.000
 3730.00    0.69029   0.53095    0.000
 3731.00    0.48715   0.50443    0.000
 3732.00    0.37782   0.46818    0.000
 3733.00    0.26607   0.42780    0.000
 3734.00    0.26881   0.39072    0.000
 3735.00    0.46942   0.36599    0.000
 3736.00    0.28717   0.35988    0.000
 3737.00    0.18469   0.37441    0.000
 3738.00    0.43667   0.40524    3.822
 3739.00    0.39832   0.44420    3.822
 3740.00    0.60313   0.47952    3.822
 3741.00    0.77366   0.50167    3.822
 3742.00    0.55069   0.50532    3.822
 3743.00    0.05698   0.49182    3.822
 3744.00    0.54047   0.46612    3.822
 3745.00    0.18892   0.43607    3.822
 3746.00    0.47045   0.40745    3.822
 3747.00    0.43421   0.38495    3.822
 3748.00    0.45934   0.37290    3.822
 3749.00    0.52192   0.37541    3.822
 3750.00    0.57308   0.39495    3.822
 3751.00    0.69076   0.43050    3.822
 3752.00    0.26353   0.47603    3.822
 3753.00    0.34984   0.52290    3.822
 3754.00    0.57901   0.56135    3.822
 3755.00    0.47929   0.58221    3.822
 3756.00    0.56686   0.58192    3.822
 3757.00    0.74894   0.56434    3.822
 3758.00    0.69279   0.53914    3.822
 3759.00    0.41344   0.51710    3.822
 3760.00    0.26570   0.50389    3.822
 3761.00    0.77380   0.49964    3.822
 3762.00    0.76372   0.50037    3.822
 3763.00    0.61639   0.50242    3.822
 3764.00    0.48849   0.50357    3.822
 3765.00    0.53860   0.50353    3.822
 3766.00    0.71213   0.50387    3.822
 3767.00    0.45500   0.50726    3.822
 3768.00    0.48680   0.51563    3.822
 3769.00    0.36308   0.52962    3.822
 3770.00    0.47662   0.54846    3.822
 3771.00    0.42010   0.57040    3.822
 3772.00    0.42976   0.59255    3.822
 3773.00    0.56396   0.61238    3.822
 3774.00    0.63085   0.62794    3.822
 3775.00    0.77960   0.63943    3.822
 3776.00    0.47068   0.64855    3.822
 3777.00    0.76003   0.65749    3.822
 3778.00    0.71634   0.66805    3.822
 3779.00    0.74094   0.68045    3.822
 3780.00    0.91364   0.69342    3.822
 3781.00    0.95673   0.70445    3.822
 3782.00    0.53534   0.71048    3.822
 3783.00    0.35463   0.70829    3.822
 3784.00    0.97943   0.69510    3.822
 3785.00    0.87678   0.67042    3.822
 3786.00    0.71359   0.63758    3.822
 3787.00    0.58415   0.60242    3.822
 3788.00    0.58170   0.57138    3.822
 3789.00    0.61118   0.54931    3.822
 3790.00    0.33674   0.53682    3.822
 3791.00    0.20553   0.53069    3.822
 3792.00    0.55245   0.52584    3.822
 3793.00    0.56803   0.51780    3.822
 3794.00    0.55811   0.50550    3.822
 3795.00    0.47861   0.49013    3.822
 3796.00    0.42212   0.47459    0.000
 3797.00    0.45470   0.46256    0.000
 3798.00    0.32917   0.45838    0.000
 3799.00    0.29881   0.46572    0.000
 3800.00    0.36540   0.48572    0.000
 3801.00    0.61326   0.51518    0.000
 3802.00    0.55012   0.54857    0.000
 3803.00    0.40488   0.57864    3.822
 3804.00    0.44555   0.60011    3.822
 3805.00    0.64114   0.61093    3.822
 3806.00    0.47926   0.61371    3.822
 3807.00    0.26553   0.61327    3.822
 3808.00    0.50435   0.61382    3.822
 3809.00    0.48637   0.61570    3.822
 3810.00    0.38856   0.61548    3.822
 3811.00    0.42508   0.60839    3.822
 3812.00    0.67996   0.59147    3.822
 3813.00    0.95116   0.56612    3.822
 3814.00    0.42616   0.53665    3.822
 3815.00    0.43637   0.50905    3.822
 3816.00    0.79554   0.48697    3.822
 3817.00    0.67241   0.47061    3.822
 3818.00    0.47680   0.45737    3.822
 3819.00    0.48802   0.44493    3.822
 3820.00    0.48931   0.43349    3.822
 3821.00   -0.08386   0.42369    0.000
 3822.00   -0.01547   0.41526    0.000
 3823.00    0.48283   0.40612    3.822
 3824.00    0.47724   0.39480    3.822
 3825.00    0.48341   0.38234    3.822
 3826.00    0.44104   0.37105    3.822
 3827.00    0.41431   0.36353    3.822
 3828.00    0.42997   0.36054    3.822
 3829.00    0.22828   0.36052    3.822
 3830.00    0.17632   0.36037    3.822
 3831.00    0.76360   0.35749    3.822
 3832.00    0.14743   0.35169    3.822
 3833.00    0.24922   0.34504    0.000
 3834.00    0.45110   0.34037    0.000
 3835.00    0.32787   0.33906    0.000
 3836.00    0.13598   0.34095    0.000
 3837.00    0.20565   0.34461    0.000
 3838.00    0.47621   0.34986    0.000
 3839.00    0.18265   0.35849    0.000
 3840.00   -0.00491   0.37310    0.000
 3841.00    0.12774   0.39550    0.000
 3842.00    0.39340   0.42430    3.822
 3843.00    0.55100   0.45600    3.822
 3844.00    0.51599   0.48551    3.822
 3845.00    0.43782   0.50913    3.822
 3846.00    0.56146   0.52506    3.822
 3847.00    0.43283   0.53330    3.822
 3848.00    0.57971   0.53517    3.822
 3849.00    0.58417   0.53328    3.822
 3850.00    0.38429   0.53037    3.822
 3851.00    0.17515   0.52828    3.822
 3852.00    0.17515   0.52651    3.822
 3853.00    0.17515   0.52315    3.822
 3854.00    0.17515   0.51629    3.822
 3855.00    0.17515   0.50531    3.822
 3856.00    0.19717   0.49092    3.822
 3857.00    0.51172   0.47494    3.822
 3858.00    0.51172   0.46073    3.822
 3859.00    0.51172   0.45273    3.822
 3860.00    0.51172   0.45433    3.822
 3861.00    0.51172   0.46631    3.822
 3862.00    0.51172   0.48520    0.000
 3863.00    0.49964   0.50524    0.000
 3864.00    0.62538   0.52092    0.000
 3865.00    0.40675   0.52959    0.000
 3866.00    0.18569   0.53121    0.000
 3867.00    0.43718   0.52704    0.000
 3868.00    0.13348   0.51855    0.000
 3869.00    0.89054   0.50744    0.000
 3870.00    0.77784   0.49583    0.000
 3871.00    0.25712   0.48754    0.000
 3872.00    0.21091   0.48585    3.822
 3873.00    0.26817   0.49216    3.822
 3874.00    0.38556   0.50379    3.822
 3875.00    0.87054   0.51529    3.822
 3876.00    0.64977   0.52079    3.822
 3877.00    0.60004   0.51850    3.822
 3878.00    0.59679   0.51087    3.822
 3879.00    0.49717   0.50201    3.822
 3880.00    0.44308   0.49557    3.822
 3881.00    0.48542   0.49294    3.822
 3882.00    0.43806   0.49334    0.000
 3883.00    0.05311   0.49448    0.000
 3884.00    0.17529   0.49317    0.000
 3885.00    0.42334   0.48766    0.000
 3886.00    0.65548   0.48007    0.000
 3887.00    0.67290   0.47519    0.000
 3888.00    0.63002   0.47902    0.000
 3889.00    0.49115   0.49487    0.000
 3890.00    0.35601   0.52194    0.000
 3891.00    0.65040   0.55507    0.000
 3892.00    0.46169   0.58737    3.822
 3893.00    0.84033   0.61276    3.822
 3894.00    0.65875   0.62901    3.822
 3895.00    0.67289   0.63754    3.822
 3896.00    0.67190   0.64109    3.822
 3897.00    0.62228   0.64225    3.822
 3898.00    0.70548   0.64250    3.822
 3899.00    0.99238   0.64253    3.822
 3900.00    0.84757   0.64245    3.822
 3901.00    0.71135   0.64144    3.822
 3902.00    0.47122   0.63854    3.822
 3903.00    0.71080   0.63386    3.822
 3904.00    0.67707   0.62921    3.822
 3905.00    0.47111   0.62812    3.822
 3906.00    0.82099   0.63406    3.822
 3907.00    0.69017   0.64885    3.822
 3908.00    0.87836   0.67104    3.822
 3909.00    0.49089   0.69688    3.822
 3910.00    0.50666   0.72167    3.822
 3911.00    0.71303   0.74183    3.822
 3912.00    0.76590   0.75504    3.822
 3913.00    0.63612   0.76056    3.822
 3914.00    0.66098   0.75850    3.822
 3915.00    0.84726   0.74960    3.822
 3916.00    0.98164   0.73466    3.822
 3917.00    1.00101   0.71457    3.822
 3918.00    1.02870   0.69050    3.822
 3919.00    0.88824   0.66439    3.822
 3920.00    0.68417   0.63931    3.822
 3921.00    0.51101   0.61812    3.822
 3922.00    0.25225   0.60253    3.822
 3923.00    0.36887   0.59111    3.822
 3924.00    0.69498   0.57975    3.822
 3925.00    0.16644   0.56340    3.822
 3926.00    0.47199   0.53802    3.822
 3927.00    0.58578   0.50268    3.822
 3928.00    0.34155   0.45912    3.822
 3929.00    0.28584   0.41137    3.822
 3930.00    0.55357   0.36384    3.822
 3931.00    0.54244   0.32069    3.822
 3932.00    0.28269   0.28608    3.822
 3933.00    0.01657   0.26357    3.822
 3934.00    0.02442   0.25608    3.822
 3935.00    0.31160   0.26491    3.822
 3936.00    0.54858   0.28927    3.822
 3937.00    0.40540   0.32582    3.822
 3938.00    0.22409   0.36963    3.822
 3939.00    0.48459   0.41429    3.822
 3940.00    0.39667   0.45459    3.822
 3941.00    0.34978   0.48721    3.822
 3942.00    0.43447   0.51201    3.822
 3943.00    0.43981   0.53200    3.822
 3944.00    0.38389   0.55137    3.822
 3945.00    0.52180   0.57305    3.822
 3946.00    0.44258   0.59764    3.822
 3947.00    0.31224   0.62376    3.822
 3948.00    0.51879   0.64966    3.822
 3949.00    0.93302   0.67379    3.822
 3950.00    0.86032   0.69476    3.822
 3951.00    0.76107   0.71137    3.822
 3952.00    0.95650   0.72348    3.822
 3953.00    0.80202   0.73125    3.822
 3954.00    0.45862   0.73460    3.822
 3955.00    0.66659   0.73316    3.822
 3956.00    0.69715   0.72663    3.822
 3957.00    0.66148   0.71466    3.822
 3958.00    0.69503   0.69613    3.822
 3959.00    0.69266   0.66915    3.822
 3960.00    0.58969   0.63275    3.822
 3961.00    0.69169   0.58895    0.000
 3962.00    1.05148   0.54108    0.000
 3963.00    0.74132   0.49301    0.000
 3964.00    0.51034   0.44660    0.000
 3965.00    0.47438   0.40229    0.000
 3966.00    0.63143   0.36118    0.000
 3967.00    0.70866   0.32598    0.000
 3968.00    0.46989   0.30148    0.000
 3969.00    0.29705   0.29234    0.000
 3970.00    0.29094   0.30130    0.000
 3971.00    0.30518   0.32797    0.000
 3972.00    0.64865   0.36956    0.000
 3973.00    0.27587   0.42158    0.000
 3974.00    0.09958   0.47966    0.000
 3975.00    0.53766   0.53984    3.822
 3976.00    0.87603   0.59933    3.822
 3977.00    0.77430   0.65597    3.822
 3978.00    0.91648   0.70750    3.822
 3979.00    1.18469   0.75165    3.822
 3980.00    1.18806   0.78613    3.822
 3981.00    0.87577   0.81051    3.822
 3982.00    0.71895   0.82637    3.822
 3983.00    0.90861   0.83734    3.822
 3984.00    0.99597   0.84745    3.822
 3985.00    0.91210   0.85954    3.822
 3986.00    0.65536   0.87446    3.822
 3987.00    0.72236   0.89101    3.822
 3988.00    1.20074   0.90696    3.822
 3989.00    1.21952   0.92086    3.822
 3990.00    1.09772   0.93241    3.822
 3991.00    1.26362   0.94200    3.822
 3992.00    1.01160   0.94953    3.822
 3993.00    0.80389   0.95401    3.822
 3994.00    0.61433   0.95449    3.822
 3995.00    0.89099   0.95143    3.822
 3996.00    0.84194   0.94746    3.822
 3997.00    0.73109   0.94672    3.822
 3998.00    0.72676   0.95246    3.822
 3999.00    0.81945   0.96520    3.822
 4000.00    1.11842   0.98177    3.822
 4001.00    1.05616   0.99661    3.822
 4002.00    0.94966   1.00379    3.822
 4003.00    0.97164   1.00004    3.822
 4004.00    0.86374   0.98681    3.822
 4005.00    0.83919   0.97076    3.822
 4006.00    0.95860   0.96023    3.822
 4007.00    1.04010   0.96110    3.822
 4008.00    1.08406   0.97392    3.822
 4009.00    1.34461   0.99458    3.822
 4010.00    1.12214   1.01762    3.822
 4011.00    1.03087   1.03857    3.822
 4012.00    1.24268   1.05530    3.822
 4013.00    1.32000   1.06778    3.822
 4014.00    1.16998   1.07675    3.822
 4015.00    1.25980   1.08295    3.822
 4016.00    0.87591   1.08728    3.822
 4017.00    0.98682   1.09077    3.822
 4018.00    0.82040   1.09421    3.822
 4019.00    0.76704   1.09747    3.822
 4020.00    1.00000   1.09963    3.822
 4021.00    1.21151   1.09965    3.822
 4022.00    1.20052   1.09749    3.822
 4023.00    1.28711   1.09437    3.822
 4024.00    0.75489   1.09228    0.000
 4025.00    1.04219   1.09269    0.000
 4026.00    1.13888   1.09469    0.000
 4027.00    0.97172   1.09401    0.000
 4028.00    0.88164   1.08451    0.000
 4029.00    0.89177   1.06176    0.000
 4030.00    0.79418   1.02665    0.000
 4031.00    0.55348   0.98632    3.822
 4032.00    1.23960   0.95134    3.822
 4033.00    1.43645   0.93194    3.822
 4034.00    1.13673   0.93430    3.822
 4035.00    0.99835   0.95836    3.822
 4036.00    0.99839   0.99760    3.822
 4037.00    1.04135   1.04159    3.822
 4038.00    1.15110   1.07922    3.822
 4039.00    1.41726   1.10250    3.822
 4040.00    0.86904   1.10778    3.822
 4041.00    0.91763   1.09498    3.822
 4042.00    1.13490   1.06570    3.822
 4043.00    1.08443   1.02397    3.822
 4044.00    0.93612   0.97777    3.822
 4045.00    0.84188   0.93892    3.822
 4046.00    0.75150   0.91965    3.822
 4047.00    1.17881   0.92604    3.822
 4048.00    1.08658   0.95519    3.822
 4049.00    1.02806   0.99688    3.822
 4050.00    0.93369   1.03791    3.822
 4051.00    0.91628   1.06764    3.822
 4052.00    1.01217   1.08079    3.822
 4053.00    1.06449   1.07801    3.822
 4054.00    0.82181   1.06372    3.822
 4055.00    1.15438   1.04385    3.822
 4056.00    0.80641   1.02396    3.822
 4057.00    0.78962   1.00817    3.822
 4058.00    0.75644   0.99820    3.822
 4059.00    0.76054   0.99226    3.822
 4060.00    0.75104   0.98569    3.822
 4061.00    0.66867   0.97375    3.822
 4062.00    0.64043   0.95549    3.822
 4063.00    0.48279   0.93540    3.822
 4064.00    0.76428   0.92051    3.822
 4065.00    0.72817   0.91664    3.822
 4066.00    0.82797   0.92508    3.822
 4067.00    1.14991   0.94204    0.000
 4068.00    1.35686   0.96057    0.000
 4069.00    1.19136   0.97382    0.000
 4070.00    1.45485   0.97834    0.000
 4071.00    0.75130   0.97558    3.822
 4072.00    0.95584   0.96974    3.822
 4073.00    0.85672   0.96384    3.822
 4074.00    1.03598   0.95795    3.822
 4075.00    1.54953   0.95084    3.822
 4076.00    1.91109   0.94364   -1.000
 4077.00    1.53535   0.94089    3.822
 4078.00    1.02665   0.94812    3.822
 4079.00    1.21587   0.96792    3.822
 4080.00    1.08983   0.99720    3.822
 4081.00    1.42579   1.02861    3.822
 4082.00    1.42744   1.05462    3.822
 4083.00    1.19764   1.07209    3.822
 4084.00    0.93904   1.08333    3.822
 4085.00    0.48687   1.09380    3.822
 4086.00    1.10100   1.10798    3.822
 4087.00    0.99746   1.12630    3.822
 4088.00    1.02736   1.14520    3.822
 4089.00    0.97255   1.15917    3.822
 4090.00    1.17245   1.16404    3.822
 4091.00    1.36156   1.15853    3.822
 4092.00    1.20459   1.14388    3.822
 4093.00    1.04420   1.12196    3.822
 4094.00    1.12761   1.09454    3.822
 4095.00    1.10231   1.06298    0.000
 4096.00    1.07787   1.02880    0.000
 4097.00    0.89189   0.99366    0.000
 4098.00    0.89977   0.95891    0.000
 4099.00    0.98044   0.92627    0.000
 4100.00    0.84203   0.89872    0.000
 4101.00    0.98791   0.88073    0.000
 4102.00    0.92485   0.87678    0.000
 4103.00    0.93757   0.88903    0.000
 4104.00    1.17593   0.91538    0.000
 4105.00    1.27417   0.95003    0.000
 4106.00    1.08659   0.98527    0.000
 4107.00    0.87712   1.01434    0.000
 4108.00    1.01423   1.03362    3.822
 4109.00    0.92392   1.04346    3.822
 4110.00    0.88983   1.04741    3.822
 4111.00    0.97481   1.05025    3.822
 4112.00    0.78254   1.05575    3.822
 4113.00    0.86200   1.06516    3.822
 4114.00    0.95591   1.07677    3.822
 4115.00    0.95511   1.08698    3.822
 4116.00    1.28970   1.09217    3.822
 4117.00    1.32414   1.09076    3.822
 4118.00    1.09395   1.08402    3.822
 4119.00    1.15379   1.07534    3.822
 4120.00    1.10288   1.06842    3.822
 4121.00    0.89946   1.06565    3.822
 4122.00    0.69147   1.06753    3.822
 4123.00    0.78384   1.07284    3.822
 4124.00    1.42333   1.07914    3.822
 4125.00    0.83861   1.08345    3.822
 4126.00    0.90308   1.08316    3.822
 4127.00    1.16191   1.07685    3.822
 4128.00    1.22132   1.06444    3.822
 4129.00    1.11842   1.04691    3.822
 4130.00    1.16784   1.02641    3.822
 4131.00    1.40750   1.00635    3.822
 4132.00    0.92724   0.99145    3.822
 4133.00    0.76663   0.98660    3.822
 4134.00    1.04708   0.99464    3.822
 4135.00    0.81428   1.01481    3.822
 4136.00    0.90386   1.04251    3.822
 4137.00    1.05797   1.07070    3.822
 4138.00    1.07562   1.09198    3.822
 4139.00    1.09436   1.10040    3.822
 4140.00    1.15009   1.09285    3.822
 4141.00    1.23462   1.07048    3.822
 4142.00    1.24047   1.03942    3.822
 4143.00    0.87416   1.00918    3.822
 4144.00    0.79036   0.98886    3.822
 4145.00    0.91445   0.98317    3.822
 4146.00    1.02139   0.99048    3.822
 4147.00    1.10701   1.00457    3.822
 4148.00    1.23802   1.01828    3.822
 4149.00    0.83296   1.02685    3.822
 4150.00    0.82014   1.02905    3.822
 4151.00    1.12700   1.02625    3.822
 4152.00    1.00994   1.02084    3.822
 4153.00    0.74008   1.01524    3.822
 4154.00    0.82705   1.01174    3.822
 4155.00    1.12684   1.01258    3.822
 4156.00    0.95854   1.01964    3.822
 4157.00    0.91237   1.03369    3.822
 4158.00    1.15121   1.05399    3.822
 4159.00    1.09807   1.07815    3.822
 4160.00    1.12786   1.10294    3.822
 4161.00    1.16183   1.12494    3.822
 4162.00    0.99449   1.14108    3.822
 4163.00    1.06307   1.14909    3.822
 4164.00    0.94997   1.14811    3.822
 4165.00    1.10049   1.13918    3.822
 4166.00    1.21377   1.12512    3.822
 4167.00    1.13751   1.10915    3.822
 4168.00    1.01474   1.09323    3.822
 4169.00    0.93367   1.07718    3.822
 4170.00    0.90044   1.05946    3.822
 4171.00    1.05319   1.03942    3.822
 4172.00    0.79447   1.01874    3.822
 4173.00    0.89134   1.00121    3.822
 4174.00    0.81926   0.99056    3.822
 4175.00    0.89155   0.98850    3.822
 4176.00    1.04784   0.99416    3.822
 4177.00    1.05242   1.00500    3.822
 4178.00    0.79982   1.01799    3.822
 4179.00    0.95061   1.03066    3.822
 4180.00    1.07980   1.04174    3.822
 4181.00    1.08525   1.05119    3.822
 4182.00    1.13979   1.05979    3.822
 4183.00    1.19554   1.06782    3.822
 4184.00    1.19809   1.07452    3.822
 4185.00    1.11106   1.07846    3.822
 4186.00    0.95286   1.07907    3.822
 4187.00    1.01815   1.07767    3.822
 4188.00    0.84710   1.07690    3.822
 4189.00    1.05933   1.07918    3.822
 4190.00    1.09517   1.08525    3.822
 4191.00    1.04857   1.09349    3.822
 4192.00    1.07405   1.10028    3.822
 4193.00    1.18460   1.10127    3.822
 4194.00    1.16067   1.09312    3.822
 4195.00    0.97518   1.07532    3.822
 4196.00    0.95490   1.05044    3.822
 4197.00    1.08719   1.02346    3.822
 4198.00    1.00910   0.99970    3.822
 4199.00    0.99036   0.98330    3.822
 4200.00    1.04914   0.97631    3.822
 4201.00    0.98046   0.97914    3.822
 4202.00    0.91455   0.99133    3.822
 4203.00    0.78705   1.01191    3.822
 4204.00    0.81928   1.03913    3.822
 4205.00    1.01670   1.07011    3.822
 4206.00    1.11456   1.10115    3.822
 4207.00    1.21593   1.12831    3.822
 4208.00    1.25707   1.14866    3.822
 4209.00    1.07160   1.16090    3.822
 4210.00    1.43270   1.16522    3.822
 4211.00    1.22733   1.16248    3.822
 4212.00    1.00007   1.15374    3.822
 4213.00    0.95796   1.14091    3.822
 4214.00    1.07660   1.12779    3.822
 4215.00    1.10905   1.11961    3.822
 4216.00    0.99860   1.12136    3.822
 4217.00    1.04735   1.13436    3.822
 4218.00    1.24637   1.15509    3.822
 4219.00    1.00800   1.17526    3.822
 4220.00    1.19793   1.18480    3.822
 4221.00    1.06735   1.17495    3.822
 4222.00    1.02838   1.14154    3.822
 4223.00    1.05421   1.08639    3.822
 4224.00    0.95234   1.01833    3.822
 4225.00    0.87830   0.95138    3.822
 4226.00    0.77811   0.90154    3.822
 4227.00    0.76105   0.88112    3.822
 4228.00    0.74691   0.89410    3.822
 4229.00    0.77330   0.93394    3.822
 4230.00    1.00249   0.98695    3.822
 4231.00    1.26460   1.03751    3.822
 4232.00    1.26395   1.07432    3.822
 4233.00    1.12263   1.09341    3.822
 4234.00    1.15483   1.09778    3.822
 4235.00    0.97744   1.09433    3.822
 4236.00    1.28082   1.09056    3.822
 4237.00    1.27479   1.09210    3.822
 4238.00    1.15252   1.10175    3.822
 4239.00    1.19388   1.11977    3.822
 4240.00    1.34889   1.14469    3.822
 4241.00    1.20242   1.17380    3.822
 4242.00    1.03570   1.20363    3.822
 4243.00    1.30482   1.22983    3.822
 4244.00    1.27963   1.24751    3.822
 4245.00    1.18041   1.25237    3.822
 4246.00    1.22620   1.24229    3.822
 4247.00    1.39559   1.21868    3.822
 4248.00    1.41608   1.18664    3.822
 4249.00    1.25241   1.15337    3.822
 4250.00    1.06003   1.12543    3.822
 4251.00    1.20456   1.10659    3.822
 4252.00    1.24224   1.09725    3.822
 4253.00    1.19289   1.09566    3.822
 4254.00    1.17621   1.09945    3.822
 4255.00    1.17617   1.10613    3.822
 4256.00    0.95125   1.11280    3.822
 4257.00    0.99659   1.11653    3.822
 4258.00    1.13607   1.11598    3.822
 4259.00    1.15293   1.11330    3.822
 4260.00    1.26016   1.11417    3.822
 4261.00    1.17296   1.12503    3.822
 4262.00    0.99787   1.14901    3.822
 4263.00    1.07212   1.18304    3.822
 4264.00    1.41028   1.21853    3.822
 4265.00    1.55343   1.24477    3.822
 4266.00    1.53663   1.25288    3.822
 4267.00    1.28099   1.23855    3.822
 4268.00    1.30994   1.20289    3.822
 4269.00    1.50420   1.15168    3.822
 4270.00    1.61933   1.09414    3.822
 4271.00    1.51531   1.04096    3.822
 4272.00    1.20008   1.00211    3.822
 4273.00    0.75242   0.98459    3.822
 4274.00    1.00818   0.99080    3.822
 4275.00    0.98468   1.01792    3.822
 4276.00    1.07889   1.05864    3.822
 4277.00    1.11526   1.10321    3.822
 4278.00    1.05479   1.14227    3.822
 4279.00    1.16900   1.16966    3.822
 4280.00    0.88973   1.18373    3.822
 4281.00    1.23880   1.18676    3.822
 4282.00    1.13655   1.18269    3.822
 4283.00    1.23128   1.17464    3.822
 4284.00    1.27070   1.16368    3.822
 4285.00    1.16037   1.14917    3.822
 4286.00    1.00882   1.13009    3.822
 4287.00    0.99729   1.10658    3.822
 4288.00    0.80337   1.08094    3.822
 4289.00    1.09624   1.05745    3.822
 4290.00    1.15676   1.04105    3.822
 4291.00    1.04317   1.03497    3.822
 4292.00    0.93282   1.03865    3.822
 4293.00    0.94352   1.04735    3.822
 4294.00    1.07736   1.05380    3.822
 4295.00    1.21466   1.05110    3.822
 4296.00    0.97621   1.03524    3.822
 4297.00    0.91814   1.00639    3.822
 4298.00    0.69451   0.96860    3.822
 4299.00    0.84258   0.92850    3.822
 4300.00    0.93386   0.89299    3.822
 4301.00    0.77913   0.86691    3.822
 4302.00    0.66499   0.85127    3.822
 4303.00    0.97423   0.84325    3.822
 4304.00    0.83612   0.83795    3.822
 4305.00    0.76809   0.83104    3.822
 4306.00    0.57928   0.82123    3.822
 4307.00    0.60208   0.81120    3.822
 4308.00    0.80404   0.80680    3.822
 4309.00    0.90415   0.81470    3.822
 4310.00    0.67105   0.83983    3.822
 4311.00    0.65985   0.88392    3.822
 4312.00    0.98427   0.94535    3.822
 4313.00    1.10972   1.02023    3.822
 4314.00    1.30435   1.10311    3.822
 4315.00    1.28375   1.18733    3.822
 4316.00    1.15290   1.26504    3.822
 4317.00    1.21494   1.32801    3.822
 4318.00    1.62217   1.36911    3.822
 4319.00    1.57397   1.38394    3.822
 4320.00    1.47507   1.37167    3.822
 4321.00    1.27647   1.33510    3.822
 4322.00    1.24711   1.28057    3.822
 4323.00    1.23597   1.21808    3.822
 4324.00    1.17867   1.16061    3.822
 4325.00    1.09113   1.12183    3.822
 4326.00    0.97310   1.11182    3.822
 4327.00    1.09534   1.13295    3.822
 4328.00    1.04190   1.17883    3.822
 4329.00    1.17491   1.23689    3.822
 4330.00    1.19792   1.29391    3.822
 4331.00    1.26745   1.34029    3.822
 4332.00    1.31306   1.37138    0.000
 4333.00    1.25191   1.38559    0.000
 4334.00    1.69478   1.38195    0.000
 4335.00    1.48386   1.35938    0.000
 4336.00    1.17292   1.31832    0.000
 4337.00    1.35271   1.26312    0.000
 4338.00    1.20246   1.20313    0.000
 4339.00    1.13847   1.15081    0.000
 4340.00    1.25948   1.11787    0.000
 4341.00    1.10999   1.11104    0.000
 4342.00    1.21607   1.13000    0.000
 4343.00    0.92498   1.16841    0.000
 4344.00    1.36550   1.21691    0.000
 4345.00    1.34784   1.26637    0.000
 4346.00    1.22533   1.30961    0.000
 4347.00    1.28714   1.34151    3.822
 4348.00    1.45466   1.35857    3.822
 4349.00    1.33993   1.35925    3.822
 4350.00    1.26746   1.34517    3.822
 4351.00    1.42656   1.32203    3.822
 4352.00    1.22736   1.29865    3.822
 4353.00    1.05336   1.28382    3.822
 4354.00    0.91340   1.28266    3.822
 4355.00    0.94678   1.29468    3.822
 4356.00    1.17173   1.31501    3.822
 4357.00    1.23781   1.33773    3.822
 4358.00    1.20859   1.35893    3.822
 4359.00    1.34429   1.37795    3.822
 4360.00    1.47115   1.39626    3.822
 4361.00    1.47922   1.41533    3.822
 4362.00    1.48964   1.43486    3.822
 4363.00    1.48646   1.45239    3.822
 4364.00    1.39547   1.46431    3.822
 4365.00    1.35944   1.46744    3.822
 4366.00    1.44349   1.46045    3.822
 4367.00    1.33639   1.44450    3.822
 4368.00    1.31576   1.42269    3.822
 4369.00    1.26729   1.39846    3.822
 4370.00    1.29404   1.37399    3.822
 4371.00    1.40334   1.34976    3.822
 4372.00    1.46259   1.32561    3.822
 4373.00    1.42215   1.30239    3.822
 4374.00    1.26764   1.28278    3.822
 4375.00    1.08432   1.27028    3.822
 4376.00    0.99263   1.26655    3.822
 4377.00    1.18663   1.26906    3.822
 4378.00    1.41687   1.27076    3.822
 4379.00    1.41709   1.26246    3.822
 4380.00    1.27435   1.23714    3.822
 4381.00    1.82563   1.19396    3.822
 4382.00    1.29699   1.13993    3.822
 4383.00    1.24041   1.08796    3.822
 4384.00    1.10445   1.05189    3.822
 4385.00    1.07626   1.04072    3.822
 4386.00    1.06979   1.05505    3.822
 4387.00    0.94986   1.08747    3.822
 4388.00    0.85299   1.12699    3.822
 4389.00    1.31030   1.16411    3.822
 4390.00    1.09653   1.19435    3.822
 4391.00    1.45832   1.21798    3.822
 4392.00    1.42231   1.23785    3.822
 4393.00    1.24027   1.25690    3.822
 4394.00    1.22298   1.27692    3.822
 4395.00    1.39753   1.29804    3.822
 4396.00    1.41746   1.31853    3.822
 4397.00    1.35422   1.33509    3.822
 4398.00    1.24005   1.34372    3.822
 4399.00    1.59221   1.34114    3.822
 4400.00    1.57410   1.32622    3.822
 4401.00    1.32448   1.30038    3.822
 4402.00    1.14742   1.26704    3.822
 4403.00    1.16851   1.23084    3.822
 4404.00    1.26205   1.19774    3.822
 4405.00    1.14568   1.17449    3.822
 4406.00    1.13251   1.16728    3.822
 4407.00    1.21383   1.17943    3.822
 4408.00    1.17983   1.20957    3.822
 4409.00    1.12767   1.25171    3.822
 4410.00    1.22029   1.29692    3.822
 4411.00    1.47301   1.33556    3.822
 4412.00    1.52695   1.36004    3.822
 4413.00    1.43427   1.36745    3.822
 4414.00    1.25307   1.36132    3.822
 4415.00    1.12847   1.35040    3.822
 4416.00    1.33929   1.34464    3.822
 4417.00    1.47158   1.35037    3.822
 4418.00    1.31901   1.36725    3.822
 4419.00    1.45926   1.38898    3.822
 4420.00    1.33726   1.40721    3.822
 4421.00    1.37361   1.41612    3.822
 4422.00    1.63509   1.41498    3.822
 4423.00    1.56735   1.40747    3.822
 4424.00    1.55990   1.39890    3.822
 4425.00    1.64991   1.39325    3.822
 4426.00    1.59766   1.39166    3.822
 4427.00    1.34660   1.39284    3.822
 4428.00    1.70984   1.39454    3.822
 4429.00    1.45564   1.39450    3.822
 4430.00    1.53022   1.39115    3.822
 4431.00    1.50900   1.38393    3.822
 4432.00    1.48844   1.37352    3.822
 4433.00    1.51835   1.36205    3.822
 4434.00    1.52020   1.35302    3.822
 4435.00    1.48196   1.35085    3.822
 4436.00    1.52400   1.35894    3.822
 4437.00    1.42998   1.37699    3.822
 4438.00    1.55498   1.40003    3.822
 4439.00    1.44496   1.42040    3.822
 4440.00    1.49872   1.43206    3.822
 4441.00    1.64019   1.43408    3.822
 4442.00    1.24935   1.43128    3.822
 4443.00    1.21611   1.43108    3.822
 4444.00    1.40791   1.43926    3.822
 4445.00    1.33827   1.45670    3.822
 4446.00    1.36372   1.47936    3.822
 4447.00    1.39715   1.50093    3.822
 4448.00    1.34794   1.51590    3.822
 4449.00    1.27240   1.52110    3.822
 4450.00    1.36892   1.51534    3.822
 4451.00    1.43306   1.49855    3.822
 4452.00    1.48735   1.47161    3.822
 4453.00    1.47877   1.43663    3.822
 4454.00    1.55059   1.39740    3.822
 4455.00    1.53427   1.35892    3.822
 4456.00    1.41106   1.32638    3.822
 4457.00    1.30139   1.30290    3.822
 4458.00    1.33526   1.28922    3.822
 4459.00    1.39570   1.28441    3.822
 4460.00    1.15675   1.28757    3.822
 4461.00    1.21916   1.29841    3.822
 4462.00    1.33158   1.31660    3.822
 4463.00    1.39108   1.34064    3.822
 4464.00    1.43884   1.36728    3.822
 4465.00    1.52264   1.39229    3.822
 4466.00    1.45327   1.41236    3.822
 4467.00    1.40405   1.42676    3.822
 4468.00    1.32637   1.43748    3.822
 4469.00    1.42006   1.44812    0.000
 4470.00    1.45047   1.46230    0.000
 4471.00    1.41300   1.48221    0.000
 4472.00    1.33708   1.50755    0.000
 4473.00    1.28596   1.53557    0.000
 4474.00    1.64663   1.56239    0.000
 4475.00    1.62177   1.58404    0.000
 4476.00    1.76520   1.59727    3.822
 4477.00    1.57410   1.59974    3.822
 4478.00    1.36212   1.59056    3.822
 4479.00    1.51046   1.57144    3.822
 4480.00    1.85092   1.54777    3.822
 4481.00    1.64406   1.52765    3.822
 4482.00    1.29542   1.51877    3.822
 4483.00    1.76933   1.52441    3.822
 4484.00    1.65381   1.54171    3.822
 4485.00    1.28537   1.56285    3.822
 4486.00    1.22882   1.57898    3.822
 4487.00    1.52593   1.58406    3.822
 4488.00    1.77696   1.57734    3.822
 4489.00    1.52029   1.56278    3.822
 4490.00    1.57167   1.54640    3.822
 4491.00    1.59665   1.53264    3.822
 4492.00    1.52205   1.52275    3.822
 4493.00    1.62572   1.51574    3.822
 4494.00    1.64914   1.51091    3.822
 4495.00    1.54006   1.50955    3.822
 4496.00    1.46280   1.51406    3.822
 4497.00    1.51011   1.52589    3.822
 4498.00    1.50574   1.54416    3.822
 4499.00    1.74974   1.56622    3.822
 4500.00    1.61797   1.58958    3.822
 4501.00    1.57267   1.61321    3.822
 4502.00    1.51896   1.63744    3.822
 4503.00    1.47853   1.66238    3.822
 4504.00    1.60825   1.68666    3.822
 4505.00    1.57599   1.70743    3.822
 4506.00    1.81718   1.72185    3.822
 4507.00    1.68258   1.72855    3.822
 4508.00    1.66967   1.72840    3.822
 4509.00    1.71355   1.72321    3.822
 4510.00    1.67254   1.71442    3.822
 4511.00    1.50858   1.70260    3.822
 4512.00    1.39635   1.68791    3.822
 4513.00    1.82354   1.67106    3.822
 4514.00    1.77979   1.65403    3.822
 4515.00    1.54129   1.63940    3.822
 4516.00    1.68931   1.62925    3.822
 4517.00    1.72301   1.62445    3.822
 4518.00    1.79113   1.62458    3.822
 4519.00    1.97450   1.62822    3.822
 4520.00    1.67345   1.63290    3.822
 4521.00    1.46037   1.63503    3.822
 4522.00    1.61286   1.63054    3.822
 4523.00    1.59733   1.61631    3.822
 4524.00    1.63819   1.59123    3.822
 4525.00    1.61482   1.55669    3.822
 4526.00    1.62982   1.51610    3.822
 4527.00    1.74391   1.47437    3.822
 4528.00    1.51540   1.43722    3.822
 4529.00    1.33046   1.40959    3.822
 4530.00    1.34368   1.39423    3.822
 4531.00    1.14915   1.39085    3.822
 4532.00    1.23144   1.39674    3.822
 4533.00    1.39510   1.40854    3.822
 4534.00    1.47520   1.42419    3.822
 4535.00    1.51142   1.44369    3.822
 4536.00    1.56394   1.46804    3.822
 4537.00    1.55299   1.49694    3.822
 4538.00    1.69440   1.52746    3.822
 4539.00    1.79718   1.55481    3.822
 4540.00    1.70667   1.57499    3.822
 4541.00    1.66948   1.58667    3.822
 4542.00    1.74340   1.59110    3.822
 4543.00    1.64873   1.59045    3.822
 4544.00    1.43308   1.58635    3.822
 4545.00    1.84493   1.57983    3.822
 4546.00    1.67356   1.57170    3.822
 4547.00    1.59238   1.56305    3.822
 4548.00    1.60307   1.55498    3.822
 4549.00    1.63420   1.54840    3.822
 4550.00    1.63092   1.54401    3.822
 4551.00    1.59386   1.54207    3.822
 4552.00    1.53512   1.54222    3.822
 4553.00    1.45780   1.54418    3.822
 4554.00    1.59702   1.54883    3.822
 4555.00    1.65048   1.55825    3.822
 4556.00    1.65628   1.57449    3.822
 4557.00    1.52553   1.59774    3.822
 4558.00    1.32294   1.62529    3.822
 4559.00    1.59335   1.65215    3.822
 4560.00    1.69461   1.67311    3.822
 4561.00    1.77706   1.68465    3.822
 4562.00    1.98993   1.68575    3.822
 4563.00    1.83627   1.67827    3.822
 4564.00    1.71485   1.66644    3.822
 4565.00    1.69511   1.65567    3.822
 4566.00    1.55431   1.65049    3.822
 4567.00    1.58545   1.65249    3.822
 4568.00    1.68773   1.65972    3.822
 4569.00    1.47630   1.66802    3.822
 4570.00    1.51754   1.67377    3.822
 4571.00    1.59723   1.67602    3.822
 4572.00    1.71474   1.67634    3.822
 4573.00    1.90608   1.67727    3.822
 4574.00    2.04850   1.67970    3.822
 4575.00    1.49124   1.68202    3.822
 4576.00    1.61502   1.68114    3.822
 4577.00    1.46516   1.67431    3.822
 4578.00    1.72847   1.66042    3.822
 4579.00    1.68670   1.64059    3.822
 4580.00    1.50649   1.61817    3.822
 4581.00    1.58098   1.59767    3.822
 4582.00    1.85771   1.58286    3.822
 4583.00    1.56770   1.57528    3.822
 4584.00    1.31570   1.57449    3.822
 4585.00    1.56222   1.57922    3.822
 4586.00    1.65008   1.58850    3.822
 4587.00    1.70921   1.60153    3.822
 4588.00    1.80623   1.61664    3.822
 4589.00    1.85517   1.63064    3.822
 4590.00    1.69334   1.63979    3.822
 4591.00    1.50074   1.64143    3.822
 4592.00    1.66951   1.63529    3.822
 4593.00    1.78437   1.62370    3.822
 4594.00    1.71449   1.61024    3.822
 4595.00    1.73661   1.59825    3.822
 4596.00    1.73843   1.58996    3.822
 4597.00    1.45084   1.58620    3.822
 4598.00    1.20398   1.58645    3.822
 4599.00    1.28692   1.58927    3.822
 4600.00    1.78052   1.59309    3.822
 4601.00    1.68071   1.59695    3.822
 4602.00    1.63675   1.60087    3.822
 4603.00    1.70239   1.60560    3.822
 4604.00    1.70989   1.61232    3.822
 4605.00    1.59096   1.62261    3.822
 4606.00    1.78684   1.63788    3.822
 4607.00    1.92317   1.65833    3.822
 4608.00    1.78911   1.68216    3.822
 4609.00    1.73027   1.70589    3.822
 4610.00    1.71201   1.72519    3.822
 4611.00    1.70112   1.73731    3.822
 4612.00    1.70164   1.74231    3.822
 4613.00    1.72973   1.74260    3.822
 4614.00    1.60833   1.74162    3.822
 4615.00    1.70251   1.74207    3.822
 4616.00    1.94832   1.74491    3.822
 4617.00    1.98128   1.74948    3.822
 4618.00    1.85276   1.75460    3.822
 4619.00    1.75243   1.75920    3.822
 4620.00    1.75239   1.76275    3.822
 4621.00    1.67058   1.76512    3.822
 4622.00    1.94278   1.76612    3.822
 4623.00    1.69901   1.76542    3.822
 4624.00    1.87738   1.76284    3.822
 4625.00    1.90938   1.75864    3.822
 4626.00    1.89197   1.75352    3.822
 4627.00    1.86567   1.74848    3.822
 4628.00    1.77358   1.74441    3.822
 4629.00    1.64211   1.74156    3.822
 4630.00    1.62053   1.73936    3.822
 4631.00    1.61928   1.73660    3.822
 4632.00    1.70077   1.73174    3.822
 4633.00    1.76840   1.72340    3.822
 4634.00    1.87534   1.71111    3.822
 4635.00    1.94022   1.69562    3.822
 4636.00    1.79901   1.67823    3.822
 4637.00    1.58351   1.66039    3.822
 4638.00    1.62398   1.64373    3.822
 4639.00    1.60406   1.62994    3.822
 4640.00    1.57755   1.62011    3.822
 4641.00    1.54461   1.61412    3.822
 4642.00    1.54092   1.61004    3.822
 4643.00    1.50414   1.60475    3.822
 4644.00    1.34493   1.59542    3.822
 4645.00    1.59743   1.58147    3.822
 4646.00    1.72937   1.56521    3.822
 4647.00    1.56494   1.55124    3.822
 4648.00    1.42729   1.54474    3.822
 4649.00    1.55485   1.54878    3.822
 4650.00    1.72008   1.56285    3.822
 4651.00    1.70839   1.58314    3.822
 4652.00    1.71265   1.60450    3.822
 4653.00    1.63423   1.62275    3.822
 4654.00    1.69830   1.63614    3.822
 4655.00    1.67129   1.64616    3.822
 4656.00    1.60802   1.65652    3.822
 4657.00    1.64506   1.67058    3.822
 4658.00    1.64015   1.68924    3.822
 4659.00    1.50392   1.70967    3.822
 4660.00    1.67007   1.72632    3.822
 4661.00    1.55551   1.73308    3.822
 4662.00    1.77936   1.72611    3.822
 4663.00    1.61261   1.70501    3.822
 4664.00    1.64303   1.67240    3.822
 4665.00    1.65939   1.63301    3.822
 4666.00    1.58001   1.59261    3.822
 4667.00    1.51952   1.55770    3.822
 4668.00    1.26175   1.53442    3.822
 4669.00    1.46719   1.52680    3.822
 4670.00    1.56991   1.53495    3.822
 4671.00    1.66330   1.55488    3.822
 4672.00    1.63295   1.58045    3.822
 4673.00    1.59419   1.60578    3.822
 4674.00    1.58541   1.62712    3.822
 4675.00    1.50749   1.64284    3.822
 4676.00    1.52097   1.65215    3.822
 4677.00    1.74424   1.65464    3.822
 4678.00    1.63732   1.65037    3.822
 4679.00    1.62002   1.64076    3.822
 4680.00    1.57991   1.62870    3.822
 4681.00    1.61525   1.61768    3.822
 4682.00    1.71036   1.61070    3.822
 4683.00    1.59875   1.60916    3.822
 4684.00    1.88813   1.61245    3.822
 4685.00    1.82545   1.61817    3.822
 4686.00    1.69606   1.62376    3.822
 4687.00    1.58987   1.62743    3.822
 4688.00    1.64212   1.62870    3.822
 4689.00    1.75015   1.62831    3.822
 4690.00    1.79730   1.62749    3.822
 4691.00    1.93023   1.62746    3.822
 4692.00    1.58722   1.62919    3.822
 4693.00    1.50168   1.63306    3.822
 4694.00    1.77986   1.63832    3.822
 4695.00    1.74469   1.64289    3.822
 4696.00    1.64945   1.64406    3.822
 4697.00    1.67964   1.63948    3.822
 4698.00    1.74150   1.62841    3.822
 4699.00    1.64330   1.61226    3.822
 4700.00    1.64696   1.59424    3.822
 4701.00    1.79310   1.57767    3.822
 4702.00    1.64185   1.56507    3.822
 4703.00    1.53351   1.55784    3.822
 4704.00    1.50512   1.55608    3.822
 4705.00    1.52385   1.55840    3.822
 4706.00    1.59209   1.56254    3.822
 4707.00    1.70675   1.56664    3.822
 4708.00    1.65311   1.57038    3.822
 4709.00    1.57453   1.57482    3.822
 4710.00    1.43721   1.58107    3.822
 4711.00    1.38331   1.58929    3.822
 4712.00    1.38245   1.59870    3.822
 4713.00    1.42385   1.60853    3.822
 4714.00    1.60477   1.61902    3.822
 4715.00    1.75616   1.63174    3.822
 4716.00    1.57066   1.64837    3.822
 4717.00    1.74494   1.66922    3.822
 4718.00    1.78931   1.69282    3.822
 4719.00    1.76906   1.71633    3.822
 4720.00    1.76780   1.73687    3.822
 4721.00    1.85135   1.75204    3.822
 4722.00    2.07937   1.76037    3.822
 4723.00    2.26384   1.76159    3.822
 4724.00    1.88570   1.75586    3.822
 4725.00    1.91074   1.74280    3.822
 4726.00    1.86313   1.72198    3.822
 4727.00    1.92892   1.69441    3.822
 4728.00    1.95097   1.66346    3.822
 4729.00    1.72590   1.63479    3.822
 4730.00    1.84708   1.61372    3.822
 4731.00    1.51502   1.60344    3.822
 4732.00    1.48933   1.60403    3.822
 4733.00    1.64886   1.61302    3.822
 4734.00    1.74346   1.62668    3.822
 4735.00    1.67966   1.64152    3.822
 4736.00    1.63130   1.65540    3.822
 4737.00    1.81952   1.66771    3.822
 4738.00    1.83197   1.67871    3.822
 4739.00    1.73570   1.68865    3.822
 4740.00    1.93049   1.69726    3.822
 4741.00    1.77387   1.70434    3.822
 4742.00    1.76276   1.71044    3.822
 4743.00    1.77174   1.71648    3.822
 4744.00    1.70019   1.72312    3.822
 4745.00    1.82941   1.73096    3.822
 4746.00    2.31708   1.74011    3.822
 4747.00    2.22141   1.75002    3.822
 4748.00    2.03174   1.75942    3.822
 4749.00    1.65930   1.76677    3.822
 4750.00    1.48105   1.77067    3.822
 4751.00    1.42347   1.76999    3.822
 4752.00    1.29444   1.76428    3.822
 4753.00    1.20126   1.75452    3.822
 4754.00    1.29556   1.74269    3.822
 4755.00    1.67135   1.73138    3.822
 4756.00    1.51405   1.72269    3.822
 4757.00    1.56070   1.71746    3.822
 4758.00    1.59373   1.71505    3.822
 4759.00    1.52668   1.71353    3.822
 4760.00    1.47308   1.71017    3.822
 4761.00    1.49655   1.70235    3.822
 4762.00    1.66540   1.68888    3.822
 4763.00    1.51251   1.67068    3.822
 4764.00    1.59640   1.65060    3.822
 4765.00    1.50626   1.63256    3.822
 4766.00    1.36240   1.62024    3.822
 4767.00    1.38195   1.61659    3.822
 4768.00    1.56064   1.62292    3.822
 4769.00    1.33387   1.63777    3.822
 4770.00    1.66481   1.65734    3.822
 4771.00    1.49522   1.67770    3.822
 4772.00    1.58056   1.69675    3.822
 4773.00    1.68582   1.71463    3.822
 4774.00    1.77449   1.73206    3.822
 4775.00    1.79524   1.74883    3.822
 4776.00    1.64984   1.76365    3.822
 4777.00    1.63399   1.77498    3.822
 4778.00    1.53075   1.78157    3.822
 4779.00    1.77375   1.78230    3.822
 4780.00    1.79792   1.77673    3.822
 4781.00    1.75769   1.76546    3.822
 4782.00    1.65867   1.75002    3.822
 4783.00    1.52170   1.73231    3.822
 4784.00    1.55096   1.71496    3.822
 4785.00    1.88349   1.70034    3.822
 4786.00    1.79214   1.68969    3.822
 4787.00    1.88126   1.68345    3.822
 4788.00    2.02075   1.68210    3.822
 4789.00    1.92992   1.68597    3.822
 4790.00    1.75279   1.69537    3.822
 4791.00    1.76902   1.71068    3.822
 4792.00    1.85778   1.73182    3.822
 4793.00    1.58916   1.75739    3.822
 4794.00    1.79908   1.78401    3.822
 4795.00    1.76659   1.80726    3.822
 4796.00    1.90478   1.82286    3.822
 4797.00    1.94085   1.82848    3.822
 4798.00    1.83445   1.82489    3.822
 4799.00    1.81030   1.81587    3.822
 4800.00    1.80921   1.80617    3.822
 4801.00    1.54900   1.79980    3.822
 4802.00    1.66411   1.79808    3.822
 4803.00    1.87520   1.79927    3.822
 4804.00    1.86660   1.79949    3.822
 4805.00    1.79629   1.79601    3.822
 4806.00    1.88112   1.78859    3.822
 4807.00    2.08369   1.77904    3.822
 4808.00    1.82035   1.77000    3.822
 4809.00    1.78930   1.76426    3.822
 4810.00    1.62452   1.76337    3.822
 4811.00    1.77829   1.76705    3.822
 4812.00    1.95350   1.77399    3.822
 4813.00    1.94858   1.78288    3.822
 4814.00    1.78380   1.79308    3.822
 4815.00    1.65920   1.80437    3.822
 4816.00    1.47879   1.81644    3.822
 4817.00    1.63554   1.82847    3.822
 4818.00    1.76196   1.83901    3.822
 4819.00    1.77109   1.84609    3.822
 4820.00    1.75115   1.84768    3.822
 4821.00    1.76003   1.84232    3.822
 4822.00    1.74236   1.83008    3.822
 4823.00    1.53557   1.81313    3.822
 4824.00    1.60786   1.79525    3.822
 4825.00    2.01623   1.78057    3.822
 4826.00    1.77008   1.77129    3.822
 4827.00    1.70025   1.76645    3.822
 4828.00    1.73161   1.76342    3.822
 4829.00    1.72500   1.76044    3.822
 4830.00    1.66535   1.75682    3.822
 4831.00    1.58430   1.75262    3.822
 4832.00    1.88521   1.74870    3.822
 4833.00    1.94609   1.74695    3.822
 4834.00    1.84962   1.74856    3.822
 4835.00    1.74536   1.75298    3.822
 4836.00    1.65126   1.75790    3.822
 4837.00    1.60538   1.76070    3.822
 4838.00    1.66760   1.75964    3.822
 4839.00    1.71732   1.75436    3.822
 4840.00    1.78091   1.74639    3.822
 4841.00    1.80862   1.73827    3.822
 4842.00    1.92535   1.73230    3.822
 4843.00    1.66389   1.72986    3.822
 4844.00    1.37867   1.73165    3.822
 4845.00    1.43486   1.73743    3.822
 4846.00    1.66055   1.74543    3.822
 4847.00    1.85137   1.75269    3.822
 4848.00    1.63369   1.75690    3.822
 4849.00    1.75918   1.75758    3.822
 4850.00    1.92670   1.75546    3.822
 4851.00    1.99544   1.75058    3.822
 4852.00    1.85390   1.74188    3.822
 4853.00    1.61869   1.72798    3.822
 4854.00    1.72367   1.70801    0.000
 4855.00    1.80098   1.68238    0.000
 4856.00    1.65852   1.65254    0.000
 4857.00    1.64364   1.62014    0.000
 4858.00    1.71961   1.58534    0.000
 4859.00    1.69361   1.54766    0.000
 4860.00    1.54671   1.50825    0.000
 4861.00    1.39077   1.47270    0.000
 4862.00    1.25333   1.44918    0.000
 4863.00    1.18587   1.44376    0.000
 4864.00    1.41935   1.45660    0.000
 4865.00    1.49016   1.48306    0.000
 4866.00    1.37087   1.51642    0.000
 4867.00    1.35643   1.54943    0.000
 4868.00    1.48343   1.57581    0.000
 4869.00    1.52143   1.59168    3.822
 4870.00    1.57887   1.59632    3.822
 4871.00    1.57233   1.59255    3.822
 4872.00    1.44756   1.58665    3.822
 4873.00    1.53551   1.58615    3.822
 4874.00    1.62229   1.59515    3.822
 4875.00    1.66973   1.61311    3.822
 4876.00    1.66751   1.63706    3.822
 4877.00    1.56255   1.66369    3.822
 4878.00    1.44375   1.68981    3.822
 4879.00    1.62854   1.71217    3.822
 4880.00    1.73615   1.72802    3.822
 4881.00    1.54642   1.73539    3.822
 4882.00    1.61504   1.73419    3.822
 4883.00    1.75922   1.72610    3.822
 4884.00    1.65747   1.71274    3.822
 4885.00    1.52372   1.69493    3.822
 4886.00    1.43485   1.67451    3.822
 4887.00    1.61046   1.65444    3.822
 4888.00    1.57119   1.63713    3.822
 4889.00    1.60192   1.62382    3.822
 4890.00    1.62431   1.61596    3.822
 4891.00    1.58708   1.61654    3.822
 4892.00    1.56555   1.62994    3.822
 4893.00    1.75444   1.65855    3.822
 4894.00    1.83354   1.70014    3.822
 4895.00    2.02524   1.74801    3.822
 4896.00    1.61453   1.79342    3.822
 4897.00    1.62883   1.82994    3.822
 4898.00    1.82898   1.85371    3.822
 4899.00    1.92978   1.86388    3.822
 4900.00    1.93018   1.86244    3.822
 4901.00    1.83217   1.85384    3.822
 4902.00    1.90570   1.84248    3.822
 4903.00    1.91541   1.83177    3.822
 4904.00    1.71049   1.82403    3.822
 4905.00    1.74379   1.82044    3.822
 4906.00    1.84750   1.81976    3.822
 4907.00    1.78105   1.81815    3.822
 4908.00    1.56150   1.81201    3.822
 4909.00    1.40653   1.80083    3.822
 4910.00    1.62845   1.78726    3.822
 4911.00    1.83041   1.77560    3.822
 4912.00    1.87407   1.76952    3.822
 4913.00    1.70720   1.76957    3.822
 4914.00    1.56489   1.77299    3.822
 4915.00    1.56617   1.77470    3.822
 4916.00    1.48735   1.76894    3.822
 4917.00    1.72473   1.75086    3.822
 4918.00    1.62565   1.71887    3.822
 4919.00    1.65242   1.67727    3.822
 4920.00    1.73585   1.63568    3.822
 4921.00    1.68449   1.60469    3.822
 4922.00    1.62456   1.59167    3.822
 4923.00    1.74743   1.59781    3.822
 4924.00    1.88572   1.61969    3.822
 4925.00    1.62711   1.65253    3.822
 4926.00    1.69881   1.69256    3.822
 4927.00    1.84870   1.73560    3.822
 4928.00    1.91868   1.77680    3.822
 4929.00    1.91445   1.81200    3.822
 4930.00    1.78774   1.83763    3.822
 4931.00    1.53451   1.85099    3.822
 4932.00    1.50538   1.85109    3.822
 4933.00    1.67737   1.83922    3.822
 4934.00    1.98150   1.81899    3.822
 4935.00    1.93915   1.79514    3.822
 4936.00    1.90708   1.77091    3.822
 4937.00    1.89134   1.74765    3.822
 4938.00    1.87149   1.72755    3.822
 4939.00    1.86083   1.71527    3.822
 4940.00    1.49846   1.71562    3.822
 4941.00    1.64061   1.72973    3.822
 4942.00    1.74719   1.75424    3.822
 4943.00    1.66572   1.78398    3.822
 4944.00    1.69209   1.81384    3.822
 4945.00    1.75022   1.84026    3.822
 4946.00    1.74685   1.86161    3.822
 4947.00    1.81751   1.87847    0.000
 4948.00    1.87443   1.89211    0.000
 4949.00    1.93963   1.90273    0.000
 4950.00    2.05200   1.90939    0.000
 4951.00    1.92556   1.91064    0.000
 4952.00    1.90941   1.90436    0.000
 4953.00    2.01153   1.88853    0.000
 4954.00    2.01968   1.86255    0.000
 4955.00    1.86129   1.82707    0.000
 4956.00    1.97195   1.78496    0.000
 4957.00    1.70113   1.74195    0.000
 4958.00    1.48407   1.70726    0.000
 4959.00    1.58775   1.68998    0.000
 4960.00    1.71833   1.69143    0.000
 4961.00    1.69229   1.70585    0.000
 4962.00    1.58294   1.72477    0.000
 4963.00    1.60559   1.74127    0.000
 4964.00    1.34964   1.75084    0.000
 4965.00    1.41636   1.75124    0.000
 4966.00    1.69588   1.74448    0.000
 4967.00    1.77036   1.73516    0.000
 4968.00    1.64333   1.72790    0.000
 4969.00    1.52472   1.72607    3.822
 4970.00    1.58653   1.73157    3.822
 4971.00    1.58777   1.74374    3.822
 4972.00    1.61354   1.76050    3.822
 4973.00    1.60310   1.77812    3.822
 4974.00    1.54884   1.79270    3.822
 4975.00    1.51264   1.80106    3.822
 4976.00    1.52374   1.80093    3.822
 4977.00    1.60727   1.79102    3.822
 4978.00    1.75881   1.77169    3.822
 4979.00    1.66975   1.74463    3.822
 4980.00    1.47237   1.71249    3.822
 4981.00    1.50198   1.67777    3.822
 4982.00    1.65434   1.64323    3.822
 4983.00    1.59367   1.61382    3.822
 4984.00    1.47537   1.59529    3.822
 4985.00    1.51583   1.59135    3.822
 4986.00    1.50945   1.60178    3.822
 4987.00    1.55398   1.62315    3.822
 4988.00    1.71599   1.64979    3.822
 4989.00    1.89739   1.67563    3.822
 4990.00    1.84148   1.69683    3.822
 4991.00    1.69281   1.71260    3.822
 4992.00    1.67414   1.72377    3.822
 4993.00    1.81204   1.73128    3.822
 4994.00    1.69165   1.73562    3.822
 4995.00    1.59489   1.73718    3.822
 4996.00    1.72059   1.73608    3.822
 4997.00    1.83338   1.73131    3.822
 4998.00    1.61722   1.72080    0.000
 4999.00    1.54563   1.70387    0.000
 5000.00    1.63117   1.68169    0.000
 5001.00    1.46158   1.65711    0.000
 5002.00    1.53136   1.63338    0.000
 5003.00    1.79371   1.61234    0.000
 5004.00    1.99641   1.59447    0.000
 5005.00    1.67668   1.57980    0.000
 5006.00    1.60829   1.56946    0.000
 5007.00    1.67941   1.56548    0.000
 5008.00    1.63916   1.56868    0.000
 5009.00    1.54759   1.57619    0.000
 5010.00    1.42531   1.58276    0.000
 5011.00    1.71877   1.58400    0.000
 5012.00    1.76237   1.57812    0.000
 5013.00    1.78295   1.56634    0.000
 5014.00    1.61176   1.55255    0.000
 5015.00    1.46169   1.54148    0.000
 5016.00    1.52724   1.53580    0.000
 5017.00    1.59167   1.53575    0.000
 5018.00    1.38220   1.54056    0.000
 5019.00    1.52880   1.54928    0.000
 5020.00    1.51889   1.56080    0.000
 5021.00    1.48882   1.57300    0.000
 5022.00    1.42237   1.58458    0.000
 5023.00    1.39696   1.59608    3.822
 5024.00    1.52933   1.60866    3.822
 5025.00    1.82258   1.62229    3.822
 5026.00    1.81718   1.63576    3.822
 5027.00    1.50062   1.64811    3.822
 5028.00    1.49057   1.66054    3.822
 5029.00    1.30484   1.67525    3.822
 5030.00    1.56892   1.69302    3.822
 5031.00    2.05953   1.71238    3.822
 5032.00    1.99692   1.73035    3.822
 5033.00    2.13524   1.74345    3.822
 5034.00    1.42185   1.74737    3.822
 5035.00    1.65082   1.73925    3.822
 5036.00    1.82301   1.71950    3.822
 5037.00    1.71618   1.69161    3.822
 5038.00    1.47626   1.65948    3.822
 5039.00    1.39773   1.62616    3.822
 5040.00    1.61780   1.59538    3.822
 5041.00    1.49880   1.57392    3.822
 5042.00    1.51030   1.56881    3.822
 5043.00    1.59036   1.58289    3.822
 5044.00    1.62556   1.61242    3.822
 5045.00    1.62154   1.64931    3.822
 5046.00    1.62270   1.68395    3.822
 5047.00    1.61773   1.70902    3.822
 5048.00    1.54960   1.72056    3.822
 5049.00    1.93358   1.71932    3.822
 5050.00    1.61175   1.71009    3.822
 5051.00    1.68702   1.69990    3.822
 5052.00    1.74356   1.69424    3.822
 5053.00    1.66079   1.69648    3.822
 5054.00    1.60951   1.70783    3.822
 5055.00    1.69570   1.72641    3.822
 5056.00    1.58865   1.74881    3.822
 5057.00    1.82789   1.77219    3.822
 5058.00    2.40168   1.79408    3.822
 5059.00    2.49959   1.81261    3.822
 5060.00    2.36968   1.82599    3.822
 5061.00    2.05514   1.83243    3.822
 5062.00    1.75396   1.83020    3.822
 5063.00    1.71308   1.81780    3.822
 5064.00    1.86170   1.79619    3.822
 5065.00    1.83909   1.76931    3.822
 5066.00    1.77388   1.74292    3.822
 5067.00    1.82926   1.72110    3.822
 5068.00    1.75942   1.70545    3.822
 5069.00    1.69561   1.69638    3.822
 5070.00    1.69901   1.69331    3.822
 5071.00    1.67049   1.69411    3.822
 5072.00    1.78950   1.69602    3.822
 5073.00    1.81531   1.69758    3.822
 5074.00    1.65423   1.69834    3.822
 5075.00    1.78117   1.69669    3.822
 5076.00    1.87166   1.69109    3.822
 5077.00    1.91888   1.68077    3.822
 5078.00    1.90370   1.66523    3.822
 5079.00    1.64312   1.64480    3.822
 5080.00    1.63907   1.62311    3.822
 5081.00    1.43633   1.60602    3.822
 5082.00    1.47623   1.59731    3.822
 5083.00    1.58010   1.59804    3.822
 5084.00    1.61810   1.60774    3.822
 5085.00    1.49274   1.62503    3.822
 5086.00    1.34685   1.64774    3.822
 5087.00    1.65469   1.67278    3.822
 5088.00    1.94918   1.69745    3.822
 5089.00    2.03273   1.72014    3.822
 5090.00    1.97478   1.73988    3.822
 5091.00    1.77163   1.75630    3.822
 5092.00    1.63511   1.76901    3.822
 5093.00    1.62662   1.77680    3.822
 5094.00    1.68653   1.77759    3.822
 5095.00    1.85410   1.76960    3.822
 5096.00    1.74494   1.75300    3.822
 5097.00    1.59808   1.73080    3.822
 5098.00    1.52709   1.70688    3.822
 5099.00    1.53792   1.68576    3.822
 5100.00    1.68026   1.67186    3.822
 5101.00    1.75993   1.66699    3.822
 5102.00    1.50857   1.66916    3.822
 5103.00    1.35198   1.67385    3.822
 5104.00    1.41640   1.67746    3.822
 5105.00    1.62967   1.67805    3.822
 5106.00    1.59406   1.67492    3.822
 5107.00    1.41837   1.66856    3.822
 5108.00    1.38543   1.66070    3.822
 5109.00    1.59654   1.65435    3.822
 5110.00    1.80473   1.65264    3.822
 5111.00    1.62569   1.65754    3.822
 5112.00    1.62864   1.66951    3.822
 5113.00    1.74815   1.68684    3.822
 5114.00    1.65815   1.70737    3.822
 5115.00    1.66212   1.72927    3.822
 5116.00    1.65241   1.74996    3.822
 5117.00    1.60650   1.76670    3.822
 5118.00    2.01698   1.77679    3.822
 5119.00    2.13098   1.77789    3.822
 5120.00    1.57627   1.76877    3.822
 5121.00    1.73204   1.75048    3.822
 5122.00    1.75949   1.72481    3.822
 5123.00    1.62483   1.69462    3.822
 5124.00    1.46737   1.66413    3.822
 5125.00    1.44591   1.63751    3.822
 5126.00    1.67122   1.61796    3.822
 5127.00    1.54954   1.60641    3.822
 5128.00    1.43196   1.60226    3.822
 5129.00    1.45847   1.60491    3.822
 5130.00    1.53699   1.61383    3.822
 5131.00    1.58918   1.62801    3.822
 5132.00    1.57105   1.64519    3.822
 5133.00    1.51710   1.66214    3.822
 5134.00    1.61855   1.67662    3.822
 5135.00    1.76652   1.68712    3.822
 5136.00    1.68529   1.69213    3.822
 5137.00    1.68962   1.68982    3.822
 5138.00    1.63991   1.68058    3.822
 5139.00    1.64270   1.66808    3.822
 5140.00    1.72549   1.65583    3.822
 5141.00    1.71650   1.64519    3.822
 5142.00    1.57480   1.63606    3.822
 5143.00    1.62252   1.62858    3.822
 5144.00    1.62033   1.62375    3.822
 5145.00    1.35316   1.62094    3.822
 5146.00    1.32969   1.61765    3.822
 5147.00    1.48997   1.61343    3.822
 5148.00    1.60885   1.60975    3.822
 5149.00    1.72907   1.60754    3.822
 5150.00    1.60762   1.60627    3.822
 5151.00    1.42556   1.60516    3.822
 5152.00    1.50406   1.60508    3.822
 5153.00    1.56435   1.60815    3.822
 5154.00    1.66403   1.61593    3.822
 5155.00    1.70266   1.62961    3.822
 5156.00    1.59834   1.64909    0.000
 5157.00    1.61278   1.67207    0.000
 5158.00    1.84377   1.69443    0.000
 5159.00    1.72419   1.71219    0.000
 5160.00    1.77883   1.72147    0.000
 5161.00    1.77350   1.71889    0.000
 5162.00    1.70319   1.70179    0.000
 5163.00    1.65764   1.66896    0.000
 5164.00    1.71001   1.62160    0.000
 5165.00    1.78236   1.56247    3.822
 5166.00    1.36551   1.49384    3.822
 5167.00    1.52401   1.42181    3.822
 5168.00    1.68194   1.35658    3.822
 5169.00    1.54384   1.30626    3.822
 5170.00    1.30263   1.27254    3.822
 5171.00    1.05587   1.25152    3.822
 5172.00    0.76038   1.24106    3.822
 5173.00    1.26818   1.24615    3.822
 5174.00    1.35978   1.27062    3.822
 5175.00    1.29151   1.31245    3.822
 5176.00    1.42309   1.36155    3.822
 5177.00    1.51414   1.40677    3.822
 5178.00    1.53032   1.44210    3.822
 5179.00    1.53113   1.46328    3.822
 5180.00    1.53146   1.46695    3.822
 5181.00    1.56308   1.45194    3.822
 5182.00    1.36130   1.42141    3.822
 5183.00    1.23798   1.38608    3.822
 5184.00    1.33182   1.36079    3.822
 5185.00    1.39222   1.35778    3.822
 5186.00    1.34883   1.37857    3.822
 5187.00    1.33865   1.41542    3.822
 5188.00    1.56084   1.45939    3.822
 5189.00    1.76102   1.50272    3.822
 5190.00    1.58860   1.53914    3.822
 5191.00    1.50580   1.56338    3.822
 5192.00    1.59515   1.57411    3.822
 5193.00    1.73045   1.57643    0.000
 5194.00    1.80529   1.57876    0.000
 5195.00    1.76752   1.58444    0.000
 5196.00    1.54903   1.59517    0.000
 5197.00    1.46556   1.61151    0.000
 5198.00    1.38019   1.63192    0.000
 5199.00    1.44598   1.65230    0.000
 5200.00    1.72649   1.66759    0.000
 5201.00    1.88581   1.67293    0.000
 5202.00    1.82973   1.66586    0.000
 5203.00    1.83901   1.64613    3.822
 5204.00    2.04633   1.61500    3.822
 5205.00    1.54075   1.57598    3.822
 5206.00    1.77319   1.53673    3.822
 5207.00    1.87310   1.50439    3.822
 5208.00    1.75962   1.48404    3.822
 5209.00    1.58006   1.47841    3.822
 5210.00    1.48788   1.48953    3.822
 5211.00    1.52466   1.51651    3.822
 5212.00    1.85979   1.55495    3.822
 5213.00    1.75857   1.59716    3.822
 5214.00    1.77882   1.63599    3.822
 5215.00    1.86033   1.66756    3.822
 5216.00    1.86341   1.69222    3.822
 5217.00    1.74013   1.71274    3.822
 5218.00    1.59562   1.73116    3.822
 5219.00    1.66083   1.74694    3.822
 5220.00    1.78763   1.75815    3.822
 5221.00    1.67704   1.76240    3.822
 5222.00    1.67865   1.75770    3.822
 5223.00    1.76789   1.74271    3.822
 5224.00    1.95235   1.71764    3.822
 5225.00    2.00310   1.68581    3.822
 5226.00    1.76965   1.65333    3.822
 5227.00    1.74280   1.62817    3.822
 5228.00    1.59535   1.61712    3.822
 5229.00    1.68104   1.62216    3.822
 5230.00    1.75392   1.63870    3.822
 5231.00    1.78157   1.65962    3.822
 5232.00    1.82634   1.68027    3.822
 5233.00    1.93646   1.69928    3.822
 5234.00    2.08280   1.71771    3.822
 5235.00    2.12119   1.73773    3.822
 5236.00    2.14379   1.75901    3.822
 5237.00    1.76669   1.78100    3.822
 5238.00    1.74986   1.80238    3.822
 5239.00    1.85601   1.82162    3.822
 5240.00    1.90814   1.83756    3.822
 5241.00    1.89005   1.84876    3.822
 5242.00    1.89672   1.85417    3.822
 5243.00    1.73901   1.85400    3.822
 5244.00    1.82813   1.84884    3.822
 5245.00    1.80684   1.83805    3.822
 5246.00    1.91436   1.82093    3.822
 5247.00    1.99935   1.79925    3.822
 5248.00    1.98549   1.77676    3.822
 5249.00    1.87853   1.75713    3.822
 5250.00    1.73309   1.74143    3.822
 5251.00    1.86997   1.73075    3.822
 5252.00    1.91178   1.72751    3.822
 5253.00    2.23408   1.73202    3.822
 5254.00    2.41786   1.74237    3.822
 5255.00    2.32770   1.75664    3.822
 5256.00    2.06812   1.77393    3.822
 5257.00    1.91785   1.79305    3.822
 5258.00    2.19485   1.80867    3.822
 5259.00    2.65853   1.81412   -1.000
 5260.00    1.91898   1.80524    3.822
 5261.00    1.52168   1.78074    3.822
 5262.00    1.70665   1.74209    3.822
 5263.00    1.83785   1.69231    3.822
 5264.00    1.67899   1.63657    3.822
 5265.00    1.57301   1.58119    3.822
 5266.00    1.70141   1.53284    3.822
 5267.00    1.83951   1.49622    0.000
 5268.00    1.80198   1.47181    0.000
 5269.00    1.82747   1.45713    0.000
 5270.00    1.60148   1.45425    0.000
 5271.00    1.43899   1.46759    0.000
 5272.00    1.51299   1.49845    0.000
 5273.00    1.62577   1.54071    0.000
 5274.00    2.20748   1.58467    0.000
 5275.00    2.27529   1.62942    3.822
 5276.00    2.01937   1.67492    3.822
 5277.00    1.94787   1.71934    3.822
 5278.00    1.87851   1.75768    3.822
 5279.00    1.92179   1.78405    3.822
 5280.00    2.03171   1.79808    3.822
 5281.00    1.76020   1.80338    3.822
 5282.00    1.82529   1.80377    3.822
 5283.00    1.83243   1.80338    3.822
 5284.00    1.92812   1.80747    3.822
 5285.00    2.10167   1.82033    3.822
 5286.00    1.91796   1.84244    3.822
 5287.00    1.77056   1.86941    3.822
 5288.00    2.11795   1.89633    3.822
 5289.00    2.28202   1.92067    3.822
 5290.00    2.30021   1.94066    3.822
 5291.00    2.15107   1.95342    3.822
 5292.00    2.11189   1.95550    3.822
 5293.00    1.96554   1.94641    3.822
 5294.00    1.91548   1.92857    3.822
 5295.00    2.02710   1.90395    3.822
 5296.00    2.13553   1.87318    3.822
 5297.00    2.03812   1.83898    3.822
 5298.00    2.16176   1.80871    3.822
 5299.00    1.94139   1.78970    3.822
 5300.00    1.95034   1.78460    3.822
 5301.00    1.84481   1.79107    3.822
 5302.00    1.70637   1.80746    3.822
 5303.00    1.65877   1.83322    3.822
 5304.00    1.68996   1.86641    3.822
 5305.00    1.78571   1.90131    3.822
 5306.00    1.86900   1.93131    3.822
 5307.00    1.96363   1.95406    3.822
 5308.00    1.96117   1.97125    3.822
 5309.00    2.00891   1.98431    3.822
 5310.00    1.99370   1.99304    3.822
 5311.00    1.90744   1.99598    3.822
 5312.00    2.03458   1.99348    3.822
 5313.00    2.23114   1.98764    3.822
 5314.00    2.01151   1.97945    3.822
 5315.00    1.90975   1.96951    3.822
 5316.00    1.80107   1.95806    3.822
 5317.00    1.77788   1.94601    3.822
 5318.00    1.83038   1.93489    3.822
 5319.00    1.88841   1.92406    3.822
 5320.00    1.92558   1.91237    3.822
 5321.00    1.88291   1.89831    3.822
 5322.00    1.80462   1.87950    3.822
 5323.00    1.69504   1.85403    3.822
 5324.00    1.72151   1.82214    3.822
 5325.00    1.69926   1.78707    3.822
 5326.00    1.67854   1.75097    3.822
 5327.00    1.79245   1.71444    3.822
 5328.00    1.70619   1.68227    3.822
 5329.00    1.67496   1.66336    3.822
 5330.00    2.04230   1.66622    3.822
 5331.00    2.03181   1.68817    3.822
 5332.00    2.05180   1.71997    3.822
 5333.00    1.99520   1.75696    3.822
 5334.00    2.03589   1.79651    3.822
 5335.00    2.45439   1.83450    3.822
 5336.00    2.04909   1.86366    3.822
 5337.00    1.59688   1.87904    3.822
 5338.00    1.96725   1.88170    3.822
 5339.00    1.97500   1.87444    3.822
 5340.00    1.95382   1.86091    3.822
 5341.00    2.00437   1.84621    3.822
 5342.00    2.06357   1.83651    3.822
 5343.00    2.02781   1.83280    3.822
 5344.00    1.73130   1.83234    3.822
 5345.00    1.70483   1.83347    3.822
 5346.00    2.04381   1.83627    3.822
 5347.00    1.97245   1.84096    3.822
 5348.00    1.85873   1.84645    3.822
 5349.00    1.79739   1.85254    3.822
 5350.00    1.76717   1.86260    3.822
 5351.00    1.93030   1.87943    3.822
 5352.00    1.91680   1.90218    3.822
 5353.00    2.16215   1.92874    3.822
 5354.00    2.20801   1.95620    3.822
 5355.00    2.15488   1.98378    3.822
 5356.00    2.06916   2.00863    3.822
 5357.00    2.22933   2.02703    3.822
 5358.00    2.61537   2.03750    3.822
 5359.00    2.14651   2.03997    3.822
 5360.00    1.78309   2.03475    3.822
 5361.00    2.00641   2.02227    3.822
 5362.00    1.98689   2.00410    3.822
 5363.00    2.00849   1.98259    3.822
 5364.00    2.02796   1.95891    3.822
 5365.00    2.09287   1.93339    3.822
 5366.00    2.25943   1.90685    3.822
 5367.00    1.95386   1.88096    3.822
 5368.00    1.97859   1.85667    3.822
 5369.00    1.87291   1.83297    3.822
 5370.00    1.87211   1.81089    3.822
 5371.00    1.84766   1.79494    3.822
 5372.00    1.85362   1.79061    3.822
 5373.00    1.94115   1.80095    3.822
 5374.00    2.01698   1.82236    3.822
 5375.00    1.75460   1.84988    3.822
 5376.00    1.84235   1.87830    3.822
 5377.00    1.95353   1.90502    3.822
 5378.00    1.94580   1.92852    3.822
 5379.00    1.95734   1.94573    3.822
 5380.00    2.05210   1.95487    3.822
 5381.00    2.11672   1.95620    3.822
 5382.00    1.91291   1.95274    3.822
 5383.00    1.91371   1.94796    3.822
 5384.00    1.81332   1.94299    3.822
 5385.00    1.91132   1.93810    3.822
 5386.00    2.11603   1.93278    3.822
 5387.00    2.28891   1.92592    3.822
 5388.00    2.29889   1.91610    3.822
 5389.00    2.21026   1.90280    3.822
 5390.00    2.43817   1.88653    3.822
 5391.00    2.21076   1.86836    3.822
 5392.00    1.84736   1.84946    3.822
 5393.00    1.69184   1.83085    3.822
 5394.00    1.61657   1.81401    3.822
 5395.00    1.68489   1.79931    3.822
 5396.00    1.87607   1.78687    3.822
 5397.00    2.07027   1.77757    3.822
 5398.00    2.21768   1.77371    3.822
 5399.00    2.18922   1.77620    3.822
 5400.00    1.81735   1.78089    3.822
 5401.00    1.72340   1.78397    3.822
 5402.00    1.72123   1.78370    3.822
 5403.00    1.76481   1.77885    3.822
 5404.00    1.84589   1.76751    3.822
 5405.00    1.90958   1.74992    3.822
 5406.00    1.78619   1.73202    3.822
 5407.00    1.64384   1.72199    3.822
 5408.00    1.71492   1.72024    3.822
 5409.00    1.95903   1.72506    3.822
 5410.00    1.80149   1.73638    3.822
 5411.00    1.63048   1.75737    3.822
 5412.00    1.81540   1.78834    3.822
 5413.00    1.89854   1.82199    3.822
 5414.00    1.56411   1.85289    3.822
 5415.00    1.75114   1.88021    3.822
 5416.00    1.93864   1.90545    3.822
 5417.00    1.98897   1.92769    3.822
 5418.00    1.89024   1.94281    3.822
 5419.00    1.80210   1.94937    3.822
 5420.00    1.82327   1.94991    3.822
 5421.00    1.74944   1.94768    3.822
 5422.00    1.98147   1.94450    3.822
 5423.00    1.60119   1.93953    3.822
 5424.00    1.94428   1.93206    3.822
 5425.00    2.02525   1.92516    3.822
 5426.00    2.07690   1.92066    3.822
 5427.00    2.30414   1.91612    3.822
 5428.00    2.54372   1.90628    3.822
 5429.00    2.37792   1.88862    3.822
 5430.00    2.34066   1.86849    3.822
 5431.00    1.56684   1.85143    3.822
 5432.00    1.51927   1.83769    3.822
 5433.00    1.76977   1.82546    3.822
 5434.00    1.92761   1.81577    3.822
 5435.00    1.96559   1.81481    3.822
 5436.00    2.10975   1.82591    3.822
 5437.00    1.98531   1.84708    3.822
 5438.00    1.86273   1.87476    3.822
 5439.00    2.38094   1.90498    3.822
 5440.00    2.37238   1.93499    3.822
 5441.00    2.11950   1.95982    3.822
 5442.00    1.95055   1.97574    3.822
 5443.00    1.98277   1.98039    3.822
 5444.00    2.06209   1.97250    3.822
 5445.00    2.11109   1.95305    3.822
 5446.00    1.99923   1.92565    3.822
 5447.00    2.02052   1.89783    3.822
 5448.00    1.91105   1.87657    3.822
 5449.00    1.69246   1.86394    3.822
 5450.00    1.59026   1.85723    3.822
 5451.00    1.76368   1.85225    3.822
 5452.00    2.04768   1.84894    3.822
 5453.00    2.40975   1.84656    3.822
 5454.00    1.58956   1.84214    3.822
 5455.00    1.91594   1.83436    3.822
 5456.00    1.80181   1.82713    3.822
 5457.00    1.62370   1.82627    3.822
 5458.00    1.71046   1.83278    3.822
 5459.00    1.91951   1.84148    3.822
 5460.00    1.86112   1.84903    3.822
 5461.00    1.73895   1.85545    3.822
 5462.00    1.67268   1.86039    3.822
 5463.00    1.79513   1.86390    3.822
 5464.00    1.81876   1.86585    3.822
 5465.00    1.87936   1.86791    3.822
 5466.00    1.97514   1.87091    3.822
 5467.00    1.91532   1.87485    3.822
 5468.00    1.87992   1.87919    3.822
 5469.00    2.62366   1.88212    3.822
 5470.00    1.89447   1.88129    3.822
 5471.00    1.97308   1.87543    3.822
 5472.00    1.96137   1.86520    3.822
 5473.00    1.63181   1.85182    3.822
 5474.00    1.37215   1.83624    3.822
 5475.00    1.74514   1.81935    3.822
 5476.00    2.39218   1.80293    3.822
 5477.00    2.10795   1.78964    3.822
 5478.00    1.89357   1.78402    3.822
 5479.00    1.77554   1.78627    3.822
 5480.00    1.74681   1.79180    3.822
 5481.00    1.81582   1.79869    3.822
 5482.00    1.96707   1.80799    3.822
 5483.00    2.10773   1.82278    3.822
 5484.00    1.97645   1.84044    3.822
 5485.00    2.02470   1.85523    3.822
 5486.00    1.95837   1.86621    3.822
 5487.00    1.83168   1.87329    3.822
 5488.00    1.90096   1.87884    3.822
 5489.00    1.98183   1.88323    3.822
 5490.00    1.81041   1.88670    3.822
 5491.00    1.79977   1.88909    3.822
 5492.00    2.04074   1.88998    3.822
 5493.00    2.04751   1.89083    3.822
 5494.00    2.02411   1.89215    3.822
 5495.00    2.15775   1.89405    3.822
 5496.00    2.08732   1.89444    3.822
 5497.00    1.80038   1.89239    3.822
 5498.00    1.65212   1.88961    3.822
 5499.00    1.54928   1.88766    3.822
 5500.00    1.74158   1.88505    3.822
 5501.00    1.91297   1.87903    3.822
 5502.00    1.75149   1.86988    3.822
 5503.00    1.66185   1.86124    3.822
 5504.00    1.83616   1.85495    3.822
 5505.00    2.07198   1.84844    3.822
 5506.00    1.98786   1.84080    3.822
 5507.00    2.23711   1.83466    3.822
 5508.00    1.67049   1.83251    3.822
 5509.00    1.52702   1.83269    3.822
 5510.00    1.74016   1.83090    3.822
 5511.00    1.81088   1.82566    3.822
 5512.00    1.67974   1.81966    3.822
 5513.00    1.59288   1.81501    3.822
 5514.00    1.79461   1.81402    3.822
 5515.00    2.10090   1.81680    3.822
 5516.00    1.89430   1.82428    3.822
 5517.00    1.93690   1.83753    3.822
 5518.00    1.89220   1.85644    3.822
 5519.00    1.79746   1.87843    3.822
 5520.00    1.75167   1.89928    3.822
 5521.00    1.80782   1.91544    3.822
 5522.00    1.90845   1.92630    3.822
 5523.00    1.90520   1.93126    3.822
 5524.00    2.22564   1.92958    3.822
 5525.00    2.40772   1.92170    3.822
 5526.00    1.92957   1.90877    3.822
 5527.00    1.70802   1.89364    3.822
 5528.00    1.90525   1.87858    3.822
 5529.00    1.86471   1.86814    3.822
 5530.00    1.63261   1.86465    3.822
 5531.00    1.63392   1.86611    3.822
 5532.00    1.63787   1.87010    3.822
 5533.00    1.82832   1.87552    3.822
 5534.00    1.93987   1.88305    3.822
 5535.00    1.93150   1.89094    3.822
 5536.00    1.92957   1.89758    3.822
 5537.00    2.02500   1.90329    3.822
 5538.00    1.68539   1.90928    3.822
 5539.00    2.18784   1.91614    3.822
 5540.00    2.05645   1.92400    3.822
 5541.00    1.98398   1.93164    3.822
 5542.00    2.04609   1.93752    3.822
 5543.00    2.01932   1.94105    3.822
 5544.00    1.82608   1.94365    3.822
 5545.00    1.75814   1.94656    3.822
 5546.00    1.63183   1.94966    3.822
 5547.00    2.32279   1.95330    3.822
 5548.00    2.54206   1.95878    3.822
 5549.00    2.38575   1.96608    3.822
 5550.00    2.15675   1.97264    3.822
 5551.00    1.96222   1.97705    3.822
 5552.00    1.82255   1.97860    3.822
 5553.00    1.88415   1.97698    3.822
 5554.00    1.87716   1.97222    3.822
 5555.00    1.72861   1.96588    3.822
 5556.00    1.79252   1.95930    3.822
 5557.00    1.96824   1.95266    3.822
 5558.00    2.03878   1.94581    3.822
 5559.00    1.96966   1.93992    3.822
 5560.00    1.89681   1.93508    3.822
 5561.00    1.90865   1.92959    3.822
 5562.00    1.73907   1.92228    3.822
 5563.00    2.05685   1.91428    3.822
 5564.00    2.16805   1.90685    3.822
 5565.00    2.12109   1.89975    3.822
 5566.00    2.04643   1.89235    3.822
 5567.00    2.01236   1.88596    3.822
 5568.00    1.93349   1.88171    3.822
 5569.00    1.47682   1.87934    3.822
 5570.00    1.99926   1.87852    3.822
 5571.00    1.98895   1.87991    3.822
 5572.00    2.24352   1.88271    3.822
 5573.00    2.25335   1.88611    3.822
 5574.00    2.14586   1.89101    3.822
 5575.00    2.09849   1.89931    3.822
 5576.00    1.92783   1.90861    3.822
 5577.00    1.72265   1.91620    3.822
 5578.00    1.86801   1.92318    3.822
 5579.00    1.89640   1.93018    3.822
 5580.00    1.77306   1.93459    3.822
 5581.00    1.74988   1.93370    3.822
 5582.00    1.71722   1.92703    3.822
 5583.00    1.63306   1.91521    3.822
 5584.00    1.94442   1.89921    3.822
 5585.00    1.67752   1.87799    3.822
 5586.00    1.77160   1.85279    3.822
 5587.00    1.69683   1.82680    3.822
 5588.00    1.66545   1.80378    3.822
 5589.00    1.79332   1.78782    3.822
 5590.00    1.96343   1.77905    3.822
 5591.00    1.95662   1.77868    3.822
 5592.00    1.74825   1.78514    3.822
 5593.00    1.75993   1.79675    3.822
 5594.00    1.78603   1.81074    3.822
 5595.00    1.93336   1.82545    3.822
 5596.00    2.08114   1.83841    3.822
 5597.00    2.07380   1.84615    3.822
 5598.00    1.89506   1.84671    3.822
 5599.00    1.72224   1.84281    3.822
 5600.00    1.88289   1.83823    3.822
 5601.00    2.39475   1.83493    3.822
 5602.00    2.09402   1.83337    3.822
 5603.00    1.83737   1.83702    3.822
 5604.00    1.94426   1.84967    3.822
 5605.00    2.06545   1.87040    3.822
 5606.00    1.98187   1.89423    3.822
 5607.00    1.97905   1.91858    3.822
 5608.00    2.06146   1.94128    3.822
 5609.00    1.96146   1.95980    3.822
 5610.00    1.80721   1.97057    3.822
 5611.00    2.03815   1.97293    3.822
 5612.00    2.18335   1.96776    3.822
 5613.00    2.10326   1.95537    3.822
 5614.00    1.92326   1.93598    3.822
 5615.00    1.79538   1.91155    3.822
 5616.00    1.93340   1.88903    3.822
 5617.00    1.84328   1.87280    3.822
 5618.00    1.84549   1.86337    3.822
 5619.00    1.71984   1.85694    3.822
 5620.00    1.68435   1.85435    3.822
 5621.00    1.83906   1.85729    3.822
 5622.00    1.99885   1.86320    3.822
 5623.00    1.71193   1.86573    3.822
 5624.00    1.80371   1.86420    3.822
 5625.00    1.70509   1.86262    3.822
 5626.00    1.79931   1.86533    3.822
 5627.00    1.89253   1.87178    3.822
 5628.00    1.90431   1.87959    3.822
 5629.00    1.81390   1.88965    3.822
 5630.00    1.71208   1.90240    3.822
 5631.00    1.96501   1.91498    3.822
 5632.00    1.97146   1.92381    3.822
 5633.00    1.94906   1.92761    3.822
 5634.00    1.79085   1.92699    3.822
 5635.00    1.78012   1.92216    3.822
 5636.00    1.74791   1.91381    3.822
 5637.00    1.60260   1.90364    3.822
 5638.00    1.56862   1.89369    3.822
 5639.00    1.84647   1.88545    3.822
 5640.00    1.82653   1.87889    3.822
 5641.00    1.69527   1.87374    3.822
 5642.00    1.67357   1.87090    3.822
 5643.00    1.71902   1.87182    3.822
 5644.00    1.72546   1.87518    3.822
 5645.00    1.65927   1.87920    3.822
 5646.00    1.63474   1.88422    3.822
 5647.00    1.74542   1.89081    3.822
 5648.00    1.68843   1.89770    3.822
 5649.00    1.81963   1.90319    3.822
 5650.00    1.81445   1.90724    3.822
 5651.00    1.79820   1.91102    3.822
 5652.00    1.80475   1.91374    3.822
 5653.00    1.76169   1.91279    3.822
 5654.00    1.62116   1.90667    3.822
 5655.00    1.49388   1.89759    3.822
 5656.00    1.69596   1.88726    3.822
 5657.00    1.76974   1.87450    3.822
 5658.00    1.71753   1.85806    3.822
 5659.00    1.87724   1.84278    3.822
 5660.00    2.07793   1.83501    3.822
 5661.00    1.84775   1.83347    3.822
 5662.00    1.41857   1.83313    3.822
 5663.00    1.68117   1.83599    3.822
 5664.00    1.91430   1.84569    3.822
 5665.00    1.73594   1.85861    3.822
 5666.00    1.72560   1.86936    3.822
 5667.00    1.77847   1.87750    3.822
 5668.00    1.72462   1.88573    3.822
 5669.00    1.64090   1.89507    3.822
 5670.00    1.70839   1.90378    3.822
 5671.00    1.84523   1.91209    3.822
 5672.00    1.75069   1.92194    3.822
 5673.00    1.83441   1.93417    3.822
 5674.00    1.80037   1.94572    3.822
 5675.00    1.73797   1.95520    3.822
 5676.00    1.81659   1.96241    3.822
 5677.00    1.97097   1.96761    3.822
 5678.00    1.88981   1.96851    3.822
 5679.00    1.79511   1.96428    3.822
 5680.00    1.89822   1.95680    3.822
 5681.00    1.89058   1.94817    3.822
 5682.00    1.84575   1.93718    3.822
 5683.00    1.87577   1.92485    3.822
 5684.00    1.98036   1.91493    3.822
 5685.00    1.96177   1.90877    3.822
 5686.00    1.66792   1.90385    3.822
 5687.00    1.79087   1.90062    3.822
 5688.00    1.65671   1.90162    3.822
 5689.00    1.62454   1.90720    3.822
 5690.00    1.61272   1.91561    3.822
 5691.00    1.60794   1.92519    3.822
 5692.00    1.64752   1.93610    3.822
 5693.00    1.53732   1.94633    3.822
 5694.00    1.71151   1.95395    3.822
 5695.00    1.99624   1.95742    3.822
 5696.00    1.67388   1.95706    3.822
 5697.00    1.70492   1.95172    3.822
 5698.00    1.79367   1.94175    3.822
 5699.00    1.71483   1.92944    3.822
 5700.00    1.73066   1.91711    3.822
 5701.00    1.91559   1.90432    3.822
 5702.00    1.94860   1.89142    3.822
 5703.00    1.73476   1.88090    3.822
 5704.00    1.83712   1.87250    3.822
 5705.00    1.67632   1.86362    3.822
 5706.00    1.59131   1.85307    3.822
 5707.00    1.80050   1.84223    3.822
 5708.00    1.81793   1.83282    3.822
 5709.00    1.73675   1.82492    3.822
 5710.00    1.73450   1.82034    3.822
 5711.00    1.66537   1.82077    3.822
 5712.00    1.88876   1.82793    3.822
 5713.00    1.66937   1.84182    3.822
 5714.00    1.47137   1.86173    3.822
 5715.00    1.77852   1.88373    3.822
 5716.00    1.72803   1.90697    3.822
 5717.00    1.76850   1.93024    3.822
 5718.00    1.94116   1.95211    3.822
 5719.00    1.88761   1.97074    3.822
 5720.00    1.80856   1.98700    3.822
 5721.00    1.89353   2.00062    3.822
 5722.00    2.01063   2.01071    3.822
 5723.00    1.90792   2.01734    3.822
 5724.00    1.69873   2.02090    3.822
 5725.00    3.13650   2.02118   -1.000
 5726.00    1.90536   2.01740    3.822
 5727.00    1.81432   2.01119    3.822
 5728.00    1.86527   2.00499    3.822
 5729.00    2.14844   2.00084    3.822
 5730.00    2.51078   1.99766    3.822
 5731.00    2.47679   1.99510    3.822
 5732.00    2.44911   1.99473    3.822
 5733.00    2.04139   1.99816    3.822
 5734.00    1.99237   2.00340    3.822
 5735.00    2.16083   2.00743    3.822
 5736.00    2.41433   2.01018    3.822
 5737.00    2.42202   2.01286    3.822
 5738.00    2.09796   2.01491    3.822
 5739.00    1.74258   2.01570    3.822
 5740.00    1.40229   2.01537    3.822
 5741.00    1.86288   2.01518    3.822
 5742.00    1.79812   2.01515    3.822
 5743.00    1.80921   2.01540    3.822
 5744.00    2.11737   2.01609    3.822
 5745.00    2.41784   2.01768    3.822
 5746.00    2.30884   2.01856    3.822
 5747.00    1.79764   2.01718    3.822
 5748.00    1.81143   2.01349    3.822
 5749.00    1.94921   2.00989    3.822
 5750.00    1.87925   2.00589    3.822
 5751.00    1.57364   2.00049    3.822
 5752.00    1.52170   1.99350    3.822
 5753.00    1.68741   1.98723    3.822
 5754.00    1.75259   1.98406    3.822
 5755.00    1.80608   1.98416    3.822
 5756.00    1.77042   1.98642    3.822
 5757.00    1.71878   1.98871    3.822
 5758.00    1.99720   1.99090    3.822
 5759.00    1.73641   1.99230    3.822
 5760.00    1.52005   1.99186    3.822
 5761.00    1.66943   1.98938    3.822
 5762.00    1.87187   1.98595    3.822
 5763.00    1.81337   1.98476    3.822
 5764.00    1.70842   1.98816    3.822
 5765.00    1.75296   1.99646    3.822
 5766.00    1.74176   2.00589    3.822
 5767.00    1.94968   2.01666    3.822
 5768.00    2.37457   2.02795    3.822
 5769.00    2.51085   2.03699    3.822
 5770.00    1.79013   2.04060    3.822
 5771.00    1.62206   2.04073    3.822
 5772.00    1.75229   2.03821    3.822
 5773.00    2.35072   2.03352    3.822
 5774.00    1.95168   2.02702    3.822
 5775.00    1.96936   2.01946    3.822
 5776.00    2.27089   2.01083    3.822
 5777.00    2.10020   2.00058    3.822
 5778.00    1.38737   1.98759    3.822
 5779.00    1.57288   1.97165    3.822
 5780.00    1.82677   1.95260    3.822
 5781.00    1.91537   1.93128    3.822
 5782.00    1.85578   1.91052    3.822
 5783.00    1.81209   1.89443    3.822
 5784.00    1.81294   1.88243    3.822
 5785.00    1.78276   1.87490    3.822
 5786.00    1.68462   1.87510    3.822
 5787.00    1.85305   1.88429    3.822
 5788.00    1.94616   1.89745    3.822
 5789.00    1.79614   1.91258    3.822
 5790.00    1.69039   1.92964    3.822
 5791.00    1.70389   1.94775    3.822
 5792.00    1.75319   1.96486    3.822
 5793.00    1.75500   1.98100    3.822
 5794.00    1.90391   1.99585    3.822
 5795.00    1.96624   2.00864    3.822
 5796.00    2.20126   2.01983    3.822
 5797.00    1.57263   2.02927    3.822
 5798.00    1.53778   2.03753    3.822
 5799.00    1.78638   2.04521    3.822
 5800.00    1.88496   2.05280    3.822
