 3592.00    0.76007   0.50024    2.791
 3593.00    0.66290   0.50540    2.791
 3594.00    0.65387   0.51000    2.791
 3595.00    0.77129   0.52310    2.791
 3596.00    0.79380   0.54172    2.791
 3597.00    0.60237   0.55845    2.791
 3598.00    0.94172   0.57087    2.791
 3599.00    0.76954   0.57745    2.791
 3600.00    1.03196   0.57421    2.791
 3601.00    0.71650   0.55741    2.791
 3602.00    0.20691   0.52975    2.791
 3603.00   -0.08388   0.50192    0.000
 3604.00    0.09814   0.48463    2.791
 3605.00    0.74121   0.48106    2.791
 3606.00   -0.01254   0.48336    0.000
 3607.00   -0.21729   0.48063    0.000
 3608.00    0.51037   0.46997    2.791
 3609.00    0.94507   0.45936    2.791
 3610.00    0.61990   0.46047    2.791
 3611.00   -0.18686   0.47231    0.000
 3612.00   -0.57925   0.48571    0.000
 3613.00    0.74174   0.49821    2.791
 3614.00    0.50745   0.51192    2.791
 3615.00    0.78454   0.52483    2.791
 3616.00    0.60174   0.52504    2.791
 3617.00    0.27441   0.50132    2.791
 3618.00    0.26024   0.46799    2.791
 3619.00    0.64008   0.45142    2.791
 3620.00    0.76636   0.46201    2.791
 3621.00    0.97354   0.49059    2.791
 3622.00    0.85553   0.52001    2.791
 3623.00    0.89026   0.54123    2.791
 3624.00    1.15522   0.55869    2.791
 3625.00    1.09343   0.58053    2.791
 3626.00    0.72808   0.60651    2.791
 3627.00    0.67173   0.62710    2.791
 3628.00    0.57614   0.62681    2.791
 3629.00    0.85862   0.59492    2.791
 3630.00    0.05264   0.54267    2.791
 3631.00    0.18855   0.49584    2.791
 3632.00    0.36943   0.47590    2.791
 3633.00    0.31707   0.48404    2.791
 3634.00    0.32724   0.50488    2.791
 3635.00    0.76937   0.52389    2.791
 3636.00    0.65127   0.53792    2.791
 3637.00    0.45661   0.55312    2.791
 3638.00    0.05283   0.57238    2.791
 3639.00    0.21537   0.59146    2.791
 3640.00    0.52109   0.60106    2.791
 3641.00    0.52452   0.59466    2.791
 3642.00    0.23484   0.57534    2.791
 3643.00    0.22121   0.55171    2.791
 3644.00    0.96104   0.53281    2.791
 3645.00    0.37370   0.52120    2.791
 3646.00    0.32610   0.51199    2.791
 3647.00    0.19113   0.50381    2.791
 3648.00    0.01614   0.50047    2.791
 3649.00    0.14388   0.50556    2.791
 3650.00    0.52905   0.52074    2.791
 3651.00    0.41056   0.54465    2.791
 3652.00    0.64194   0.57135    2.791
 3653.00    0.46666   0.59428    2.791
 3654.00    0.41156   0.60956    2.791
 3655.00    0.49607   0.61866    2.791
 3656.00    0.69861   0.62741    2.791
 3657.00    0.94949   0.63681    2.791
 3658.00    0.57993   0.64329    2.791
 3659.00    0.34918   0.64583    2.791
 3660.00    0.94008   0.64473    2.791
 3661.00    0.76158   0.63884    2.791
 3662.00    0.50979   0.62860    2.791
 3663.00    0.57830   0.61699    2.791
 3664.00    0.79885   0.60940    2.791
 3665.00    0.54302   0.60835    2.791
 3666.00    0.62092   0.60949    2.791
 3667.00   -0.02371   0.60592    0.000
 3668.00    0.20961   0.59538    2.791
 3669.00    0.59559   0.58594    2.791
 3670.00    0.56954   0.58723    2.791
 3671.00    0.22672   0.60007    2.791
 3672.00    0.09811   0.61632    2.791
 3673.00   -0.07459   0.62618    0.000
 3674.00    0.51080   0.62546    2.791
 3675.00    0.28649   0.61395    2.791
 3676.00    0.17711   0.59450    2.791
 3677.00    0.75005   0.57201    2.791
 3678.00    0.95580   0.55197    2.791
 3679.00    0.19260   0.54013    2.791
 3680.00    0.07589   0.53858    2.791
 3681.00    0.44949   0.54599    2.791
 3682.00    0.88305   0.55854    2.791
 3683.00    0.47925   0.56792    2.791
 3684.00    0.52925   0.56551    2.791
 3685.00    0.53261   0.54845    2.791
 3686.00    0.30393   0.52679    2.791
 3687.00    0.32756   0.51621    2.791
 3688.00    0.93107   0.52525    2.791
 3689.00   -0.06880   0.55090    0.000
 3690.00   -0.09047   0.58252    0.000
 3691.00    0.61127   0.60674    2.791
 3692.00    1.05710   0.61566    2.791
 3693.00    0.96206   0.61305    2.791
 3694.00    0.59210   0.60594    2.791
 3695.00    0.42275   0.59908    2.791
 3696.00    0.54053   0.59657    2.791
 3697.00    0.96315   0.60363    2.791
 3698.00    0.82799   0.62297    2.791
 3699.00    0.73837   0.64811    2.791
 3700.00    0.74839   0.66432    2.791
 3701.00    0.68119   0.65814    2.791
 3702.00    0.40511   0.62499    2.791
 3703.00    0.34940   0.57480    2.791
 3704.00    0.54388   0.52461    2.791
 3705.00    0.48295   0.49208    2.791
 3706.00    0.49384   0.48521    2.791
 3707.00    0.46099   0.49548    2.791
 3708.00    0.39348   0.50923    2.791
 3709.00    0.36482   0.51999    2.791
 3710.00    0.43835   0.52960    2.791
 3711.00    0.91652   0.54539    2.791
 3712.00    0.66213   0.57254    2.791
 3713.00    0.74934   0.60683    2.791
 3714.00    0.37761   0.63869    2.791
 3715.00    0.26593   0.65900    2.791
 3716.00    0.59490   0.66222    2.791
 3717.00    0.91099   0.64556    2.791
 3718.00    1.47127   0.60617    0.000
 3719.00    0.49544   0.54564    0.000
 3720.00    0.19570   0.48258    0.000
 3721.00    0.19987   0.44337    0.000
 3722.00    0.39669   0.44405    0.000
 3723.00    0.69344   0.48210    0.000
 3724.00    0.89135   0.53726    0.000
 3725.00    0.67822   0.58177    0.000
 3726.00    0.62018   0.60155    0.000
 3727.00    0.41864   0.60556    0.000
 3728.00    0.68441   0.60869    0.000
 3729.00    0.57060   0.61261    0.000
 3730.00    0.45097   0.60565    0.000
 3731.00    0.63096   0.57491    0.000
 3732.00    0.95356   0.52082    0.000
 3733.00    0.70176   0.45831    0.000
 3734.00    0.09308   0.40699    0.000
 3735.00   -0.22706   0.38281    0.000
 3736.00    0.23137   0.39327    0.000
 3737.00    0.47990   0.43590    0.000
 3738.00    0.44798   0.50058    2.791
 3739.00    0.46629   0.56774    2.791
 3740.00    0.64794   0.61705    2.791
 3741.00    0.34943   0.63732    2.791
 3742.00    0.91026   0.62892    2.791
 3743.00    0.36542   0.60003    2.791
 3744.00    0.20892   0.56353    2.791
 3745.00    0.22453   0.52898    2.791
 3746.00    0.32093   0.49607    2.791
 3747.00    0.57498   0.46007    2.791
 3748.00    0.21287   0.42193    2.791
 3749.00    0.36024   0.39773    2.791
 3750.00    0.78183   0.40639    2.791
 3751.00    1.01514   0.45132    2.791
 3752.00    0.75257   0.51850    2.791
 3753.00    0.55699   0.58894    2.791
 3754.00    0.82289   0.64547    2.791
 3755.00    1.03586   0.67505    2.791
 3756.00    0.82456   0.67008    2.791
 3757.00    0.88924   0.63685    2.791
 3758.00    0.69133   0.59735    2.791
 3759.00    0.30264   0.57506    2.791
 3760.00    0.15223   0.57752    2.791
 3761.00    0.26796   0.59271    2.791
 3762.00    0.42733   0.60635    2.791
 3763.00    0.98387   0.61377    2.791
 3764.00    0.29227   0.61402    2.791
 3765.00    0.54524   0.60551    2.791
 3766.00    0.33816   0.58913    2.791
 3767.00    0.46352   0.56889    2.791
 3768.00    0.53978   0.54808    2.791
 3769.00    0.35269   0.52956    2.791
 3770.00    0.69006   0.51854    2.791
 3771.00    0.73272   0.52483    2.791
 3772.00    0.45247   0.55199    2.791
 3773.00    0.71759   0.58868    2.791
 3774.00    0.46280   0.62124    2.791
 3775.00    0.32622   0.64640    2.791
 3776.00    0.50387   0.66867    2.791
 3777.00    0.60712   0.69313    2.791
 3778.00    0.47877   0.72034    2.791
 3779.00    0.80695   0.74781    2.791
 3780.00    0.65533   0.77176    2.791
 3781.00    0.73413   0.78943    2.791
 3782.00    0.82588   0.80069    2.791
 3783.00    0.78471   0.80433    2.791
 3784.00    0.56933   0.79456    2.791
 3785.00    0.26458   0.76673    2.791
 3786.00    0.33686   0.72662    2.791
 3787.00    0.76614   0.68775    2.791
 3788.00    1.06738   0.66135    2.791
 3789.00    0.55716   0.65024    2.791
 3790.00    0.06764   0.64867    2.791
 3791.00    0.02033   0.64673    2.791
 3792.00    0.23215   0.63455    2.791
 3793.00    0.53210   0.60884    2.791
 3794.00    1.04096   0.57413    2.791
 3795.00    0.22471   0.53719    2.791
 3796.00    0.50615   0.50076    0.000
 3797.00    0.95775   0.46687    0.000
 3798.00    0.84271   0.44900    0.000
 3799.00    0.36699   0.46416    0.000
 3800.00    0.68173   0.51227    0.000
 3801.00    0.66993   0.57853    0.000
 3802.00    0.96202   0.64202    0.000
 3803.00    0.70217   0.68791    2.791
 3804.00    0.50632   0.71192    2.791
 3805.00    0.59272   0.71551    2.791
 3806.00    0.77196   0.70875    2.791
 3807.00    0.73816   0.71057    2.791
 3808.00    0.67593   0.73243    2.791
 3809.00    0.59312   0.76554    2.791
 3810.00    0.67169   0.78984    2.791
 3811.00    0.71786   0.78986    2.791
 3812.00    0.49499   0.76369    2.791
 3813.00    0.32259   0.72152    2.791
 3814.00    0.55147   0.68146    2.791
 3815.00    1.11830   0.66157    2.791
 3816.00    1.04352   0.66740    2.791
 3817.00    0.23980   0.68482    2.791
 3818.00    0.59149   0.69173    2.791
 3819.00    0.60167   0.67706    2.791
 3820.00    0.59191   0.65202    2.791
 3821.00    0.69236   0.63775    2.791
 3822.00    0.69361   0.63676    2.791
 3823.00    0.52127   0.63236    2.791
 3824.00    0.34028   0.61197    2.791
 3825.00    0.44893   0.58036    2.791
 3826.00    0.69805   0.55274    2.791
 3827.00    0.91907   0.53696    2.791
 3828.00    0.68203   0.53019    2.791
 3829.00    0.21001   0.52447    2.791
 3830.00    0.49769   0.51190    2.791
 3831.00    0.13115   0.48773    2.791
 3832.00    0.18658   0.45268    2.791
 3833.00    0.25317   0.41426    0.000
 3834.00    0.30196   0.38530    0.000
 3835.00    0.46347   0.37509    0.000
 3836.00    0.52116   0.38263    0.000
 3837.00    0.25823   0.39855    0.000
 3838.00    0.25664   0.41586    0.000
 3839.00    0.22858   0.43769    0.000
 3840.00    0.56608   0.47250    0.000
 3841.00    0.92842   0.52211    0.000
 3842.00    0.52946   0.57955    2.791
 3843.00    0.30296   0.63219    2.791
 3844.00    0.53978   0.67000    2.791
 3845.00    0.04980   0.69461    2.791
 3846.00    0.80040   0.71440    2.791
 3847.00    0.55270   0.73259    2.791
 3848.00    0.32239   0.74374    2.791
 3849.00    0.34673   0.74666    2.791
 3850.00    0.70591   0.74916    2.791
 3851.00    1.08739   0.75858    2.791
 3852.00    1.03361   0.77373    2.791
 3853.00    0.44159   0.78299    2.791
 3854.00    0.72748   0.77714    2.791
 3855.00    0.69327   0.76084    2.791
 3856.00    0.42267   0.74285    2.791
 3857.00    0.62029   0.72447    2.791
 3858.00    0.83944   0.70561    2.791
 3859.00    0.69082   0.69328    2.791
 3860.00    0.49633   0.69922    2.791
 3861.00    0.56774   0.72596    2.791
 3862.00    0.46691   0.76235    0.000
 3863.00    0.27148   0.78906    0.000
 3864.00    0.26162   0.79590    0.000
 3865.00    0.33432   0.79121    0.000
 3866.00    0.49368   0.78622    0.000
 3867.00    0.67286   0.78582    0.000
 3868.00    0.30684   0.78757    0.000
 3869.00    0.32345   0.78204    0.000
 3870.00    0.32554   0.76093    0.000
 3871.00   -0.04092   0.72798    0.000
 3872.00   -0.20391   0.70001    0.000
 3873.00   -0.20391   0.69409    0.000
 3874.00   -0.20391   0.71279    0.000
 3875.00   -0.20391   0.73584    0.000
 3876.00   -0.20391   0.73739    0.000
 3877.00    0.90849   0.71426    2.791
 3878.00    0.99957   0.68616    2.791
 3879.00    0.99957   0.67156    2.791
 3880.00    0.99957   0.67063    2.791
 3881.00    0.99957   0.67027    2.791
 3882.00    0.95781   0.66032    0.000
 3883.00    0.73291   0.64118    0.000
 3884.00    1.16032   0.61434    0.000
 3885.00    0.82536   0.57689    0.000
 3886.00    0.16954   0.52914    0.000
 3887.00    0.03293   0.48437    0.000
 3888.00    0.29354   0.45915    0.000
 3889.00    0.57018   0.46320    0.000
 3890.00    0.65527   0.49671    0.000
 3891.00    0.44576   0.54821    0.000
 3892.00    1.02703   0.59662    2.791
 3893.00    1.16079   0.62741    2.791
 3894.00    1.30605   0.64385    2.791
 3895.00    1.00781   0.65833    2.791
 3896.00    0.83003   0.67772    2.791
 3897.00    1.23839   0.69672    2.791
 3898.00    0.51834   0.70897    2.791
 3899.00    0.82917   0.71792    2.791
 3900.00    0.14691   0.73114    2.791
 3901.00    0.59103   0.74760    2.791
 3902.00    0.76647   0.75781    2.791
 3903.00    0.49521   0.75504    2.791
 3904.00    0.37601   0.74352    2.791
 3905.00    1.05984   0.73617    2.791
 3906.00    0.98250   0.74409    2.791
 3907.00    0.84738   0.77007    2.791
 3908.00    1.04886   0.80818    2.791
 3909.00    0.65883   0.84451    2.791
 3910.00    0.58481   0.86891    2.791
 3911.00    0.82922   0.88067    2.791
 3912.00    0.82793   0.88153    2.791
 3913.00    0.61303   0.87391    2.791
 3914.00    0.78392   0.86273    2.791
 3915.00    1.11786   0.85195    2.791
 3916.00    1.21620   0.84226    2.791
 3917.00    1.18793   0.83116    2.791
 3918.00    1.04837   0.81600    2.791
 3919.00    0.89982   0.79852    2.791
 3920.00    0.93791   0.78326    2.791
 3921.00    1.07558   0.77630    2.791
 3922.00    0.55214   0.78071    2.791
 3923.00    0.55981   0.78977    2.791
 3924.00    0.47715   0.79058    2.791
 3925.00    0.58889   0.77414    2.791
 3926.00    0.77625   0.73874    2.791
 3927.00    0.64788   0.68638    2.791
 3928.00    0.01917   0.62223    2.791
 3929.00    0.26460   0.55058    2.791
 3930.00    0.63316   0.47276    2.791
 3931.00    0.11854   0.39319    2.791
 3932.00    0.25073   0.32114    2.791
 3933.00    0.66916   0.27293    2.791
 3934.00    0.69705   0.26409    2.791
 3935.00    0.25611   0.29830    2.791
 3936.00    0.29110   0.36564    2.791
 3937.00   -0.23764   0.45036    0.000
 3938.00    0.32606   0.53541    2.791
 3939.00    0.56289   0.60948    2.791
 3940.00    0.46835   0.66665    2.791
 3941.00    0.42922   0.70238    2.791
 3942.00    0.69039   0.71824    2.791
 3943.00    0.82019   0.72310    2.791
 3944.00    0.62045   0.72959    2.791
 3945.00    0.88410   0.74618    2.791
 3946.00    0.84061   0.76832    2.791
 3947.00    0.77904   0.78432    2.791
 3948.00    0.80253   0.79158    2.791
 3949.00    0.86410   0.79726    2.791
 3950.00    0.86708   0.80453    2.791
 3951.00    1.04994   0.80968    2.791
 3952.00    0.58991   0.81199    2.791
 3953.00    0.54077   0.81480    2.791
 3954.00    0.42959   0.81692    2.791
 3955.00    0.65825   0.81089    2.791
 3956.00    0.68391   0.79596    2.791
 3957.00    0.14977   0.78289    2.791
 3958.00    0.53228   0.77593    2.791
 3959.00    1.19463   0.76295    2.791
 3960.00    0.85005   0.72947    2.791
 3961.00    0.90063   0.67620    0.000
 3962.00    0.61230   0.61992    0.000
 3963.00    0.33227   0.57174    0.000
 3964.00    0.35291   0.52591    0.000
 3965.00    0.47028   0.46918    0.000
 3966.00    0.35215   0.39563    0.000
 3967.00    0.54957   0.32067    0.000
 3968.00   -0.01447   0.26766    0.000
 3969.00   -0.00410   0.25152    0.000
 3970.00   -0.05412   0.27499    0.000
 3971.00   -0.10648   0.32861    0.000
 3972.00    0.12468   0.39729    0.000
 3973.00    0.20085   0.47067    0.000
 3974.00    0.64006   0.54177    0.000
 3975.00    0.49257   0.60633    2.791
 3976.00    0.46411   0.66448    2.791
 3977.00    0.56738   0.71732    2.791
 3978.00    0.73428   0.76708    2.791
 3979.00    0.83999   0.80981    2.791
 3980.00    0.83349   0.83770    2.791
 3981.00    1.24391   0.84905    2.791
 3982.00    0.77457   0.85046    2.791
 3983.00    0.96455   0.85315    2.791
 3984.00    0.87073   0.86349    2.791
 3985.00    0.84696   0.87907    2.791
 3986.00    0.84351   0.89581    2.791
 3987.00    0.73184   0.91244    2.791
 3988.00    0.86681   0.92800    2.791
 3989.00    0.29433   0.94165    2.791
 3990.00    0.49080   0.95443    2.791
 3991.00    1.03852   0.96894    2.791
 3992.00    1.03763   0.98493    2.791
 3993.00    0.64349   0.99563    2.791
 3994.00    0.45611   0.99300    2.791
 3995.00    0.89749   0.97617    2.791
 3996.00    0.91196   0.95434    2.791
 3997.00    0.65962   0.94155    2.791
 3998.00    1.15959   0.94698    2.791
 3999.00    1.23534   0.96876    2.791
 4000.00    1.20554   0.99683    2.791
 4001.00    1.26405   1.01823    2.791
 4002.00    1.35181   1.02324    2.791
 4003.00    1.25209   1.00825    2.791
 4004.00    1.57287   0.97663    2.791
 4005.00    1.31964   0.94344    2.791
 4006.00    0.65344   0.93221    2.791
 4007.00    0.62849   0.95251    2.791
 4008.00    0.92173   0.98937    2.791
 4009.00    1.12250   1.02150    2.791
 4010.00    1.17507   1.03907    2.791
 4011.00    0.97647   1.04494    2.791
 4012.00    0.83060   1.04629    2.791
 4013.00    1.02901   1.04827    2.791
 4014.00    1.18806   1.05208    2.791
 4015.00    1.01849   1.05535    2.791
 4016.00    0.80891   1.05640    2.791
 4017.00    0.84913   1.05778    2.791
 4018.00    0.76621   1.06419    2.791
 4019.00    0.77058   1.07579    2.791
 4020.00    1.23053   1.08652    2.791
 4021.00    1.02670   1.08968    2.791
 4022.00    1.13997   1.08405    2.791
 4023.00    1.19000   1.07243    2.791
 4024.00    0.97243   1.06108    0.000
 4025.00    0.84525   1.06024    0.000
 4026.00    1.03950   1.07348    0.000
 4027.00    0.56557   1.08984    0.000
 4028.00    0.87329   1.08906    0.000
 4029.00    1.57848   1.06038    0.000
 4030.00    1.76477   1.01451    0.000
 4031.00    1.20372   0.97137    2.791
 4032.00    0.43366   0.94761    2.791
 4033.00    0.50363   0.94870    2.791
 4034.00    0.73722   0.97060    2.791
 4035.00    0.76911   1.00732    2.791
 4036.00    0.83686   1.05293    2.791
 4037.00    1.26467   1.09599    2.791
 4038.00    1.35164   1.12153    2.791
 4039.00    0.91922   1.12328    2.791
 4040.00    0.60946   1.11077    2.791
 4041.00    0.99930   1.09672    2.791
 4042.00    1.18440   1.07939    2.791
 4043.00    0.92720   1.04580    2.791
 4044.00    1.16159   0.99355    2.791
 4045.00    1.29263   0.94722    2.791
 4046.00    1.17287   0.93725    2.791
 4047.00    0.97490   0.96926    2.791
 4048.00    0.85547   1.02345    2.791
 4049.00    1.02530   1.07132    2.791
 4050.00    1.18639   1.09632    2.791
 4051.00    1.42338   1.09797    2.791
 4052.00    1.29267   1.08189    2.791
 4053.00    1.20365   1.05711    2.791
 4054.00    1.21613   1.03546    2.791
 4055.00    1.00000   1.02189    2.791
 4056.00    1.10209   1.01311    2.791
 4057.00    0.87245   1.00909    2.791
 4058.00    0.97547   1.01520    2.791
 4059.00    0.97217   1.03268    2.791
 4060.00    0.94832   1.04928    2.791
 4061.00    0.88071   1.04402    2.791
 4062.00    0.81927   1.01154    2.791
 4063.00    1.03427   0.97111    2.791
 4064.00    0.70909   0.94778    2.791
 4065.00    1.18510   0.94957    2.791
 4066.00    0.89957   0.96571    2.791
 4067.00    0.87606   0.98567    0.000
 4068.00    0.85267   1.00481    0.000
 4069.00    0.68844   1.01389    0.000
 4070.00    0.62505   1.00362    0.000
 4071.00    0.66745   0.98130    2.791
 4072.00    0.84828   0.96698    2.791
 4073.00    1.23384   0.97056    2.791
 4074.00    1.05782   0.97722    2.791
 4075.00    0.90530   0.96482    2.791
 4076.00    0.89766   0.93291    2.791
 4077.00    0.83868   0.90315    2.791
 4078.00    0.56266   0.89928    2.791
 4079.00    0.60950   0.92770    2.791
 4080.00    0.95836   0.97277    2.791
 4081.00    0.72908   1.00729    2.791
 4082.00    0.64488   1.01421    2.791
 4083.00    0.69379   0.99861    2.791
 4084.00    0.88710   0.97957    2.791
 4085.00    1.22582   0.97498    2.791
 4086.00    0.88863   0.98932    2.791
 4087.00    1.15632   1.01359    2.791
 4088.00    1.16667   1.03302    2.791
 4089.00    1.43599   1.03723    2.791
 4090.00    1.89824   1.02585    2.791
 4091.00    2.04138   1.00648    2.791
 4092.00    1.49963   0.98736    2.791
 4093.00    0.66178   0.96891    2.791
 4094.00    1.90547   0.94561    2.791
 4095.00    1.09141   0.91414    0.000
 4096.00    0.51286   0.87723    0.000
 4097.00    0.43066   0.83978    0.000
 4098.00    0.41946   0.80022    0.000
 4099.00    0.42874   0.75129    0.000
 4100.00    0.74000   0.69404    0.000
 4101.00    0.87265   0.64693    0.000
 4102.00    1.02767   0.63322    0.000
 4103.00    1.10481   0.66225    0.000
 4104.00    1.16786   0.72245    0.000
 4105.00    1.18924   0.78800    0.000
 4106.00    1.22310   0.83959    0.000
 4107.00    1.31968   0.87367    0.000
 4108.00    1.42503   0.89300    2.791
 4109.00    1.12474   0.90318    2.791
 4110.00    1.36277   0.91221    2.791
 4111.00    1.12487   0.92532    2.791
 4112.00    0.83822   0.94361    2.791
 4113.00    0.72834   0.96652    2.791
 4114.00    0.83305   0.99175    2.791
 4115.00    1.02671   1.01282    2.791
 4116.00    1.11939   1.02245    2.791
 4117.00    1.31167   1.01879    2.791
 4118.00    1.10936   1.00729    2.791
 4119.00    0.87856   0.99733    2.791
 4120.00    0.93303   0.99529    2.791
 4121.00    0.93479   1.00018    2.791
 4122.00    0.78674   1.00750    2.791
 4123.00    1.24767   1.01605    2.791
 4124.00    1.87920   1.02584    2.791
 4125.00    1.57801   1.03272    2.791
 4126.00    1.38552   1.03081    2.791
 4127.00    1.10412   1.02084    2.791
 4128.00    1.05117   1.01028    2.791
 4129.00    1.05891   1.00331    2.791
 4130.00    0.69243   0.99483    2.791
 4131.00    0.49456   0.97948    2.791
 4132.00    1.08881   0.96343    2.791
 4133.00    1.15760   0.96032    2.791
 4134.00    1.22300   0.97797    2.791
 4135.00    1.26613   1.01158    2.791
 4136.00    1.17190   1.04926    2.791
 4137.00    0.95141   1.08118    2.791
 4138.00    0.86291   1.10383    2.791
 4139.00    0.99431   1.11476    2.791
 4140.00    0.87255   1.10706    2.791
 4141.00    1.21153   1.07665    2.791
 4142.00    0.94114   1.03221    2.791
 4143.00    0.72206   0.99401    2.791
 4144.00    0.89231   0.98335    2.791
 4145.00    1.12018   1.00405    2.791
 4146.00    0.92548   1.03616    2.791
 4147.00    0.49582   1.05723    2.791
 4148.00    0.70502   1.06130    2.791
 4149.00    1.20902   1.05750    2.791
 4150.00    1.25508   1.05591    2.791
 4151.00    1.03839   1.05607    2.791
 4152.00    0.96004   1.05114    2.791
 4153.00    0.96385   1.03795    2.791
 4154.00    0.80664   1.02229    2.791
 4155.00    0.57463   1.01436    2.791
 4156.00    0.84440   1.01926    2.791
 4157.00    1.02717   1.03453    2.791
 4158.00    1.07334   1.05436    2.791
 4159.00    1.16979   1.07361    2.791
 4160.00    1.42658   1.08872    2.791
 4161.00    1.30812   1.09947    2.791
 4162.00    1.28208   1.10868    2.791
 4163.00    0.97842   1.11719    2.791
 4164.00    1.05779   1.12099    2.791
 4165.00    1.21180   1.11533    2.791
 4166.00    1.22670   1.10154    2.791
 4167.00    1.13724   1.08780    2.791
 4168.00    1.18891   1.07998    2.791
 4169.00    0.76050   1.07297    2.791
 4170.00    0.94470   1.05415    2.791
 4171.00    0.64559   1.01881    2.791
 4172.00    0.80673   0.97937    2.791
 4173.00    0.96965   0.95809    2.791
 4174.00    0.91798   0.96547    2.791
 4175.00    0.87295   0.98843    2.791
 4176.00    1.02433   1.00739    2.791
 4177.00    1.05992   1.01730    2.791
 4178.00    1.16094   1.02648    2.791
 4179.00    1.07190   1.03951    2.791
 4180.00    1.15511   1.05003    2.791
 4181.00    1.13780   1.05130    2.791
 4182.00    1.00333   1.04775    2.791
 4183.00    1.37643   1.04906    2.791
 4184.00    0.69717   1.05606    2.791
 4185.00    0.99784   1.05869    2.791
 4186.00    1.37020   1.05044    2.791
 4187.00    1.24521   1.03858    2.791
 4188.00    0.80733   1.03494    2.791
 4189.00    0.60508   1.04315    2.791
 4190.00    0.98283   1.05772    2.791
 4191.00    1.12841   1.07321    2.791
 4192.00    1.39892   1.08825    2.791
 4193.00    1.05038   1.09847    2.791
 4194.00    1.10961   1.09498    2.791
 4195.00    1.03279   1.07348    2.791
 4196.00    0.91454   1.04034    2.791
 4197.00    0.90135   1.00884    2.791
 4198.00    0.81026   0.98811    2.791
 4199.00    0.98620   0.97835    2.791
 4200.00    1.10123   0.97699    2.791
 4201.00    1.00291   0.98135    2.791
 4202.00    1.03128   0.98923    2.791
 4203.00    1.14216   1.00240    2.791
 4204.00    1.16707   1.02249    2.791
 4205.00    1.05819   1.04638    2.791
 4206.00    1.26642   1.06933    2.791
 4207.00    1.19357   1.08700    2.791
 4208.00    1.16761   1.09635    2.791
 4209.00    0.83256   1.09831    2.791
 4210.00    0.86666   1.09863    2.791
 4211.00    1.05796   1.10286    2.791
 4212.00    1.09143   1.10724    2.791
 4213.00    1.07448   1.10031    2.791
 4214.00    0.87532   1.07898    2.791
 4215.00    0.99163   1.05496    2.791
 4216.00    1.01656   1.04406    2.791
 4217.00    0.99701   1.05436    2.791
 4218.00    0.94462   1.08000    2.791
 4219.00    0.94359   1.10560    2.791
 4220.00    1.11559   1.11942    2.791
 4221.00    1.52191   1.11586    2.791
 4222.00    1.07407   1.09006    2.791
 4223.00    1.00562   1.03975    2.791
 4224.00    1.00692   0.97092    2.791
 4225.00    1.01880   0.90058    2.791
 4226.00    0.98487   0.85574    2.791
 4227.00    0.88984   0.86073    2.791
 4228.00    0.79485   0.91600    2.791
 4229.00    0.95630   0.99152    2.791
 4230.00    0.89679   1.04944    2.791
 4231.00    1.09931   1.07227    2.791
 4232.00    1.17432   1.06549    2.791
 4233.00    1.01395   1.04650    2.791
 4234.00    0.78923   1.02959    2.791
 4235.00    0.73219   1.01973    2.791
 4236.00    0.72255   1.01622    2.791
 4237.00    1.05155   1.01819    2.791
 4238.00    1.10895   1.02615    2.791
 4239.00    0.85998   1.03960    2.791
 4240.00    0.87897   1.05613    2.791
 4241.00    1.04056   1.07348    2.791
 4242.00    1.10461   1.08978    2.791
 4243.00    1.08701   1.10281    2.791
 4244.00    0.94003   1.10936    2.791
 4245.00    1.25728   1.10465    2.791
 4246.00    1.33248   1.08592    2.791
 4247.00    1.37968   1.05835    2.791
 4248.00    1.34968   1.03316    2.791
 4249.00    1.18275   1.01896    2.791
 4250.00    0.90503   1.01812    2.791
 4251.00    0.71462   1.02754    2.791
 4252.00    1.04286   1.03877    2.791
 4253.00    1.09417   1.04300    2.791
 4254.00    1.01788   1.04015    2.791
 4255.00    0.75670   1.04223    2.791
 4256.00    0.66373   1.05427    2.791
 4257.00    0.86906   1.06222    2.791
 4258.00    0.99185   1.05005    2.791
 4259.00    0.77774   1.02064    2.791
 4260.00    0.71219   0.99815    2.791
 4261.00    0.89307   1.00541    2.791
 4262.00    1.01267   1.04154    2.791
 4263.00    1.06086   1.08684    2.791
 4264.00    1.08529   1.12087    2.791
 4265.00    1.20174   1.13478    2.791
 4266.00    1.66980   1.13020    2.791
 4267.00    1.11914   1.11224    2.791
 4268.00    0.84900   1.08235    2.791
 4269.00    0.86528   1.04139    2.791
 4270.00    1.10359   0.99556    2.791
 4271.00    0.98618   0.95549    2.791
 4272.00    0.60407   0.93260    2.791
 4273.00    0.94263   0.93308    2.791
 4274.00    1.18224   0.95243    2.791
 4275.00    0.59042   0.98471    2.791
 4276.00    1.14567   1.02668    2.791
 4277.00    1.20736   1.06766    2.791
 4278.00    0.99165   1.09136    2.791
 4279.00    1.07782   1.09152    2.791
 4280.00    1.46414   1.07638    2.791
 4281.00    0.50992   1.06104    2.791
 4282.00    0.82051   1.05355    2.791
 4283.00    0.76172   1.05094    2.791
 4284.00    1.15651   1.04636    2.791
 4285.00    1.23550   1.03710    2.791
 4286.00    1.19378   1.02232    2.791
 4287.00    1.21287   0.99942    2.791
 4288.00    1.07190   0.96793    2.791
 4289.00    1.33412   0.93615    2.791
 4290.00    1.05764   0.92126    2.791
 4291.00    1.05645   0.93341    2.791
 4292.00    1.16710   0.96295    2.791
 4293.00    0.86626   0.98914    2.791
 4294.00    0.62744   0.99783    2.791
 4295.00    1.09824   0.98887    2.791
 4296.00    1.46686   0.96821    2.791
 4297.00    1.23090   0.93622    2.791
 4298.00    0.65679   0.89303    2.791
 4299.00    0.64124   0.84848    2.791
 4300.00    0.96102   0.81740    2.791
 4301.00    1.08364   0.80673    2.791
 4302.00    0.87410   0.81360    2.791
 4303.00    0.76617   0.82990    2.791
 4304.00    0.61154   0.84657    2.791
 4305.00    0.81130   0.85344    2.791
 4306.00    0.83472   0.84390    2.791
 4307.00    0.81953   0.82324    2.791
 4308.00    0.57056   0.80725    2.791
 4309.00    0.39494   0.81086    2.791
 4310.00    0.63027   0.83573    2.791
 4311.00    0.77212   0.86901    2.791
 4312.00    1.02983   0.89959    2.791
 4313.00    0.95031   0.92997    2.791
 4314.00    0.87019   0.96948    2.791
 4315.00    0.69113   1.02171    2.791
 4316.00    0.71708   1.07744    2.791
 4317.00    0.98868   1.11990    2.791
 4318.00    1.11714   1.13786    2.791
 4319.00    1.19937   1.13289    2.791
 4320.00    1.70162   1.11460    2.791
 4321.00    1.27695   1.08646    2.791
 4322.00    0.99065   1.04418    2.791
 4323.00    1.07628   0.98755    2.791
 4324.00    1.19464   0.92936    2.791
 4325.00    1.03455   0.89337    2.791
 4326.00    1.12370   0.89948    2.791
 4327.00    0.84053   0.94445    2.791
 4328.00    1.04897   1.00050    2.791
 4329.00    1.27430   1.03843    2.791
 4330.00    1.50420   1.05138    2.791
 4331.00    1.51407   1.05002    2.791
 4332.00    1.30649   1.04728    0.000
 4333.00    1.17907   1.04498    0.000
 4334.00    1.00593   1.03452    0.000
 4335.00    1.18140   1.00497    0.000
 4336.00    1.25251   0.94930    0.000
 4337.00    1.39256   0.87099    0.000
 4338.00    1.09966   0.78709    0.000
 4339.00    0.65041   0.72132    0.000
 4340.00    0.58452   0.69299    0.000
 4341.00    0.70494   0.71075    0.000
 4342.00    0.84447   0.76470    0.000
 4343.00    0.40907   0.83090    0.000
 4344.00    0.77705   0.89005    0.000
 4345.00    1.14893   0.93821    0.000
 4346.00    1.13407   0.97865    0.000
 4347.00    0.97092   1.01272    2.791
 4348.00    1.28033   1.03579    2.791
 4349.00    1.57420   1.03958    2.791
 4350.00    0.85704   1.01985    2.791
 4351.00    0.95826   0.98721    2.791
 4352.00    0.99317   0.96631    2.791
 4353.00    0.87161   0.97491    2.791
 4354.00    0.83405   1.00812    2.791
 4355.00    1.07329   1.04679    2.791
 4356.00    1.30244   1.07494    2.791
 4357.00    1.40866   1.08890    2.791
 4358.00    1.04998   1.09286    2.791
 4359.00    1.20609   1.09526    2.791
 4360.00    1.32864   1.10459    2.791
 4361.00    1.37159   1.12273    2.791
 4362.00    1.28819   1.14360    2.791
 4363.00    0.95821   1.16090    2.791
 4364.00    0.90235   1.17203    2.791
 4365.00    1.11589   1.17234    2.791
 4366.00    1.44901   1.15775    2.791
 4367.00    1.39894   1.13395    2.791
 4368.00    1.15543   1.11261    2.791
 4369.00    0.97874   1.10007    2.791
 4370.00    1.01640   1.09457    2.791
 4371.00    1.18085   1.08880    2.791
 4372.00    1.18085   1.07525    2.791
 4373.00    1.18085   1.05246    2.791
 4374.00    1.18085   1.02899    2.791
 4375.00    1.18085   1.02037    2.791
 4376.00    1.18085   1.03616    2.791
 4377.00    1.18085   1.06857    2.791
 4378.00    1.18085   1.09825    2.791
 4379.00    1.21100   1.10907    2.791
 4380.00    1.23888   1.09305    2.791
 4381.00    1.23888   1.04912    2.791
 4382.00    1.23888   0.98416    2.791
 4383.00    1.23888   0.91922    2.791
 4384.00    1.23888   0.88641    2.791
 4385.00    1.23888   0.90345    2.791
 4386.00    1.23888   0.95310    2.791
 4387.00    1.23888   1.00166    2.791
 4388.00    0.96533   1.02973    2.791
 4389.00    0.87088   1.03939    2.791
 4390.00    0.84437   1.04310    2.791
 4391.00    0.99599   1.04937    2.791
 4392.00    1.23770   1.05803    2.791
 4393.00    1.27579   1.06308    2.791
 4394.00    1.25033   1.06316    2.791
 4395.00    1.33088   1.06732    2.791
 4396.00    1.21261   1.08243    2.791
 4397.00    1.33573   1.10021    2.791
 4398.00    1.21199   1.10464    2.791
 4399.00    0.92427   1.09205    2.791
 4400.00    0.91559   1.07480    2.791
 4401.00    1.45684   1.06415    2.791
 4402.00    1.37828   1.05761    2.791
 4403.00    0.91218   1.04442    2.791
 4404.00    1.00750   1.02323    2.791
 4405.00    1.13943   1.00819    2.791
 4406.00    0.96352   1.01116    2.791
 4407.00    0.70595   1.02799    2.791
 4408.00    0.94891   1.05006    2.791
 4409.00    1.26281   1.07667    2.791
 4410.00    1.02203   1.10907    2.791
 4411.00    1.28082   1.13778    2.791
 4412.00    1.36193   1.14752    2.791
 4413.00    1.32855   1.13042    2.791
 4414.00    1.27211   1.09295    2.791
 4415.00    1.26235   1.05531    2.791
 4416.00    1.34455   1.04120    2.791
 4417.00    1.03938   1.05924    2.791
 4418.00    1.03938   1.09841    2.791
 4419.00    1.03938   1.13826    2.791
 4420.00    1.03938   1.16030    2.791
 4421.00    1.03938   1.15859    2.791
 4422.00    1.13455   1.14414    2.791
 4423.00    1.40712   1.13227    2.791
 4424.00    1.40712   1.12910    2.791
 4425.00    1.40712   1.13004    2.791
 4426.00    1.40712   1.12953    2.791
 4427.00    1.40712   1.12920    2.791
 4428.00    1.30437   1.13139    2.791
 4429.00    1.25280   1.13404    2.791
 4430.00    1.40385   1.13540    2.791
 4431.00    1.58881   1.13444    2.791
 4432.00    1.48686   1.12774    2.791
 4433.00    1.36871   1.11168    2.791
 4434.00    1.25493   1.09016    2.791
 4435.00    1.23896   1.07839    2.791
 4436.00    1.42108   1.09131    2.791
 4437.00    1.53976   1.12650    2.791
 4438.00    1.22770   1.16451    2.791
 4439.00    1.33533   1.18370    2.791
 4440.00    1.34312   1.17347    2.791
 4441.00    1.32114   1.14053    2.791
 4442.00    1.22941   1.10583    2.791
 4443.00    1.09178   1.09221    2.791
 4444.00    1.04951   1.10776    2.791
 4445.00    1.20827   1.14134    2.791
 4446.00    1.46716   1.17253    2.791
 4447.00    1.36050   1.18855    2.791
 4448.00    1.39835   1.19126    2.791
 4449.00    1.38804   1.18825    2.791
 4450.00    1.38707   1.18308    2.791
 4451.00    1.27693   1.17472    2.791
 4452.00    1.10889   1.15889    2.791
 4453.00    1.07641   1.13034    2.791
 4454.00    1.02773   1.09259    2.791
 4455.00    1.15095   1.06078    2.791
 4456.00    1.29697   1.04792    2.791
 4457.00    1.13085   1.05311    2.791
 4458.00    1.16435   1.06428    2.791
 4459.00    1.15099   1.07190    2.791
 4460.00    0.90878   1.07588    2.791
 4461.00    1.16525   1.08124    2.791
 4462.00    1.20629   1.09236    2.791
 4463.00    1.34434   1.10992    2.791
 4464.00    1.07574   1.12863    2.791
 4465.00    1.22946   1.13976    2.791
 4466.00    1.43016   1.13918    2.791
 4467.00    1.30443   1.13008    2.791
 4468.00    0.96907   1.11940    2.791
 4469.00    1.25678   1.11577    0.000
 4470.00    1.86658   1.12638    0.000
 4471.00    1.71894   1.15161    0.000
 4472.00    1.34599   1.18356    0.000
 4473.00    1.23498   1.21060    0.000
 4474.00    1.36142   1.22591    0.000
 4475.00    1.49025   1.23192    0.000
 4476.00    1.54939   1.23369    2.791
 4477.00    1.52259   1.23089    2.791
 4478.00    1.40242   1.21648    2.791
 4479.00    1.30208   1.18491    2.791
 4480.00    1.11771   1.14383    2.791
 4481.00    1.00741   1.11381    2.791
 4482.00    1.05626   1.11250    2.791
 4483.00    1.21405   1.14047    2.791
 4484.00    1.46447   1.18275    2.791
 4485.00    1.23270   1.21854    2.791
 4486.00    1.34797   1.23222    2.791
 4487.00    1.48845   1.22126    2.791
 4488.00    1.43655   1.19576    2.791
 4489.00    1.24422   1.17157    2.791
 4490.00    1.10757   1.16198    2.791
 4491.00    1.17511   1.16956    2.791
 4492.00    0.97251   1.18322    2.791
 4493.00    1.37871   1.18866    2.791
 4494.00    1.53876   1.18229    2.791
 4495.00    1.17345   1.17474    2.791
 4496.00    1.04138   1.17787    2.791
 4497.00    1.29471   1.19139    2.791
 4498.00    1.36074   1.20667    2.791
 4499.00    1.11622   1.21575    2.791
 4500.00    1.08780   1.21746    2.791
 4501.00    1.23796   1.21892    2.791
 4502.00    1.29384   1.22944    2.791
 4503.00    1.35744   1.25066    2.791
 4504.00    1.42073   1.27378    2.791
 4505.00    1.46299   1.28713    2.791
 4506.00    1.53869   1.28572    2.791
 4507.00    1.33696   1.27496    2.791
 4508.00    1.17539   1.26526    2.791
 4509.00    1.40165   1.26297    2.791
 4510.00    1.49408   1.26579    2.791
 4511.00    1.46742   1.26610    2.791
 4512.00    1.39071   1.25800    2.791
 4513.00    1.28048   1.24299    2.791
 4514.00    1.19336   1.22794    2.791
 4515.00    1.44115   1.21854    2.791
 4516.00    1.43431   1.21549    2.791
 4517.00    1.30652   1.21483    2.791
 4518.00    1.36122   1.21366    2.791
 4519.00    1.41228   1.21371    2.791
 4520.00    1.28756   1.21643    2.791
 4521.00    1.25723   1.21814    2.791
 4522.00    1.32108   1.21358    2.791
 4523.00    1.24704   1.20197    2.791
 4524.00    1.40743   1.18659    2.791
 4525.00    1.31112   1.16888    2.791
 4526.00    1.04207   1.14679    2.791
 4527.00    0.94957   1.12072    2.791
 4528.00    1.22073   1.09788    2.791
 4529.00    1.00980   1.08769    2.791
 4530.00    1.16925   1.09257    2.791
 4531.00    1.47315   1.10439    2.791
 4532.00    1.38869   1.11075    2.791
 4533.00    1.32896   1.10529    2.791
 4534.00    1.36253   1.09548    2.791
 4535.00    1.31735   1.09761    2.791
 4536.00    1.00657   1.12215    2.791
 4537.00    0.81956   1.16288    2.791
 4538.00    1.18646   1.20098    2.791
 4539.00    1.28874   1.22068    2.791
 4540.00    1.25533   1.22123    2.791
 4541.00    1.30089   1.21441    2.791
 4542.00    1.45284   1.21075    2.791
 4543.00    1.50870   1.21045    2.791
 4544.00    1.12690   1.20729    2.791
 4545.00    1.26298   1.19876    2.791
 4546.00    1.44405   1.18760    2.791
 4547.00    1.21287   1.17444    2.791
 4548.00    0.95382   1.15751    2.791
 4549.00    0.85286   1.14075    2.791
 4550.00    0.93663   1.13417    2.791
 4551.00    1.14462   1.14183    2.791
 4552.00    1.16479   1.15386    2.791
 4553.00    1.45213   1.15703    2.791
 4554.00    1.03180   1.15058    2.791
 4555.00    1.22093   1.14577    2.791
 4556.00    1.30180   1.15454    2.791
 4557.00    1.04733   1.17879    2.791
 4558.00    0.92060   1.20825    2.791
 4559.00    0.97106   1.23185    2.791
 4560.00    1.56961   1.24580    2.791
 4561.00    1.70473   1.24971    2.791
 4562.00    1.56640   1.24274    2.791
 4563.00    1.38273   1.22606    2.791
 4564.00    1.28239   1.20677    2.791
 4565.00    1.27807   1.19593    2.791
 4566.00    1.29276   1.20062    2.791
 4567.00    1.36187   1.21763    2.791
 4568.00    1.50788   1.23498    2.791
 4569.00    1.52760   1.24065    2.791
 4570.00    1.63205   1.23158    2.791
 4571.00    1.68949   1.21500    2.791
 4572.00    1.61197   1.20382    2.791
 4573.00    1.46737   1.20695    2.791
 4574.00    1.51451   1.22059    2.791
 4575.00    1.47320   1.23312    2.791
 4576.00    1.05160   1.23749    2.791
 4577.00    1.01876   1.23313    2.791
 4578.00    1.13144   1.22041    2.791
 4579.00    1.24555   1.20036    2.791
 4580.00    1.24910   1.17760    2.791
 4581.00    1.03525   1.15891    2.791
 4582.00    0.98224   1.14860    2.791
 4583.00    1.09883   1.14648    2.791
 4584.00    1.18644   1.14920    2.791
 4585.00    1.06383   1.15439    2.791
 4586.00    0.92809   1.16282    2.791
 4587.00    0.98030   1.17587    2.791
 4588.00    1.27294   1.19183    2.791
 4589.00    1.61286   1.20504    2.791
 4590.00    1.21169   1.20924    2.791
 4591.00    1.25505   1.20282    2.791
 4592.00    1.28824   1.19074    2.791
 4593.00    1.21442   1.18159    2.791
 4594.00    1.26482   1.18044    2.791
 4595.00    1.36951   1.18512    2.791
 4596.00    0.94484   1.19142    2.791
 4597.00    0.89055   1.19714    2.791
 4598.00    1.18537   1.20072    2.791
 4599.00    1.30056   1.20043    2.791
 4600.00    1.01865   1.19626    2.791
 4601.00    0.92754   1.19106    2.791
 4602.00    1.12610   1.18838    2.791
 4603.00    1.25178   1.18921    2.791
 4604.00    1.19963   1.19258    2.791
 4605.00    1.17926   1.19828    2.791
 4606.00    1.33163   1.20734    2.791
 4607.00    1.04663   1.22032    2.791
 4608.00    1.11667   1.23612    2.791
 4609.00    1.30656   1.25096    2.791
 4610.00    1.22535   1.25854    2.791
 4611.00    0.99821   1.25549    2.791
 4612.00    1.09644   1.24600    2.791
 4613.00    1.33734   1.23707    2.791
 4614.00    1.17958   1.23250    2.791
 4615.00    1.28518   1.23157    2.791
 4616.00    1.43686   1.23054    2.791
 4617.00    1.44905   1.22704    2.791
 4618.00    1.36346   1.22266    2.791
 4619.00    1.43880   1.22123    2.791
 4620.00    1.20214   1.22577    2.791
 4621.00    1.20410   1.23576    2.791
 4622.00    1.38131   1.24635    2.791
 4623.00    1.32523   1.25229    2.791
 4624.00    1.25344   1.25234    2.791
 4625.00    1.35006   1.24833    2.791
 4626.00    1.39159   1.24241    2.791
 4627.00    1.53217   1.23679    2.791
 4628.00    1.39206   1.23330    2.791
 4629.00    1.56164   1.23227    2.791
 4630.00    1.51859   1.23362    2.791
 4631.00    1.45026   1.23635    2.791
 4632.00    1.31865   1.23661    2.791
 4633.00    1.08523   1.23081    2.791
 4634.00    1.48928   1.22106    2.791
 4635.00    1.12639   1.21249    2.791
 4636.00    1.13899   1.20647    2.791
 4637.00    1.30491   1.20126    2.791
 4638.00    1.18987   1.19679    2.791
 4639.00    1.02774   1.19551    2.791
 4640.00    1.01702   1.19998    2.791
 4641.00    0.97092   1.20995    2.791
 4642.00    1.35846   1.22066    2.791
 4643.00    1.49350   1.22475    2.791
 4644.00    1.25352   1.21739    2.791
 4645.00    1.10430   1.19955    2.791
 4646.00    1.01668   1.17711    2.791
 4647.00    1.10323   1.15941    2.791
 4648.00    1.39506   1.15582    2.791
 4649.00    1.24341   1.16836    2.791
 4650.00    1.32130   1.18943    2.791
 4651.00    1.42793   1.20798    2.791
 4652.00    1.18675   1.21697    2.791
 4653.00    1.00009   1.21517    2.791
 4654.00    1.04641   1.20543    2.791
 4655.00    1.17103   1.19428    2.791
 4656.00    1.02203   1.19062    2.791
 4657.00    1.19073   1.20065    2.791
 4658.00    1.18326   1.22336    2.791
 4659.00    1.35667   1.24975    2.791
 4660.00    1.59790   1.26725    2.791
 4661.00    1.57454   1.26839    2.791
 4662.00    1.32017   1.25563    2.791
 4663.00    1.11545   1.23604    2.791
 4664.00    1.06296   1.21342    2.791
 4665.00    1.30543   1.18692    2.791
 4666.00    1.36842   1.15610    2.791
 4667.00    1.29773   1.12737    2.791
 4668.00    1.15131   1.11305    2.791
 4669.00    1.02739   1.12079    2.791
 4670.00    1.03360   1.14559    2.791
 4671.00    1.21423   1.17421    2.791
 4672.00    1.21694   1.19583    2.791
 4673.00    1.34443   1.20810    2.791
 4674.00    1.44033   1.21564    2.791
 4675.00    1.45231   1.22330    2.791
 4676.00    1.45958   1.22977    2.791
 4677.00    1.41140   1.22870    2.791
 4678.00    1.25078   1.21672    2.791
 4679.00    1.19821   1.19839    2.791
 4680.00    1.32930   1.18253    2.791
 4681.00    1.28317   1.17507    2.791
 4682.00    1.20799   1.17669    2.791
 4683.00    1.18497   1.18531    2.791
 4684.00    1.14297   1.19679    2.791
 4685.00    1.02809   1.20541    2.791
 4686.00    0.92387   1.20814    2.791
 4687.00    1.21339   1.20652    2.791
 4688.00    1.33792   1.20354    2.791
 4689.00    1.31874   1.20078    2.791
 4690.00    1.36174   1.19816    2.791
 4691.00    1.27919   1.19565    2.791
 4692.00    1.18140   1.19545    2.791
 4693.00    1.28401   1.20005    2.791
 4694.00    1.41946   1.20785    2.791
 4695.00    1.22078   1.21412    2.791
 4696.00    1.12271   1.21480    2.791
 4697.00    1.17695   1.20752    2.791
 4698.00    1.07851   1.19294    2.791
 4699.00    1.00434   1.17544    2.791
 4700.00    1.06764   1.15963    2.791
 4701.00    1.12817   1.14691    2.791
 4702.00    1.54800   1.13732    2.791
 4703.00    1.42804   1.13355    2.791
 4704.00    1.20821   1.13917    2.791
 4705.00    1.22371   1.15088    2.791
 4706.00    1.23178   1.15843    2.791
 4707.00    1.16209   1.15560    2.791
 4708.00    1.08117   1.14750    2.791
 4709.00    0.94202   1.14476    2.791
 4710.00    0.90306   1.15254    2.791
 4711.00    1.12445   1.16683    2.791
 4712.00    1.12525   1.17928    2.791
 4713.00    1.10413   1.18366    2.791
 4714.00    1.13295   1.18133    2.791
 4715.00    1.19931   1.18095    2.791
 4716.00    1.24610   1.18976    2.791
 4717.00    1.22451   1.20646    2.791
 4718.00    1.35201   1.22350    2.791
 4719.00    1.24654   1.23446    2.791
 4720.00    1.23126   1.23812    2.791
 4721.00    1.35923   1.23689    2.791
 4722.00    1.38716   1.23459    2.791
 4723.00    1.14959   1.23440    2.791
 4724.00    1.09634   1.23605    2.791
 4725.00    1.28993   1.23452    2.791
 4726.00    1.40147   1.22334    2.791
 4727.00    1.33188   1.20107    2.791
 4728.00    1.27883   1.17505    2.791
 4729.00    1.21656   1.15644    2.791
 4730.00    1.09718   1.15067    2.791
 4731.00    0.98571   1.15526    2.791
 4732.00    1.24036   1.16538    2.791
 4733.00    1.17391   1.17683    2.791
 4734.00    1.22079   1.18548    2.791
 4735.00    1.37987   1.18876    2.791
 4736.00    1.27793   1.18795    2.791
 4737.00    1.69334   1.18740    2.791
 4738.00    4.80892   1.19083   -1.000
 4739.00   13.64593   1.19750   -1.000
 4740.00    1.20673   1.20294    2.791
 4741.00    1.36214   1.20511    2.791
 4742.00    1.29560   1.20660    2.791
 4743.00    1.19825   1.20954    2.791
 4744.00    1.18872   1.21306    2.791
 4745.00    1.17570   1.21604    2.791
 4746.00    0.99196   1.21877    2.791
 4747.00    1.38162   1.22236    2.791
 4748.00    1.53954   1.22710    2.791
 4749.00    1.25490   1.23208    2.791
 4750.00    1.62846   1.23590    2.791
 4751.00    1.76447   1.23628    2.791
 4752.00    1.53498   1.23076    2.791
 4753.00    1.31547   1.21942    2.791
 4754.00    1.09072   1.20622    2.791
 4755.00    1.18168   1.19693    2.791
 4756.00    1.31818   1.19523    2.791
 4757.00    1.49979   1.20072    2.791
 4758.00    1.31798   1.21010    2.791
 4759.00    1.15056   1.21870    2.791
 4760.00    1.24217   1.22126    2.791
 4761.00    1.37965   1.21357    2.791
 4762.00    1.45654   1.19558    2.791
 4763.00    1.24345   1.17280    2.791
 4764.00    1.24847   1.15317    2.791
 4765.00    1.22521   1.14194    2.791
 4766.00    1.22807   1.14080    2.791
 4767.00    1.25991   1.15036    2.791
 4768.00    1.25041   1.16904    2.791
 4769.00    1.09843   1.18995    2.791
 4770.00    1.16574   1.20354    2.791
 4771.00    1.45057   1.20604    2.791
 4772.00    1.26389   1.20363    2.791
 4773.00    1.19932   1.20606    2.791
 4774.00    1.17047   1.21650    2.791
 4775.00    1.10638   1.22916    2.791
 4776.00    1.13105   1.23723    2.791
 4777.00    0.94716   1.23961    2.791
 4778.00    1.06480   1.23819    2.791
 4779.00    1.38457   1.23366    2.791
 4780.00    1.49985   1.22677    2.791
 4781.00    1.35953   1.21911    2.791
 4782.00    1.22546   1.21112    2.791
 4783.00    1.27237   1.20287    2.791
 4784.00    1.13156   1.19567    2.791
 4785.00    1.12776   1.19003    2.791
 4786.00    1.46008   1.18515    2.791
 4787.00    1.49605   1.18201    2.791
 4788.00    1.17240   1.18270    2.791
 4789.00    1.01235   1.18714    2.791
 4790.00    1.20798   1.19438    2.791
 4791.00    1.36698   1.20481    2.791
 4792.00    1.12480   1.21942    2.791
 4793.00    1.10195   1.23777    2.791
 4794.00    0.82203   1.25682    2.791
 4795.00    0.95180   1.27085    2.791
 4796.00    1.02164   1.27384    2.791
 4797.00    1.07312   1.26410    2.791
 4798.00    1.27755   1.24640    2.791
 4799.00    1.27855   1.22893    2.791
 4800.00    1.37408   1.21953    2.791
 4801.00    1.40043   1.22204    2.791
 4802.00    1.20234   1.23292    2.791
 4803.00    1.34517   1.24289    2.791
 4804.00    1.18651   1.24403    2.791
 4805.00    0.83924   1.23608    2.791
 4806.00    1.25474   1.22547    2.791
 4807.00    1.41954   1.21800    2.791
 4808.00    1.17850   1.21543    2.791
 4809.00    0.91492   1.21796    2.791
 4810.00    0.82930   1.22432    2.791
 4811.00    1.01978   1.23077    2.791
 4812.00    1.21725   1.23457    2.791
 4813.00    1.24930   1.23650    2.791
 4814.00    1.52737   1.23934    2.791
 4815.00    0.87872   1.24509    2.791
 4816.00    1.11692   1.25330    2.791
 4817.00    1.20301   1.26119    2.791
 4818.00    1.33771   1.26606    2.791
 4819.00    1.46997   1.26735    2.791
 4820.00    1.43922   1.26504    2.791
 4821.00    1.15634   1.25656    2.791
 4822.00    1.04474   1.23901    2.791
 4823.00    1.17705   1.21520    2.791
 4824.00    1.30051   1.19549    2.791
 4825.00    1.14576   1.19028    2.791
 4826.00    0.95719   1.19908    2.791
 4827.00    1.04512   1.21088    2.791
 4828.00    1.39168   1.21638    2.791
 4829.00    1.36224   1.21529    2.791
 4830.00    1.17017   1.21123    2.791
 4831.00    1.09227   1.20533    2.791
 4832.00    1.21425   1.19829    2.791
 4833.00    1.21218   1.19413    2.791
 4834.00    1.18912   1.19600    2.791
 4835.00    1.31629   1.20166    2.791
 4836.00    1.57420   1.20591    2.791
 4837.00    1.30159   1.20520    2.791
 4838.00    1.07676   1.19856    2.791
 4839.00    1.09230   1.18737    2.791
 4840.00    1.12311   1.17529    2.791
 4841.00    1.13044   1.16626    2.791
 4842.00    1.06697   1.16187    2.791
 4843.00    0.97231   1.16158    2.791
 4844.00    1.05866   1.16470    2.791
 4845.00    1.33986   1.17057    2.791
 4846.00    1.39877   1.17542    2.791
 4847.00    1.28678   1.17316    2.791
 4848.00    1.32195   1.16330    2.791
 4849.00    1.37010   1.15307    2.791
 4850.00    1.24650   1.14898    2.791
 4851.00    0.97181   1.14911    2.791
 4852.00    1.14654   1.14568    2.791
 4853.00    1.01089   1.13201    2.791
 4854.00    0.95780   1.10681    0.000
 4855.00    1.02193   1.07537    0.000
 4856.00    1.13323   1.04610    0.000
 4857.00    1.11115   1.02272    0.000
 4858.00    0.99313   0.99636    0.000
 4859.00    1.24525   0.95159    0.000
 4860.00    0.67206   0.88718    0.000
 4861.00    0.74476   0.82587    0.000
 4862.00    0.89993   0.79978    0.000
 4863.00    1.06096   0.82235    0.000
 4864.00    1.14758   0.87770    0.000
 4865.00    1.09401   0.93947    0.000
 4866.00    0.91277   0.99206    0.000
 4867.00    0.87638   1.03148    0.000
 4868.00    1.34316   1.05724    0.000
 4869.00    1.19632   1.06826    2.791
 4870.00    1.37187   1.06336    2.791
 4871.00    1.31024   1.04699    2.791
 4872.00    1.02503   1.03421    2.791
 4873.00    0.91166   1.04043    2.791
 4874.00    1.28802   1.06520    2.791
 4875.00    1.12871   1.09399    2.791
 4876.00    0.89739   1.11452    2.791
 4877.00    0.88487   1.12649    2.791
 4878.00    1.08478   1.13703    2.791
 4879.00    1.22601   1.15056    2.791
 4880.00    1.16812   1.16414    2.791
 4881.00    1.04278   1.17118    2.791
 4882.00    1.26645   1.16956    2.791
 4883.00    1.38528   1.16299    2.791
 4884.00    1.17705   1.15378    2.791
 4885.00    1.18094   1.14203    2.791
 4886.00    1.35488   1.13095    2.791
 4887.00    1.47309   1.12478    2.791
 4888.00    1.35751   1.12237    2.791
 4889.00    1.08034   1.11690    2.791
 4890.00    0.98514   1.10491    2.791
 4891.00    1.04128   1.09470    2.791
 4892.00    1.20034   1.10173    2.791
 4893.00    1.35107   1.13371    2.791
 4894.00    1.34296   1.18099    2.791
 4895.00    1.22204   1.22446    2.791
 4896.00    1.18529   1.25068    2.791
 4897.00    1.23518   1.25830    2.791
 4898.00    1.33305   1.25270    2.791
 4899.00    1.42204   1.24022    2.791
 4900.00    1.29497   1.22690    2.791
 4901.00    1.24161   1.21705    2.791
 4902.00    1.19994   1.21057    2.791
 4903.00    1.16085   1.20508    2.791
 4904.00    1.49068   1.20285    2.791
 4905.00    1.42951   1.20947    2.791
 4906.00    1.25211   1.22288    2.791
 4907.00    1.18352   1.23188    2.791
 4908.00    1.19329   1.22650    2.791
 4909.00    1.17714   1.20690    2.791
 4910.00    1.14328   1.18267    2.791
 4911.00    1.19314   1.16675    2.791
 4912.00    1.30147   1.16718    2.791
 4913.00    1.29126   1.18207    2.791
 4914.00    1.17010   1.20240    2.791
 4915.00    1.12371   1.21849    2.791
 4916.00    1.06770   1.22145    2.791
 4917.00    0.94752   1.20389    2.791
 4918.00    0.83784   1.16462    2.791
 4919.00    0.95772   1.11437    2.791
 4920.00    1.12874   1.07338    2.791
 4921.00    1.08027   1.05832    2.791
 4922.00    1.04607   1.06987    2.791
 4923.00    1.09300   1.09396    2.791
 4924.00    1.13287   1.11656    2.791
 4925.00    1.15323   1.13584    2.791
 4926.00    1.23306   1.15787    2.791
 4927.00    1.40786   1.18444    2.791
 4928.00    1.23881   1.21072    2.791
 4929.00    1.07421   1.23089    2.791
 4930.00    1.24652   1.24080    2.791
 4931.00    1.12305   1.23761    2.791
 4932.00    0.94563   1.22090    2.791
 4933.00    1.02504   1.19621    2.791
 4934.00    1.02152   1.17445    2.791
 4935.00    0.96751   1.16394    2.791
 4936.00    1.25661   1.16156    2.791
 4937.00    1.00094   1.15508    2.791
 4938.00    1.05380   1.13999    2.791
 4939.00    1.12510   1.12779    2.791
 4940.00    1.18350   1.13355    2.791
 4941.00    1.45191   1.15909    2.791
 4942.00    1.41540   1.19200    2.791
 4943.00    1.17881   1.21778    2.791
 4944.00    0.96716   1.23008    2.791
 4945.00    1.13288   1.23119    2.791
 4946.00    1.31974   1.22752    2.791
 4947.00    1.31786   1.22647    0.000
 4948.00    1.16236   1.23217    0.000
 4949.00    1.12143   1.24200    0.000
 4950.00    1.37239   1.24966    0.000
 4951.00    1.31105   1.25152    0.000
 4952.00    1.36287   1.24804    0.000
 4953.00    1.40632   1.24076    0.000
 4954.00    1.30046   1.22895    0.000
 4955.00    1.18821   1.20711    0.000
 4956.00    1.27822   1.17021    0.000
 4957.00    1.11253   1.12690    0.000
 4958.00    1.25519   1.10022    0.000
 4959.00    1.13200   1.10841    0.000
 4960.00    0.94406   1.14568    0.000
 4961.00    1.09023   1.18748    0.000
 4962.00    1.21963   1.21394    0.000
 4963.00    1.10342   1.22168    0.000
 4964.00    1.23500   1.21541    0.000
 4965.00    1.43596   1.20044    0.000
 4966.00    1.14291   1.18338    0.000
 4967.00    1.07789   1.17037    0.000
 4968.00    1.04563   1.16375    0.000
 4969.00    1.10880   1.16368    2.791
 4970.00    1.24309   1.16976    2.791
 4971.00    1.32332   1.18062    2.791
 4972.00    1.27423   1.19376    2.791
 4973.00    1.08972   1.20649    2.791
 4974.00    1.09678   1.21633    2.791
 4975.00    1.15977   1.22129    2.791
 4976.00    1.24869   1.21974    2.791
 4977.00    1.26256   1.21100    2.791
 4978.00    1.15697   1.19649    2.791
 4979.00    1.03571   1.17896    2.791
 4980.00    1.11306   1.15902    2.791
 4981.00    0.92630   1.13301    2.791
 4982.00    0.93509   1.09959    2.791
 4983.00    0.86521   1.06785    2.791
 4984.00    0.88988   1.05304    2.791
 4985.00    0.94751   1.06324    2.791
 4986.00    0.86495   1.09341    2.791
 4987.00    0.99135   1.13013    2.791
 4988.00    1.03858   1.15894    2.791
 4989.00    1.08273   1.17114    2.791
 4990.00    1.06494   1.16799    2.791
 4991.00    1.03688   1.15904    2.791
 4992.00    0.99937   1.15391    2.791
 4993.00    0.98553   1.15514    2.791
 4994.00    1.08352   1.15978    2.791
 4995.00    1.06408   1.16554    2.791
 4996.00    0.97444   1.17149    2.791
 4997.00    0.84426   1.17478    2.791
 4998.00    1.01716   1.17021    0.000
 4999.00    1.21275   1.15476    0.000
 5000.00    1.24373   1.13202    0.000
 5001.00    1.15419   1.11107    0.000
 5002.00    1.12649   1.09973    0.000
 5003.00    1.07967   1.09759    0.000
 5004.00    0.98843   1.09624    0.000
 5005.00    1.13740   1.08782    0.000
 5006.00    1.18617   1.07501    0.000
 5007.00    1.10968   1.07047    0.000
 5008.00    1.07160   1.08289    0.000
 5009.00    1.24147   1.10611    0.000
 5010.00    1.39703   1.12375    0.000
 5011.00    1.13412   1.12317    0.000
 5012.00    1.09888   1.10412    0.000
 5013.00    1.28008   1.07794    0.000
 5014.00    1.33412   1.05875    0.000
 5015.00    1.23348   1.05329    0.000
 5016.00    1.17309   1.05746    0.000
 5017.00    1.05447   1.06252    0.000
 5018.00    1.05067   1.06502    0.000
 5019.00    0.90810   1.06907    0.000
 5020.00    0.95579   1.07761    0.000
 5021.00    1.00514   1.08722    0.000
 5022.00    0.87313   1.09396    0.000
 5023.00    0.73986   1.09983    2.791
 5024.00    1.12872   1.10976    2.791
 5025.00    1.09857   1.12278    2.791
 5026.00    0.67117   1.13137    2.791
 5027.00    0.88111   1.13139    2.791
 5028.00    1.06334   1.12783    2.791
 5029.00    1.00745   1.12909    2.791
 5030.00    0.80405   1.13897    2.791
 5031.00    0.76609   1.15480    2.791
 5032.00    1.30715   1.17113    2.791
 5033.00    1.10467   1.18202    2.791
 5034.00    1.16508   1.18098    2.791
 5035.00    1.18765   1.16569    2.791
 5036.00    0.96177   1.14281    2.791
 5037.00    0.86543   1.12232    2.791
 5038.00    1.02173   1.10595    2.791
 5039.00    0.93942   1.08484    2.791
 5040.00    0.99756   1.05477    2.791
 5041.00    0.75527   1.02900    2.791
 5042.00    0.76526   1.02811    2.791
 5043.00    0.88179   1.05892    2.791
 5044.00    0.92952   1.10809    2.791
 5045.00    0.96549   1.15416    2.791
 5046.00    1.14974   1.18229    2.791
 5047.00    1.39020   1.18794    2.791
 5048.00    1.08076   1.17352    2.791
 5049.00    1.12885   1.14740    2.791
 5050.00    1.09005   1.12182    2.791
 5051.00    0.99826   1.10724    2.791
 5052.00    1.00508   1.10810    2.791
 5053.00    1.01084   1.12260    2.791
 5054.00    0.61118   1.14352    2.791
 5055.00    0.17758   1.16195    2.791
 5056.00    0.69879   1.17393    2.791
 5057.00    0.38478   1.18190    2.791
 5058.00    0.81119   1.18951    2.791
 5059.00    1.18285   1.19774    2.791
 5060.00    1.30343   1.20503    2.791
 5061.00    1.45393   1.20896    2.791
 5062.00    1.16810   1.20620    2.791
 5063.00    0.76797   1.19256    2.791
 5064.00    1.14867   1.16857    2.791
 5065.00    1.29746   1.14318    2.791
 5066.00    1.11905   1.12714    2.791
 5067.00    1.05136   1.12344    2.791
 5068.00    1.18308   1.12703    2.791
 5069.00    0.97955   1.13225    2.791
 5070.00    0.97668   1.13677    2.791
 5071.00    0.83029   1.13847    2.791
 5072.00    1.00178   1.13528    2.791
 5073.00    1.12868   1.12998    2.791
 5074.00    1.21534   1.12836    2.791
 5075.00    1.28956   1.13160    2.791
 5076.00    1.31555   1.13508    2.791
 5077.00    1.14790   1.13273    2.791
 5078.00    1.30195   1.11952    2.791
 5079.00    0.96593   1.09609    2.791
 5080.00    1.05365   1.07282    2.791
 5081.00    1.05447   1.06195    2.791
 5082.00    0.79913   1.06604    2.791
 5083.00    0.59556   1.07902    2.791
 5084.00    0.99757   1.09513    2.791
 5085.00    1.20011   1.11228    2.791
 5086.00    1.16708   1.12880    2.791
 5087.00    1.18731   1.14170    2.791
 5088.00    1.11363   1.14976    2.791
 5089.00    0.99194   1.15497    2.791
 5090.00    0.88783   1.15990    2.791
 5091.00    0.84421   1.16590    2.791
 5092.00    0.86068   1.17343    2.791
 5093.00    1.17156   1.18108    2.791
 5094.00    0.86489   1.18423    2.791
 5095.00    0.72652   1.17678    2.791
 5096.00    0.87015   1.15659    2.791
 5097.00    1.02225   1.12852    2.791
 5098.00    0.97608   1.10191    2.791
 5099.00    0.85959   1.08591    2.791
 5100.00    1.17887   1.08639    2.791
 5101.00    1.09705   1.10228    2.791
 5102.00    0.94502   1.12386    2.791
 5103.00    1.13377   1.13926    2.791
 5104.00    1.29680   1.14324    2.791
 5105.00    1.15793   1.13750    2.791
 5106.00    0.79429   1.12582    2.791
 5107.00    0.76856   1.11186    2.791
 5108.00    1.22681   1.09969    2.791
 5109.00    1.02102   1.09359    2.791
 5110.00    0.94674   1.09619    2.791
 5111.00    0.82324   1.10715    2.791
 5112.00    0.71080   1.12289    2.791
 5113.00    0.70519   1.13855    2.791
 5114.00    0.80221   1.15164    2.791
 5115.00    0.82054   1.16256    2.791
 5116.00    1.17901   1.17175    2.791
 5117.00    1.02862   1.17874    2.791
 5118.00    1.04444   1.18230    2.791
 5119.00    1.08027   1.18010    2.791
 5120.00    1.16454   1.17020    2.791
 5121.00    1.23588   1.15354    2.791
 5122.00    0.58376   1.13317    2.791
 5123.00    0.86579   1.11204    2.791
 5124.00    1.25880   1.09354    2.791
 5125.00    1.04618   1.08165    2.791
 5126.00    0.96262   1.07810    2.791
 5127.00    1.05616   1.08003    2.791
 5128.00    1.02936   1.08270    2.791
 5129.00    0.67241   1.08454    2.791
 5130.00    1.08709   1.08790    2.791
 5131.00    0.97323   1.09502    2.791
 5132.00    1.06614   1.10489    2.791
 5133.00    1.05507   1.11456    2.791
 5134.00    1.01584   1.12226    2.791
 5135.00    0.99241   1.12699    2.791
 5136.00    0.97238   1.12567    2.791
 5137.00    0.93984   1.11564    2.791
 5138.00    0.92631   1.10004    2.791
 5139.00    1.14629   1.08625    2.791
 5140.00    0.94927   1.07931    2.791
 5141.00    0.73817   1.07853    2.791
 5142.00    0.73499   1.08021    2.791
 5143.00    0.85769   1.08310    2.791
 5144.00    0.81577   1.08766    2.791
 5145.00    0.81418   1.09142    2.791
 5146.00    0.97561   1.09042    2.791
 5147.00    1.11429   1.08558    2.791
 5148.00    1.01317   1.08305    2.791
 5149.00    0.97638   1.08578    2.791
 5150.00    0.99700   1.08881    2.791
 5151.00    0.95258   1.08636    2.791
 5152.00    1.03851   1.07898    2.791
 5153.00    1.02794   1.07169    2.791
 5154.00    1.10793   1.07001    2.791
 5155.00    1.07635   1.07821    2.791
 5156.00    0.97658   1.09661    0.000
 5157.00    0.94652   1.11953    0.000
 5158.00    1.02355   1.13898    0.000
 5159.00    1.08946   1.15041    0.000
 5160.00    1.03912   1.15368    0.000
 5161.00    1.16464   1.15002    0.000
 5162.00    1.23261   1.13993    0.000
 5163.00    1.04233   1.12329    0.000
 5164.00    0.97973   1.09794    0.000
 5165.00    0.98364   1.05737    2.791
 5166.00    0.83251   0.99878    2.791
 5167.00    0.71645   0.93526    2.791
 5168.00    0.73834   0.89192    2.791
 5169.00    0.75138   0.88335    2.791
 5170.00    0.74701   0.89552    2.791
 5171.00    0.79909   0.90005    2.791
 5172.00    0.85078   0.88847    2.791
 5173.00    0.82880   0.88179    2.791
 5174.00    0.73136   0.90579    2.791
 5175.00    0.77626   0.96152    2.791
 5176.00    1.08304   1.02441    2.791
 5177.00    1.06676   1.07063    2.791
 5178.00    1.20175   1.09343    2.791
 5179.00    1.08322   1.09625    2.791
 5180.00    0.83424   1.07979    2.791
 5181.00    0.77970   1.04068    2.791
 5182.00    0.80814   0.98116    2.791
 5183.00    0.81119   0.91914    2.791
 5184.00    0.83516   0.88505    2.791
 5185.00    0.73412   0.89919    2.791
 5186.00    0.62740   0.95217    2.791
 5187.00    0.73223   1.01386    2.791
 5188.00    1.06188   1.05889    2.791
 5189.00    1.33644   1.08100    2.791
 5190.00    1.09224   1.08526    2.791
 5191.00    0.81003   1.07604    2.791
 5192.00    0.98610   1.05923    2.791
 5193.00    1.12303   1.04549    0.000
 5194.00    1.13659   1.04242    0.000
 5195.00    0.95851   1.04881    0.000
 5196.00    0.71432   1.05996    0.000
 5197.00    0.91887   1.07419    0.000
 5198.00    1.02726   1.09189    0.000
 5199.00    0.92478   1.11051    0.000
 5200.00    1.21717   1.12467    0.000
 5201.00    1.10905   1.12955    0.000
 5202.00    0.92187   1.12232    0.000
 5203.00    0.95654   1.10241    2.791
 5204.00    1.08992   1.07209    2.791
 5205.00    1.15136   1.03762    2.791
 5206.00    0.96206   1.00830    2.791
 5207.00    0.85693   0.99053    2.791
 5208.00    0.91800   0.98440    2.791
 5209.00    1.00103   0.98954    2.791
 5210.00    1.05106   1.00886    2.791
 5211.00    1.05792   1.04281    2.791
 5212.00    0.96553   1.08363    2.791
 5213.00    1.04261   1.11732    2.791
 5214.00    0.83103   1.13222    2.791
 5215.00    0.82582   1.12744    2.791
 5216.00    0.86479   1.11403    2.791
 5217.00    0.97884   1.10739    2.791
 5218.00    1.15051   1.11582    2.791
 5219.00    1.27174   1.13604    2.791
 5220.00    1.33519   1.15794    2.791
 5221.00    1.07079   1.17244    2.791
 5222.00    0.74439   1.17488    2.791
 5223.00    0.74761   1.16294    2.791
 5224.00    0.84548   1.13518    2.791
 5225.00    0.95611   1.09372    2.791
 5226.00    1.01554   1.04902    2.791
 5227.00    0.75807   1.01951    2.791
 5228.00    0.34552   1.02090    2.791
 5229.00    1.38000   1.05152    2.791
