 3887.00    0.69013   0.49748    0.000
 3888.00    0.73265   0.48817    0.000
 3889.00    0.70764   0.48463    0.000
 3890.00    0.59018   0.49379    0.000
 3891.00    0.39988   0.51805    0.000
 3892.00    0.65004   0.55260    3.541
 3893.00    0.54056   0.58881    3.541
 3894.00    0.17111   0.61836    3.541
 3895.00    0.26215   0.63651    3.541
 3896.00    0.63701   0.64346    3.541
 3897.00    0.79641   0.64375    3.541
 3898.00    0.79735   0.64226    3.541
 3899.00    0.67219   0.64065    3.541
 3900.00    0.89805   0.63939    3.541
 3901.00    0.36625   0.63832    3.541
 3902.00    0.84278   0.63687    3.541
 3903.00    1.16151   0.63488    3.541
 3904.00    0.78374   0.63154    3.541
 3905.00    0.72244   0.62701    3.541
 3906.00    0.66472   0.62408    3.541
 3907.00    0.69835   0.62679    3.541
 3908.00    1.02306   0.63755    3.541
 3909.00    1.07264   0.65665    3.541
 3910.00    0.99350   0.68187    3.541
 3911.00    0.90939   0.70789    3.541
 3912.00    0.96025   0.73010    3.541
 3913.00    0.98857   0.74579    3.541
 3914.00    0.80721   0.75440    3.541
 3915.00    0.85888   0.75535    3.541
 3916.00    0.70976   0.74927    3.541
 3917.00    0.97941   0.73658    3.541
 3918.00    1.01975   0.71800    3.541
 3919.00    0.84682   0.69399    3.541
 3920.00    0.81975   0.66575    3.541
 3921.00    1.23527   0.63656    3.541
 3922.00    0.73144   0.61046    3.541
 3923.00    0.61622   0.59130    3.541
 3924.00    0.77426   0.58025    3.541
 3925.00    0.66755   0.57487    3.541
 3926.00    0.77550   0.56866    3.541
 3927.00    0.83015   0.55544    3.541
 3928.00    0.56367   0.53254    3.541
 3929.00    0.59034   0.50067    3.541
 3930.00    0.98040   0.46384    3.541
 3931.00    0.90141   0.42666    3.541
 3932.00    0.53994   0.39305    3.541
 3933.00    0.50350   0.36494    3.541
 3934.00    0.81205   0.34415    3.541
 3935.00    0.78279   0.33403    3.541
 3936.00    0.21124   0.33715    3.541
 3937.00    0.62194   0.35444    3.541
 3938.00    0.57830   0.38317    3.541
 3939.00    0.66508   0.41890    3.541
 3940.00    0.48312   0.45605    3.541
 3941.00    0.86450   0.48948    3.541
 3942.00    0.83819   0.51456    3.541
 3943.00    0.60554   0.53168    3.541
 3944.00    0.61799   0.54308    3.541
 3945.00    0.62265   0.55285    3.541
 3946.00    0.82460   0.56670    3.541
 3947.00    1.16915   0.58640    3.541
 3948.00    0.94595   0.61081    3.541
 3949.00    0.98554   0.63766    3.541
 3950.00    0.94134   0.66324    3.541
 3951.00    1.16855   0.68629    3.541
 3952.00    1.11578   0.70613    3.541
 3953.00    1.22128   0.72151    3.541
 3954.00    1.24518   0.73142    3.541
 3955.00    1.20738   0.73621    3.541
 3956.00    0.83799   0.73652    3.541
 3957.00    0.97444   0.73186    3.541
 3958.00    1.03984   0.72090    3.541
 3959.00    0.95051   0.70295    3.541
 3960.00    0.99156   0.67798    3.541
 3961.00    0.97644   0.64517    0.000
 3962.00    1.05508   0.60513    0.000
 3963.00    1.13134   0.56076    0.000
 3964.00    0.86141   0.51800    0.000
 3965.00    0.74251   0.47971    0.000
 3966.00    0.71370   0.44548    0.000
 3967.00    0.53338   0.41272    0.000
 3968.00    0.81078   0.38023    0.000
 3969.00    0.88922   0.35209    0.000
 3970.00    0.43375   0.33419    0.000
 3971.00   -0.04175   0.33277    0.000
 3972.00   -0.08754   0.34985    0.000
 3973.00    0.35974   0.38409    0.000
 3974.00    0.13829   0.43095    0.000
 3975.00    0.63068   0.48585    3.541
 3976.00    1.22093   0.54359    3.541
 3977.00    0.98393   0.60104    3.541
 3978.00    0.87577   0.65473    3.541
 3979.00    0.89582   0.70368    3.541
 3980.00    0.51183   0.74645    3.541
 3981.00    0.47747   0.78101    3.541
 3982.00    0.79411   0.80613    3.541
 3983.00    1.09638   0.82193    3.541
 3984.00    1.11762   0.83191    3.541
 3985.00    1.22172   0.83996    3.541
 3986.00    1.21758   0.85017    3.541
 3987.00    0.63906   0.86436    3.541
 3988.00    0.57863   0.88083    3.541
 3989.00    0.97087   0.89700    3.541
 3990.00    1.11743   0.91063    3.541
 3991.00    0.95138   0.92081    3.541
 3992.00    0.82903   0.92861    3.541
 3993.00    0.69524   0.93574    3.541
 3994.00    0.72649   0.94183    3.541
 3995.00    0.53783   0.94483    3.541
 3996.00    0.39385   0.94305    3.541
 3997.00    0.77108   0.93751    3.541
 3998.00    1.05774   0.93182    3.541
 3999.00    1.08466   0.93153    3.541
 4000.00    0.99587   0.93995    3.541
 4001.00    1.54002   0.95565    3.541
 4002.00    1.06848   0.97390    3.541
 4003.00    0.83511   0.98696    3.541
 4004.00    1.11756   0.98943    3.541
 4005.00    1.24013   0.97944    3.541
 4006.00    0.97142   0.96196    3.541
 4007.00    1.21537   0.94502    3.541
 4008.00    0.96530   0.93824    3.541
 4009.00    0.67382   0.94618    3.541
 4010.00    0.94700   0.96673    3.541
 4011.00    1.04423   0.99226    3.541
 4012.00    0.99967   1.01587    3.541
 4013.00    1.19014   1.03566    3.541
 4014.00    1.22182   1.05122    3.541
 4015.00    1.13576   1.06237    3.541
 4016.00    1.25390   1.07010    3.541
 4017.00    0.99643   1.07486    3.541
 4018.00    0.73590   1.07718    3.541
 4019.00    0.93867   1.07888    3.541
 4020.00    0.87889   1.08039    3.541
 4021.00    0.75751   1.08173    3.541
 4022.00    0.85833   1.08157    3.541
 4023.00    1.11334   1.07858    3.541
 4024.00    1.44322   1.07263    0.000
 4025.00    1.32798   1.06662    0.000
 4026.00    1.12976   1.06361    0.000
 4027.00    0.92938   1.06524    0.000
 4028.00    0.94980   1.06942    0.000
 4029.00    1.19265   1.07027    0.000
 4030.00    1.20659   1.05913    0.000
 4031.00    0.92186   1.03028    3.541
 4032.00    0.86001   0.98571    3.541
 4033.00    0.98169   0.93713    3.541
 4034.00    0.67244   0.90076    3.541
 4035.00    0.49988   0.88914    3.541
 4036.00    1.18759   0.90618    3.541
 4037.00    1.51892   0.94708    3.541
 4038.00    0.84057   1.00089    3.541
 4039.00    1.04101   1.05315    3.541
 4040.00    1.14390   1.09166    3.541
 4041.00    1.20227   1.10878    3.541
 4042.00    1.18647   1.10277    3.541
 4043.00    1.25991   1.07566    3.541
 4044.00    0.91458   1.03278    3.541
 4045.00    0.75815   0.98037    3.541
 4046.00    1.09493   0.92862    3.541
 4047.00    1.35118   0.89155    3.541
 4048.00    1.28475   0.88257    3.541
 4049.00    0.94846   0.90675    3.541
 4050.00    1.02282   0.95533    3.541
 4051.00    1.00000   1.01083    3.541
 4052.00    0.94743   1.05663    3.541
 4053.00    0.73155   1.08322    3.541
 4054.00    1.07630   1.08909    3.541
 4055.00    0.92013   1.07818    3.541
 4056.00    0.80816   1.05734    3.541
 4057.00    1.00833   1.03419    3.541
 4058.00    0.70749   1.01453    3.541
 4059.00    0.88916   1.00155    3.541
 4060.00    1.15619   0.99436    3.541
 4061.00    1.22418   0.98903    3.541
 4062.00    1.08410   0.97984    3.541
 4063.00    0.95298   0.96248    3.541
 4064.00    0.69914   0.93782    3.541
 4065.00    0.34732   0.91349    3.541
 4066.00    0.79413   0.90091    3.541
 4067.00    0.44013   0.90651    0.000
 4068.00    0.76330   0.92765    0.000
 4069.00    1.30505   0.95427    0.000
 4070.00    1.48268   0.97543    0.000
 4071.00    1.25138   0.98473    3.541
 4072.00    1.57361   0.98233    3.541
 4073.00    1.21879   0.97347    3.541
 4074.00    1.07621   0.96488    3.541
 4075.00    1.15171   0.96049    3.541
 4076.00    1.27568   0.95887    3.541
 4077.00    1.00834   0.95581    3.541
 4078.00    0.78140   0.95145    3.541
 4079.00    0.90582   0.95264    3.541
 4080.00    1.07131   0.96793    3.541
 4081.00    1.04731   0.99864    3.541
 4082.00    1.09131   1.03772    3.541
 4083.00    1.45370   1.07352    3.541
 4084.00    1.19128   1.09756    3.541
 4085.00    0.98843   1.10924    3.541
 4086.00    1.18410   1.11595    3.541
 4087.00    1.18664   1.12704    3.541
 4088.00    1.28394   1.14696    3.541
 4089.00    1.17789   1.17291    3.541
 4090.00    1.07202   1.19708    3.541
 4091.00    1.27519   1.21195    3.541
 4092.00    1.72331   1.21358    3.541
 4093.00    1.24374   1.20264    3.541
 4094.00    0.83818   1.18240    3.541
 4095.00    0.90481   1.15599    0.000
 4096.00    0.78923   1.12493    0.000
 4097.00    0.66455   1.08991    0.000
 4098.00    0.96609   1.05217    0.000
 4099.00    1.06427   1.01363    0.000
 4100.00    0.79231   0.97749    0.000
 4101.00    0.73582   0.94613    0.000
 4102.00    0.78092   0.92239    0.000
 4103.00    1.00486   0.91095    0.000
 4104.00    0.98610   0.91661    0.000
 4105.00    0.63110   0.94032    0.000
 4106.00    0.75732   0.97768    0.000
 4107.00    0.78132   1.01926    0.000
 4108.00    1.06445   1.05488    3.541
 4109.00    1.33643   1.07822    3.541
 4110.00    1.51900   1.08832    3.541
 4111.00    1.11556   1.08850    3.541
 4112.00    0.68874   1.08495    3.541
 4113.00    1.00235   1.08405    3.541
 4114.00    1.51054   1.08949    3.541
 4115.00    1.44625   1.10035    3.541
 4116.00    1.11249   1.11249    3.541
 4117.00    0.74987   1.12074    3.541
 4118.00    0.72883   1.12145    3.541
 4119.00    1.03108   1.11441    3.541
 4120.00    1.29534   1.10307    3.541
 4121.00    1.08226   1.09249    3.541
 4122.00    1.18172   1.08727    3.541
 4123.00    1.17698   1.08969    3.541
 4124.00    0.92851   1.09891    3.541
 4125.00    1.02305   1.11141    3.541
 4126.00    1.15385   1.12288    3.541
 4127.00    1.00070   1.12922    3.541
 4128.00    1.19387   1.12716    3.541
 4129.00    1.38782   1.11506    3.541
 4130.00    1.16301   1.09408    3.541
 4131.00    1.02462   1.06759    3.541
 4132.00    1.15389   1.03995    3.541
 4133.00    1.25546   1.01599    3.541
 4134.00    1.07081   1.00098    3.541
 4135.00    1.20723   1.00006    3.541
 4136.00    1.47425   1.01565    3.541
 4137.00    1.72587   1.04497    3.541
 4138.00    1.12561   1.08006    3.541
 4139.00    0.94440   1.11056    3.541
 4140.00    1.30092   1.12733    3.541
 4141.00    0.97309   1.12461    3.541
 4142.00    0.94032   1.10186    3.541
 4143.00    0.89176   1.06405    3.541
 4144.00    0.90337   1.02082    3.541
 4145.00    1.03251   0.98518    3.541
 4146.00    1.17141   0.96849    3.541
 4147.00    1.30130   0.97465    3.541
 4148.00    1.32265   0.99738    3.541
 4149.00    1.20192   1.02462    3.541
 4150.00    1.27378   1.04526    3.541
 4151.00    1.21933   1.05485    3.541
 4152.00    1.21954   1.05541    3.541
 4153.00    0.78966   1.05133    3.541
 4154.00    0.92189   1.04631    3.541
 4155.00    0.96281   1.04278    3.541
 4156.00    0.84664   1.04260    3.541
 4157.00    0.85128   1.04804    3.541
 4158.00    1.27249   1.06090    3.541
 4159.00    1.04500   1.08136    3.541
 4160.00    0.84176   1.10788    3.541
 4161.00    0.76668   1.13688    3.541
 4162.00    0.99418   1.16435    3.541
 4163.00    1.13715   1.18616    3.541
 4164.00    0.94917   1.19872    3.541
 4165.00    0.87532   1.20000    3.541
 4166.00    0.81592   1.19018    3.541
 4167.00    0.99109   1.17200    3.541
 4168.00    1.06357   1.15078    3.541
 4169.00    1.43586   1.13150    3.541
 4170.00    0.97556   1.11552    3.541
 4171.00    0.91282   1.10064    3.541
 4172.00    1.56848   1.08263    3.541
 4173.00    1.36558   1.06045    3.541
 4174.00    1.20825   1.03687    3.541
 4175.00    0.88017   1.01811    3.541
 4176.00    0.85172   1.00996    3.541
 4177.00    1.04279   1.01438    3.541
 4178.00    1.07918   1.02882    3.541
 4179.00    0.96622   1.04748    3.541
 4180.00    0.97721   1.06602    3.541
 4181.00    1.14586   1.08212    3.541
 4182.00    1.24748   1.09546    3.541
 4183.00    1.31496   1.10590    3.541
 4184.00    1.59726   1.11385    3.541
 4185.00    1.41305   1.11992    3.541
 4186.00    1.22261   1.12357    3.541
 4187.00    1.55605   1.12409    3.541
 4188.00    1.40936   1.12051    3.541
 4189.00    1.42813   1.11408    3.541
 4190.00    0.97736   1.10904    3.541
 4191.00    1.04370   1.10977    3.541
 4192.00    1.21693   1.11743    3.541
 4193.00    1.27658   1.12820    3.541
 4194.00    1.07751   1.13578    3.541
 4195.00    1.05665   1.13550    3.541
 4196.00    1.25055   1.12387    3.541
 4197.00    1.43445   1.10090    3.541
 4198.00    1.43793   1.07002    3.541
 4199.00    1.19917   1.03802    3.541
 4200.00    1.20351   1.01219    3.541
 4201.00    1.13380   0.99650    3.541
 4202.00    1.23226   0.99242    3.541
 4203.00    1.01523   0.99990    3.541
 4204.00    0.94724   1.01880    3.541
 4205.00    1.60269   1.04816    3.541
 4206.00    0.91990   1.08520    3.541
 4207.00    1.15022   1.12579    3.541
 4208.00    1.29096   1.16396    3.541
 4209.00    1.21177   1.19418    3.541
 4210.00    0.98803   1.21324    3.541
 4211.00    1.11320   1.22095    3.541
 4212.00    1.03091   1.21847    3.541
 4213.00    1.18446   1.20781    3.541
 4214.00    1.51877   1.19158    3.541
 4215.00    1.35081   1.17300    3.541
 4216.00    1.49883   1.15641    3.541
 4217.00    1.38631   1.14731    3.541
 4218.00    1.48045   1.15038    3.541
 4219.00    1.10099   1.16657    3.541
 4220.00    0.94965   1.18923    3.541
 4221.00    1.40549   1.20654    3.541
 4222.00    0.99140   1.20561    3.541
 4223.00    1.01842   1.17781    3.541
 4224.00    1.25416   1.12182    3.541
 4225.00    1.16998   1.04403    3.541
 4226.00    1.20048   0.95775    3.541
 4227.00    1.33529   0.88190    3.541
 4228.00    1.16731   0.83417    3.541
 4229.00    1.11988   0.82608    3.541
 4230.00    1.14081   0.85721    3.541
 4231.00    1.03375   0.91579    3.541
 4232.00    1.14002   0.98243    3.541
 4233.00    1.05416   1.03922    3.541
 4234.00    0.71177   1.07597    3.541
 4235.00    1.01208   1.09260    3.541
 4236.00    1.19083   1.09586    3.541
 4237.00    1.33919   1.09493    3.541
 4238.00    1.00640   1.09749    3.541
 4239.00    1.55656   1.10810    3.541
 4240.00    1.37262   1.12797    3.541
 4241.00    1.58583   1.15630    3.541
 4242.00    1.31602   1.19088    3.541
 4243.00    1.41945   1.22853    3.541
 4244.00    1.11984   1.26535    3.541
 4245.00    1.10695   1.29587    3.541
 4246.00    1.25076   1.31332    3.541
 4247.00    1.11207   1.31217    3.541
 4248.00    1.13279   1.29033    3.541
 4249.00    1.31848   1.25238    3.541
 4250.00    1.38562   1.20768    3.541
 4251.00    1.55568   1.16689    3.541
 4252.00    1.55975   1.13787    3.541
 4253.00    1.36778   1.12258    3.541
 4254.00    0.94065   1.11908    3.541
 4255.00    1.24431   1.12370    3.541
 4256.00    1.34271   1.13312    3.541
 4257.00    1.33111   1.14424    3.541
 4258.00    1.17242   1.15352    3.541
 4259.00    1.34966   1.15779    3.541
 4260.00    1.30548   1.15547    3.541
 4261.00    1.27504   1.15030    3.541
 4262.00    1.24990   1.15138    3.541
 4263.00    1.15738   1.16798    3.541
 4264.00    1.20983   1.20290    3.541
 4265.00    1.33989   1.24832    3.541
 4266.00    1.23414   1.28975    3.541
 4267.00    1.14525   1.31290    3.541
 4268.00    1.31638   1.30934    3.541
 4269.00    1.14991   1.27820    3.541
 4270.00    0.81561   1.22476    3.541
 4271.00    1.17626   1.15861    3.541
 4272.00    1.43586   1.09155    3.541
 4273.00    1.50787   1.03583    3.541
 4274.00    1.26457   1.00211    3.541
 4275.00    1.27199   0.99663    3.541
 4276.00    1.09757   1.01936    3.541
 4277.00    0.94140   1.06382    3.541
 4278.00    0.97789   1.11861    3.541
 4279.00    0.98240   1.17126    3.541
 4280.00    1.22508   1.21206    3.541
 4281.00    1.45044   1.23600    3.541
 4282.00    1.27485   1.24396    3.541
 4283.00    1.47287   1.24161    3.541
 4284.00    1.56229   1.23499    3.541
 4285.00    1.32758   1.22707    3.541
 4286.00    1.38812   1.21713    3.541
 4287.00    1.03192   1.20223    3.541
 4288.00    1.24348   1.18063    3.541
 4289.00    1.24652   1.15358    3.541
 4290.00    1.22145   1.12509    3.541
 4291.00    1.18396   1.10116    3.541
 4292.00    1.37212   1.08778    3.541
 4293.00    1.15413   1.08760    3.541
 4294.00    1.02585   1.09813    3.541
 4295.00    1.05442   1.11154    3.541
 4296.00    0.92175   1.11748    3.541
 4297.00    1.04181   1.10807    3.541
 4298.00    1.29354   1.08131    3.541
 4299.00    0.92218   1.04073    3.541
 4300.00    0.65748   0.99402    3.541
 4301.00    0.98229   0.94981    3.541
 4302.00    1.20569   0.91544    3.541
 4303.00    1.15389   0.89478    3.541
 4304.00    0.97844   0.88632    3.541
 4305.00    1.05919   0.88381    3.541
 4306.00    1.12860   0.87983    3.541
 4307.00    0.81858   0.86970    3.541
 4308.00    1.04542   0.85412    3.541
 4309.00    1.11494   0.83901    3.541
 4310.00    0.98887   0.83310    3.541
 4311.00    0.91378   0.84524    3.541
 4312.00    1.02079   0.88082    3.541
 4313.00    1.15727   0.94060    3.541
 4314.00    1.32988   1.02091    3.541
 4315.00    1.48428   1.11534    3.541
 4316.00    1.43649   1.21579    3.541
 4317.00    1.39191   1.31298    3.541
 4318.00    1.09384   1.39678    3.541
 4319.00    1.33156   1.45788    3.541
 4320.00    1.02195   1.48978    3.541
 4321.00    0.65282   1.48961   -1.000
 4322.00    1.35404   1.45852    3.541
 4323.00    1.26322   1.40090    3.541
 4324.00    1.28950   1.32598    3.541
 4325.00    0.97917   1.24765    3.541
 4326.00    0.80145   1.18382    3.541
 4327.00    0.99575   1.15174    3.541
 4328.00    1.02196   1.16114    3.541
 4329.00    1.02206   1.20910    3.541
 4330.00    1.11296   1.28136    3.541
 4331.00    1.15668   1.35852    3.541
 4332.00    1.27304   1.42504    0.000
 4333.00    1.41419   1.47258    0.000
 4334.00    1.28456   1.50073    0.000
 4335.00    1.32759   1.50993    0.000
 4336.00    1.19701   1.49898    0.000
 4337.00    1.14670   1.46588    0.000
 4338.00    1.06753   1.41134    0.000
 4339.00    1.39230   1.34312    0.000
 4340.00    1.17587   1.27572    0.000
 4341.00    0.98403   1.22560    0.000
 4342.00    1.11268   1.20463    0.000
 4343.00    1.19454   1.21636    0.000
 4344.00    1.22546   1.25468    0.000
 4345.00    1.22056   1.30789    0.000
 4346.00    1.05953   1.36435    0.000
 4347.00    0.97905   1.41532    3.541
 4348.00    1.01556   1.45522    3.541
 4349.00    0.99188   1.47995    3.541
 4350.00    1.16602   1.48590    3.541
 4351.00    1.15630   1.47165    3.541
 4352.00    0.58985   1.44060   -1.000
 4353.00    1.15095   1.40260    3.541
 4354.00    1.55293   1.37062    3.541
 4355.00    1.24221   1.35542    3.541
 4356.00    1.19266   1.36068    3.541
 4357.00    0.94583   1.38226    3.541
 4358.00    1.39740   1.41101    3.541
 4359.00    1.32928   1.43911    3.541
 4360.00    1.21834   1.46321    3.541
 4361.00    1.14257   1.48442    3.541
 4362.00    1.20912   1.50541    3.541
 4363.00    1.30066   1.52709    3.541
 4364.00    1.28171   1.54789    3.541
 4365.00    1.19450   1.56426    3.541
 4366.00    1.11811   1.57223    3.541
 4367.00    1.29166   1.56918    3.541
 4368.00    1.71332   1.55545    3.541
 4369.00    1.34768   1.53387    3.541
 4370.00    1.26046   1.50840    3.541
 4371.00    1.17777   1.48212    3.541
 4372.00    1.09627   1.45605    3.541
 4373.00    1.19367   1.42933    3.541
 4374.00    1.04721   1.40145    3.541
 4375.00    1.40570   1.37441    3.541
 4376.00    1.29995   1.35309    3.541
 4377.00    1.40272   1.34239    3.541
 4378.00    1.36509   1.34288    3.541
 4379.00    1.34430   1.34856    3.541
 4380.00    1.62631   1.34804    3.541
 4381.00    1.74542   1.32940    3.541
 4382.00    1.45497   1.28626    3.541
 4383.00    1.18133   1.22282    3.541
 4384.00    0.99536   1.15345    3.541
 4385.00    1.16404   1.09739    3.541
 4386.00    1.27290   1.07060    3.541
 4387.00    1.21409   1.07845    3.541
 4388.00    1.20306   1.11444    3.541
 4389.00    1.40115   1.16415    3.541
 4390.00    0.93133   1.21312    3.541
 4391.00    1.33324   1.25285    3.541
 4392.00    1.41069   1.28253    3.541
 4393.00    1.29727   1.30616    3.541
 4394.00    1.42600   1.32851    3.541
 4395.00    1.48018   1.35270    3.541
 4396.00    1.54664   1.37943    3.541
 4397.00    1.34523   1.40726    3.541
 4398.00    0.93690   1.43255    3.541
 4399.00    0.74980   1.45008    3.541
 4400.00    0.65597   1.45463    3.541
 4401.00    1.00683   1.44305    3.541
 4402.00    1.07905   1.41522    3.541
 4403.00    1.19216   1.37411    3.541
 4404.00    0.98486   1.32530    3.541
 4405.00    0.92767   1.27664    3.541
 4406.00    0.83294   1.23742    3.541
 4407.00    1.02873   1.21700    3.541
 4408.00    1.08630   1.22215    3.541
 4409.00    1.22563   1.25392    3.541
 4410.00    1.25610   1.30660    3.541
 4411.00    1.44339   1.36884    3.541
 4412.00    1.38425   1.42649    3.541
 4413.00    1.10212   1.46671    3.541
 4414.00    1.03987   1.48239    3.541
 4415.00    1.41979   1.47532    3.541
 4416.00    1.73709   1.45578    3.541
 4417.00    1.34513   1.43885    3.541
 4418.00    1.10452   1.43738    3.541
 4419.00    1.16387   1.45540    3.541
 4420.00    1.25506   1.48619    3.541
 4421.00    1.27391   1.51694    3.541
 4422.00    2.11828   1.53586    3.541
 4423.00    1.60772   1.53797    3.541
 4424.00    1.21169   1.52643    3.541
 4425.00    1.22863   1.50955    3.541
 4426.00    1.13157   1.49524    3.541
 4427.00    1.24540   1.48773    3.541
 4428.00    1.37927   1.48704    3.541
 4429.00    1.37514   1.49073    3.541
 4430.00    1.61409   1.49559    3.541
 4431.00    1.78623   1.49854    3.541
 4432.00    1.48434   1.49729    3.541
 4433.00    1.27051   1.49025    3.541
 4434.00    1.31036   1.47752    3.541
 4435.00    1.24673   1.46221    3.541
 4436.00    1.38659   1.45072    3.541
 4437.00    1.05519   1.45029    3.541
 4438.00    1.24436   1.46495    3.541
 4439.00    1.05934   1.49190    3.541
 4440.00    1.41400   1.52225    3.541
 4441.00    1.59667   1.54552    3.541
 4442.00    1.32116   1.55597    3.541
 4443.00    1.17671   1.55583    3.541
 4444.00    1.42068   1.55399    3.541
 4445.00    1.53397   1.55968    3.541
 4446.00    1.46781   1.57732    3.541
 4447.00    1.38268   1.60389    3.541
 4448.00    1.30704   1.63191    3.541
 4449.00    1.34388   1.65370    3.541
 4450.00    1.60101   1.66467    3.541
 4451.00    1.75069   1.66304    3.541
 4452.00    1.31721   1.64833    3.541
 4453.00    1.73292   1.62029    3.541
 4454.00    1.75856   1.57963    3.541
 4455.00    1.40028   1.52959    3.541
 4456.00    1.48030   1.47662    3.541
 4457.00    1.52927   1.42896    3.541
 4458.00    1.45936   1.39346    3.541
 4459.00    1.46062   1.37296    3.541
 4460.00    1.63531   1.36667    3.541
 4461.00    1.57720   1.37205    3.541
 4462.00    1.31834   1.38709    3.541
 4463.00    1.22702   1.41079    3.541
 4464.00    1.16535   1.44188    3.541
 4465.00    1.34653   1.47730    3.541
 4466.00    1.80493   1.51196    3.541
 4467.00    1.64825   1.54050    3.541
 4468.00    1.40667   1.56000    3.541
 4469.00    1.37267   1.57140    0.000
 4470.00    1.35882   1.57892    0.000
 4471.00    1.41657   1.58813    0.000
 4472.00    1.36666   1.60345    0.000
 4473.00    1.22142   1.62646    0.000
 4474.00    1.25881   1.65535    0.000
 4475.00    1.55812   1.68610    0.000
 4476.00    1.55062   1.71401    3.541
 4477.00    1.60041   1.73484    3.541
 4478.00    1.48279   1.74505    3.541
 4479.00    1.46624   1.74204    3.541
 4480.00    1.49913   1.72528    3.541
 4481.00    1.35493   1.69814    3.541
 4482.00    1.49600   1.66893    3.541
 4483.00    1.85650   1.64840    3.541
 4484.00    1.46061   1.64513    3.541
 4485.00    1.24285   1.66060    3.541
 4486.00    1.21050   1.68819    3.541
 4487.00    1.46488   1.71616    3.541
 4488.00    1.10784   1.73356    3.541
 4489.00    1.30284   1.73525    3.541
 4490.00    1.26563   1.72354    3.541
 4491.00    1.48798   1.70550    3.541
 4492.00    1.44873   1.68810    3.541
 4493.00    1.78670   1.67478    3.541
 4494.00    1.58185   1.66507    3.541
 4495.00    1.36184   1.65738    3.541
 4496.00    1.42241   1.65206    3.541
 4497.00    1.60131   1.65191    3.541
 4498.00    1.58081   1.65986    3.541
 4499.00    1.43438   1.67645    3.541
 4500.00    1.47896   1.69928    3.541
 4501.00    1.49700   1.72522    3.541
 4502.00    1.67235   1.75266    3.541
 4503.00    1.56985   1.78246    3.541
 4504.00    1.09144   1.81587    3.541
 4505.00    1.49496   1.85196    3.541
 4506.00    2.00414   1.88663    3.541
 4507.00    1.86418   1.91412    3.541
 4508.00    1.72992   1.93040    3.541
 4509.00    1.50736   1.93506    3.541
 4510.00    1.69132   1.93079    3.541
 4511.00    1.77059   1.92092    3.541
 4512.00    1.48776   1.90775    3.541
 4513.00    1.32297   1.89172    3.541
 4514.00    1.37032   1.87313    3.541
 4515.00    1.44218   1.85348    3.541
 4516.00    1.43718   1.83558    3.541
 4517.00    1.29615   1.82242    3.541
 4518.00    1.29181   1.81562    3.541
 4519.00    1.28322   1.81505    3.541
 4520.00    1.44937   1.81961    3.541
 4521.00    1.52737   1.82724    3.541
 4522.00    1.38686   1.83478    3.541
 4523.00    1.27090   1.83760    3.541
 4524.00    1.64864   1.83043    3.541
 4525.00    1.72092   1.80927    3.541
 4526.00    1.41182   1.77307    3.541
 4527.00    1.50794   1.72439    3.541
 4528.00    1.42799   1.66904    3.541
 4529.00    1.48570   1.61490    3.541
 4530.00    1.73824   1.57001    3.541
 4531.00    1.67745   1.54035    3.541
 4532.00    1.35192   1.52774    3.541
 4533.00    1.30125   1.52921    3.541
 4534.00    1.52623   1.53912    3.541
 4535.00    1.64027   1.55265    3.541
 4536.00    1.50893   1.56870    3.541
 4537.00    1.50437   1.59004    3.541
 4538.00    1.48078   1.61996    3.541
 4539.00    1.73664   1.65844    3.541
 4540.00    1.55236   1.70046    3.541
 4541.00    1.43602   1.73821    3.541
 4542.00    1.59078   1.76540    3.541
 4543.00    1.48315   1.78001    3.541
 4544.00    1.46202   1.78406    3.541
 4545.00    1.48868   1.78118    3.541
 4546.00    1.28722   1.77440    3.541
 4547.00    1.26204   1.76577    3.541
 4548.00    1.50416   1.75698    3.541
 4549.00    1.56723   1.74977    3.541
 4550.00    1.45371   1.74549    3.541
 4551.00    1.42444   1.74452    3.541
 4552.00    1.42342   1.74590    3.541
 4553.00    1.74383   1.74777    3.541
 4554.00    1.35917   1.74856    3.541
 4555.00    1.44312   1.74856    3.541
 4556.00    1.29333   1.75090    3.541
 4557.00    1.33058   1.76054    3.541
 4558.00    1.43977   1.78166    3.541
 4559.00    1.38098   1.81435    3.541
 4560.00    1.33506   1.85358    3.541
 4561.00    1.62471   1.89089    3.541
 4562.00    1.64104   1.91787    3.541
 4563.00    1.64846   1.92955    3.541
 4564.00    1.57069   1.92597    3.541
 4565.00    1.41068   1.91200    3.541
 4566.00    1.53451   1.89565    3.541
 4567.00    1.68058   1.88499    3.541
 4568.00    1.60194   1.88500    3.541
 4569.00    1.75083   1.89508    3.541
 4570.00    1.86101   1.90974    3.541
 4571.00    1.53395   1.92185    3.541
 4572.00    1.68754   1.92700    3.541
 4573.00    1.35354   1.92594    3.541
 4574.00    1.50954   1.92332    3.541
 4575.00    1.59997   1.92380    3.541
 4576.00    1.56918   1.92842    3.541
 4577.00    1.51806   1.93365    3.541
 4578.00    1.95240   1.93360    3.541
 4579.00    1.91125   1.92348    3.541
 4580.00    1.83362   1.90219    3.541
 4581.00    1.83693   1.87319    3.541
 4582.00    1.57163   1.84308    3.541
 4583.00    1.47563   1.81872    3.541
 4584.00    1.68169   1.80434    3.541
 4585.00    1.63113   1.80017    3.541
 4586.00    1.64256   1.80380    3.541
 4587.00    1.32212   1.81275    3.541
 4588.00    1.15317   1.82603    3.541
 4589.00    1.73894   1.84330    3.541
 4590.00    1.70623   1.86272    3.541
 4591.00    1.80007   1.87982    3.541
 4592.00    1.76143   1.88902    3.541
 4593.00    1.71496   1.88667    3.541
 4594.00    1.56216   1.87338    3.541
 4595.00    1.51441   1.85376    3.541
 4596.00    1.49538   1.83407    3.541
 4597.00    1.58862   1.81950    3.541
 4598.00    1.75394   1.81242    3.541
 4599.00    1.74018   1.81230    3.541
 4600.00    1.53680   1.81665    3.541
 4601.00    1.39275   1.82248    3.541
 4602.00    1.40738   1.82754    3.541
 4603.00    1.35581   1.83107    3.541
 4604.00    1.04897   1.83372    3.541
 4605.00    1.55179   1.83709    3.541
 4606.00    1.44707   1.84355    3.541
 4607.00    1.29161   1.85572    3.541
 4608.00    1.43824   1.87567    3.541
 4609.00    1.46099   1.90357    3.541
 4610.00    1.58545   1.93654    3.541
 4611.00    1.56663   1.96896    3.541
 4612.00    1.68956   1.99462    3.541
 4613.00    1.63295   2.00974    3.541
 4614.00    1.40420   2.01490    3.541
 4615.00    1.46462   2.01448    3.541
 4616.00    1.68942   2.01396    3.541
 4617.00    1.71165   2.01700    3.541
 4618.00    1.79404   2.02403    3.541
 4619.00    1.76221   2.03303    3.541
 4620.00    1.57350   2.04145    3.541
 4621.00    1.74599   2.04768    3.541
 4622.00    1.52284   2.05136    3.541
 4623.00    1.30175   2.05278    3.541
 4624.00    1.47716   2.05205    3.541
 4625.00    1.49356   2.04889    3.541
 4626.00    1.41155   2.04295    3.541
 4627.00    1.62535   2.03457    3.541
 4628.00    1.89042   2.02504    3.541
 4629.00    1.91077   2.01626    3.541
 4630.00    1.83234   2.00983    3.541
 4631.00    1.74059   2.00612    3.541
 4632.00    1.64725   2.00409    3.541
 4633.00    1.77086   2.00164    3.541
 4634.00    1.94865   1.99631    3.541
 4635.00    1.62778   1.98615    3.541
 4636.00    1.67973   1.97026    3.541
 4637.00    2.36952   1.94911    3.541
 4638.00    1.45292   1.92439    3.541
 4639.00    1.21162   1.89870    3.541
 4640.00    1.98450   1.87517    3.541
 4641.00    2.66753   1.85683    3.541
 4642.00    2.43625   1.84564    3.541
 4643.00    2.34288   1.84108    3.541
 4644.00    1.76013   1.83955    3.541
 4645.00    1.68418   1.83551    3.541
 4646.00    1.65828   1.82429    3.541
 4647.00    1.73781   1.80516    3.541
 4648.00    1.83791   1.78264    3.541
 4649.00    1.63040   1.76495    3.541
 4650.00    1.49369   1.75996    3.541
 4651.00    1.74149   1.77124    3.541
 4652.00    1.86524   1.79622    3.541
 4653.00    1.79724   1.82753    3.541
 4654.00    1.82187   1.85670    3.541
 4655.00    1.50897   1.87808    3.541
 4656.00    1.75021   1.89126    3.541
 4657.00    1.47673   1.90081    3.541
 4658.00    1.78533   1.91355    3.541
 4659.00    1.47460   1.93467    3.541
 4660.00    1.47782   1.96433    3.541
 4661.00    2.43818   1.99680    3.541
 4662.00    2.10431   2.02272    3.541
 4663.00    1.63778   2.03295    3.541
 4664.00    1.56122   2.02237    3.541
 4665.00    1.49967   1.99125    3.541
 4666.00    1.81914   1.94445    3.541
 4667.00    2.26540   1.88959    3.541
 4668.00    1.90530   1.83561    3.541
 4669.00    1.54207   1.79157    3.541
 4670.00    1.85830   1.76506    3.541
 4671.00    1.83059   1.76000    3.541
 4672.00    1.12799   1.77492    3.541
 4673.00    1.55846   1.80325    3.541
 4674.00    1.80830   1.83620    3.541
 4675.00    1.70855   1.86645    3.541
 4676.00    1.76576   1.89014    3.541
 4677.00    1.76608   1.90648    3.541
 4678.00    1.68947   1.91563    3.541
 4679.00    1.65804   1.91729    3.541
 4680.00    1.70389   1.91111    3.541
 4681.00    1.64176   1.89814    3.541
 4682.00    1.46477   1.88169    3.541
 4683.00    1.40541   1.86665    3.541
 4684.00    1.46935   1.85745    3.541
 4685.00    1.55592   1.85608    3.541
 4686.00    1.98922   1.86141    3.541
 4687.00    2.28427   1.87009    3.541
 4688.00    1.20151   1.87845    3.541
 4689.00    1.39381   1.88411    3.541
 4690.00    1.80273   1.88667    3.541
 4691.00    1.52357   1.88738    3.541
 4692.00    1.30699   1.88823    3.541
 4693.00    1.68458   1.89122    3.541
 4694.00    1.70800   1.89764    3.541
 4695.00    1.54843   1.90742    3.541
 4696.00    1.83141   1.91859    3.541
 4697.00    2.17686   1.92749    3.541
 4698.00    1.85443   1.92991    3.541
 4699.00    1.54018   1.92291    3.541
 4700.00    1.77182   1.90640    3.541
 4701.00    1.75048   1.88343    3.541
 4702.00    1.57691   1.85899    3.541
 4703.00    1.24853   1.83818    3.541
 4704.00    2.06831   1.82450    3.541
 4705.00    2.24351   1.81906    3.541
 4706.00    1.27387   1.82060    3.541
 4707.00    1.55832   1.82618    3.541
 4708.00    1.67109   1.83254    3.541
 4709.00    1.69884   1.83762    3.541
 4710.00    1.78069   1.84145    3.541
 4711.00    1.83122   1.84568    3.541
 4712.00    1.97296   1.85190    3.541
 4713.00    1.93534   1.86036    3.541
 4714.00    1.98033   1.86995    3.541
 4715.00    1.96255   1.87972    3.541
 4716.00    1.75113   1.89044    3.541
 4717.00    1.67157   1.90463    3.541
 4718.00    1.55760   1.92500    3.541
 4719.00    1.28721   1.95225    3.541
 4720.00    1.60834   1.98407    3.541
 4721.00    2.81157   2.01589    3.541
 4722.00    2.49713   2.04284    3.541
 4723.00    1.75832   2.06158    3.541
 4724.00    1.84881   2.07092    3.541
 4725.00    1.95573   2.07102    3.541
 4726.00    1.84935   2.06195    3.541
 4727.00    1.60592   2.04307    3.541
 4728.00    1.78667   2.01382    3.541
 4729.00    1.88899   1.97577    3.541
 4730.00    1.63071   1.93400    3.541
 4731.00    1.68812   1.89642    3.541
 4732.00    2.04471   1.87088    3.541
 4733.00    1.99617   1.86181    3.541
 4734.00    1.68972   1.86852    3.541
 4735.00    1.70375   1.88612    3.541
 4736.00    1.69690   1.90818    3.541
 4737.00    1.45762   1.92959    3.541
 4738.00    1.42208   1.94791    3.541
 4739.00    1.51504   1.96308    3.541
 4740.00    1.62084   1.97590    3.541
 4741.00    1.53705   1.98682    3.541
 4742.00    2.17088   1.99553    3.541
 4743.00    2.05919   2.00177    3.541
 4744.00    2.01992   2.00614    3.541
 4745.00    2.04669   2.01030    3.541
 4746.00    1.99325   2.01629    3.541
 4747.00    1.81276   2.02542    3.541
 4748.00    1.87173   2.03767    3.541
 4749.00    1.78508   2.05168    3.541
 4750.00    1.47514   2.06520    3.541
 4751.00    1.79610   2.07568    3.541
 4752.00    2.19370   2.08086    3.541
 4753.00    1.95069   2.07926    3.541
 4754.00    2.06737   2.07081    3.541
 4755.00    2.22598   2.05715    3.541
 4756.00    2.15412   2.04134    3.541
 4757.00    2.04366   2.02683    3.541
 4758.00    1.91396   2.01620    3.541
 4759.00    2.09416   2.01005    3.541
 4760.00    2.10899   2.00679    3.541
 4761.00    1.87219   2.00320    3.541
 4762.00    2.01945   1.99561    3.541
 4763.00    1.99119   1.98121    3.541
 4764.00    1.73043   1.95911    3.541
 4765.00    1.63864   1.93099    3.541
 4766.00    1.72542   1.90101    3.541
 4767.00    1.81626   1.87481    3.541
 4768.00    1.86287   1.85800    3.541
 4769.00    1.77683   1.85418    3.541
 4770.00    1.78955   1.86355    3.541
 4771.00    1.71447   1.88281    3.541
 4772.00    1.70672   1.90666    3.541
 4773.00    1.94184   1.93034    3.541
 4774.00    1.98004   1.95154    3.541
 4775.00    1.87951   1.97048    3.541
 4776.00    1.83401   1.98832    3.541
 4777.00    1.85244   2.00527    3.541
 4778.00    1.81064   2.01994    3.541
 4779.00    1.95032   2.03001    3.541
 4780.00    1.98338   2.03335    3.541
 4781.00    1.99704   2.02885    3.541
 4782.00    1.97852   2.01656    3.541
 4783.00    1.82329   1.99780    3.541
 4784.00    1.86259   1.97507    3.541
 4785.00    1.99537   1.95184    3.541
 4786.00    1.47873   1.93176    3.541
 4787.00    1.48488   1.91756    3.541
 4788.00    1.77437   1.91041    3.541
 4789.00    1.59266   1.91010    3.541
 4790.00    1.63551   1.91596    3.541
 4791.00    1.64838   1.92786    3.541
 4792.00    1.92138   1.94651    3.541
 4793.00    1.83027   1.97281    3.541
 4794.00    2.21508   2.00656    3.541
 4795.00    1.99906   2.04523    3.541
 4796.00    2.13484   2.08359    3.541
 4797.00    1.93208   2.11483    3.541
 4798.00    1.74830   2.13303    3.541
 4799.00    1.73614   2.13589    3.541
 4800.00    1.80295   2.12630    3.541
 4801.00    2.09532   2.11126    3.541
 4802.00    1.84575   2.09881    3.541
 4803.00    1.87251   2.09404    3.541
 4804.00    1.84537   2.09682    3.541
 4805.00    1.70429   2.10225    3.541
 4806.00    1.89420   2.10385    3.541
 4807.00    1.79291   2.09736    3.541
 4808.00    1.86222   2.08302    3.541
 4809.00    1.90999   2.06512    3.541
 4810.00    1.82124   2.04957    3.541
 4811.00    2.13691   2.04092    3.541
 4812.00    1.86402   2.04067    3.541
 4813.00    1.60833   2.04735    3.541
 4814.00    1.59007   2.05813    3.541
 4815.00    1.84183   2.07066    3.541
 4816.00    2.02823   2.08402    3.541
 4817.00    1.92392   2.09844    3.541
 4818.00    2.07967   2.11415    3.541
 4819.00    2.47061   2.13026    3.541
 4820.00    2.19304   2.14438    3.541
 4821.00    1.44361   2.15303    3.541
 4822.00    2.01939   2.15294    3.541
 4823.00    2.37480   2.14262    3.541
 4824.00    2.44615   2.12353    3.541
 4825.00    1.71376   2.10018    3.541
 4826.00    1.79015   2.07865    3.541
 4827.00    1.86298   2.06377    3.541
 4828.00    2.04026   2.05702    3.541
 4829.00    1.88312   2.05601    3.541
 4830.00    1.69696   2.05630    3.541
 4831.00    1.91670   2.05414    3.541
 4832.00    2.16831   2.04847    3.541
 4833.00    2.19188   2.04119    3.541
 4834.00    2.16811   2.03584    3.541
 4835.00    2.01657   2.03561    3.541
 4836.00    1.79111   2.04158    3.541
 4837.00    1.70392   2.05190    3.541
 4838.00    1.85561   2.06256    3.541
 4839.00    1.57831   2.06915    3.541
 4840.00    1.83940   2.06903    3.541
 4841.00    2.08076   2.06241    3.541
 4842.00    2.37276   2.05196    3.541
 4843.00    1.69379   2.04155    3.541
 4844.00    1.74689   2.03468    3.541
 4845.00    1.97193   2.03365    3.541
 4846.00    1.88891   2.03899    3.541
 4847.00    1.64595   2.04947    3.541
 4848.00    1.79945   2.06231    3.541
 4849.00    1.93774   2.07419    3.541
 4850.00    1.61792   2.08244    3.541
 4851.00    1.11690   2.08593   -1.000
 4852.00    0.79278   2.08468   -1.000
 4853.00    1.33572   2.07888    3.541
 4854.00    1.65974   2.06809    0.000
 4855.00    1.66772   2.05160    0.000
 4856.00    1.82162   2.02936    0.000
 4857.00    1.64821   2.00242    0.000
 4858.00    1.77978   1.97208    0.000
 4859.00    1.63215   1.93862    0.000
 4860.00    1.90011   1.90106    0.000
 4861.00    1.83951   1.85893    0.000
 4862.00    1.87926   1.81502    0.000
 4863.00    2.12527   1.77646    0.000
 4864.00    2.21951   1.75276    0.000
 4865.00    2.12534   1.75107    0.000
 4866.00    2.14729   1.77223    0.000
 4867.00    2.23628   1.81010    0.000
 4868.00    2.43438   1.85402    0.000
 4869.00    2.91735   1.89291   -1.000
 4870.00    2.51501   1.91848    3.541
 4871.00    2.20723   1.92727    3.541
 4872.00    2.32440   1.92126    3.541
 4873.00    1.71381   1.90740    3.541
 4874.00    1.48183   1.89535    3.541
 4875.00    2.45576   1.89384    3.541
 4876.00    2.22256   1.90729    3.541
 4877.00    2.24656   1.93436    3.541
 4878.00    1.89475   1.96946    3.541
 4879.00    1.88647   2.00574    3.541
 4880.00    2.16560   2.03747    3.541
 4881.00    2.37303   2.06097    3.541
 4882.00    2.17878   2.07444    3.541
 4883.00    1.80750   2.07761    3.541
 4884.00    1.83271   2.07140    3.541
 4885.00    2.31194   2.05757    3.541
 4886.00    2.68487   2.03820    3.541
 4887.00    2.40339   2.01539    3.541
 4888.00    2.22491   1.99108    3.541
 4889.00    1.89454   1.96707    3.541
 4890.00    2.48748   1.94499    3.541
 4891.00    1.88201   1.92678    3.541
 4892.00    1.95137   1.91576    3.541
 4893.00    1.58707   1.91720    3.541
 4894.00    1.69077   1.93686    3.541
 4895.00    2.17100   1.97784    3.541
 4896.00    2.07925   2.03728    3.541
 4897.00    2.14613   2.10591    3.541
 4898.00    2.18976   2.17087    3.541
 4899.00    2.01981   2.22061    3.541
 4900.00    2.04597   2.24871    3.541
 4901.00    2.26804   2.25517    3.541
 4902.00    2.34348   2.24503    3.541
 4903.00    2.25391   2.22588    3.541
 4904.00    2.10864   2.20539    3.541
 4905.00    2.21177   2.18961    3.541
 4906.00    2.34260   2.18186    3.541
 4907.00    2.30633   2.18200    3.541
 4908.00    2.20957   2.18647    3.541
 4909.00    1.82613   2.18966    3.541
 4910.00    2.09927   2.18666    3.541
 4911.00    2.08732   2.17613    3.541
 4912.00    1.75519   2.16146    3.541
 4913.00    1.78963   2.14896    3.541
 4914.00    1.95029   2.14436    3.541
 4915.00    1.96544   2.14905    3.541
 4916.00    1.87916   2.15869    3.541
 4917.00    1.96788   2.16434    3.541
 4918.00    2.15582   2.15581    3.541
 4919.00    1.98906   2.12622    3.541
 4920.00    1.92535   2.07569    3.541
 4921.00    1.87052   2.01309    3.541
 4922.00    1.80476   1.95357    3.541
 4923.00    1.85664   1.91293    3.541
 4924.00    2.24416   1.90133    3.541
 4925.00    1.98050   1.91989    3.541
 4926.00    1.81120   1.96194    3.541
 4927.00    1.95563   2.01759    3.541
 4928.00    1.90958   2.07807    3.541
 4929.00    1.97256   2.13740    3.541
 4930.00    2.10612   2.19130    3.541
 4931.00    1.91365   2.23556    3.541
 4932.00    1.92651   2.26568    3.541
 4933.00    2.15645   2.27810    3.541
 4934.00    2.29216   2.27215    3.541
 4935.00    2.45019   2.25072    3.541
 4936.00    2.29158   2.21923    3.541
 4937.00    2.16634   2.18329    3.541
 4938.00    1.73160   2.14719    3.541
 4939.00    1.55026   2.11413    3.541
 4940.00    1.73376   2.08783    3.541
 4941.00    1.72022   2.07336    3.541
 4942.00    1.72284   2.07554    3.541
 4943.00    2.17379   2.09597    3.541
 4944.00    2.94763   2.13107    3.541
 4945.00    2.28356   2.17314    3.541
 4946.00    2.00581   2.21387    3.541
 4947.00    2.20621   2.24802    0.000
 4948.00    2.35439   2.27475    0.000
 4949.00    2.36965   2.29634    0.000
 4950.00    2.32754   2.31545    0.000
 4951.00    2.08155   2.33273    0.000
 4952.00    1.85584   2.34588    0.000
 4953.00    2.20918   2.35039    0.000
 4954.00    2.04980   2.34093    0.000
 4955.00    1.83447   2.31296    0.000
 4956.00    2.27876   2.26440    0.000
 4957.00    2.02737   2.19754    0.000
 4958.00    1.52979   2.12039    0.000
 4959.00    1.76407   2.04618    0.000
 4960.00    1.97718   1.98986    0.000
 4961.00    1.92060   1.96244    0.000
 4962.00    2.21930   1.96589    0.000
 4963.00    2.20864   1.99192    0.000
 4964.00    1.82431   2.02594    0.000
 4965.00    2.11809   2.05352    0.000
 4966.00    2.77364   2.06600    0.000
 4967.00    2.83782   2.06265    0.000
 4968.00    2.51931   2.04915    0.000
 4969.00    2.38832   2.03418    3.541
 4970.00    2.47517   2.02586    3.541
 4971.00    2.53464   2.02930    3.541
 4972.00    3.10657   2.04555   -1.000
 4973.00    1.99203   2.07194    3.541
 4974.00    1.98064   2.10324    3.541
 4975.00    2.46211   2.13326    3.541
 4976.00    2.23896   2.15632    3.541
 4977.00    1.84274   2.16819    3.541
 4978.00    1.87702   2.16663    3.541
 4979.00    2.05672   2.15131    3.541
 4980.00    1.93865   2.12340    3.541
 4981.00    2.01445   2.08507    3.541
 4982.00    1.85556   2.03932    3.541
 4983.00    1.60195   1.99027    3.541
 4984.00    1.58350   1.94376    3.541
 4985.00    1.69822   1.90728    3.541
 4986.00    2.16463   1.88811    3.541
 4987.00    2.04185   1.89049    3.541
 4988.00    2.06931   1.91322    3.541
 4989.00    2.19694   1.94957    3.541
 4990.00    1.57926   1.98979    3.541
 4991.00    1.84743   2.02509    3.541
 4992.00    2.12340   2.05062    3.541
 4993.00    2.63473   2.06630    3.541
 4994.00    2.07794   2.07522    3.541
 4995.00    1.83637   2.08103    3.541
 4996.00    2.29609   2.08587    3.541
 4997.00    2.35333   2.08946    3.541
 4998.00    2.13336   2.08946    0.000
 4999.00    2.00083   2.08266    0.000
 5000.00    2.12915   2.06658    0.000
 5001.00    2.51841   2.04095    0.000
 5002.00    2.56746   2.00835    0.000
 5003.00    2.09338   1.97347    0.000
 5004.00    2.26456   1.94097    0.000
 5005.00    2.30535   1.91377    0.000
 5006.00    2.63364   1.89263    0.000
 5007.00    2.23592   1.87744    0.000
 5008.00    2.64448   1.86872    0.000
 5009.00    2.77760   1.86762    0.000
 5010.00    2.75991   1.87421    0.000
 5011.00    2.95115   1.88551    0.000
 5012.00    2.42483   1.89547    0.000
 5013.00    1.90358   1.89745    0.000
 5014.00    1.83389   1.88788    0.000
 5015.00    2.00824   1.86864    0.000
 5016.00    2.15840   1.84639    0.000
 5017.00    2.26081   1.82941    0.000
 5018.00    2.22543   1.82371    0.000
 5019.00    1.95723   1.83073    0.000
 5020.00    1.80065   1.84735    0.000
 5021.00    1.87132   1.86811    0.000
 5022.00    2.17138   1.88790    0.000
 5023.00    2.84862   1.90391   -1.000
 5024.00    2.27397   1.91627    3.541
 5025.00    1.49639   1.92710    3.541
 5026.00    2.02100   1.93870    3.541
 5027.00    1.89227   1.95213    3.541
 5028.00    1.89215   1.96703    3.541
 5029.00    1.87287   1.98280    3.541
 5030.00    2.24208   1.99991    3.541
 5031.00    2.61520   2.02005    3.541
 5032.00    2.78116   2.04449    3.541
 5033.00    2.24758   2.07209    3.541
 5034.00    1.75704   2.09834    3.541
 5035.00    2.23389   2.11653    3.541
 5036.00    2.29566   2.12037    3.541
 5037.00    1.60886   2.10656    3.541
 5038.00    1.71105   2.07589    3.541
 5039.00    2.08010   2.03257    3.541
 5040.00    2.47014   1.98252    3.541
 5041.00    1.44401   1.93261    3.541
 5042.00    1.74030   1.89069    3.541
 5043.00    3.07268   1.86546   -1.000
 5044.00    2.76062   1.86451   -1.000
 5045.00    1.89677   1.89077    3.541
 5046.00    1.93566   1.93964    3.541
 5047.00    2.26521   1.99892    3.541
 5048.00    1.95216   2.05293    3.541
 5049.00    1.93960   2.08831    3.541
 5050.00    2.32957   2.09906    3.541
 5051.00    2.29120   2.08820    3.541
 5052.00    2.25853   2.06577    3.541
 5053.00    2.48463   2.04419    3.541
 5054.00    2.09526   2.03351    3.541
 5055.00    2.62022   2.03825    3.541
 5056.00    2.27383   2.05721    3.541
 5057.00    2.09796   2.08556    3.541
 5058.00    2.28525   2.11768    3.541
 5059.00    2.06073   2.14932    3.541
 5060.00    2.09949   2.17792    3.541
 5061.00    2.20239   2.20180    3.541
 5062.00    2.15043   2.21877    3.541
 5063.00    2.17112   2.22569    3.541
 5064.00    2.22180   2.21928    3.541
 5065.00    2.09333   2.19804    3.541
 5066.00    1.94743   2.16408    3.541
 5067.00    2.02237   2.12344    3.541
 5068.00    1.92300   2.08416    3.541
 5069.00    1.68909   2.05344    3.541
 5070.00    2.35783   2.03496    3.541
 5071.00    2.75968   2.02827    3.541
 5072.00    1.65633   2.03000    3.541
 5073.00    2.46021   2.03602    3.541
 5074.00    3.03706   2.04307   -1.000
 5075.00    3.04300   2.04920   -1.000
 5076.00    2.52508   2.05315    3.541
 5077.00    2.02414   2.05336    3.541
 5078.00    2.03053   2.04758    3.541
 5079.00    2.42448   2.03366    3.541
 5080.00    2.41138   2.01090    3.541
 5081.00    2.20050   1.98143    3.541
 5082.00    2.50310   1.95036    3.541
 5083.00    2.68811   1.92458    3.541
 5084.00    2.30732   1.91040    3.541
 5085.00    2.10805   1.91136    3.541
 5086.00    2.20577   1.92718    3.541
 5087.00    2.14453   1.95434    3.541
 5088.00    2.64003   1.98764    3.541
 5089.00    2.33343   2.02204    3.541
 5090.00    2.30222   2.05405    3.541
 5091.00    1.82270   2.08222    3.541
 5092.00    2.53596   2.10659    3.541
 5093.00    2.62014   2.12750    3.541
 5094.00    2.41406   2.14418    3.541
 5095.00    2.63818   2.15414    3.541
 5096.00    2.28867   2.15394    3.541
 5097.00    2.34589   2.14106    3.541
 5098.00    2.12288   2.11586    3.541
 5099.00    1.96538   2.08247    3.541
 5100.00    2.27497   2.04787    3.541
 5101.00    2.36783   2.01943    3.541
 5102.00    2.20122   2.00225    3.541
 5103.00    2.50163   1.99735    3.541
 5104.00    2.58567   2.00162    3.541
 5105.00    1.85654   2.00941    3.541
 5106.00    2.44002   2.01491    3.541
 5107.00    2.67035   2.01441    3.541
 5108.00    2.00628   2.00732    3.541
 5109.00    2.59306   1.99591    3.541
 5110.00    2.59590   1.98413    3.541
 5111.00    2.22767   1.97624    3.541
 5112.00    1.43424   1.97557    3.541
 5113.00    1.41394   1.98385    3.541
 5114.00    2.09236   2.00110    3.541
 5115.00    2.59577   2.02593    3.541
 5116.00    2.63415   2.05594    3.541
 5117.00    2.45972   2.08807    3.541
 5118.00    2.32676   2.11857    3.541
 5119.00    2.33938   2.14324    3.541
 5120.00    2.39641   2.15781    3.541
 5121.00    2.30925   2.15876    3.541
 5122.00    2.20350   2.14442    3.541
 5123.00    1.95401   2.11566    3.541
 5124.00    2.40006   2.07609    3.541
 5125.00    2.15376   2.03133    3.541
 5126.00    1.83204   1.98774    3.541
 5127.00    1.94755   1.95099    3.541
 5128.00    2.07571   1.92481    3.541
 5129.00    2.34752   1.91061    3.541
 5130.00    2.53412   1.90794    3.541
 5131.00    2.62849   1.91550    3.541
 5132.00    2.19565   1.93184    3.541
 5133.00    1.89827   1.95547    3.541
 5134.00    1.99790   1.98415    3.541
 5135.00    2.04265   2.01449    3.541
 5136.00    2.32516   2.04208    3.541
 5137.00    2.67790   2.06249    3.541
 5138.00    2.23245   2.07250    3.541
 5139.00    2.42992   2.07120    3.541
 5140.00    2.16471   2.06026    3.541
 5141.00    2.85300   2.04349    3.541
 5142.00    2.79739   2.02544    3.541
 5143.00    3.39981   2.00972   -1.000
 5144.00    2.56392   1.99782    3.541
 5145.00    2.43644   1.98914    3.541
 5146.00    2.22518   1.98197    3.541
 5147.00    2.14692   1.97478    3.541
 5148.00    2.36594   1.96701    3.541
 5149.00    2.26974   1.95903    3.541
 5150.00    2.22762   1.95163    3.541
 5151.00    2.30734   1.94515    3.541
 5152.00    2.29853   1.93930    3.541
 5153.00    2.42740   1.93380    3.541
 5154.00    1.84998   1.92956    3.541
 5155.00    1.93727   1.92954    3.541
 5156.00    1.86602   1.93787    0.000
 5157.00    2.29382   1.95796    0.000
 5158.00    1.59908   1.99026    0.000
 5159.00    2.07462   2.03122    0.000
 5160.00    2.59172   2.07381    0.000
 5161.00    2.30653   2.10963    0.000
 5162.00    2.33974   2.13110    0.000
 5163.00    2.60220   2.13275    0.000
 5164.00    2.54688   2.11123    0.000
 5165.00    2.75139   2.06500    3.541
 5166.00    2.67729   1.99460    3.541
 5167.00    2.18731   1.90341    3.541
 5168.00    1.89957   1.79882    3.541
 5169.00    1.96230   1.69183    3.541
 5170.00    1.98154   1.59468    3.541
 5171.00    1.47391   1.51692    3.541
 5172.00    1.86843   1.46290    3.541
 5173.00    1.96887   1.43215    3.541
 5174.00    2.26755   1.42278    3.541
 5175.00    1.90888   1.43414    3.541
 5176.00    1.67349   1.46691    3.541
 5177.00    2.02231   1.51982    3.541
 5178.00    2.35832   1.58619    3.541
 5179.00    2.20807   1.65378    3.541
 5180.00    2.18983   1.70753    3.541
 5181.00    2.48950   1.73439    3.541
 5182.00    2.31295   1.72842    3.541
 5183.00    2.17618   1.69293    3.541
 5184.00    2.47159   1.64048    3.541
 5185.00    2.52492   1.58978   -1.000
 5186.00    2.38032   1.56033    3.541
 5187.00    2.61602   1.56599   -1.000
 5188.00    2.42211   1.60979    3.541
 5189.00    2.06886   1.68245    3.541
 5190.00    2.27850   1.76610    3.541
 5191.00    2.61771   1.84128    3.541
 5192.00    2.63992   1.89402    3.541
 5193.00    2.19117   1.91966    0.000
 5194.00    2.15382   1.92372    0.000
 5195.00    2.09324   1.91736    0.000
 5196.00    2.45161   1.91309    0.000
 5197.00    2.31902   1.91990    0.000
 5198.00    2.28952   1.94125    0.000
 5199.00    2.31502   1.97458    0.000
 5200.00    2.43589   2.01317    0.000
 5201.00    2.64587   2.04788    0.000
 5202.00    2.64249   2.07024    0.000
 5203.00    2.53610   2.07381    3.541
 5204.00    2.51328   2.05487    3.541
 5205.00    2.43777   2.01323    3.541
 5206.00    2.38770   1.95295    3.541
 5207.00    2.69694   1.88190    3.541
 5208.00    2.32300   1.81075    3.541
 5209.00    2.06037   1.75141    3.541
 5210.00    2.42353   1.71465    3.541
 5211.00    2.67663   1.70801   -1.000
 5212.00    1.97362   1.73410    3.541
 5213.00    1.93427   1.78902    3.541
 5214.00    2.37759   1.86348    3.541
 5215.00    2.45944   1.94463    3.541
 5216.00    2.40808   2.01995    3.541
 5217.00    2.29199   2.08089    3.541
 5218.00    2.05592   2.12550    3.541
 5219.00    2.20187   2.15785    3.541
 5220.00    2.64419   2.18429    3.541
 5221.00    2.53339   2.20881    3.541
 5222.00    2.60652   2.23020    3.541
 5223.00    2.47212   2.24262    3.541
 5224.00    2.30384   2.23876    3.541
 5225.00    2.22652   2.21419    3.541
 5226.00    2.33516   2.17052    3.541
 5227.00    1.87977   2.11605    3.541
 5228.00    2.19920   2.06380    3.541
 5229.00    2.05590   2.02754    3.541
 5230.00    1.74581   2.01677    3.541
 5231.00    1.87591   2.03289    3.541
 5232.00    2.31900   2.06840    3.541
 5233.00    2.42728   2.11113    3.541
 5234.00    2.48881   2.14953    3.541
 5235.00    2.70791   2.17793    3.541
 5236.00    2.61423   2.19882    3.541
 5237.00    2.38159   2.21887    3.541
 5238.00    2.13992   2.24421    3.541
 5239.00    1.94142   2.27578    3.541
 5240.00    2.16446   2.30978    3.541
 5241.00    2.39671   2.33946    3.541
 5242.00    2.44558   2.36013    3.541
 5243.00    2.60677   2.37037    3.541
 5244.00    2.38856   2.37176    3.541
 5245.00    1.92286   2.36636    3.541
 5246.00    2.26359   2.35465    3.541
 5247.00    2.78382   2.33582    3.541
 5248.00    2.75273   2.30908    3.541
 5249.00    2.62092   2.27561    3.541
 5250.00    2.49801   2.23926    3.541
 5251.00    2.23838   2.20599    3.541
 5252.00    2.19626   2.18155    3.541
 5253.00    2.38358   2.16922    3.541
 5254.00    2.23976   2.16909    3.541
 5255.00    2.28604   2.17919    3.541
 5256.00    2.53987   2.19788    3.541
 5257.00    2.42473   2.22362    3.541
 5258.00    2.22333   2.25407    3.541
 5259.00    2.52093   2.28558    3.541
 5260.00    2.20173   2.31243    3.541
 5261.00    2.28563   2.32684    3.541
 5262.00    2.59476   2.32041    3.541
 5263.00    2.57308   2.28745    3.541
 5264.00    2.18209   2.22845    3.541
 5265.00    2.09475   2.15043    3.541
 5266.00    2.26411   2.06443    3.541
 5267.00    2.43904   1.98193    0.000
 5268.00    2.32670   1.91178    0.000
 5269.00    1.96611   1.85866    0.000
 5270.00    1.84854   1.82355    0.000
 5271.00    1.91384   1.80629    0.000
 5272.00    1.99413   1.80775    0.000
 5273.00    1.79019   1.82942    0.000
 5274.00    2.27793   1.87289    0.000
 5275.00    2.38718   1.93674    3.541
 5276.00    1.99824   2.01340    3.541
 5277.00    2.01306   2.09303    3.541
 5278.00    1.99081   2.16617    3.541
 5279.00    2.19938   2.22878    3.541
 5280.00    2.45723   2.27869    3.541
 5281.00    2.38338   2.31342    3.541
 5282.00    2.25583   2.33097    3.541
 5283.00    2.35064   2.33168    3.541
 5284.00    2.54795   2.32160    3.541
 5285.00    2.61633   2.31135    3.541
 5286.00    2.45254   2.31191    3.541
 5287.00    2.21037   2.33004    3.541
 5288.00    2.30157   2.36571    3.541
 5289.00    2.60290   2.41232    3.541
 5290.00    2.43783   2.45918    3.541
 5291.00    2.45770   2.49740    3.541
 5292.00    2.55397   2.52188    3.541
 5293.00    2.87490   2.53259    3.541
 5294.00    2.76765   2.53077    3.541
 5295.00    2.73159   2.51688    3.541
 5296.00    2.52672   2.49039    3.541
 5297.00    2.68530   2.45142    3.541
 5298.00    2.64770   2.40265    3.541
 5299.00    2.51223   2.34981    3.541
 5300.00    2.40768   2.30175    3.541
 5301.00    2.32482   2.26830    3.541
 5302.00    2.21752   2.25851    3.541
 5303.00    2.18251   2.27383    3.541
 5304.00    2.63359   2.31051    3.541
 5305.00    3.50600   2.35995   -1.000
 5306.00    4.04891   2.41446   -1.000
 5307.00    3.17519   2.46708    3.541
 5308.00    2.16776   2.51197    3.541
 5309.00    1.24678   2.54519   -1.000
 5310.00    2.18318   2.56617    3.541
 5311.00    2.48052   2.57739    3.541
 5312.00    2.91280   2.58288    3.541
 5313.00    2.44861   2.58445    3.541
 5314.00    2.23798   2.58228    3.541
 5315.00    2.76616   2.57580    3.541
 5316.00    3.04136   2.56525    3.541
 5317.00    3.10860   2.55220    3.541
 5318.00    2.89967   2.53814    3.541
 5319.00    2.32692   2.52451    3.541
 5320.00    2.21469   2.51162    3.541
 5321.00    2.50781   2.49888    3.541
 5322.00    2.80980   2.48467    3.541
 5323.00    3.34999   2.46638    3.541
 5324.00    2.30591   2.44158    3.541
 5325.00    2.76480   2.40813    3.541
 5326.00    2.66143   2.36497    3.541
 5327.00    2.54225   2.31286    3.541
 5328.00    2.29328   2.25487    3.541
 5329.00    2.16347   2.19693    3.541
 5330.00    2.30080   2.14682    3.541
 5331.00    2.61411   2.11477    3.541
 5332.00    2.28803   2.11104    3.541
 5333.00    2.39037   2.14030    3.541
 5334.00    2.82433   2.19759    3.541
 5335.00    2.83909   2.26876    3.541
 5336.00    2.71252   2.33856    3.541
 5337.00    2.54633   2.39731    3.541
 5338.00    2.29938   2.43842    3.541
 5339.00    2.57949   2.45848    3.541
 5340.00    2.54744   2.45745    3.541
 5341.00    2.39545   2.43915    3.541
 5342.00    2.94440   2.41124    3.541
 5343.00    2.40363   2.38306    3.541
 5344.00    1.61715   2.36299    3.541
 5345.00    1.03025   2.35572   -1.000
 5346.00    2.24871   2.35994    3.541
 5347.00    3.43585   2.36902   -1.000
 5348.00    3.16582   2.37678    3.541
 5349.00    2.32591   2.38125    3.541
 5350.00    2.11875   2.38424    3.541
 5351.00    2.75740   2.39026    3.541
 5352.00    3.07938   2.40434    3.541
 5353.00    2.73247   2.43018    3.541
 5354.00    2.85918   2.46841    3.541
 5355.00    2.80936   2.51520    3.541
 5356.00    2.75145   2.56459    3.541
 5357.00    2.39317   2.61052    3.541
 5358.00    2.97043   2.64888    3.541
 5359.00    2.17809   2.67685    3.541
 5360.00    3.44622   2.69243    3.541
 5361.00    2.92857   2.69492    3.541
 5362.00    2.73495   2.68505    3.541
 5363.00    2.76696   2.66461    3.541
 5364.00    2.81572   2.63639    3.541
 5365.00    2.70002   2.60383    3.541
 5366.00    2.56885   2.57004    3.541
 5367.00    2.68008   2.53647    3.541
 5368.00    2.94312   2.50287    3.541
 5369.00    3.21433   2.46821    3.541
 5370.00    3.46017   2.43124   -1.000
 5371.00    3.40420   2.39230   -1.000
 5372.00    2.92845   2.35447    3.541
 5373.00    2.36222   2.32415    3.541
 5374.00    1.86818   2.31143    3.541
 5375.00    2.59747   2.32321    3.541
 5376.00    2.53708   2.36040    3.541
 5377.00    2.30313   2.41441    3.541
 5378.00    2.55509   2.47258    3.541
 5379.00    2.53845   2.52349    3.541
 5380.00    3.32821   2.56130    3.541
 5381.00    4.05648   2.58562   -1.000
 5382.00    4.56832   2.59757   -1.000
 5383.00    4.39641   2.59890   -1.000
 5384.00    3.61983   2.59228   -1.000
 5385.00    3.01776   2.58113    3.541
 5386.00    2.68765   2.56980    3.541
 5387.00    2.33645   2.56039    3.541
 5388.00    2.49772   2.55315    3.541
 5389.00    3.13427   2.54564    3.541
 5390.00    4.11865   2.53431   -1.000
 5391.00    3.85033   2.51653   -1.000
 5392.00    3.81253   2.49216   -1.000
 5393.00    3.21393   2.46380    3.541
 5394.00    3.31941   2.43457    3.541
 5395.00    2.52905   2.40698    3.541
 5396.00    2.74885   2.38142    3.541
 5397.00    2.90157   2.35807    3.541
 5398.00    2.83004   2.33750    3.541
 5399.00    1.61905   2.32242    3.541
 5400.00    1.61064   2.31622    3.541
 5401.00    2.20354   2.32146    3.541
 5402.00    2.62988   2.33670    3.541
 5403.00    3.01392   2.35306    3.541
 5404.00    2.38476   2.36209    3.541
 5405.00    3.02079   2.35647    3.541
 5406.00    3.50845   2.33479   -1.000
 5407.00    2.78963   2.30081    3.541
 5408.00    2.29261   2.26495    3.541
 5409.00    2.44451   2.23730    3.541
 5410.00    2.88572   2.22787    3.541
 5411.00    2.25858   2.23691    3.541
 5412.00    2.61101   2.26116    3.541
 5413.00    2.53235   2.29775    3.541
 5414.00    2.14047   2.34419    3.541
 5415.00    2.17343   2.39742    3.541
 5416.00    2.56166   2.45200    3.541
 5417.00    2.65821   2.50176    3.541
 5418.00    2.60853   2.54404    3.541
 5419.00    2.55277   2.57723    3.541
 5420.00    2.41459   2.59993    3.541
 5421.00    2.47855   2.61172    3.541
 5422.00    2.39871   2.61312    3.541
 5423.00    2.91562   2.60750    3.541
 5424.00    2.99630   2.59868    3.541
 5425.00    3.31206   2.59015    3.541
 5426.00    2.90241   2.58304    3.541
 5427.00    2.34966   2.57681    3.541
 5428.00    2.98332   2.57094    3.541
 5429.00    3.41439   2.56276    3.541
 5430.00    4.72787   2.54690   -1.000
