 3236.00   -0.10921   0.57199    0.000
 3237.00    0.33234   0.57280    8.735
 3238.00    1.02686   0.57436   -1.000
 3239.00    1.02686   0.57696   -1.000
 3240.00    0.50028   0.58082    8.735
 3241.00    0.48095   0.58553    8.735
 3242.00    0.42502   0.59003    8.735
 3243.00    0.37747   0.59362    8.735
 3244.00    0.42498   0.59610    8.735
 3245.00    0.78456   0.59755    8.735
 3246.00    0.78456   0.59830    8.735
 3247.00    0.76122   0.59867    8.735
 3248.00    0.75085   0.59887    8.735
 3249.00    0.71142   0.59902    8.735
 3250.00    0.60401   0.59914    8.735
 3251.00    0.60401   0.59927    8.735
 3252.00    0.57715   0.59939    8.735
 3253.00    0.57219   0.59952    8.735
 3254.00    0.56901   0.59965    8.735
 3255.00    0.56461   0.59982    8.735
 3256.00    0.56461   0.60006    8.735
 3257.00    0.65395   0.60047    8.735
 3258.00    0.65430   0.60120    8.735
 3259.00    0.52100   0.60236    8.735
 3260.00    0.42136   0.60403    8.735
 3261.00    0.42855   0.60605    8.735
 3262.00    0.46999   0.60800    8.735
 3263.00    0.46999   0.60957    8.735
 3264.00    0.43358   0.61068    8.735
 3265.00    0.41971   0.61136    8.735
 3266.00    0.44922   0.61176    8.735
 3267.00    0.51815   0.61199    8.735
 3268.00    0.51815   0.61215    8.735
 3269.00    0.64544   0.61228    8.735
 3270.00    0.66346   0.61241    8.735
 3271.00    0.68552   0.61254    8.735
 3272.00    0.71229   0.61266    8.735
 3273.00    0.70993   0.61279    8.735
 3274.00    0.62754   0.61290    8.735
 3275.00    0.62754   0.61300    8.735
 3276.00    0.58250   0.61304    8.735
 3277.00    0.55290   0.61295    8.735
 3278.00    0.53266   0.61263    8.735
 3279.00    0.44023   0.61200    8.735
 3280.00    0.44023   0.61100    8.735
 3281.00    0.85943   0.60974    8.735
 3282.00    0.99519   0.60853   -1.000
 3283.00    0.94607   0.60760    8.735
 3284.00    0.84705   0.60700    8.735
 3285.00    0.84705   0.60671    8.735
 3286.00    0.42359   0.60664    8.735
 3287.00    0.38029   0.60668    8.735
 3288.00    0.44144   0.60678    8.735
 3289.00    0.50680   0.60690    8.735
 3290.00    0.51382   0.60702    8.735
 3291.00    0.62567   0.60714    8.735
 3292.00    0.62567   0.60727    8.735
 3293.00    0.64102   0.60739    8.735
 3294.00    0.64984   0.60750    8.735
 3295.00    0.69357   0.60759    8.735
 3296.00    0.85716   0.60759    8.735
 3297.00    0.85716   0.60742    8.735
 3298.00    0.62697   0.60695    8.735
 3299.00    0.56471   0.60606    8.735
 3300.00    0.51439   0.60468    8.735
 3301.00    0.42601   0.60296    8.735
 3302.00    0.42601   0.60130    8.735
 3303.00    0.60050   0.60000    8.735
 3304.00    0.61184   0.59915    8.735
 3305.00    0.65495   0.59871    8.735
 3306.00    0.69561   0.59856    8.735
 3307.00    0.68020   0.59857    8.735
 3308.00    0.52594   0.59866    8.735
 3309.00    0.52594   0.59878    8.735
 3310.00    0.50048   0.59892    8.735
 3311.00    0.48774   0.59911    8.735
 3312.00    0.51744   0.59944    8.735
 3313.00    0.61010   0.60005    8.735
 3314.00    0.61010   0.60118    8.735
 3315.00    0.63625   0.60301    8.735
 3316.00    0.64205   0.60566    8.735
 3317.00    0.60298   0.60888    8.735
 3318.00    0.54302   0.61200    8.735
 3319.00    0.54302   0.61455    8.735
 3320.00    0.71368   0.61638    8.735
 3321.00    0.71892   0.61760    8.735
 3322.00    0.72863   0.61843    8.735
 3323.00    0.73670   0.61916    8.735
 3324.00    0.70698   0.61992    8.735
 3325.00    0.49320   0.62079    8.735
 3326.00    0.49320   0.62177    8.735
 3327.00    0.62461   0.62278    8.735
 3328.00    0.68140   0.62381    8.735
 3329.00    0.66952   0.62492    8.735
 3330.00    0.63806   0.62603    8.735
 3331.00    0.63806   0.62673    8.735
 3332.00    0.57629   0.62633    8.735
 3333.00    0.56540   0.62410    8.735
 3334.00    0.62641   0.61972    8.735
 3335.00    0.70869   0.61368    8.735
 3336.00    0.70843   0.60726    8.735
 3337.00    0.57941   0.60209    8.735
 3338.00    0.57941   0.59929    8.735
 3339.00    0.58160   0.59889    8.735
 3340.00    0.58321   0.60043    8.735
 3341.00    0.58179   0.60342    8.735
 3342.00    0.57402   0.60745    8.735
 3343.00    0.57402   0.61211    8.735
 3344.00    0.60747   0.61664    8.735
 3345.00    0.61987   0.61983    8.735
 3346.00    0.59420   0.62061    8.735
 3347.00    0.53588   0.61828    8.735
 3348.00    0.53588   0.61308    8.735
 3349.00    0.67815   0.60662    8.735
 3350.00    0.69730   0.60109    8.735
 3351.00    0.73343   0.59801    8.735
 3352.00    0.77628   0.59767    8.735
 3353.00    0.76790   0.59902    8.735
 3354.00    0.52387   0.60073    8.735
 3355.00    0.52387   0.60178    8.735
 3356.00    0.62147   0.60131    8.735
 3357.00    0.68403   0.59870    8.735
 3358.00    0.70349   0.59364    8.735
 3359.00    0.78923   0.58667    8.735
 3360.00    0.78923   0.57934    8.735
 3361.00    0.56908   0.57382    8.735
 3362.00    0.50002   0.57183    8.735
 3363.00    0.45908   0.57350    8.735
 3364.00    0.37859   0.57722    8.735
 3365.00    0.37859   0.58043    8.735
 3366.00    0.32673   0.58094    8.735
 3367.00    0.32179   0.57807    8.735
 3368.00    0.44418   0.57278    8.735
 3369.00    0.57194   0.56681    8.735
 3370.00    0.56399   0.56181    8.735
 3371.00    0.44955   0.55874    8.735
 3372.00    0.44955   0.55809    8.735
 3373.00    0.69518   0.56018    8.735
 3374.00    0.83268   0.56501    8.735
 3375.00    0.79052   0.57170    8.735
 3376.00    0.63821   0.57840    8.735
 3377.00    0.63821   0.58295    8.735
 3378.00    0.59666   0.58449    8.735
 3379.00    0.58582   0.58387    8.735
 3380.00    0.53944   0.58306    8.735
 3381.00    0.46003   0.58391    8.735
 3382.00    0.46003   0.58707    8.735
 3383.00    0.30727   0.59199    8.735
 3384.00    0.29835   0.59741    8.735
 3385.00    0.46535   0.60227    8.735
 3386.00    0.61919   0.60592    8.735
 3387.00    0.62514   0.60816    8.735
 3388.00    0.68073   0.60916    8.735
 3389.00    0.68073   0.60930    8.735
 3390.00    0.69679   0.60890    8.735
 3391.00    0.70462   0.60813    8.735
 3392.00    0.69901   0.60724    8.735
 3393.00    0.68207   0.60684    8.735
 3394.00    0.68207   0.60768    8.735
 3395.00    0.60792   0.61006    8.735
 3396.00    0.59211   0.61352    8.735
 3397.00    0.53256   0.61688    8.735
 3398.00    0.44338   0.61884    8.735
 3399.00    0.44338   0.61844    8.735
 3400.00    0.47443   0.61550    8.735
 3401.00    0.47519   0.61080    8.735
 3402.00    0.56501   0.60535    8.735
 3403.00    0.63783   0.60003    8.735
 3404.00    0.65630   0.59541    8.735
 3405.00    0.78219   0.59167    8.735
 3406.00    0.78219   0.58879    8.735
 3407.00    0.71877   0.58684    8.735
 3408.00    0.69211   0.58605    8.735
 3409.00    0.64822   0.58650    8.735
 3410.00    0.53524   0.58795    8.735
 3411.00    0.53524   0.58981    8.735
 3412.00    0.51042   0.59148    8.735
 3413.00    0.50624   0.59268    8.735
 3414.00    0.56082   0.59363    8.735
 3415.00    0.63268   0.59489    8.735
 3416.00    0.63348   0.59714    8.735
 3417.00    0.73413   0.60076    8.735
 3418.00    0.73413   0.60559    8.735
 3419.00    0.68034   0.61084    8.735
 3420.00    0.64194   0.61535    8.735
 3421.00    0.59287   0.61811    8.735
 3422.00    0.33462   0.61884    8.735
 3423.00    0.33462   0.61805    8.735
 3424.00    0.44155   0.61674    8.735
 3425.00    0.48003   0.61590    8.735
 3426.00    0.52587   0.61615    8.735
 3427.00    0.62717   0.61772    8.735
 3428.00    0.62717   0.62030    8.735
 3429.00    0.59549   0.62307    8.735
 3430.00    0.59146   0.62485    8.735
 3431.00    0.55221   0.62490    8.735
 3432.00    0.50676   0.62334    8.735
 3433.00    0.51749   0.62097    8.735
 3434.00    0.78150   0.61870    8.735
 3435.00    0.78150   0.61678    8.735
 3436.00    0.66294   0.61459    8.735
 3437.00    0.58880   0.61096    8.735
 3438.00    0.61741   0.60501    8.735
 3439.00    0.73869   0.59672    8.735
 3440.00    0.73869   0.58709    8.735
 3441.00    0.55160   0.57788    8.735
 3442.00    0.49479   0.57099    8.735
 3443.00    0.50266   0.56772    8.735
 3444.00    0.51775   0.56824    8.735
 3445.00    0.51775   0.57184    8.735
 3446.00    0.49001   0.57758    8.735
 3447.00    0.48757   0.58443    8.735
 3448.00    0.49697   0.59116    8.735
 3449.00    0.50658   0.59641    8.735
 3450.00    0.49530   0.59888    8.735
 3451.00    0.34717   0.59814    8.735
 3452.00    0.34717   0.59505    8.735
 3453.00    0.61254   0.59114    8.735
 3454.00    0.75766   0.58782    8.735
 3455.00    0.73123   0.58567    8.735
 3456.00    0.63897   0.58425    8.735
 3457.00    0.63897   0.58270    8.735
 3458.00    0.42436   0.58050    8.735
 3459.00    0.37015   0.57787    8.735
 3460.00    0.44453   0.57559    8.735
 3461.00    0.56875   0.57451    8.735
 3462.00    0.56875   0.57526    8.735
 3463.00    0.59575   0.57786    8.735
 3464.00    0.59716   0.58169    8.735
 3465.00    0.62179   0.58575    8.735
 3466.00    0.64395   0.58952    8.735
 3467.00    0.64578   0.59275    8.735
 3468.00    0.66186   0.59543    8.735
 3469.00    0.66186   0.59743    8.735
 3470.00    0.65860   0.59838    8.735
 3471.00    0.65706   0.59781    8.735
 3472.00    0.70109   0.59531    8.735
 3473.00    0.83048   0.59094    8.735
 3474.00    0.83048   0.58538    8.735
 3475.00    0.54652   0.57981    8.735
 3476.00    0.48839   0.57566    8.735
 3477.00    0.47543   0.57392    8.735
 3478.00    0.45646   0.57470    8.735
 3479.00    0.45646   0.57721    8.735
 3480.00    0.65483   0.58038    8.735
 3481.00    0.65848   0.58322    8.735
 3482.00    0.51558   0.58528    8.735
 3483.00    0.40222   0.58675    8.735
 3484.00    0.41612   0.58818    8.735
 3485.00    0.50614   0.59010    8.735
 3486.00    0.50614   0.59250    8.735
 3487.00    0.67466   0.59466    8.735
 3488.00    0.74350   0.59551    8.735
 3489.00    0.68172   0.59441    8.735
 3490.00    0.52721   0.59151    8.735
 3491.00    0.52721   0.58776    8.735
 3492.00    0.51588   0.58416    8.735
 3493.00    0.51406   0.58128    8.735
 3494.00    0.51008   0.57918    8.735
 3495.00    0.50497   0.57788    8.735
 3496.00    0.50401   0.57762    8.735
 3497.00    0.43472   0.57871    8.735
 3498.00    0.43472   0.58126    8.735
 3499.00    0.56636   0.58476    8.735
 3500.00    0.65808   0.58819    8.735
 3501.00    0.64564   0.59083    8.735
 3502.00    0.58291   0.59242    8.735
 3503.00    0.58291   0.59294    8.735
 3504.00    0.56293   0.59241    8.735
 3505.00    0.55596   0.59083    8.735
 3506.00    0.59133   0.58846    8.735
 3507.00    0.66740   0.58574    8.735
 3508.00    0.66740   0.58306    8.735
 3509.00    0.55668   0.58046    8.735
 3510.00    0.54342   0.57779    8.735
 3511.00    0.56006   0.57499    8.735
 3512.00    0.57889   0.57238    8.735
 3513.00    0.57302   0.57073    8.735
 3514.00    0.44814   0.57089    8.735
 3515.00    0.44814   0.57342    8.735
 3516.00    0.49709   0.57805    8.735
 3517.00    0.52695   0.58356    8.735
 3518.00    0.53377   0.58827    8.735
 3519.00    0.56162   0.59070    8.735
 3520.00    0.56162   0.59015    8.735
 3521.00    0.57134   0.58687    8.735
 3522.00    0.57419   0.58185    8.735
 3523.00    0.61238   0.57635    8.735
 3524.00    0.68374   0.57148    8.735
 3525.00    0.68374   0.56825    8.735
 3526.00    0.53070   0.56734    8.735
 3527.00    0.51825   0.56904    8.735
 3528.00    0.56325   0.57298    8.735
 3529.00    0.60816   0.57816    8.735
 3530.00    0.60954   0.58334    8.735
 3531.00    0.62620   0.58760    8.735
 3532.00    0.62620   0.59077    8.735
 3533.00    0.70160   0.59331    8.735
 3534.00    0.74177   0.59581    8.735
 3535.00    0.73435   0.59854    8.735
 3536.00    0.70930   0.60148    8.735
 3537.00    0.70930   0.60443    8.735
 3538.00    0.63376   0.60723    8.735
 3539.00    0.61536   0.60981    8.735
 3540.00    0.62548   0.61208    8.735
 3541.00    0.64197   0.61399    8.735
 3542.00    0.64197   0.61558    8.735
 3543.00    0.67762   0.61700    8.735
 3544.00    0.67926   0.61828    8.735
 3545.00    0.60711   0.61924    8.735
 3546.00    0.54369   0.61963    8.735
 3547.00    0.56984   0.61930    8.735
 3548.00    0.78603   0.61840    8.735
 3549.00    0.78603   0.61720    8.735
 3550.00    0.54773   0.61586    8.735
 3551.00    0.43769   0.61435    8.735
 3552.00    0.54618   0.61250    8.735
 3553.00    0.85534   0.61027    8.735
 3554.00    0.85534   0.60786    8.735
 3555.00    0.43571   0.60566    8.735
 3556.00    0.35335   0.60407    8.735
 3557.00    0.53423   0.60324    8.735
 3558.00    0.79278   0.60311    8.735
 3559.00    0.79278   0.60359    8.735
 3560.00    0.71562   0.60454    8.735
 3561.00    0.71467   0.60555    8.735
 3562.00    0.64332   0.60586    8.735
 3563.00    0.58804   0.60443    8.735
 3564.00    0.56371   0.60054    8.735
 3565.00    0.41377   0.59427    8.735
 3566.00    0.41377   0.58661    8.735
 3567.00    0.29765   0.57892    8.735
 3568.00    0.25144   0.57213    8.735
 3569.00    0.33847   0.56647    8.735
 3570.00    0.54999   0.56175    8.735
 3571.00    0.54999   0.55793    8.735
 3572.00    0.54244   0.55528    8.735
 3573.00    0.54128   0.55404    8.735
 3574.00    0.65485   0.55410    8.735
 3575.00    0.79744   0.55481    8.735
 3576.00    0.79690   0.55534    8.735
 3577.00    0.76884   0.55495    8.735
 3578.00    0.76884   0.55315    8.735
 3579.00    0.69737   0.54984    8.735
 3580.00    0.64876   0.54536    8.735
 3581.00    0.64891   0.54041    8.735
 3582.00    0.64960   0.53579    8.735
 3583.00    0.64960   0.53206    8.735
 3584.00    0.71695   0.52935    8.735
 3585.00    0.73975   0.52755    8.735
 3586.00    0.70580   0.52667    8.735
 3587.00    0.63456   0.52712    8.735
 3588.00    0.63456   0.52948    8.735
 3589.00    0.56234   0.53408    8.735
 3590.00    0.55422   0.54059    8.735
 3591.00    0.56708   0.54817    8.735
 3592.00    0.58131   0.55590    8.735
 3593.00    0.58620   0.56316    8.735
 3594.00    0.67746   0.56983    8.735
 3595.00    0.67746   0.57612    8.735
 3596.00    0.75723   0.58214    8.735
 3597.00    0.80479   0.58767    8.735
 3598.00    0.74828   0.59212    8.735
 3599.00    0.52592   0.59482    8.735
 3600.00    0.52592   0.59527    8.735
 3601.00    0.59349   0.59341    8.735
 3602.00    0.61273   0.58960    8.735
 3603.00    0.60530   0.58461    8.735
 3604.00    0.59176   0.57937    8.735
 3605.00    0.59176   0.57469    8.735
 3606.00    0.65381   0.57102    8.735
 3607.00    0.65846   0.56842    8.735
 3608.00    0.65387   0.56675    8.735
 3609.00    0.64939   0.56593    8.735
 3610.00    0.64250   0.56600    8.735
 3611.00    0.56588   0.56705    8.735
 3612.00    0.56588   0.56900    8.735
 3613.00    0.73982   0.57153    8.735
 3614.00    0.83015   0.57407    8.735
 3615.00    0.78010   0.57597    8.735
 3616.00    0.61661   0.57668    8.735
 3617.00    0.61661   0.57607    8.735
 3618.00    0.73902   0.57465    8.735
 3619.00    0.76772   0.57360    8.735
 3620.00    0.68058   0.57424    8.735
 3621.00    0.54211   0.57748    8.735
 3622.00    0.54211   0.58333    8.735
 3623.00    0.76703   0.59102    8.735
 3624.00    0.77594   0.59943    8.735
 3625.00    0.58729   0.60748    8.735
 3626.00    0.42535   0.61414    8.735
 3627.00    0.45594   0.61836    8.735
 3628.00    0.69418   0.61916    8.735
 3629.00    0.69418   0.61605    8.735
 3630.00    0.66513   0.60958    8.735
 3631.00    0.65208   0.60132    8.735
 3632.00    0.67343   0.59339    8.735
 3633.00    0.73247   0.58761    8.735
 3634.00    0.73247   0.58482    8.735
 3635.00    0.55856   0.58491    8.735
 3636.00    0.52588   0.58720    8.735
 3637.00    0.55453   0.59090    8.735
 3638.00    0.59451   0.59522    8.735
 3639.00    0.59451   0.59934    8.735
 3640.00    0.56341   0.60230    8.735
 3641.00    0.56322   0.60326    8.735
 3642.00    0.53720   0.60184    8.735
 3643.00    0.51753   0.59829    8.735
 3644.00    0.53318   0.59346    8.735
 3645.00    0.62510   0.58839    8.735
 3646.00    0.62510   0.58402    8.735
 3647.00    0.56362   0.58104    8.735
 3648.00    0.53986   0.57990    8.735
 3649.00    0.49819   0.58086    8.735
 3650.00    0.39972   0.58393    8.735
 3651.00    0.39972   0.58878    8.735
 3652.00    0.42374   0.59483    8.735
 3653.00    0.42723   0.60132    8.735
 3654.00    0.50567   0.60762    8.735
 3655.00    0.60185   0.61333    8.735
 3656.00    0.60161   0.61827    8.735
 3657.00    0.59204   0.62233    8.735
 3658.00    0.59204   0.62531    8.735
 3659.00    0.63084   0.62696    8.735
 3660.00    0.65660   0.62704    8.735
 3661.00    0.64885   0.62558    8.735
 3662.00    0.61273   0.62290    8.735
 3663.00    0.61273   0.61960    8.735
 3664.00    0.59237   0.61631    8.735
 3665.00    0.58568   0.61348    8.735
 3666.00    0.59399   0.61127    8.735
 3667.00    0.61097   0.60963    8.735
 3668.00    0.61097   0.60852    8.735
 3669.00    0.51940   0.60801    8.735
 3670.00    0.50976   0.60826    8.735
 3671.00    0.55019   0.60926    8.735
 3672.00    0.59391   0.61068    8.735
 3673.00    0.59887   0.61184    8.735
 3674.00    0.68139   0.61196    8.735
 3675.00    0.68139   0.61048    8.735
 3676.00    0.66639   0.60733    8.735
 3677.00    0.65767   0.60301    8.735
 3678.00    0.62684   0.59838    8.735
 3679.00    0.50983   0.59439    8.735
 3680.00    0.50983   0.59163    8.735
 3681.00    0.48695   0.59017    8.735
 3682.00    0.48065   0.58952    8.735
 3683.00    0.54085   0.58890    8.735
 3684.00    0.64770   0.58765    8.735
 3685.00    0.64770   0.58570    8.735
 3686.00    0.64309   0.58367    8.735
 3687.00    0.64278   0.58270    8.735
 3688.00    0.68791   0.58380    8.735
 3689.00    0.73089   0.58730    8.735
 3690.00    0.71412   0.59267    8.735
 3691.00    0.54004   0.59874    8.735
 3692.00    0.54004   0.60427    8.735
 3693.00    0.53040   0.60844    8.735
 3694.00    0.52552   0.61104    8.735
 3695.00    0.53352   0.61252    8.735
 3696.00    0.55889   0.61377    8.735
 3697.00    0.55889   0.61571    8.735
 3698.00    0.62817   0.61870    8.735
 3699.00    0.64380   0.62202    8.735
 3700.00    0.61146   0.62378    8.735
 3701.00    0.56121   0.62172    8.735
 3702.00    0.56121   0.61444    8.735
 3703.00    0.57654   0.60248    8.735
 3704.00    0.57705   0.58838    8.735
 3705.00    0.61559   0.57566    8.735
 3706.00    0.64798   0.56721    8.735
 3707.00    0.62901   0.56403    8.735
 3708.00    0.48945   0.56520    8.735
 3709.00    0.48945   0.56881    8.735
 3710.00    0.67384   0.57337    8.735
 3711.00    0.75464   0.57863    8.735
 3712.00    0.70918   0.58544    8.735
 3713.00    0.58719   0.59474    8.735
 3714.00    0.58719   0.60640    8.735
 3715.00    0.72627   0.61860    8.735
 3716.00    0.75136   0.62813    8.735
 3717.00    0.68068   0.63158    8.735
 3718.00    0.58440   0.62674    0.000
 3719.00    0.58440   0.61383    0.000
 3720.00    0.59743   0.59588    0.000
 3721.00    0.59744   0.57806    0.000
 3722.00    0.68408   0.56592    0.000
 3723.00    0.74806   0.56348    0.000
 3724.00    0.83747   0.57166    0.000
 3725.00    1.34069   0.58819    0.000
 3726.00    1.34069   0.60862    0.000
 3727.00    1.65301   0.62797    0.000
 3728.00    1.77027   0.64197    0.000
 3729.00    1.81001   0.64762    0.000
 3730.00    1.90154   0.64332    0.000
 3731.00    1.90154   0.62906    0.000
 3732.00    1.45431   0.60682    0.000
 3733.00    1.39269   0.58075    0.000
 3734.00    1.06388   0.55661    0.000
 3735.00    0.67015   0.54047    0.000
 3736.00    0.66990   0.53684    0.000
 3737.00    0.66196   0.54717    0.000
 3738.00    0.66196   0.56944    8.735
 3739.00    0.65251   0.59880    8.735
 3740.00    0.64639   0.62909    8.735
 3741.00    0.66754   0.65454    8.735
 3742.00    0.76220   0.67103    8.735
 3743.00    0.76220   0.67655    8.735
 3744.00    0.70240   0.67101    8.735
 3745.00    0.68338   0.65568    8.735
 3746.00    0.61512   0.63279    8.735
 3747.00    0.47930   0.60546    8.735
 3748.00    0.47930   0.57781    8.735
 3749.00    0.60092   0.55474    8.735
 3750.00    0.61286   0.54113    8.735
 3751.00    0.58841   0.54040    8.735
 3752.00    0.56259   0.55326    8.735
 3753.00    0.55511   0.57717    8.735
 3754.00    0.44290   0.60708    8.735
 3755.00    0.44290   0.63707    8.735
 3756.00    0.53437   0.66222    8.735
 3757.00    0.58623   0.67991    8.735
 3758.00    0.65259   0.69014    8.735
 3759.00    0.89583   0.69480    8.735
 3760.00    0.89583   0.69641    8.735
 3761.00    0.73736   0.69677    8.735
 3762.00    0.69525   0.69631    8.735
 3763.00    0.65499   0.69410    8.735
 3764.00    0.58531   0.68851    8.735
 3765.00    0.58531   0.67796    8.735
 3766.00    0.66553   0.66173    8.735
 3767.00    0.67048   0.64041    8.735
 3768.00    0.58039   0.61614    8.735
 3769.00    0.49657   0.59250    8.735
 3770.00    0.48050   0.57379    8.735
 3771.00    0.32513   0.56395    8.735
 3772.00    0.32513   0.56539    8.735
 3773.00    0.45390   0.57826    8.735
 3774.00    0.51735   0.60058    8.735
 3775.00    0.55736   0.62915    8.735
 3776.00    0.68027   0.66060    8.735
 3777.00    0.68027   0.69226    8.735
 3778.00    0.77448   0.72228    8.735
 3779.00    0.79491   0.74942    8.735
 3780.00    0.86891   0.77282    8.735
 3781.00    0.98110   0.79176    8.735
 3782.00    0.98110   0.80562    8.735
 3783.00    0.93558   0.81396    8.735
 3784.00    0.93435   0.81659    8.735
 3785.00    0.82600   0.81379    8.735
 3786.00    0.73709   0.80633    8.735
 3787.00    0.74156   0.79538    8.735
 3788.00    0.77264   0.78224    8.735
 3789.00    0.77264   0.76777    8.735
 3790.00    0.77561   0.75207    8.735
 3791.00    0.77688   0.73436    8.735
 3792.00    0.75629   0.71336    8.735
 3793.00    0.70264   0.68796    8.735
 3794.00    0.70264   0.65798    8.735
 3795.00    0.48548   0.62483    8.735
 3796.00    0.44807   0.59173    0.000
 3797.00    0.47063   0.56338    0.000
 3798.00    0.50063   0.54485    0.000
 3799.00    0.50122   0.54005    0.000
 3800.00    0.62036   0.55039    0.000
 3801.00    0.62036   0.57420    0.000
 3802.00    0.71271   0.60727    0.000
 3803.00    0.77929   0.64422    8.735
 3804.00    0.75795   0.68016    8.735
 3805.00    0.64309   0.71201    8.735
 3806.00    0.64309   0.73882    8.735
 3807.00    0.80985   0.76123    8.735
 3808.00    0.87062   0.78042    8.735
 3809.00    0.85634   0.79708    8.735
 3810.00    0.82435   0.81081    8.735
 3811.00    0.82435   0.82040    8.735
 3812.00    0.79326   0.82469    8.735
 3813.00    0.78921   0.82346    8.735
 3814.00    0.82517   0.81783    8.735
 3815.00    0.86729   0.80975    8.735
 3816.00    0.86741   0.80110    8.735
 3817.00    0.87039   0.79295    8.735
 3818.00    0.87039   0.78550    8.735
 3819.00    0.70641   0.77854    8.735
 3820.00    0.60259   0.77194    8.735
 3821.00    0.68007   0.76559    8.735
 3822.00    1.01368   0.75914    8.735
 3823.00    1.01368   0.75185    8.735
 3824.00    0.72711   0.74287    8.735
 3825.00    0.63867   0.73161    8.735
 3826.00    0.64381   0.71796    8.735
 3827.00    0.65377   0.70212    8.735
 3828.00    0.65377   0.68422    8.735
 3829.00    0.69560   0.66388    8.735
 3830.00    0.69943   0.64042    8.735
 3831.00    0.67806   0.61334    8.735
 3832.00    0.65602   0.58314    8.735
 3833.00    0.64729   0.55185    0.000
 3834.00    0.52746   0.52294    0.000
 3835.00    0.52746   0.50059    0.000
 3836.00    0.61682   0.48848    0.000
 3837.00    0.66621   0.48878    0.000
 3838.00    0.64915   0.50174    0.000
 3839.00    0.58857   0.52577    0.000
 3840.00    0.58857   0.55811    0.000
 3841.00    0.59997   0.59548    0.000
 3842.00    0.60290   0.63469    8.735
 3843.00    0.63538   0.67294    8.735
 3844.00    0.69031   0.70817    8.735
 3845.00    0.69031   0.73901    8.735
 3846.00    0.75217   0.76480    8.735
 3847.00    0.75558   0.78546    8.735
 3848.00    0.83147   0.80144    8.735
 3849.00    0.90056   0.81362    8.735
 3850.00    0.92210   0.82303    8.735
 3851.00    1.11679   0.83051    8.735
 3852.00    1.11679   0.83635    8.735
 3853.00    1.03021   0.84046    8.735
 3854.00    0.98857   0.84254    8.735
 3855.00    0.94915   0.84252    8.735
 3856.00    0.83179   0.84075    8.735
 3857.00    0.83179   0.83802    8.735
 3858.00    0.94091   0.83536    8.735
 3859.00    0.96364   0.83376    8.735
 3860.00    0.94910   0.83380    8.735
 3861.00    0.92759   0.83551    8.735
 3862.00    0.92759   0.83836    0.000
 3863.00    0.87159   0.84161    0.000
 3864.00    0.87042   0.84453    0.000
 3865.00    0.76983   0.84664    0.000
 3866.00    0.68923   0.84769    0.000
 3867.00    0.71015   0.84752    0.000
 3868.00    0.84846   0.84585    0.000
 3869.00    0.84846   0.84238    0.000
 3870.00    0.90273   0.83706    0.000
 3871.00    0.92522   0.83044    0.000
 3872.00    0.89509   0.82361    8.735
 3873.00    0.81884   0.81760    8.735
 3874.00    0.81884   0.81274    8.735
 3875.00    0.73731   0.80834    8.735
 3876.00    0.72392   0.80321    8.735
 3877.00    0.73353   0.79637    8.735
 3878.00    0.74602   0.78743    8.735
 3879.00    0.74681   0.77647    8.735
 3880.00    0.81988   0.76352    8.735
 3881.00    0.81988   0.74835    8.735
 3882.00    0.80313   0.73029    0.000
 3883.00    0.79134   0.70840    0.000
 3884.00    0.78308   0.68189    0.000
 3885.00    0.74054   0.65096    0.000
 3886.00    0.74054   0.61740    0.000
 3887.00    0.72422   0.58467    0.000
 3888.00    0.71845   0.55750    0.000
 3889.00    0.72308   0.54056    0.000
 3890.00    0.73318   0.53696    0.000
 3891.00    0.73318   0.54710    0.000
 3892.00    0.67757   0.56873    8.735
 3893.00    0.67074   0.59791    8.735
 3894.00    0.68878   0.63046    8.735
 3895.00    0.70943   0.66289    8.735
 3896.00    0.71438   0.69294    8.735
 3897.00    0.82587   0.71952    8.735
 3898.00    0.82587   0.74236    8.735
 3899.00    0.75950   0.76188    8.735
 3900.00    0.71850   0.77858    8.735
 3901.00    0.75418   0.79283    8.735
 3902.00    0.90208   0.80489    8.735
 3903.00    0.90208   0.81501    8.735
 3904.00    0.82039   0.82374    8.735
 3905.00    0.79599   0.83194    8.735
 3906.00    0.77984   0.84072    8.735
 3907.00    0.74932   0.85087    8.735
 3908.00    0.74932   0.86224    8.735
 3909.00    0.92156   0.87403    8.735
 3910.00    0.93615   0.88495    8.735
 3911.00    0.95911   0.89375    8.735
 3912.00    0.98224   0.89968    8.735
 3913.00    0.96267   0.90273    8.735
 3914.00    0.71679   0.90344    8.735
 3915.00    0.71679   0.90245    8.735
 3916.00    0.81032   0.90027    8.735
 3917.00    0.86070   0.89717    8.735
 3918.00    0.83989   0.89328    8.735
 3919.00    0.76845   0.88885    8.735
 3920.00    0.76845   0.88430    8.735
 3921.00    0.74233   0.88005    8.735
 3922.00    0.73587   0.87619    8.735
 3923.00    0.77360   0.87230    8.735
 3924.00    0.83582   0.86734    8.735
 3925.00    0.83582   0.85997    8.735
 3926.00    0.94349   0.84895    8.735
 3927.00    0.94873   0.83343    8.735
 3928.00    0.93605   0.81312    8.735
 3929.00    0.92477   0.78820    8.735
 3930.00    0.87550   0.75948    8.735
 3931.00    0.45755   0.72876    8.735
 3932.00    0.45755   0.69935    8.735
 3933.00    0.60737   0.67574    8.735
 3934.00    0.67749   0.66230    8.735
 3935.00    0.71958   0.66162    8.735
 3936.00    0.84105   0.67386    8.735
 3937.00    0.84105   0.69654    8.735
 3938.00    0.72309   0.72554    8.735
 3939.00    0.69944   0.75622    8.735
 3940.00    0.70302   0.78452    8.735
 3941.00    0.70819   0.80782    8.735
 3942.00    0.70819   0.82509    8.735
 3943.00    0.94057   0.83682    8.735
 3944.00    0.94415   0.84449    8.735
 3945.00    0.93851   0.84965    8.735
 3946.00    0.93409   0.85353    8.735
 3947.00    0.92686   0.85679    8.735
 3948.00    0.88119   0.85962    8.735
 3949.00    0.88119   0.86187    8.735
 3950.00    0.94891   0.86326    8.735
 3951.00    0.97619   0.86359    8.735
 3952.00    0.96617   0.86283    8.735
 3953.00    0.94146   0.86089    8.735
 3954.00    0.94146   0.85744    8.735
 3955.00    0.93150   0.85214    8.735
 3956.00    0.92994   0.84483    8.735
 3957.00    0.82291   0.83532    8.735
 3958.00    0.68693   0.82315    8.735
 3959.00    0.68946   0.80752    8.735
 3960.00    0.83876   0.78769    8.735
 3961.00    0.83876   0.76326    0.000
 3962.00    0.66774   0.73410    0.000
 3963.00    0.55001   0.70020    0.000
 3964.00    0.55102   0.66170    0.000
 3965.00    0.55605   0.61908    0.000
 3966.00    0.55605   0.57380    0.000
 3967.00    0.53182   0.52885    0.000
 3968.00    0.52349   0.48875    0.000
 3969.00    0.51185   0.45871    0.000
 3970.00    0.48715   0.44319    0.000
 3971.00    0.48715   0.44464    0.000
 3972.00    0.58829   0.46272    0.000
 3973.00    0.60003   0.49465    0.000
 3974.00    0.60963   0.53607    0.000
 3975.00    0.62035   0.58224    8.735
 3976.00    0.62101   0.62901    8.735
 3977.00    0.63417   0.67340    8.735
 3978.00    0.63417   0.71348    8.735
 3979.00    0.71175   0.74816    8.735
 3980.00    0.75849   0.77705    8.735
 3981.00    0.75627   0.80045    8.735
 3982.00    0.74737   0.81929    8.735
 3983.00    0.74737   0.83480    8.735
 3984.00    0.86996   0.84811    8.735
 3985.00    0.90537   0.86009    8.735
 3986.00    0.96607   0.87129    8.735
 3987.00    1.07777   0.88203    8.735
 3988.00    1.07777   0.89231    8.735
 3989.00    1.06235   0.90204    8.735
 3990.00    1.06115   0.91107    8.735
 3991.00    1.02481   0.91916    8.735
 3992.00    0.98905   0.92592    8.735
 3993.00    0.97403   0.93086    8.735
 3994.00    0.80039   0.93377    8.735
 3995.00    0.80039   0.93484    8.735
 3996.00    0.85142   0.93480    8.735
 3997.00    0.87821   0.93465    8.735
 3998.00    0.96024   0.93519    8.735
 3999.00    1.23266   0.93674    8.735
 4000.00    1.23266   0.93898    8.735
 4001.00    0.91677   0.94115    8.735
 4002.00    0.84152   0.94233    8.735
 4003.00    0.91430   0.94200    8.735
 4004.00    1.03141   0.94027    8.735
 4005.00    1.03141   0.93825    8.735
 4006.00    0.95579   0.93730    8.735
 4007.00    0.95259   0.93834    8.735
 4008.00    0.90271   0.94151    8.735
 4009.00    0.85939   0.94635    8.735
 4010.00    0.86780   0.95204    8.735
 4011.00    0.93494   0.95773    8.735
 4012.00    0.93494   0.96288    8.735
 4013.00    0.95811   0.96734    8.735
 4014.00    0.96867   0.97117    8.735
 4015.00    1.00711   0.97453    8.735
 4016.00    1.11473   0.97759    8.735
 4017.00    1.11473   0.98039    8.735
 4018.00    1.11473   0.98286    8.735
 4019.00    1.11473   0.98467    8.735
 4020.00    1.11473   0.98534    8.735
 4021.00    1.11473   0.98446    8.735
 4022.00    1.11473   0.98182    8.735
 4023.00    1.11473   0.97763    8.735
 4024.00    1.03093   0.97272    0.000
 4025.00    1.00712   0.96827    0.000
 4026.00    1.00712   0.96519    0.000
 4027.00    1.00712   0.96354    0.000
 4028.00    1.00712   0.96271    0.000
 4029.00    1.00712   0.96195    0.000
 4030.00    1.00712   0.96083    0.000
 4031.00    1.00712   0.95961    8.735
 4032.00    1.00503   0.95901    8.735
 4033.00    1.00000   0.95987    8.735
 4034.00    1.00000   0.96281    8.735
 4035.00    0.82940   0.96798    8.735
 4036.00    0.80405   0.97490    8.735
 4037.00    0.91278   0.98238    8.735
 4038.00    1.04769   0.98886    8.735
 4039.00    1.04987   0.99306    8.735
 4040.00    1.14481   0.99426    8.735
 4041.00    1.14481   0.99218    8.735
 4042.00    0.97440   0.98690    8.735
 4043.00    0.85991   0.97896    8.735
 4044.00    0.85398   0.96990    8.735
 4045.00    0.82590   0.96202    8.735
 4046.00    0.82590   0.95752    8.735
 4047.00    0.97559   0.95747    8.735
 4048.00    1.02549   0.96140    8.735
 4049.00    1.01252   0.96775    8.735
 4050.00    0.98573   0.97453    8.735
 4051.00    0.98573   0.97989    8.735
 4052.00    0.85391   0.98270    8.735
 4053.00    0.83957   0.98285    8.735
 4054.00    0.85075   0.98105    8.735
 4055.00    0.86296   0.97820    8.735
 4056.00    0.86414   0.97517    8.735
 4057.00    0.88493   0.97254    8.735
 4058.00    0.88493   0.97049    8.735
 4059.00    0.87890   0.96851    8.735
 4060.00    0.87536   0.96563    8.735
 4061.00    0.87097   0.96109    8.735
 4062.00    0.85402   0.95482    8.735
 4063.00    0.85402   0.94758    8.735
 4064.00    1.06037   0.94055    8.735
 4065.00    1.11798   0.93485    8.735
 4066.00    1.07028   0.93108    8.735
 4067.00    0.98452   0.92912    0.000
 4068.00    0.98452   0.92828    0.000
 4069.00    0.82317   0.92743    0.000
 4070.00    0.81169   0.92569    0.000
 4071.00    0.83309   0.92299    8.735
 4072.00    0.85371   0.91979    8.735
 4073.00    0.85343   0.91631    8.735
 4074.00    0.85044   0.91241    8.735
 4075.00    0.85044   0.90795    8.735
 4076.00    0.87334   0.90339    8.735
 4077.00    0.88508   0.89980    8.735
 4078.00    0.89050   0.89835    8.735
 4079.00    0.90791   0.89954    8.735
 4080.00    0.90791   0.90284    8.735
 4081.00    0.70955   0.90692    8.735
 4082.00    0.66392   0.91035    8.735
 4083.00    0.66334   0.91217    8.735
 4084.00    0.66242   0.91233    8.735
 4085.00    0.66242   0.91134    8.735
 4086.00    0.85340   0.90983    8.735
 4087.00    0.86036   0.90797    8.735
 4088.00    0.95107   0.90542    8.735
 4089.00    1.02804   0.90145    8.735
 4090.00    1.00229   0.89540    8.735
 4091.00    0.80741   0.88671    8.735
 4092.00    0.80741   0.87485    8.735
 4093.00    0.80325   0.85932    8.735
 4094.00    0.80140   0.83974    8.735
 4095.00    0.82242   0.81590    0.000
 4096.00    0.87969   0.78792    0.000
 4097.00    0.87969   0.75618    0.000
 4098.00    0.79016   0.72155    0.000
 4099.00    0.77370   0.68573    0.000
 4100.00    0.76518   0.65189    0.000
 4101.00    0.75345   0.62444    0.000
 4102.00    0.75345   0.60787    0.000
 4103.00    0.82892   0.60501    0.000
 4104.00    0.82917   0.61586    0.000
 4105.00    0.89200   0.63788    0.000
 4106.00    0.93896   0.66718    0.000
 4107.00    0.92005   0.69951    0.000
 4108.00    0.81157   0.73132    8.735
 4109.00    0.81157   0.76044    8.735
 4110.00    0.60575   0.78611    8.735
 4111.00    0.52753   0.80854    8.735
 4112.00    0.61395   0.82828    8.735
 4113.00    0.81533   0.84584    8.735
 4114.00    0.81533   0.86137    8.735
 4115.00    0.93329   0.87463    8.735
 4116.00    0.94999   0.88521    8.735
 4117.00    0.91116   0.89293    8.735
 4118.00    0.86410   0.89813    8.735
 4119.00    0.86296   0.90164    8.735
 4120.00    0.82403   0.90444    8.735
 4121.00    0.82403   0.90725    8.735
 4122.00    0.82206   0.91049    8.735
 4123.00    0.82077   0.91428    8.735
 4124.00    0.85620   0.91822    8.735
 4125.00    1.01794   0.92153    8.735
 4126.00    1.01794   0.92342    8.735
 4127.00    0.83375   0.92365    8.735
 4128.00    0.77426   0.92252    8.735
 4129.00    0.78595   0.92057    8.735
 4130.00    0.80946   0.91832    8.735
 4131.00    0.80946   0.91649    8.735
 4132.00    1.06045   0.91603    8.735
 4133.00    1.08597   0.91789    8.735
 4134.00    1.09617   0.92247    8.735
 4135.00    1.10706   0.92943    8.735
 4136.00    1.08496   0.93783    8.735
 4137.00    0.73603   0.94632    8.735
 4138.00    0.73603   0.95342    8.735
 4139.00    0.89406   0.95780    8.735
 4140.00    0.98461   0.95849    8.735
 4141.00    1.00748   0.95535    8.735
 4142.00    1.09280   0.94938    8.735
 4143.00    1.09280   0.94260    8.735
 4144.00    0.96619   0.93730    8.735
 4145.00    0.93194   0.93492    8.735
 4146.00    0.91829   0.93547    8.735
 4147.00    0.89436   0.93809    8.735
 4148.00    0.89436   0.94168    8.735
 4149.00    0.96384   0.94526    8.735
 4150.00    0.96832   0.94810    8.735
 4151.00    0.96467   0.94975    8.735
 4152.00    0.96123   0.95012    8.735
 4153.00    0.94495   0.94960    8.735
 4154.00    0.78200   0.94894    8.735
 4155.00    0.78200   0.94892    8.735
 4156.00    0.98564   0.95010    8.735
 4157.00    1.08732   0.95266    8.735
 4158.00    1.06880   0.95637    8.735
 4159.00    1.01116   0.96068    8.735
 4160.00    1.01116   0.96500    8.735
 4161.00    0.98704   0.96887    8.735
 4162.00    0.98171   0.97202    8.735
 4163.00    0.91609   0.97418    8.735
 4164.00    0.81559   0.97514    8.735
 4165.00    0.81559   0.97467    8.735
 4166.00    0.74046   0.97265    8.735
 4167.00    0.73819   0.96927    8.735
 4168.00    0.83894   0.96470    8.735
 4169.00    0.92242   0.95888    8.735
 4170.00    0.92151   0.95168    8.735
 4171.00    0.91501   0.94348    8.735
 4172.00    0.91501   0.93543    8.735
 4173.00    0.77605   0.92896    8.735
 4174.00    0.71614   0.92493    8.735
 4175.00    0.71854   0.92338    8.735
 4176.00    0.72488   0.92378    8.735
 4177.00    0.72488   0.92570    8.735
 4178.00    1.02359   0.92886    8.735
 4179.00    1.07606   0.93282    8.735
 4180.00    1.11845   0.93693    8.735
 4181.00    1.17539   0.94067    8.735
 4182.00    1.17466   0.94383    8.735
 4183.00    0.87407   0.94641    8.735
 4184.00    0.87407   0.94820    8.735
 4185.00    0.83374   0.94887    8.735
 4186.00    0.80431   0.94844    8.735
 4187.00    0.83986   0.94734    8.735
 4188.00    1.03470   0.94629    8.735
 4189.00    1.03470   0.94568    8.735
 4190.00    0.80289   0.94560    8.735
 4191.00    0.71735   0.94600    8.735
 4192.00    0.72736   0.94648    8.735
 4193.00    0.75005   0.94624    8.735
 4194.00    0.75005   0.94437    8.735
 4195.00    1.14137   0.94039    8.735
 4196.00    1.19381   0.93453    8.735
 4197.00    1.07717   0.92753    8.735
 4198.00    0.93914   0.92045    8.735
 4199.00    0.94578   0.91442    8.735
 4200.00    1.13313   0.91034    8.735
 4201.00    1.13313   0.90873    8.735
 4202.00    1.12476   0.90979    8.735
 4203.00    1.11940   0.91344    8.735
 4204.00    1.08717   0.91914    8.735
 4205.00    0.94568   0.92612    8.735
 4206.00    0.94568   0.93355    8.735
 4207.00    1.05160   0.94051    8.735
 4208.00    1.08474   0.94623    8.735
 4209.00    1.12241   0.95040    8.735
 4210.00    1.19622   0.95308    8.735
 4211.00    1.19622   0.95439    8.735
 4212.00    1.14818   0.95431    8.735
 4213.00    1.14364   0.95275    8.735
 4214.00    1.08079   0.95005    8.735
 4215.00    1.01519   0.94723    8.735
 4216.00    1.02635   0.94540    8.735
 4217.00    1.18581   0.94520    8.735
 4218.00    1.18581   0.94619    8.735
 4219.00    1.26692   0.94735    8.735
 4220.00    1.31224   0.94749   -1.000
 4221.00    1.23267   0.94532    8.735
 4222.00    0.94604   0.93977    8.735
 4223.00    0.94604   0.93056    8.735
 4224.00    0.79240   0.91853    8.735
 4225.00    0.75228   0.90567    8.735
 4226.00    0.83760   0.89477    8.735
 4227.00    0.98341   0.88864    8.735
 4228.00    0.98341   0.88851    8.735
 4229.00    0.85251   0.89346    8.735
 4230.00    0.84493   0.90123    8.735
 4231.00    0.72404   0.90931    8.735
 4232.00    0.61290   0.91594    8.735
 4233.00    0.63146   0.92036    8.735
 4234.00    0.80487   0.92272    8.735
 4235.00    0.80487   0.92362    8.735
 4236.00    1.17173   0.92400    8.735
 4237.00    1.35011   0.92490   -1.000
 4238.00    1.25969   0.92700    8.735
 4239.00    0.98702   0.93042    8.735
 4240.00    0.98702   0.93480    8.735
 4241.00    1.00673   0.93952    8.735
 4242.00    1.01092   0.94399    8.735
 4243.00    0.98084   0.94759    8.735
 4244.00    0.93580   0.94952    8.735
 4245.00    0.93580   0.94918    8.735
 4246.00    0.95297   0.94648    8.735
 4247.00    0.95338   0.94219    8.735
 4248.00    0.98057   0.93736    8.735
 4249.00    1.00257   0.93288    8.735
 4250.00    1.00342   0.92949    8.735
 4251.00    1.00924   0.92753    8.735
 4252.00    1.00924   0.92682    8.735
 4253.00    1.09322   0.92678    8.735
 4254.00    1.12851   0.92712    8.735
 4255.00    1.02670   0.92776    8.735
 4256.00    0.76523   0.92826    8.735
 4257.00    0.76523   0.92799    8.735
 4258.00    0.94729   0.92677    8.735
 4259.00    0.97780   0.92531    8.735
 4260.00    0.92588   0.92486    8.735
 4261.00    0.85765   0.92652    8.735
 4262.00    0.85786   0.93053    8.735
 4263.00    0.88538   0.93602    8.735
 4264.00    0.88538   0.94167    8.735
 4265.00    0.94837   0.94598    8.735
 4266.00    0.99324   0.94772    8.735
 4267.00    0.95489   0.94604    8.735
 4268.00    0.75376   0.94059    8.735
 4269.00    0.75376   0.93191    8.735
 4270.00    0.98190   0.92125    8.735
 4271.00    1.06381   0.91050    8.735
 4272.00    0.94386   0.90178    8.735
 4273.00    0.67878   0.89659    8.735
 4274.00    0.67878   0.89547    8.735
 4275.00    0.87415   0.89840    8.735
 4276.00    0.89887   0.90470    8.735
 4277.00    0.86386   0.91270    8.735
 4278.00    0.82340   0.92042    8.735
 4279.00    0.82344   0.92653    8.735
 4280.00    0.82451   0.93043    8.735
 4281.00    0.82451   0.93213    8.735
 4282.00    0.92279   0.93187    8.735
 4283.00    0.98426   0.92978    8.735
 4284.00    0.94689   0.92609    8.735
 4285.00    0.78899   0.92103    8.735
 4286.00    0.78899   0.91472    8.735
 4287.00    0.78634   0.90734    8.735
 4288.00    0.78554   0.89920    8.735
 4289.00    0.81051   0.89121    8.735
 4290.00    0.85819   0.88474    8.735
 4291.00    0.85819   0.88062    8.735
 4292.00    1.04952   0.87843    8.735
 4293.00    1.06628   0.87702    8.735
 4294.00    0.95448   0.87529    8.735
 4295.00    0.84048   0.87249    8.735
 4296.00    0.82769   0.86781    8.735
 4297.00    0.66104   0.86073    8.735
 4298.00    0.66104   0.85135    8.735
 4299.00    0.66768   0.84083    8.735
 4300.00    0.67129   0.83079    8.735
 4301.00    0.68111   0.82262    8.735
 4302.00    0.71529   0.81696    8.735
 4303.00    0.71529   0.81384    8.735
 4304.00    0.58060   0.81274    8.735
 4305.00    0.54668   0.81260    8.735
 4306.00    0.64256   0.81255    8.735
 4307.00    0.80236   0.81248    8.735
 4308.00    0.80236   0.81301    8.735
 4309.00    0.95509   0.81513    8.735
 4310.00    0.96293   0.81928    8.735
 4311.00    0.80639   0.82553    8.735
 4312.00    0.66580   0.83391    8.735
 4313.00    0.70036   0.84468    8.735
 4314.00    1.00276   0.85786    8.735
 4315.00    1.00276   0.87287    8.735
 4316.00    0.87543   0.88804    8.735
 4317.00    0.81515   0.90135    8.735
 4318.00    0.81578   0.91104    8.735
 4319.00    0.81762   0.91599    8.735
 4320.00    0.81762   0.91572    8.735
 4321.00    0.90078   0.91030    8.735
 4322.00    0.91775   0.90040    8.735
 4323.00    0.97164   0.88738    8.735
 4324.00    1.05042   0.87340    8.735
 4325.00    1.05042   0.86132    8.735
 4326.00    0.90701   0.85336    8.735
 4327.00    0.90444   0.84996    8.735
 4328.00    0.87204   0.84964    8.735
 4329.00    0.84644   0.85056    8.735
 4330.00    0.87755   0.85099    8.735
 4331.00    1.07812   0.84942    8.735
 4332.00    1.07812   0.84430    0.000
 4333.00    0.97263   0.83394    0.000
 4334.00    0.92953   0.81717    0.000
 4335.00    0.83974   0.79367    0.000
 4336.00    0.61574   0.76397    0.000
 4337.00    0.61574   0.72987    0.000
 4338.00    0.89569   0.69470    0.000
 4339.00    0.94040   0.66281    0.000
 4340.00    1.00971   0.63893    0.000
 4341.00    1.09865   0.62692    0.000
 4342.00    1.09374   0.62820    0.000
 4343.00    0.73929   0.64158    0.000
 4344.00    0.73929   0.66433    0.000
 4345.00    0.75092   0.69311    0.000
 4346.00    0.75901   0.72426    0.000
 4347.00    0.79045   0.75425    8.735
 4348.00    0.94840   0.78035    8.735
 4349.00    0.94840   0.80077    8.735
 4350.00    0.79304   0.81544    8.735
 4351.00    0.73894   0.82606    8.735
 4352.00    0.76837   0.83499    8.735
 4353.00    0.83168   0.84402    8.735
 4354.00    0.83168   0.85386    8.735
 4355.00    0.63659   0.86443    8.735
 4356.00    0.61335   0.87545    8.735
 4357.00    0.75355   0.88649    8.735
 4358.00    0.91182   0.89708    8.735
 4359.00    0.90836   0.90695    8.735
 4360.00    0.83548   0.91602    8.735
 4361.00    0.83548   0.92411    8.735
 4362.00    0.96232   0.93108    8.735
 4363.00    1.03969   0.93684    8.735
 4364.00    1.01149   0.94103    8.735
 4365.00    0.89674   0.94302    8.735
 4366.00    0.89674   0.94233    8.735
 4367.00    0.94421   0.93912    8.735
 4368.00    0.95812   0.93415    8.735
 4369.00    0.93957   0.92824    8.735
 4370.00    0.90497   0.92196    8.735
 4371.00    0.90497   0.91561    8.735
 4372.00    0.94085   0.90935    8.735
 4373.00    0.94377   0.90358    8.735
 4374.00    0.94795   0.89904    8.735
 4375.00    0.95211   0.89651    8.735
 4376.00    0.94082   0.89612    8.735
 4377.00    0.80583   0.89694    8.735
 4378.00    0.80583   0.89757    8.735
 4379.00    0.83607   0.89662    8.735
 4380.00    0.85216   0.89304    8.735
 4381.00    0.85114   0.88612    8.735
 4382.00    0.84770   0.87615    8.735
 4383.00    0.84770   0.86491    8.735
 4384.00    0.79859   0.85532    8.735
 4385.00    0.78667   0.84947    8.735
 4386.00    0.80063   0.84781    8.735
 4387.00    0.82334   0.84973    8.735
 4388.00    0.82334   0.85443    8.735
 4389.00    1.07773   0.86100    8.735
 4390.00    1.08928   0.86842    8.735
 4391.00    0.93049   0.87554    8.735
 4392.00    0.79092   0.88146    8.735
 4393.00    0.80659   0.88563    8.735
 4394.00    0.93552   0.88855    8.735
 4395.00    0.93552   0.89135    8.735
 4396.00    0.82423   0.89447    8.735
 4397.00    0.77295   0.89714    8.735
 4398.00    0.70145   0.89843    8.735
 4399.00    0.49821   0.89816   -1.000
 4400.00    0.49821   0.89704   -1.000
 4401.00    0.90978   0.89552    8.735
 4402.00    0.99056   0.89319    8.735
 4403.00    0.81335   0.88981    8.735
 4404.00    0.56055   0.88629    8.735
 4405.00    0.56055   0.88422    8.735
 4406.00    1.01416   0.88434    8.735
 4407.00    1.01954   0.88638    8.735
 4408.00    0.99018   0.88986    8.735
 4409.00    0.96749   0.89468    8.735
 4410.00    0.96850   0.90032    8.735
 4411.00    0.97471   0.90549    8.735
 4412.00    0.97471   0.90874    8.735
 4413.00    1.03987   0.90926    8.735
 4414.00    1.06574   0.90735    8.735
 4415.00    0.96769   0.90446    8.735
 4416.00    0.72995   0.90230    8.735
 4417.00    0.72995   0.90197    8.735
 4418.00    0.84772   0.90387    8.735
 4419.00    0.86561   0.90762    8.735
 4420.00    0.91686   0.91212    8.735
 4421.00    0.98109   0.91640    8.735
 4422.00    0.97731   0.92004    8.735
 4423.00    0.78793   0.92275    8.735
 4424.00    0.78793   0.92436    8.735
 4425.00    0.92109   0.92483    8.735
 4426.00    1.01147   0.92460    8.735
 4427.00    0.97810   0.92436    8.735
 4428.00    0.81733   0.92432    8.735
 4429.00    0.81733   0.92423    8.735
 4430.00    0.85645   0.92381    8.735
 4431.00    0.86967   0.92300    8.735
 4432.00    0.76357   0.92183    8.735
 4433.00    0.54145   0.92031   -1.000
 4434.00    0.54145   0.91880   -1.000
 4435.00    0.88775   0.91828    8.735
 4436.00    0.92647   0.91947    8.735
 4437.00    0.93436   0.92213    8.735
 4438.00    0.94306   0.92525    8.735
 4439.00    0.93301   0.92770    8.735
 4440.00    0.74708   0.92879    8.735
 4441.00    0.74708   0.92846    8.735
 4442.00    0.85591   0.92737    8.735
 4443.00    0.92066   0.92659    8.735
 4444.00    0.92914   0.92714    8.735
 4445.00    0.96241   0.92924    8.735
 4446.00    0.96241   0.93232    8.735
 4447.00    1.06303   0.93581    8.735
 4448.00    1.09153   0.93922    8.735
 4449.00    1.02429   0.94176    8.735
 4450.00    0.90212   0.94258    8.735
 4451.00    0.90212   0.94133    8.735
 4452.00    1.10729   0.93798    8.735
 4453.00    1.12258   0.93273    8.735
 4454.00    1.00866   0.92644    8.735
 4455.00    0.89781   0.92035    8.735
 4456.00    0.89329   0.91548    8.735
 4457.00    0.84337   0.91219    8.735
 4458.00    0.84337   0.91034    8.735
 4459.00    0.80206   0.90994    8.735
 4460.00    0.78065   0.91087    8.735
 4461.00    0.80481   0.91276    8.735
 4462.00    0.88375   0.91500    8.735
 4463.00    0.88375   0.91711    8.735
 4464.00    0.92929   0.91868    8.735
 4465.00    0.93993   0.91927    8.735
 4466.00    0.89303   0.91884    8.735
 4467.00    0.81866   0.91758    8.735
 4468.00    0.81866   0.91605    8.735
 4469.00    0.69759   0.91520    0.000
 4470.00    0.69286   0.91573    0.000
 4471.00    0.92476   0.91827    0.000
 4472.00    1.12383   0.92285    0.000
 4473.00    1.11031   0.92894    0.000
 4474.00    1.00549   0.93556    0.000
 4475.00    1.00549   0.94155    0.000
 4476.00    0.87909   0.94597    8.735
 4477.00    0.82241   0.94810    8.735
 4478.00    0.81942   0.94729    8.735
 4479.00    0.81117   0.94351    8.735
 4480.00    0.81117   0.93809    8.735
 4481.00    0.95332   0.93331    8.735
 4482.00    0.98003   0.93099    8.735
 4483.00    1.02576   0.93156    8.735
 4484.00    1.08945   0.93439    8.735
 4485.00    1.08945   0.93856    8.735
 4486.00    1.11319   0.94294    8.735
 4487.00    1.11333   0.94632    8.735
 4488.00    1.07133   0.94794    8.735
 4489.00    1.03962   0.94792    8.735
 4490.00    0.98825   0.94698    8.735
 4491.00    0.68658   0.94574    8.735
 4492.00    0.68658   0.94464    8.735
 4493.00    0.86961   0.94389    8.735
 4494.00    0.94020   0.94375    8.735
 4495.00    0.96619   0.94453    8.735
 4496.00    1.02745   0.94601    8.735
 4497.00    1.02745   0.94779    8.735
 4498.00    0.90081   0.94948    8.735
 4499.00    0.88247   0.95099    8.735
 4500.00    0.92485   0.95259    8.735
 4501.00    0.97682   0.95480    8.735
 4502.00    0.98055   0.95803    8.735
 4503.00    1.12365   0.96208    8.735
 4504.00    1.12365   0.96629    8.735
 4505.00    0.99469   0.97003    8.735
 4506.00    0.90928   0.97296    8.735
 4507.00    0.92875   0.97489    8.735
 4508.00    1.01915   0.97585    8.735
 4509.00    1.01915   0.97590    8.735
 4510.00    0.98008   0.97506    8.735
 4511.00    0.96725   0.97329    8.735
 4512.00    0.98889   0.97060    8.735
 4513.00    1.03301   0.96738    8.735
 4514.00    1.03301   0.96392    8.735
 4515.00    0.85558   0.96046    8.735
 4516.00    0.83701   0.95724    8.735
 4517.00    0.95451   0.95422    8.735
 4518.00    1.08131   0.95149    8.735
 4519.00    1.07467   0.94928    8.735
 4520.00    0.96396   0.94751    8.735
 4521.00    0.96396   0.94571    8.735
 4522.00    0.92393   0.94328    8.735
 4523.00    0.90070   0.93989    8.735
 4524.00    0.89079   0.93571    8.735
 4525.00    0.85328   0.93079    8.735
 4526.00    0.85328   0.92504    8.735
 4527.00    0.96565   0.91874    8.735
 4528.00    0.99649   0.91239    8.735
 4529.00    0.99887   0.90694    8.735
 4530.00    1.00309   0.90297    8.735
 4531.00    1.00309   0.90042    8.735
 4532.00    0.86569   0.89897    8.735
 4533.00    0.85638   0.89852    8.735
 4534.00    0.84948   0.89964    8.735
 4535.00    0.84291   0.90287    8.735
 4536.00    0.84394   0.90807    8.735
 4537.00    0.85442   0.91445    8.735
 4538.00    0.85442   0.92113    8.735
 4539.00    0.75470   0.92723    8.735
 4540.00    0.70437   0.93227    8.735
 4541.00    0.76097   0.93610    8.735
 4542.00    0.93997   0.93851    8.735
 4543.00    0.93997   0.93923    8.735
 4544.00    0.88265   0.93811    8.735
 4545.00    0.86976   0.93562    8.735
 4546.00    0.82706   0.93262    8.735
 4547.00    0.76099   0.92938    8.735
 4548.00    0.76099   0.92563    8.735
 4549.00    0.47445   0.92166   -1.000
 4550.00    0.46506   0.91844   -1.000
 4551.00    0.89510   0.91677    8.735
 4552.00    1.25565   0.91611    8.735
 4553.00    1.22123   0.91581    8.735
 4554.00    0.96908   0.91628    8.735
 4555.00    0.96908   0.91829    8.735
 4556.00    0.89356   0.92217    8.735
 4557.00    0.86062   0.92716    8.735
 4558.00    0.88385   0.93244    8.735
 4559.00    0.94604   0.93776    8.735
 4560.00    0.94604   0.94293    8.735
 4561.00    0.82842   0.94722    8.735
 4562.00    0.80728   0.94982    8.735
 4563.00    0.96065   0.95043    8.735
 4564.00    1.16915   0.94980    8.735
 4565.00    1.16915   0.94902    8.735
 4566.00    1.00158   0.94850    8.735
 4567.00    1.00158   0.94840    8.735
 4568.00    1.00012   0.94858    8.735
 4569.00    0.99905   0.94874    8.735
 4570.00    0.99089   0.94867    8.735
 4571.00    0.94518   0.94819    8.735
 4572.00    0.94518   0.94765    8.735
 4573.00    1.06472   0.94758    8.735
 4574.00    1.10948   0.94758    8.735
 4575.00    1.03572   0.94728    8.735
 4576.00    0.86660   0.94670    8.735
 4577.00    0.86660   0.94575    8.735
 4578.00    1.15132   0.94392    8.735
 4579.00    1.19037   0.94049    8.735
 4580.00    1.09400   0.93570    8.735
 4581.00    0.97861   0.93054    8.735
 4582.00    0.97253   0.92573    8.735
 4583.00    0.78400   0.92170    8.735
 4584.00    0.78400   0.91906    8.735
 4585.00    0.90241   0.91822    8.735
 4586.00    0.97893   0.91918    8.735
 4587.00    0.95886   0.92132    8.735
 4588.00    0.86933   0.92406    8.735
 4589.00    0.86933   0.92686    8.735
 4590.00    0.92849   0.92916    8.735
 4591.00    0.94729   0.93067    8.735
 4592.00    0.88441   0.93141    8.735
 4593.00    0.75956   0.93179    8.735
 4594.00    0.75956   0.93203    8.735
 4595.00    0.78961   0.93223    8.735
 4596.00    0.79255   0.93259    8.735
 4597.00    0.83360   0.93326    8.735
 4598.00    0.87688   0.93412    8.735
 4599.00    0.89072   0.93481    8.735
 4600.00    1.09829   0.93516    8.735
 4601.00    1.09829   0.93523    8.735
 4602.00    0.90452   0.93532    8.735
 4603.00    0.79490   0.93556    8.735
 4604.00    0.79985   0.93605    8.735
 4605.00    0.81794   0.93702    8.735
 4606.00    0.81794   0.93883    8.735
 4607.00    1.01756   0.94145    8.735
 4608.00    1.07045   0.94455    8.735
 4609.00    1.03702   0.94773    8.735
 4610.00    0.97917   0.95040    8.735
 4611.00    0.97917   0.95227    8.735
 4612.00    0.88662   0.95324    8.735
 4613.00    0.88096   0.95339    8.735
 4614.00    0.93780   0.95295    8.735
 4615.00    0.99057   0.95192    8.735
 4616.00    0.97470   0.95055    8.735
 4617.00    0.82218   0.94925    8.735
 4618.00    0.82218   0.94831    8.735
 4619.00    0.98467   0.94793    8.735
 4620.00    1.06474   0.94810    8.735
 4621.00    1.07165   0.94886    8.735
 4622.00    1.09282   0.95006    8.735
 4623.00    1.09282   0.95129    8.735
 4624.00    1.02777   0.95224    8.735
 4625.00    1.01371   0.95272    8.735
 4626.00    0.97513   0.95259    8.735
 4627.00    0.91677   0.95182    8.735
 4628.00    0.91677   0.95046    8.735
 4629.00    0.90373   0.94881    8.735
 4630.00    0.90338   0.94723    8.735
 4631.00    0.90734   0.94600    8.735
 4632.00    0.91058   0.94487    8.735
 4633.00    0.89862   0.94337    8.735
 4634.00    0.81567   0.94164    8.735
 4635.00    0.81567   0.94016    8.735
 4636.00    0.87388   0.93885    8.735
 4637.00    0.89863   0.93748    8.735
 4638.00    0.87661   0.93622    8.735
 4639.00    0.81924   0.93543    8.735
 4640.00    0.81924   0.93524    8.735
 4641.00    1.00227   0.93538    8.735
 4642.00    1.03368   0.93542    8.735
 4643.00    1.00731   0.93488    8.735
 4644.00    0.97232   0.93349    8.735
 4645.00    0.97174   0.93139    8.735
 4646.00    0.86530   0.92865    8.735
 4647.00    0.86530   0.92590    8.735
 4648.00    0.86678   0.92393    8.735
 4649.00    0.86785   0.92321    8.735
 4650.00    0.87973   0.92376    8.735
 4651.00    0.94336   0.92522    8.735
 4652.00    0.94336   0.92741    8.735
 4653.00    0.93271   0.93001    8.735
 4654.00    0.92884   0.93251    8.735
 4655.00    0.91014   0.93465    8.735
 4656.00    0.86833   0.93669    8.735
 4657.00    0.86833   0.93920    8.735
 4658.00    0.92905   0.94232    8.735
 4659.00    0.93692   0.94551    8.735
 4660.00    0.98609   0.94794    8.735
 4661.00    1.04359   0.94901    8.735
 4662.00    1.04210   0.94844    8.735
 4663.00    1.00349   0.94592    8.735
 4664.00    1.00349   0.94135    8.735
 4665.00    0.87595   0.93514    8.735
 4666.00    0.79553   0.92795    8.735
 4667.00    0.80767   0.92103    8.735
 4668.00    0.85980   0.91573    8.735
 4669.00    0.85980   0.91279    8.735
 4670.00    0.79663   0.91223    8.735
 4671.00    0.77719   0.91373    8.735
 4672.00    0.83962   0.91692    8.735
 4673.00    0.96036   0.92099    8.735
 4674.00    0.96036   0.92515    8.735
 4675.00    1.29769   0.92878   -1.000
 4676.00    1.32822   0.93122   -1.000
 4677.00    1.13582   0.93196    8.735
 4678.00    0.93770   0.93113    8.735
 4679.00    0.92835   0.92934    8.735
 4680.00    0.80097   0.92713    8.735
 4681.00    0.80097   0.92479    8.735
 4682.00    0.90847   0.92263    8.735
 4683.00    0.96775   0.92115    8.735
 4684.00    1.00866   0.92056    8.735
 4685.00    1.15310   0.92056    8.735
 4686.00    1.15310   0.92098    8.735
 4687.00    1.13943   0.92165    8.735
 4688.00    1.13594   0.92246    8.735
 4689.00    1.05670   0.92320    8.735
 4690.00    0.92297   0.92381    8.735
 4691.00    0.92297   0.92431    8.735
 4692.00    0.84733   0.92483    8.735
 4693.00    0.84320   0.92544    8.735
 4694.00    0.98890   0.92591    8.735
 4695.00    1.12103   0.92590    8.735
 4696.00    1.10671   0.92530    8.735
 4697.00    0.97804   0.92381    8.735
 4698.00    0.97804   0.92134    8.735
 4699.00    0.94742   0.91814    8.735
 4700.00    0.93273   0.91457    8.735
 4701.00    0.95049   0.91076    8.735
 4702.00    1.00324   0.90692    8.735
 4703.00    1.00324   0.90374    8.735
 4704.00    0.92087   0.90184    8.735
 4705.00    0.90377   0.90099    8.735
 4706.00    0.99050   0.90056    8.735
 4707.00    1.11855   0.90040    8.735
 4708.00    1.11855   0.90077    8.735
 4709.00    0.94942   0.90183    8.735
 4710.00    0.94587   0.90316    8.735
 4711.00    1.00402   0.90456    8.735
 4712.00    1.05051   0.90609    8.735
 4713.00    1.03501   0.90788    8.735
 4714.00    0.93292   0.90998    8.735
 4715.00    0.93292   0.91251    8.735
 4716.00    0.87407   0.91560    8.735
 4717.00    0.84975   0.91900    8.735
 4718.00    0.85480   0.92246    8.735
 4719.00    0.86758   0.92595    8.735
 4720.00    0.86758   0.92939    8.735
 4721.00    0.78184   0.93232    8.735
 4722.00    0.76781   0.93419    8.735
 4723.00    0.90429   0.93492    8.735
 4724.00    1.08117   0.93459    8.735
 4725.00    1.08086   0.93307    8.735
 4726.00    1.05394   0.93012    8.735
 4727.00    1.05394   0.92588    8.735
 4728.00    1.10849   0.92099    8.735
 4729.00    1.14689   0.91633    8.735
 4730.00    1.08698   0.91220    8.735
 4731.00    0.77952   0.90886    8.735
 4732.00    0.77952   0.90685    8.735
 4733.00    0.89658   0.90647    8.735
 4734.00    0.93786   0.90721    8.735
 4735.00    0.93794   0.90846    8.735
 4736.00    0.93812   0.91003    8.735
 4737.00    0.93812   0.91171    8.735
 4738.00    1.19065   0.91342    8.735
 4739.00    1.22166   0.91504    8.735
 4740.00    1.17108   0.91651    8.735
 4741.00    1.11330   0.91787    8.735
 4742.00    1.09996   0.91941    8.735
 4743.00    0.80282   0.92123    8.735
 4744.00    0.80282   0.92312    8.735
 4745.00    0.85717   0.92506    8.735
 4746.00    0.89068   0.92704    8.735
 4747.00    0.93152   0.92918    8.735
 4748.00    1.10084   0.93121    8.735
 4749.00    1.10084   0.93274    8.735
 4750.00    1.00563   0.93372    8.735
 4751.00    0.97728   0.93414    8.735
 4752.00    1.00091   0.93376    8.735
 4753.00    1.04546   0.93254    8.735
 4754.00    1.04546   0.93088    8.735
 4755.00    0.95096   0.92926    8.735
 4756.00    0.94301   0.92769    8.735
 4757.00    0.94838   0.92629    8.735
 4758.00    0.95379   0.92497    8.735
 4759.00    0.94857   0.92375    8.735
 4760.00    0.88340   0.92223    8.735
 4761.00    0.88340   0.91990    8.735
 4762.00    0.87742   0.91670    8.735
 4763.00    0.87420   0.91296    8.735
 4764.00    0.88531   0.90938    8.735
 4765.00    0.92333   0.90632    8.735
 4766.00    0.92333   0.90420    8.735
 4767.00    0.88561   0.90338    8.735
 4768.00    0.87628   0.90429    8.735
 4769.00    0.90604   0.90681    8.735
 4770.00    0.95502   0.91015    8.735
 4771.00    0.95502   0.91366    8.735
 4772.00    0.88596   0.91724    8.735
 4773.00    0.88264   0.92091    8.735
 4774.00    0.86698   0.92444    8.735
 4775.00    0.85309   0.92728    8.735
 4776.00    0.86502   0.92934    8.735
 4777.00    0.96618   0.93073    8.735
 4778.00    0.96618   0.93141    8.735
 4779.00    1.02293   0.93114    8.735
 4780.00    1.04944   0.93003    8.735
 4781.00    1.00288   0.92831    8.735
 4782.00    0.86884   0.92597    8.735
 4783.00    0.86884   0.92321    8.735
 4784.00    0.97828   0.92065    8.735
 4785.00    1.00006   0.91847    8.735
 4786.00    0.94449   0.91658    8.735
 4787.00    0.86441   0.91518    8.735
 4788.00    0.86441   0.91489    8.735
 4789.00    0.94486   0.91573    8.735
 4790.00    0.94606   0.91747    8.735
 4791.00    0.89845   0.92016    8.735
 4792.00    0.86128   0.92385    8.735
 4793.00    0.88128   0.92807    8.735
 4794.00    1.00654   0.93220    8.735
 4795.00    1.00654   0.93587    8.735
 4796.00    0.91004   0.93858    8.735
 4797.00    0.87126   0.94009    8.735
 4798.00    0.88401   0.94041    8.735
 4799.00    0.91537   0.93984    8.735
 4800.00    0.91537   0.93870    8.735
 4801.00    1.15540   0.93737    8.735
 4802.00    1.19278   0.93606    8.735
 4803.00    1.12734   0.93478    8.735
 4804.00    1.04452   0.93332    8.735
 4805.00    1.04137   0.93182    8.735
 4806.00    0.86022   0.93037    8.735
 4807.00    0.86022   0.92896    8.735
 4808.00    0.91357   0.92738    8.735
 4809.00    0.95021   0.92622    8.735
 4810.00    0.92381   0.92584    8.735
 4811.00    0.79392   0.92606    8.735
 4812.00    0.79392   0.92669    8.735
 4813.00    0.90397   0.92794    8.735
 4814.00    0.94161   0.92976    8.735
 4815.00    0.96316   0.93174    8.735
 4816.00    1.00878   0.93376    8.735
 4817.00    1.00878   0.93563    8.735
 4818.00    0.79436   0.93702    8.735
 4819.00    0.76960   0.93752    8.735
 4820.00    0.76596   0.93701    8.735
 4821.00    0.76190   0.93535    8.735
 4822.00    0.77026   0.93251    8.735
 4823.00    0.93317   0.92865    8.735
 4824.00    0.93317   0.92454    8.735
 4825.00    0.86901   0.92106    8.735
 4826.00    0.83044   0.91832    8.735
 4827.00    0.82974   0.91595    8.735
 4828.00    0.82694   0.91399    8.735
 4829.00    0.82694   0.91289    8.735
 4830.00    0.86103   0.91234    8.735
 4831.00    0.87086   0.91139    8.735
 4832.00    0.84945   0.90993    8.735
 4833.00    0.81014   0.90863    8.735
 4834.00    0.81014   0.90764    8.735
 4835.00    0.76569   0.90647    8.735
 4836.00    0.76225   0.90504    8.735
 4837.00    0.77550   0.90363    8.735
 4838.00    0.78854   0.90200    8.735
 4839.00    0.79339   0.89976    8.735
 4840.00    0.84913   0.89704    8.735
 4841.00    0.84913   0.89420    8.735
 4842.00    0.92699   0.89141    8.735
 4843.00    0.96778   0.88838    8.735
 4844.00    0.94421   0.88530    8.735
 4845.00    0.86616   0.88251    8.735
 4846.00    0.86616   0.87987    8.735
 4847.00    0.79121   0.87640    8.735
 4848.00    0.77335   0.87187    8.735
 4849.00    0.80892   0.86672    8.735
 4850.00    0.86602   0.86083    8.735
 4851.00    0.86602   0.85317    8.735
 4852.00    0.89916   0.84338    8.735
 4853.00    0.90054   0.83166    8.735
 4854.00    0.84104   0.81770    0.000
 4855.00    0.78946   0.80077    0.000
 4856.00    0.79974   0.78092    0.000
 4857.00    0.88179   0.75893    0.000
 4858.00    0.88179   0.73534    0.000
 4859.00    1.12000   0.71078    0.000
 4860.00    1.22827   0.68682    0.000
 4861.00    1.24052   0.66665    0.000
 4862.00    1.27472   0.65297    0.000
 4863.00    1.27472   0.64737    0.000
 4864.00    1.34110   0.64939    0.000
 4865.00    1.35380   0.65924    0.000
 4866.00    1.15991   0.67591    0.000
 4867.00    0.88663   0.69718    0.000
 4868.00    0.88663   0.71928    0.000
 4869.00    0.67557   0.74015    8.735
 4870.00    0.67370   0.75853    8.735
 4871.00    0.71842   0.77386    8.735
 4872.00    0.75251   0.78657    8.735
 4873.00    0.75898   0.79788    8.735
 4874.00    0.79773   0.80825    8.735
 4875.00    0.79773   0.81781    8.735
 4876.00    0.82148   0.82700    8.735
 4877.00    0.83077   0.83650    8.735
 4878.00    0.82416   0.84582    8.735
 4879.00    0.80834   0.85424    8.735
 4880.00    0.80834   0.86116    8.735
 4881.00    0.88709   0.86655    8.735
 4882.00    0.89875   0.87047    8.735
 4883.00    0.87527   0.87295    8.735
 4884.00    0.84620   0.87395    8.735
 4885.00    0.84718   0.87360    8.735
 4886.00    0.89025   0.87230    8.735
 4887.00    0.89025   0.87073    8.735
 4888.00    0.89234   0.86944    8.735
 4889.00    0.89374   0.86860    8.735
 4890.00    0.88435   0.86845    8.735
 4891.00    0.84004   0.86971    8.735
 4892.00    0.84004   0.87319    8.735
 4893.00    0.80844   0.87900    8.735
 4894.00    0.79793   0.88638    8.735
 4895.00    0.78707   0.89436    8.735
 4896.00    0.76464   0.90253    8.735
 4897.00    0.76464   0.91037    8.735
 4898.00    0.82085   0.91661    8.735
 4899.00    0.82693   0.92029    8.735
 4900.00    0.87475   0.92187    8.735
 4901.00    0.92687   0.92238    8.735
 4902.00    0.92172   0.92206    8.735
 4903.00    0.83198   0.92090    8.735
 4904.00    0.83198   0.91957    8.735
 4905.00    0.86418   0.91892    8.735
 4906.00    0.88306   0.91859    8.735
 4907.00    0.91189   0.91765    8.735
 4908.00    1.02297   0.91613    8.735
 4909.00    1.02297   0.91438    8.735
 4910.00    0.91590   0.91235    8.735
 4911.00    0.88610   0.91008    8.735
 4912.00    0.91927   0.90827    8.735
 4913.00    0.97865   0.90682    8.735
 4914.00    0.97865   0.90543    8.735
 4915.00    0.90261   0.90374    8.735
 4916.00    0.89725   0.90133    8.735
 4917.00    0.88727   0.89711    8.735
 4918.00    0.87767   0.89083    8.735
 4919.00    0.86339   0.88293    8.735
 4920.00    0.71156   0.87463    8.735
 4921.00    0.71156   0.86722    8.735
 4922.00    0.65694   0.86209    8.735
 4923.00    0.62906   0.85968    8.735
 4924.00    0.69349   0.86051    8.735
 4925.00    0.90001   0.86495    8.735
 4926.00    0.90001   0.87255    8.735
 4927.00    0.63507   0.88136    8.735
 4928.00    0.57432   0.89019    8.735
 4929.00    0.54293   0.89841   -1.000
 4930.00    0.49376   0.90517   -1.000
 4931.00    0.49376   0.90951   -1.000
 4932.00    0.95281   0.91114    8.735
 4933.00    0.96905   0.91014    8.735
 4934.00    0.80657   0.90727    8.735
 4935.00    0.66899   0.90373    8.735
 4936.00    0.70119   0.90004    8.735
 4937.00    0.94378   0.89621    8.735
 4938.00    0.94378   0.89314    8.735
 4939.00    0.89380   0.89215    8.735
 4940.00    0.87169   0.89319    8.735
 4941.00    0.83831   0.89564    8.735
 4942.00    0.74784   0.89924    8.735
 4943.00    0.74784   0.90404    8.735
 4944.00    0.92808   0.90951    8.735
 4945.00    0.96108   0.91480    8.735
 4946.00    0.93894   0.91932    8.735
 4947.00    0.90848   0.92309    0.000
 4948.00    0.90848   0.92616    0.000
 4949.00    1.07510   0.92819    0.000
 4950.00    1.07559   0.92911    0.000
 4951.00    0.89303   0.92894    0.000
 4952.00    0.75712   0.92730    0.000
 4953.00    0.79015   0.92381    0.000
 4954.00    0.97894   0.91886    0.000
 4955.00    0.97894   0.91280    0.000
 4956.00    0.70983   0.90569    0.000
 4957.00    0.60756   0.89823    0.000
 4958.00    0.67332   0.89232    0.000
 4959.00    0.82618   0.88906    0.000
 4960.00    0.82618   0.88796    0.000
 4961.00    0.97360   0.88831    0.000
 4962.00    0.99429   0.89031    0.000
 4963.00    0.88511   0.89354    0.000
 4964.00    0.75308   0.89632    0.000
 4965.00    0.74560   0.89752    0.000
 4966.00    0.48891   0.89768    0.000
 4967.00    0.48891   0.89752    0.000
 4968.00    0.68303   0.89706    0.000
 4969.00    0.81004   0.89660    8.735
 4970.00    0.80292   0.89705    8.735
 4971.00    0.77063   0.89846    8.735
 4972.00    0.77063   0.90054    8.735
 4973.00    0.80722   0.90291    8.735
 4974.00    0.81901   0.90516    8.735
 4975.00    0.80537   0.90660    8.735
 4976.00    0.77794   0.90685    8.735
 4977.00    0.77794   0.90549    8.735
 4978.00    0.69317   0.90225    8.735
 4979.00    0.68461   0.89731    8.735
 4980.00    0.80781   0.89120    8.735
 4981.00    0.93897   0.88430    8.735
 4982.00    0.92459   0.87709    8.735
 4983.00    0.69960   0.87081    8.735
 4984.00    0.69960   0.86643    8.735
 4985.00    0.77662   0.86430    8.735
 4986.00    0.82075   0.86429    8.735
 4987.00    0.84490   0.86640    8.735
 4988.00    0.93471   0.87020    8.735
 4989.00    0.93471   0.87453    8.735
 4990.00    1.11930   0.87858    8.735
 4991.00    1.16894   0.88206    8.735
 4992.00    0.99096   0.88484    8.735
 4993.00    0.67968   0.88672    8.735
 4994.00    0.67968   0.88780    8.735
 4995.00    0.89116   0.88826    8.735
 4996.00    0.90479   0.88808    8.735
 4997.00    0.91588   0.88714    8.735
 4998.00    0.92630   0.88516    0.000
 4999.00    0.93385   0.88211    0.000
 5000.00    1.00856   0.87816    0.000
 5001.00    1.00856   0.87353    0.000
 5002.00    0.90143   0.86868    0.000
 5003.00    0.84806   0.86417    0.000
 5004.00    0.86704   0.86015    0.000
 5005.00    0.92613   0.85677    0.000
 5006.00    0.92613   0.85426    0.000
 5007.00    1.01596   0.85290    0.000
 5008.00    1.03577   0.85238    0.000
 5009.00    0.94300   0.85207    0.000
 5010.00    0.80122   0.85165    0.000
 5011.00    0.80122   0.85088    0.000
 5012.00    0.92067   0.84939    0.000
 5013.00    0.92422   0.84681    0.000
 5014.00    0.78899   0.84353    0.000
 5015.00    0.67694   0.84034    0.000
 5016.00    0.66555   0.83768    0.000
 5017.00    0.58437   0.83563    0.000
 5018.00    0.58437   0.83459    0.000
 5019.00    0.70640   0.83517    0.000
 5020.00    0.75890   0.83741    0.000
 5021.00    0.79714   0.84039    0.000
 5022.00    0.89802   0.84390    0.000
 5023.00    0.89802   0.84796    8.735
 5024.00    0.84763   0.85257    8.735
 5025.00    0.83878   0.85711    8.735
 5026.00    0.87361   0.86092    8.735
 5027.00    0.92040   0.86427    8.735
 5028.00    0.92006   0.86769    8.735
 5029.00    0.80687   0.87092    8.735
 5030.00    0.80687   0.87353    8.735
 5031.00    0.80855   0.87577    8.735
 5032.00    0.80977   0.87772    8.735
 5033.00    0.81045   0.87901    8.735
 5034.00    0.81416   0.87903    8.735
 5035.00    0.81416   0.87734    8.735
 5036.00    0.93337   0.87402    8.735
 5037.00    0.97736   0.86947    8.735
 5038.00    0.94917   0.86423    8.735
 5039.00    0.88542   0.85852    8.735
 5040.00    0.88542   0.85308    8.735
 5041.00    0.90702   0.84953    8.735
 5042.00    0.90989   0.84856    8.735
 5043.00    0.87473   0.85008    8.735
 5044.00    0.83320   0.85365    8.735
 5045.00    0.83342   0.85889    8.735
 5046.00    0.83943   0.86476    8.735
 5047.00    0.83943   0.86998    8.735
 5048.00    0.88961   0.87341    8.735
 5049.00    0.92165   0.87504    8.735
 5050.00    0.94320   0.87540    8.735
 5051.00    1.03719   0.87479    8.735
 5052.00    1.03719   0.87385    8.735
 5053.00    0.96513   0.87403    8.735
 5054.00    0.94264   0.87574    8.735
 5055.00    0.90632   0.87823    8.735
 5056.00    0.83515   0.88178    8.735
 5057.00    0.83515   0.88636    8.735
 5058.00    0.85283   0.89092    8.735
 5059.00    0.85449   0.89472    8.735
 5060.00    0.82361   0.89759    8.735
 5061.00    0.79150   0.89930    8.735
 5062.00    0.79560   0.89955    8.735
 5063.00    0.85372   0.89805    8.735
 5064.00    0.85372   0.89494    8.735
 5065.00    0.87864   0.89098    8.735
 5066.00    0.89257   0.88668    8.735
 5067.00    0.91361   0.88241    8.735
 5068.00    0.98918   0.87839    8.735
 5069.00    0.98918   0.87517    8.735
 5070.00    0.95657   0.87317    8.735
 5071.00    0.94811   0.87185    8.735
 5072.00    0.90798   0.87064    8.735
 5073.00    0.83953   0.86984    8.735
 5074.00    0.83953   0.86947    8.735
 5075.00    0.83645   0.86851    8.735
 5076.00    0.83627   0.86684    8.735
 5077.00    0.84938   0.86499    8.735
 5078.00    0.86140   0.86273    8.735
 5079.00    0.86339   0.85960    8.735
 5080.00    0.88176   0.85647    8.735
 5081.00    0.88176   0.85434    8.735
 5082.00    0.91771   0.85307    8.735
 5083.00    0.93515   0.85282    8.735
 5084.00    0.89464   0.85421    8.735
 5085.00    0.77247   0.85729    8.735
 5086.00    0.77247   0.86139    8.735
 5087.00    0.89341   0.86589    8.735
 5088.00    0.91903   0.87078    8.735
 5089.00    0.95007   0.87569    8.735
 5090.00    0.99637   0.88004    8.735
 5091.00    0.99637   0.88340    8.735
 5092.00    1.03084   0.88575    8.735
 5093.00    1.03165   0.88706    8.735
 5094.00    0.91852   0.88690    8.735
 5095.00    0.82698   0.88523    8.735
 5096.00    0.84014   0.88218    8.735
 5097.00    0.92905   0.87845    8.735
 5098.00    0.92905   0.87435    8.735
 5099.00    1.06195   0.87034    8.735
 5100.00    1.11754   0.86712    8.735
 5101.00    1.09208   0.86528    8.735
 5102.00    1.02688   0.86454    8.735
 5103.00    1.02688   0.86428    8.735
 5104.00    0.89200   0.86455    8.735
 5105.00    0.86940   0.86489    8.735
 5106.00    0.82368   0.86470    8.735
 5107.00    0.76372   0.86399    8.735
 5108.00    0.76475   0.86325    8.735
 5109.00    0.88023   0.86273    8.735
 5110.00    0.88023   0.86266    8.735
 5111.00    0.92059   0.86353    8.735
 5112.00    0.94928   0.86556    8.735
 5113.00    0.93634   0.86840    8.735
 5114.00    0.86849   0.87190    8.735
 5115.00    0.86849   0.87578    8.735
 5116.00    0.76783   0.87942    8.735
 5117.00    0.73178   0.88227    8.735
 5118.00    0.73779   0.88412    8.735
 5119.00    0.75099   0.88463    8.735
 5120.00    0.75099   0.88335    8.735
 5121.00    0.90871   0.88065    8.735
 5122.00    0.92856   0.87673    8.735
 5123.00    0.91922   0.87172    8.735
 5124.00    0.90843   0.86630    8.735
 5125.00    0.90893   0.86116    8.735
 5126.00    0.92102   0.85665    8.735
 5127.00    0.92102   0.85309    8.735
 5128.00    0.99659   0.85076    8.735
 5129.00    1.04366   0.84972    8.735
 5130.00    1.03986   0.84986    8.735
 5131.00    1.02387   0.85101    8.735
 5132.00    1.02387   0.85289    8.735
 5133.00    0.86402   0.85494    8.735
 5134.00    0.81561   0.85692    8.735
 5135.00    0.84912   0.85861    8.735
 5136.00    0.91309   0.85958    8.735
 5137.00    0.91309   0.85953    8.735
 5138.00    0.86178   0.85861    8.735
 5139.00    0.85731   0.85704    8.735
 5140.00    0.80211   0.85518    8.735
 5141.00    0.74594   0.85317    8.735
 5142.00    0.75601   0.85114    8.735
 5143.00    0.88722   0.84944    8.735
 5144.00    0.88722   0.84836    8.735
 5145.00    0.87581   0.84766    8.735
 5146.00    0.86959   0.84683    8.735
 5147.00    0.83948   0.84606    8.735
 5148.00    0.73494   0.84574    8.735
 5149.00    0.73494   0.84542    8.735
 5150.00    0.72096   0.84470    8.735
 5151.00    0.71746   0.84423    8.735
 5152.00    0.73376   0.84441    8.735
 5153.00    0.76087   0.84502    8.735
 5154.00    0.76087   0.84614    8.735
 5155.00    0.76368   0.84837    8.735
 5156.00    0.76383   0.85171    0.000
 5157.00    0.67489   0.85545    0.000
 5158.00    0.59518   0.85916    0.000
 5159.00    0.63523   0.86234    0.000
 5160.00    0.98215   0.86412    0.000
 5161.00    0.98215   0.86361    0.000
 5162.00    0.90907   0.86016    0.000
 5163.00    0.87455   0.85358    0.000
 5164.00    0.86467   0.84393    0.000
 5165.00    0.83579   0.83147    8.735
 5166.00    0.83579   0.81671    8.735
 5167.00    0.91811   0.80119    8.735
 5168.00    0.93485   0.78601    8.735
 5169.00    0.88728   0.77297    8.735
 5170.00    0.81804   0.76312    8.735
 5171.00    0.81804   0.75641    8.735
 5172.00    0.67819   0.75402    8.735
 5173.00    0.67576   0.75579    8.735
 5174.00    0.80890   0.76164    8.735
 5175.00    0.91411   0.77030    8.735
 5176.00    0.92900   0.77991    8.735
 5177.00    1.02457   0.79012    8.735
 5178.00    1.02457   0.79928    8.735
 5179.00    0.95049   0.80504    8.735
 5180.00    0.92036   0.80699    8.735
 5181.00    0.85932   0.80566    8.735
 5182.00    0.70739   0.80158    8.735
 5183.00    0.70739   0.79566    8.735
 5184.00    0.81899   0.79038    8.735
 5185.00    0.83682   0.78752    8.735
 5186.00    0.77309   0.78756    8.735
 5187.00    0.69148   0.79055    8.735
 5188.00    0.69123   0.79582    8.735
 5189.00    0.67427   0.80290    8.735
 5190.00    0.67427   0.81014    8.735
 5191.00    0.65380   0.81578    8.735
 5192.00    0.63960   0.82001    8.735
 5193.00    0.64637   0.82342    0.000
 5194.00    0.68037   0.82596    0.000
 5195.00    0.68037   0.82785    0.000
 5196.00    0.71947   0.82985    0.000
 5197.00    0.73306   0.83256    0.000
 5198.00    0.84163   0.83573    0.000
 5199.00    1.07411   0.83860    0.000
 5200.00    1.07411   0.84079    0.000
 5201.00    1.06415   0.84196    0.000
 5202.00    1.06297   0.84134    0.000
 5203.00    0.90638   0.83878    8.735
 5204.00    0.72961   0.83448    8.735
 5205.00    0.73913   0.82877    8.735
 5206.00    0.93695   0.82287    8.735
 5207.00    0.93695   0.81773    8.735
 5208.00    0.86692   0.81401    8.735
 5209.00    0.82438   0.81245    8.735
 5210.00    0.83637   0.81372    8.735
 5211.00    0.88503   0.81752    8.735
 5212.00    0.88503   0.82305    8.735
 5213.00    0.86572   0.82966    8.735
 5214.00    0.86006   0.83678    8.735
 5215.00    0.86682   0.84341    8.735
 5216.00    0.87941   0.84902    8.735
 5217.00    0.87941   0.85397    8.735
 5218.00    1.27419   0.85801   -1.000
 5219.00    1.30584   0.86102   -1.000
 5220.00    1.03761   0.86311    8.735
 5221.00    0.77094   0.86413    8.735
 5222.00    0.74669   0.86351    8.735
 5223.00    0.45667   0.86099   -1.000
 5224.00    0.45667   0.85691   -1.000
 5225.00    0.63461   0.85145    8.735
 5226.00    0.72903   0.84538    8.735
 5227.00    0.72153   0.83996    8.735
 5228.00    0.69636   0.83596    8.735
 5229.00    0.69636   0.83405    8.735
 5230.00    0.73240   0.83393    8.735
 5231.00    0.74112   0.83551    8.735
 5232.00    0.77549   0.83861    8.735
 5233.00    0.83137   0.84204    8.735
 5234.00    0.83137   0.84560    8.735
 5235.00    0.63080   0.84960    8.735
 5236.00    0.62179   0.85379    8.735
 5237.00    0.63155   0.85811    8.735
 5238.00    0.64009   0.86272    8.735
 5239.00    0.66513   0.86725    8.735
 5240.00    0.87010   0.87146    8.735
 5241.00    0.87010   0.87496    8.735
 5242.00    0.93966   0.87731    8.735
 5243.00    0.97171   0.87854    8.735
 5244.00    1.01398   0.87875    8.735
 5245.00    1.13382   0.87768    8.735
 5246.00    1.13382   0.87535    8.735
 5247.00    1.01966   0.87234    8.735
 5248.00    0.99741   0.86893    8.735
 5249.00    1.03847   0.86549    8.735
 5250.00    1.09693   0.86221    8.735
 5251.00    1.09693   0.85963    8.735
 5252.00    0.81490   0.85845    8.735
 5253.00    0.81155   0.85828    8.735
 5254.00    0.92970   0.85884    8.735
 5255.00    1.02086   0.86034    8.735
 5256.00    0.98277   0.86248    8.735
 5257.00    0.75001   0.86429    8.735
 5258.00    0.75001   0.86516    8.735
 5259.00    0.68159   0.86458    8.735
 5260.00    0.65450   0.86206    8.735
 5261.00    0.71061   0.85707    8.735
 5262.00    0.84665   0.84962    8.735
 5263.00    0.84665   0.84042    8.735
 5264.00    0.95395   0.83015    8.735
 5265.00    0.97025   0.81962    8.735
 5266.00    0.87205   0.80995    8.735
 5267.00    0.74925   0.80199    0.000
 5268.00    0.74404   0.79619    0.000
 5269.00    0.48890   0.79268    0.000
 5270.00    0.48890   0.79152    0.000
 5271.00    0.67303   0.79341    0.000
 5272.00    0.79799   0.79748    0.000
 5273.00    0.84544   0.80298    0.000
 5274.00    1.07406   0.81017    0.000
 5275.00    1.07406   0.81854    8.735
 5276.00    0.66790   0.82707    8.735
 5277.00    0.53110   0.83492    8.735
 5278.00    0.57800   0.84227    8.735
 5279.00    0.67574   0.84840    8.735
 5280.00    0.67574   0.85283    8.735
 5281.00    0.78224   0.85629    8.735
 5282.00    0.79409   0.85881    8.735
 5283.00    0.75140   0.86048    8.735
 5284.00    0.70433   0.86246    8.735
 5285.00    0.71909   0.86547    8.735
 5286.00    0.98957   0.86921    8.735
 5287.00    0.98957   0.87378    8.735
 5288.00    1.01114   0.87893    8.735
 5289.00    1.02393   0.88394    8.735
 5290.00    1.01134   0.88832    8.735
 5291.00    0.96213   0.89115    8.735
 5292.00    0.96213   0.89227    8.735
 5293.00    0.86729   0.89180    8.735
 5294.00    0.84043   0.88940    8.735
 5295.00    0.75016   0.88555    8.735
 5296.00    0.58650   0.88079    8.735
 5297.00    0.58650   0.87529    8.735
 5298.00    0.60451   0.87046    8.735
 5299.00    0.60583   0.86676    8.735
 5300.00    0.81450   0.86431    8.735
 5301.00    1.01714   0.86395    8.735
 5302.00    1.00924   0.86538    8.735
 5303.00    0.92189   0.86850    8.735
 5304.00    0.92189   0.87278    8.735
 5305.00    0.85434   0.87723    8.735
 5306.00    0.81942   0.88178    8.735
 5307.00    0.84701   0.88600    8.735
 5308.00    0.93663   0.88929    8.735
 5309.00    0.93663   0.89178    8.735
 5310.00    0.85858   0.89328    8.735
 5311.00    0.84040   0.89383    8.735
 5312.00    0.86701   0.89352    8.735
 5313.00    0.90920   0.89237    8.735
 5314.00    0.90920   0.89051    8.735
 5315.00    0.77077   0.88810    8.735
 5316.00    0.76543   0.88538    8.735
 5317.00    0.68161   0.88267    8.735
 5318.00    0.60994   0.88030    8.735
 5319.00    0.62994   0.87804    8.735
 5320.00    0.78423   0.87563    8.735
 5321.00    0.78423   0.87311    8.735
 5322.00    0.82576   0.87006    8.735
 5323.00    0.84437   0.86585    8.735
 5324.00    0.86285   0.86041    8.735
 5325.00    0.91367   0.85428    8.735
 5326.00    0.91367   0.84788    8.735
 5327.00    1.10045   0.84142    8.735
 5328.00    1.13529   0.83593    8.735
 5329.00    0.98626   0.83274    8.735
 5330.00    0.77914   0.83182    8.735
 5331.00    0.77914   0.83327    8.735
 5332.00    0.95175   0.83683    8.735
 5333.00    0.95277   0.84208    8.735
 5334.00    0.89908   0.84852    8.735
 5335.00    0.85863   0.85407    8.735
 5336.00    0.86547   0.85839    8.735
 5337.00    0.90535   0.86161    8.735
 5338.00    0.90535   0.86319    8.735
 5339.00    1.04170   0.86326    8.735
 5340.00    1.09415   0.86239    8.735
 5341.00    1.04097   0.86115    8.735
 5342.00    0.91561   0.86013    8.735
 5343.00    0.91561   0.85958    8.735
 5344.00    0.72487   0.85923    8.735
 5345.00    0.69738   0.85958    8.735
 5346.00    0.81471   0.86061    8.735
 5347.00    0.95800   0.86149    8.735
 5348.00    0.95624   0.86266    8.735
 5349.00    0.89004   0.86433    8.735
 5350.00    0.89004   0.86642    8.735
 5351.00    0.89683   0.86931    8.735
 5352.00    0.90133   0.87292    8.735
 5353.00    0.91185   0.87703    8.735
 5354.00    0.96053   0.88152    8.735
 5355.00    0.96053   0.88619    8.735
 5356.00    0.97419   0.89028    8.735
 5357.00    0.97865   0.89330    8.735
 5358.00    0.93232   0.89541    8.735
 5359.00    0.83808   0.89605    8.735
 5360.00    0.83808   0.89513    8.735
 5361.00    0.96675   0.89281    8.735
 5362.00    0.98022   0.88925    8.735
 5363.00    1.05178   0.88485    8.735
 5364.00    1.12886   0.87985    8.735
 5365.00    1.11268   0.87452    8.735
 5366.00    0.84789   0.86925    8.735
 5367.00    0.84789   0.86417    8.735
 5368.00    0.73369   0.85947    8.735
 5369.00    0.66756   0.85542    8.735
 5370.00    0.70619   0.85209    8.735
 5371.00    0.85240   0.85007    8.735
 5372.00    0.85240   0.84966    8.735
 5373.00    0.91995   0.85080    8.735
 5374.00    0.93844   0.85365    8.735
 5375.00    0.90568   0.85779    8.735
 5376.00    0.84778   0.86279    8.735
 5377.00    0.84778   0.86778    8.735
 5378.00    0.85534   0.87214    8.735
 5379.00    0.85584   0.87535    8.735
 5380.00    0.90198   0.87728    8.735
 5381.00    0.94582   0.87824    8.735
 5382.00    0.93159   0.87821    8.735
 5383.00    0.78568   0.87769    8.735
 5384.00    0.78568   0.87698    8.735
 5385.00    0.88123   0.87615    8.735
 5386.00    0.92935   0.87549    8.735
 5387.00    0.93926   0.87454    8.735
 5388.00    0.97052   0.87332    8.735
 5389.00    0.97052   0.87177    8.735
 5390.00    1.14979   0.86934    8.735
 5391.00    1.19010   0.86640    8.735
 5392.00    1.00656   0.86300    8.735
 5393.00    0.72258   0.85904    8.735
 5394.00    0.72258   0.85526    8.735
 5395.00    0.88963   0.85168    8.735
 5396.00    0.89502   0.84840    8.735
 5397.00    0.93631   0.84591    8.735
 5398.00    0.97079   0.84404    8.735
 5399.00    0.94798   0.84306    8.735
 5400.00    0.78165   0.84240    8.735
 5401.00    0.78165   0.84163    8.735
 5402.00    0.91114   0.84122    8.735
 5403.00    0.96763   0.84009    8.735
 5404.00    0.95272   0.83800    8.735
 5405.00    0.91291   0.83585    8.735
 5406.00    0.91291   0.83344    8.735
 5407.00    0.88071   0.83124    8.735
 5408.00    0.87497   0.83023    8.735
 5409.00    0.79046   0.83001    8.735
 5410.00    0.67580   0.83134    8.735
 5411.00    0.67580   0.83424    8.735
 5412.00    0.90605   0.83783    8.735
 5413.00    0.90605   0.84241    8.735
 5414.00    1.00873   0.84738    8.735
 5415.00    1.08426   0.85241    8.735
 5416.00    1.04626   0.85748    8.735
 5417.00    0.83483   0.86161    8.735
 5418.00    0.83483   0.86501    8.735
 5419.00    0.86537   0.86777    8.735
 5420.00    0.87678   0.86934    8.735
 5421.00    0.90755   0.87005    8.735
 5422.00    0.97809   0.86995    8.735
 5423.00    0.97809   0.86938    8.735
 5424.00    0.71891   0.86839    8.735
 5425.00    0.68353   0.86689    8.735
 5426.00    0.75617   0.86560    8.735
 5427.00    0.84282   0.86392    8.735
 5428.00    0.84689   0.86159    8.735
 5429.00    0.97120   0.85954    8.735
 5430.00    0.97120   0.85697    8.735
 5431.00    0.92102   0.85428    8.735
 5432.00    0.88859   0.85219    8.735
 5433.00    0.89411   0.85027    8.735
 5434.00    0.91866   0.84969    8.735
 5435.00    0.91866   0.85050    8.735
 5436.00    0.84178   0.85230    8.735
 5437.00    0.81747   0.85570    8.735
 5438.00    0.83445   0.86011    8.735
 5439.00    0.86809   0.86489    8.735
 5440.00    0.86809   0.86962    8.735
 5441.00    0.82495   0.87351    8.735
 5442.00    0.82075   0.87589    8.735
 5443.00    0.82963   0.87654    8.735
 5444.00    0.83897   0.87535    8.735
 5445.00    0.84452   0.87245    8.735
 5446.00    0.92646   0.86859    8.735
 5447.00    0.92646   0.86429    8.735
 5448.00    0.88363   0.86028    8.735
 5449.00    0.85945   0.85714    8.735
 5450.00    0.86834   0.85474    8.735
 5451.00    0.90082   0.85331    8.735
 5452.00    0.90082   0.85245    8.735
 5453.00    0.88631   0.85166    8.735
 5454.00    0.88247   0.85110    8.735
 5455.00    0.91413   0.85043    8.735
 5456.00    0.96868   0.84982    8.735
 5457.00    0.96868   0.84983    8.735
 5458.00    0.95468   0.85017    8.735
 5459.00    0.95384   0.85083    8.735
 5460.00    0.89955   0.85205    8.735
 5461.00    0.84915   0.85339    8.735
 5462.00    0.88519   0.85441    8.735
 5463.00    1.22969   0.85525   -1.000
 5464.00    1.22969   0.85610   -1.000
 5465.00    0.83543   0.85675    8.735
 5466.00    0.64202   0.85736    8.735
 5467.00    0.66771   0.85805    8.735
 5468.00    0.74620   0.85874    8.735
 5469.00    0.74620   0.85922    8.735
 5470.00    1.00148   0.85905    8.735
 5471.00    1.05666   0.85833    8.735
 5472.00    0.93834   0.85693    8.735
 5473.00    0.75971   0.85458    8.735
 5474.00    0.75971   0.85171    8.735
 5475.00    0.85027   0.84867    8.735
 5476.00    0.85262   0.84575    8.735
 5477.00    0.80791   0.84322    8.735
 5478.00    0.77137   0.84153    8.735
 5479.00    0.76391   0.84116    8.735
 5480.00    0.71212   0.84155    8.735
 5481.00    0.71212   0.84284    8.735
 5482.00    0.45522   0.84528   -1.000
 5483.00    0.34625   0.84784   -1.000
 5484.00    0.41311   0.85056   -1.000
 5485.00    0.58647   0.85334    8.735
 5486.00    0.58647   0.85574    8.735
 5487.00    1.16257   0.85773    8.735
 5488.00    1.26106   0.85922   -1.000
 5489.00    1.04338   0.86044    8.735
 5490.00    0.75446   0.86122    8.735
 5491.00    0.75589   0.86172    8.735
 5492.00    0.99824   0.86225    8.735
 5493.00    0.99824   0.86240    8.735
 5494.00    1.06479   0.86243    8.735
 5495.00    1.11258   0.86236    8.735
 5496.00    1.09267   0.86184    8.735
 5497.00    0.98638   0.86113    8.735
 5498.00    0.98638   0.86009    8.735
 5499.00    0.84254   0.85875    8.735
 5500.00    0.79026   0.85733    8.735
 5501.00    0.73628   0.85548    8.735
 5502.00    0.61588   0.85360    8.735
 5503.00    0.61588   0.85183    8.735
 5504.00    0.74793   0.84982    8.735
 5505.00    0.76497   0.84810    8.735
 5506.00    0.79178   0.84658    8.735
 5507.00    0.82309   0.84523    8.735
 5508.00    0.81820   0.84433    8.735
 5509.00    0.69127   0.84350    8.735
 5510.00    0.69127   0.84290    8.735
 5511.00    0.96154   0.84258    8.735
 5512.00    1.13196   0.84237    8.735
 5513.00    1.07406   0.84246    8.735
 5514.00    0.82633   0.84302    8.735
 5515.00    0.82633   0.84429    8.735
 5516.00    0.74089   0.84614    8.735
 5517.00    0.71466   0.84873    8.735
 5518.00    0.79428   0.85195    8.735
 5519.00    0.94793   0.85524    8.735
 5520.00    0.94793   0.85839    8.735
 5521.00    1.02178   0.86097    8.735
 5522.00    1.02846   0.86255    8.735
 5523.00    0.88383   0.86299    8.735
 5524.00    0.73519   0.86216    8.735
 5525.00    0.74956   0.86028    8.735
 5526.00    0.94247   0.85754    8.735
 5527.00    0.94247   0.85451    8.735
 5528.00    0.92235   0.85162    8.735
 5529.00    0.91128   0.84910    8.735
 5530.00    0.91785   0.84760    8.735
 5531.00    0.94105   0.84701    8.735
 5532.00    0.94105   0.84709    8.735
 5533.00    0.94361   0.84802    8.735
 5534.00    0.94426   0.84937    8.735
 5535.00    0.87490   0.85082    8.735
 5536.00    0.75834   0.85234    8.735
 5537.00    0.75834   0.85406    8.735
 5538.00    0.77996   0.85570    8.735
 5539.00    0.78113   0.85716    8.735
 5540.00    0.83627   0.85884    8.735
 5541.00    0.88628   0.86029    8.735
 5542.00    0.87938   0.86137    8.735
 5543.00    0.81767   0.86243    8.735
 5544.00    0.81767   0.86317    8.735
 5545.00    0.88600   0.86373    8.735
 5546.00    0.91864   0.86445    8.735
 5547.00    0.89533   0.86509    8.735
 5548.00    0.82632   0.86590    8.735
 5549.00    0.82632   0.86699    8.735
 5550.00    0.91278   0.86787    8.735
 5551.00    0.93073   0.86864    8.735
 5552.00    0.87395   0.86930    8.735
 5553.00    0.79030   0.86950    8.735
 5554.00    0.79030   0.86927    8.735
 5555.00    1.13130   0.86881    8.735
 5556.00    1.13809   0.86814    8.735
 5557.00    0.97738   0.86719    8.735
 5558.00    0.84911   0.86620    8.735
 5559.00    0.85075   0.86518    8.735
 5560.00    0.86154   0.86397    8.735
 5561.00    0.86154   0.86272    8.735
 5562.00    0.65301   0.86128    8.735
 5563.00    0.56700   0.85968    8.735
 5564.00    0.54932   0.85809    8.735
 5565.00    0.50476   0.85635   -1.000
 5566.00    0.50476   0.85463   -1.000
 5567.00    0.90819   0.85311    8.735
 5568.00    0.97394   0.85173    8.735
 5569.00    1.10622   0.85053    8.735
 5570.00    1.27766   0.84963   -1.000
 5571.00    1.27026   0.84908   -1.000
 5572.00    0.64641   0.84888    8.735
 5573.00    0.64641   0.84900    8.735
 5574.00    0.70481   0.84953    8.735
 5575.00    0.74575   0.85054    8.735
 5576.00    0.76612   0.85173    8.735
 5577.00    0.87031   0.85300    8.735
 5578.00    0.87031   0.85446    8.735
 5579.00    0.80094   0.85565    8.735
 5580.00    0.77647   0.85617    8.735
 5581.00    0.77183   0.85624    8.735
 5582.00    0.76177   0.85550    8.735
 5583.00    0.76177   0.85353    8.735
 5584.00    0.92974   0.85083    8.735
 5585.00    0.95016   0.84733    8.735
 5586.00    0.89159   0.84304    8.735
 5587.00    0.82482   0.83868    8.735
 5588.00    0.81986   0.83458    8.735
 5589.00    0.70951   0.83110    8.735
 5590.00    0.70951   0.82860    8.735
 5591.00    0.81773   0.82738    8.735
 5592.00    0.88429   0.82738    8.735
 5593.00    0.86437   0.82823    8.735
 5594.00    0.78228   0.82991    8.735
 5595.00    0.78228   0.83169    8.735
 5596.00    0.69287   0.83329    8.735
 5597.00    0.66631   0.83480    8.735
 5598.00    0.68947   0.83534    8.735
 5599.00    0.73310   0.83556    8.735
 5600.00    0.73310   0.83585    8.735
 5601.00    0.91490   0.83573    8.735
 5602.00    0.93010   0.83631    8.735
 5603.00    0.80976   0.83785    8.735
 5604.00    0.68894   0.84001    8.735
 5605.00    0.68952   0.84340    8.735
 5606.00    0.69664   0.84750    8.735
 5607.00    0.69664   0.85176    8.735
 5608.00    0.88258   0.85617    8.735
 5609.00    0.98253   0.85982    8.735
 5610.00    0.98101   0.86227    8.735
 5611.00    0.97583   0.86366    8.735
 5612.00    0.97583   0.86346    8.735
 5613.00    0.86084   0.86172    8.735
 5614.00    0.83258   0.85938    8.735
 5615.00    0.66089   0.85608    8.735
 5616.00    0.37887   0.85256   -1.000
 5617.00    0.37887   0.84988   -1.000
 5618.00    1.05541   0.84748    8.735
 5619.00    1.08796   0.84603    8.735
 5620.00    0.89964   0.84561    8.735
 5621.00    0.73283   0.84552    8.735
 5622.00    0.69449   0.84600    8.735
 5623.00    0.37262   0.84654   -1.000
 5624.00    0.37262   0.84703   -1.000
 5625.00    0.59946   0.84766    8.735
 5626.00    0.70517   0.84825    8.735
 5627.00    0.75995   0.84922    8.735
 5628.00    0.91767   0.85041    8.735
 5629.00    0.91767   0.85179    8.735
 5630.00    1.03898   0.85346    8.735
 5631.00    1.06313   0.85492    8.735
 5632.00    0.97094   0.85605    8.735
 5633.00    0.83836   0.85668    8.735
 5634.00    0.83836   0.85668    8.735
 5635.00    0.99474   0.85603    8.735
 5636.00    0.99699   0.85485    8.735
 5637.00    0.81444   0.85335    8.735
 5638.00    0.67190   0.85157    8.735
 5639.00    0.61591   0.84993    8.735
 5640.00    0.26528   0.84851   -1.000
 5641.00    0.26528   0.84728   -1.000
 5642.00    0.77600   0.84657    8.735
 5643.00    0.98071   0.84636    8.735
 5644.00    1.05846   0.84644    8.735
 5645.00    1.24877   0.84693   -1.000
 5646.00    1.24877   0.84778   -1.000
 5647.00    0.94961   0.84861    8.735
 5648.00    0.90321   0.84956    8.735
 5649.00    0.93997   0.85045    8.735
 5650.00    0.98649   0.85094    8.735
 5651.00    0.98234   0.85122    8.735
 5652.00    0.75049   0.85094    8.735
 5653.00    0.75049   0.85011    8.735
 5654.00    0.77530   0.84869    8.735
 5655.00    0.79227   0.84645    8.735
 5656.00    0.79217   0.84392    8.735
 5657.00    0.79169   0.84108    8.735
 5658.00    0.79169   0.83803    8.735
 5659.00    0.98588   0.83545    8.735
 5660.00    1.05230   0.83343    8.735
 5661.00    1.03405   0.83226    8.735
 5662.00    0.99549   0.83201    8.735
 5663.00    0.99549   0.83249    8.735
 5664.00    1.16342   0.83385    8.735
 5665.00    1.18261   0.83562   -1.000
 5666.00    0.97306   0.83755    8.735
 5667.00    0.73972   0.83970    8.735
 5668.00    0.73506   0.84172    8.735
 5669.00    0.64421   0.84372    8.735
 5670.00    0.64421   0.84574    8.735
 5671.00    0.86010   0.84765    8.735
 5672.00    0.98964   0.84963    8.735
 5673.00    0.98287   0.85160    8.735
 5674.00    0.95600   0.85338    8.735
 5675.00    0.95600   0.85498    8.735
 5676.00    0.92051   0.85612    8.735
 5677.00    0.91032   0.85672    8.735
 5678.00    0.88029   0.85676    8.735
 5679.00    0.82513   0.85603    8.735
 5680.00    0.82513   0.85469    8.735
 5681.00    0.71391   0.85290    8.735
 5682.00    0.70537   0.85081    8.735
 5683.00    0.73840   0.84852    8.735
 5684.00    0.77079   0.84629    8.735
 5685.00    0.75302   0.84455    8.735
 5686.00    0.55023   0.84315    8.735
 5687.00    0.55023   0.84237    8.735
 5688.00    0.50225   0.84234    8.735
 5689.00    0.47712   0.84287   -1.000
 5690.00    0.57931   0.84408    8.735
 5691.00    0.91680   0.84566    8.735
 5692.00    0.91680   0.84755    8.735
 5693.00    1.15851   0.84943    8.735
 5694.00    1.21573   0.85104   -1.000
 5695.00    1.10116   0.85231    8.735
 5696.00    0.91759   0.85276    8.735
 5697.00    0.91759   0.85267    8.735
 5698.00    0.84542   0.85188    8.735
 5699.00    0.84241   0.85032    8.735
 5700.00    0.82354   0.84860    8.735
 5701.00    0.80722   0.84647    8.735
 5702.00    0.78274   0.84412    8.735
 5703.00    0.58929   0.84189    8.735
 5704.00    0.58929   0.83949    8.735
 5705.00    0.82448   0.83718    8.735
 5706.00    0.93114   0.83477    8.735
 5707.00    0.95780   0.83238    8.735
 5708.00    1.03226   0.83040    8.735
 5709.00    1.03226   0.82852    8.735
 5710.00    0.84241   0.82744    8.735
 5711.00    0.80620   0.82744    8.735
 5712.00    0.71572   0.82811    8.735
 5713.00    0.58869   0.83009    8.735
 5714.00    0.58869   0.83317    8.735
 5715.00    0.79554   0.83666    8.735
 5716.00    0.79727   0.84078    8.735
 5717.00    0.80916   0.84516    8.735
 5718.00    0.81823   0.84918    8.735
 5719.00    0.84511   0.85297    8.735
 5720.00    1.00547   0.85635    8.735
 5721.00    1.00547   0.85906    8.735
 5722.00    0.81554   0.86124    8.735
 5723.00    0.74158   0.86273    8.735
 5724.00    0.87490   0.86360    8.735
 5725.00    1.19289   0.86397    8.735
 5726.00    1.19289   0.86374    8.735
 5727.00    0.69511   0.86326    8.735
 5728.00    0.62145   0.86250    8.735
 5729.00    0.76452   0.86173    8.735
 5730.00    0.94133   0.86123    8.735
 5731.00    0.93823   0.86082    8.735
 5732.00    0.80915   0.86082    8.735
 5733.00    0.80915   0.86107    8.735
 5734.00    0.84858   0.86162    8.735
 5735.00    0.87496   0.86234    8.735
 5736.00    0.83529   0.86294    8.735
 5737.00    0.64805   0.86368    8.735
 5738.00    0.64805   0.86422    8.735
 5739.00    0.88733   0.86455    8.735
 5740.00    0.96667   0.86482    8.735
 5741.00    0.94449   0.86494    8.735
 5742.00    0.89885   0.86502    8.735
 5743.00    0.89885   0.86500    8.735
 5744.00    1.10903   0.86502    8.735
 5745.00    1.13165   0.86492    8.735
 5746.00    1.24623   0.86476   -1.000
 5747.00    1.37110   0.86457   -1.000
 5748.00    1.33063   0.86393   -1.000
 5749.00    0.63103   0.86330    8.735
 5750.00    0.63103   0.86245    8.735
 5751.00    0.94247   0.86133    8.735
 5752.00    1.12471   0.86040    8.735
 5753.00    1.05989   0.85936    8.735
 5754.00    0.81087   0.85867    8.735
 5755.00    0.81087   0.85832    8.735
 5756.00    0.79039   0.85818    8.735
 5757.00    0.78469   0.85836    8.735
 5758.00    0.90706   0.85858    8.735
 5759.00    1.12612   0.85876    8.735
 5760.00    1.12612   0.85883    8.735
 5761.00    0.82702   0.85880    8.735
 5762.00    0.80608   0.85874    8.735
 5763.00    0.86300   0.85877    8.735
 5764.00    0.91764   0.85904    8.735
 5765.00    0.90253   0.85983    8.735
