 3408.00    0.33201   0.39236   13.217
 3409.00    0.38554   0.39021   13.217
 3410.00    0.38554   0.38952   13.217
 3411.00    0.36873   0.38916   13.217
 3412.00    0.36001   0.38795   13.217
 3413.00    0.35788   0.38563   13.217
 3414.00    0.34215   0.38346   13.217
 3415.00    0.34215   0.38369   13.217
 3416.00    0.40474   0.38820   13.217
 3417.00    0.45005   0.39721   13.217
 3418.00    0.44906   0.40902   13.217
 3419.00    0.42590   0.42068   13.217
 3420.00    0.42590   0.42922   13.217
 3421.00    0.43203   0.43282   13.217
 3422.00    0.43810   0.43151   13.217
 3423.00    0.43810   0.42709   13.217
 3424.00    0.41264   0.42234   13.217
 3425.00    0.41167   0.41981   13.217
 3426.00    0.38798   0.42079   13.217
 3427.00    0.35584   0.42523   13.217
 3428.00    0.35584   0.43185   13.217
 3429.00    0.42282   0.43861   13.217
 3430.00    0.43150   0.44318   13.217
 3431.00    0.41234   0.44381   13.217
 3432.00    0.37620   0.44027   13.217
 3433.00    0.37620   0.43409   13.217
 3434.00    0.32777   0.42731   13.217
 3435.00    0.31623   0.42097   13.217
 3436.00    0.32942   0.41431   13.217
 3437.00    0.36534   0.40541   13.217
 3438.00    0.36534   0.39281   13.217
 3439.00    0.39799   0.37660   13.217
 3440.00    0.41010   0.35871   13.217
 3441.00    0.40755   0.34226   13.217
 3442.00    0.39673   0.33052   13.217
 3443.00    0.39673   0.32569   13.217
 3444.00    0.38100   0.32844   13.217
 3445.00    0.37258   0.33785   13.217
 3446.00    0.36483   0.35203   13.217
 3447.00    0.30386   0.36864   13.217
 3448.00    0.30386   0.38528   13.217
 3449.00    0.43172   0.39959   13.217
 3450.00    0.52672   0.40979   13.217
 3451.00    0.52388   0.41501   13.217
 3452.00    0.44482   0.41570   13.217
 3453.00    0.44482   0.41338   13.217
 3454.00    0.39884   0.40978   13.217
 3455.00    0.35209   0.40563   13.217
 3456.00    0.35209   0.40048   13.217
 3457.00    0.31029   0.39355   13.217
 3458.00    0.30841   0.38488   13.217
 3459.00    0.37480   0.37588   13.217
 3460.00    0.46724   0.36876   13.217
 3461.00    0.46724   0.36559   13.217
 3462.00    0.53331   0.36702   13.217
 3463.00    0.54241   0.37239   13.217
 3464.00    0.51361   0.37995   13.217
 3465.00    0.45773   0.38796   13.217
 3466.00    0.45773   0.39539   13.217
 3467.00    0.39771   0.40219   13.217
 3468.00    0.38281   0.40846   13.217
 3469.00    0.38899   0.41360   13.217
 3470.00    0.40641   0.41611   13.217
 3471.00    0.40641   0.41428   13.217
 3472.00    0.39260   0.40727   13.217
 3473.00    0.38732   0.39589   13.217
 3474.00    0.39211   0.38259   13.217
 3475.00    0.41338   0.37075   13.217
 3476.00    0.41338   0.36356   13.217
 3477.00    0.44914   0.36268   13.217
 3478.00    0.46880   0.36769   13.217
 3479.00    0.46438   0.37625   13.217
 3480.00    0.42728   0.38526   13.217
 3481.00    0.42728   0.39224   13.217
 3482.00    0.37765   0.39629   13.217
 3483.00    0.33981   0.39810   13.217
 3484.00    0.33984   0.39910   13.217
 3485.00    0.34076   0.40039   13.217
 3486.00    0.34076   0.40187   13.217
 3487.00    0.39495   0.40233   13.217
 3488.00    0.45145   0.40025   13.217
 3489.00    0.45145   0.39504   13.217
 3490.00    0.34370   0.38767   13.217
 3491.00    0.33808   0.38015   13.217
 3492.00    0.36198   0.37441   13.217
 3493.00    0.39614   0.37126   13.217
 3494.00    0.39614   0.37041   13.217
 3495.00    0.35318   0.37133   13.217
 3496.00    0.34690   0.37413   13.217
 3497.00    0.37529   0.37959   13.217
 3498.00    0.43202   0.38851   13.217
 3499.00    0.43202   0.40070   13.217
 3500.00    0.39701   0.41465   13.217
 3501.00    0.38796   0.42806   13.217
 3502.00    0.40231   0.43877   13.217
 3503.00    0.44404   0.44555   13.217
 3504.00    0.44404   0.44828   13.217
 3505.00    0.40612   0.44750   13.217
 3506.00    0.39113   0.44401   13.217
 3507.00    0.38899   0.43866   13.217
 3508.00    0.37910   0.43205   13.217
 3509.00    0.37910   0.42456   13.217
 3510.00    0.37628   0.41645   13.217
 3511.00    0.37469   0.40824   13.217
 3512.00    0.37850   0.40101   13.217
 3513.00    0.41285   0.39634   13.217
 3514.00    0.41285   0.39576   13.217
 3515.00    0.38231   0.40003   13.217
 3516.00    0.35842   0.40842   13.217
 3517.00    0.36032   0.41857   13.217
 3518.00    0.44494   0.42704   13.217
 3519.00    0.44494   0.43060   13.217
 3520.00    0.42265   0.42751   13.217
 3521.00    0.39879   0.41818   13.217
 3522.00    0.39879   0.40483   13.217
 3523.00    0.28760   0.39065   13.217
 3524.00    0.28102   0.37886   13.217
 3525.00    0.27825   0.37210   13.217
 3526.00    0.27418   0.37190   13.217
 3527.00    0.27418   0.37829   13.217
 3528.00    0.41916   0.38966   13.217
 3529.00    0.44156   0.40327   13.217
 3530.00    0.42183   0.41623   13.217
 3531.00    0.38124   0.42669   13.217
 3532.00    0.38124   0.43433   13.217
 3533.00    0.34054   0.44003   13.217
 3534.00    0.32961   0.44504   13.217
 3535.00    0.34975   0.45022   13.217
 3536.00    0.41033   0.45580   13.217
 3537.00    0.41033   0.46147   13.217
 3538.00    0.44787   0.46672   13.217
 3539.00    0.46317   0.47104   13.217
 3540.00    0.47699   0.47409   13.217
 3541.00    0.54383   0.47589   13.217
 3542.00    0.54383   0.47688   13.217
 3543.00    0.50576   0.47761   13.217
 3544.00    0.48362   0.47843   13.217
 3545.00    0.47523   0.47920   13.217
 3546.00    0.39381   0.47949   13.217
 3547.00    0.39381   0.47891   13.217
 3548.00    0.36413   0.47736   13.217
 3549.00    0.34030   0.47487   13.217
 3550.00    0.34145   0.47150   13.217
 3551.00    0.41402   0.46719   13.217
 3552.00    0.41402   0.46206   13.217
 3553.00    0.40678   0.45656   13.217
 3554.00    0.39883   0.45147   13.217
 3555.00    0.39883   0.44758   13.217
 3556.00    0.39529   0.44525   13.217
 3557.00    0.39505   0.44438   13.217
 3558.00    0.37505   0.44461   13.217
 3559.00    0.34491   0.44551   13.217
 3560.00    0.34491   0.44655   13.217
 3561.00    0.45443   0.44677   13.217
 3562.00    0.47228   0.44474   13.217
 3563.00    0.42862   0.43895   13.217
 3564.00    0.33619   0.42870   13.217
 3565.00    0.33619   0.41475   13.217
 3566.00    0.35038   0.39916   13.217
 3567.00    0.35435   0.38442   13.217
 3568.00    0.33210   0.37244   13.217
 3569.00    0.26277   0.36414   13.217
 3570.00    0.26277   0.35969   13.217
 3571.00    0.29893   0.35885   13.217
 3572.00    0.31412   0.36115   13.217
 3573.00    0.32280   0.36571   13.217
 3574.00    0.36670   0.37110   13.217
 3575.00    0.36670   0.37555   13.217
 3576.00    0.37056   0.37732   13.217
 3577.00    0.37286   0.37518   13.217
 3578.00    0.36570   0.36876   13.217
 3579.00    0.29072   0.35870   13.217
 3580.00    0.29072   0.34658   13.217
 3581.00    0.29231   0.33434   13.217
 3582.00    0.29362   0.32367   13.217
 3583.00    0.29391   0.31551   13.217
 3584.00    0.32514   0.31015   13.217
 3585.00    0.32514   0.30767   13.217
 3586.00    0.32870   0.30845   13.217
 3587.00    0.33271   0.31323   13.217
 3588.00    0.33271   0.32263   13.217
 3589.00    0.42573   0.33651   13.217
 3590.00    0.43261   0.35372   13.217
 3591.00    0.41120   0.37238   13.217
 3592.00    0.37805   0.39067   13.217
 3593.00    0.37805   0.40751   13.217
 3594.00    0.47075   0.42279   13.217
 3595.00    0.48666   0.43694   13.217
 3596.00    0.52436   0.45025   13.217
 3597.00    0.60655   0.46227   13.217
 3598.00    0.60655   0.47182   13.217
 3599.00    0.45441   0.47733   13.217
 3600.00    0.41034   0.47746   13.217
 3601.00    0.41206   0.47172   13.217
 3602.00    0.41764   0.46086   13.217
 3603.00    0.41764   0.44672   13.217
 3604.00    0.46790   0.43168   13.217
 3605.00    0.48967   0.41782   13.217
 3606.00    0.48036   0.40633   13.217
 3607.00    0.43102   0.39758   13.217
 3608.00    0.43102   0.39163   13.217
 3609.00    0.41862   0.38870   13.217
 3610.00    0.41100   0.38922   13.217
 3611.00    0.41307   0.39337   13.217
 3612.00    0.43666   0.40060   13.217
 3613.00    0.43666   0.40941   13.217
 3614.00    0.38061   0.41764   13.217
 3615.00    0.33319   0.42299   13.217
 3616.00    0.33336   0.42389   13.217
 3617.00    0.39189   0.42038   13.217
 3618.00    0.39189   0.41444   13.217
 3619.00    0.48484   0.40961   13.217
 3620.00    0.59228   0.40955   13.217
 3621.00    0.59228   0.41657   13.217
 3622.00    0.60857   0.43076   13.217
 3623.00    0.60989   0.45025   13.217
 3624.00    0.53354   0.47215   13.217
 3625.00    0.41207   0.49318   13.217
 3626.00    0.41207   0.51008   13.217
 3627.00    0.44044   0.51974   13.217
 3628.00    0.44556   0.51985   13.217
 3629.00    0.39778   0.50994   13.217
 3630.00    0.29048   0.49215   13.217
 3631.00    0.29048   0.47108   13.217
 3632.00    0.23089   0.45234   13.217
 3633.00    0.21299   0.44053   -1.000
 3634.00    0.25291   0.43785   13.217
 3635.00    0.38635   0.44379   13.217
 3636.00    0.38635   0.45596   13.217
 3637.00    0.42591   0.47128   13.217
 3638.00    0.44358   0.48675   13.217
 3639.00    0.45030   0.49976   13.217
 3640.00    0.48769   0.50819   13.217
 3641.00    0.48769   0.51069   13.217
 3642.00    0.43698   0.50691   13.217
 3643.00    0.40500   0.49772   13.217
 3644.00    0.40145   0.48498   13.217
 3645.00    0.35720   0.47104   13.217
 3646.00    0.35720   0.45831   13.217
 3647.00    0.41554   0.44897   13.217
 3648.00    0.46616   0.44482   13.217
 3649.00    0.46616   0.44702   13.217
 3650.00    0.57223   0.45583   13.217
 3651.00    0.57259   0.47029   13.217
 3652.00    0.55913   0.48847   13.217
 3653.00    0.54318   0.50800   13.217
 3654.00    0.54318   0.52682   13.217
 3655.00    0.63912   0.54367   13.217
 3656.00    0.64764   0.55807   13.217
 3657.00    0.66270   0.56986   13.217
 3658.00    0.68732   0.57884   13.217
 3659.00    0.68732   0.58458   13.217
 3660.00    0.57410   0.58670   13.217
 3661.00    0.55263   0.58522   13.217
 3662.00    0.55214   0.58082   13.217
 3663.00    0.55102   0.57463   13.217
 3664.00    0.55102   0.56786   13.217
 3665.00    0.45772   0.56132   13.217
 3666.00    0.42869   0.55532   13.217
 3667.00    0.43660   0.54993   13.217
 3668.00    0.46408   0.54544   13.217
 3669.00    0.46408   0.54254   13.217
 3670.00    0.46275   0.54197   13.217
 3671.00    0.46213   0.54391   13.217
 3672.00    0.46478   0.54747   13.217
 3673.00    0.48027   0.55077   13.217
 3674.00    0.48027   0.55158   13.217
 3675.00    0.46352   0.54822   13.217
 3676.00    0.45267   0.54026   13.217
 3677.00    0.45501   0.52876   13.217
 3678.00    0.48716   0.51595   13.217
 3679.00    0.48716   0.50446   13.217
 3680.00    0.47512   0.49633   13.217
 3681.00    0.46439   0.49220   13.217
 3682.00    0.46439   0.49107   13.217
 3683.00    0.44965   0.49089   13.217
 3684.00    0.44950   0.48970   13.217
 3685.00    0.39445   0.48679   13.217
 3686.00    0.32749   0.48327   13.217
 3687.00    0.32749   0.48159   13.217
 3688.00    0.43343   0.48421   13.217
 3689.00    0.44364   0.49223   13.217
 3690.00    0.46475   0.50464   13.217
 3691.00    0.50023   0.51872   13.217
 3692.00    0.50023   0.53133   13.217
 3693.00    0.52333   0.54042   13.217
 3694.00    0.52792   0.54579   13.217
 3695.00    0.52005   0.54897   13.217
 3696.00    0.50125   0.55215   13.217
 3697.00    0.50125   0.55687   13.217
 3698.00    0.49507   0.56306   13.217
 3699.00    0.49308   0.56877   13.217
 3700.00    0.47763   0.57084   13.217
 3701.00    0.42198   0.56615   13.217
 3702.00    0.42198   0.55305   13.217
 3703.00    0.36593   0.53235   13.217
 3704.00    0.33937   0.50724   13.217
 3705.00    0.35597   0.48231   13.217
 3706.00    0.45841   0.46208   13.217
 3707.00    0.45841   0.44972   13.217
 3708.00    0.47623   0.44654   13.217
 3709.00    0.48807   0.45218   13.217
 3710.00    0.49219   0.46524   13.217
 3711.00    0.55497   0.48366   13.217
 3712.00    0.55497   0.50482   13.217
 3713.00    0.57777   0.52560   13.217
 3714.00    0.59861   0.54241   13.217
 3715.00    0.59861   0.55176   13.217
 3716.00    0.52406   0.55098   13.217
 3717.00    0.52282   0.53905   13.217
 3718.00    0.48810   0.51729    0.000
 3719.00    0.44476   0.48952    0.000
 3720.00    0.44476   0.46149    0.000
 3721.00    0.45628   0.43946    0.000
 3722.00    0.45748   0.42821    0.000
 3723.00    0.44535   0.42947    0.000
 3724.00    0.42439   0.44132    0.000
 3725.00    0.42439   0.45924    0.000
 3726.00    0.45757   0.47783    0.000
 3727.00    0.46447   0.49255    0.000
 3728.00    0.47457   0.50044    0.000
 3729.00    0.49946   0.49996    0.000
 3730.00    0.49946   0.49050    0.000
 3731.00    0.41893   0.47246    0.000
 3732.00    0.39209   0.44764    0.000
 3733.00    0.37024   0.41973    0.000
 3734.00    0.28852   0.39407    0.000
 3735.00    0.28852   0.37640    0.000
 3736.00    0.36666   0.37113    0.000
 3737.00    0.40482   0.37975    0.000
 3738.00    0.40523   0.40023   13.217
 3739.00    0.40795   0.42743   13.217
 3740.00    0.40795   0.45465   13.217
 3741.00    0.38848   0.47555   13.217
 3742.00    0.37519   0.48585   13.217
 3743.00    0.37896   0.48421   13.217
 3744.00    0.44351   0.47194   13.217
 3745.00    0.44351   0.45218   13.217
 3746.00    0.41261   0.42896   13.217
 3747.00    0.38364   0.40658   13.217
 3748.00    0.38364   0.38934   13.217
 3749.00    0.33433   0.38112   13.217
 3750.00    0.33318   0.38464   13.217
 3751.00    0.37719   0.40061   13.217
 3752.00    0.43355   0.42701   13.217
 3753.00    0.43355   0.45907   13.217
 3754.00    0.41344   0.49048   13.217
 3755.00    0.41119   0.51529   13.217
 3756.00    0.39448   0.52985   13.217
 3757.00    0.36481   0.53393   13.217
 3758.00    0.36481   0.53026   13.217
 3759.00    0.53838   0.52310   13.217
 3760.00    0.57614   0.51622   13.217
 3761.00    0.55040   0.51167   13.217
 3762.00    0.48501   0.50937   13.217
 3763.00    0.48501   0.50789   13.217
 3764.00    0.44889   0.50554   13.217
 3765.00    0.43643   0.50136   13.217
 3766.00    0.45471   0.49538   13.217
 3767.00    0.52579   0.48864   13.217
 3768.00    0.52579   0.48277   13.217
 3769.00    0.50400   0.47974   13.217
 3770.00    0.49305   0.48112   13.217
 3771.00    0.49242   0.48779   13.217
 3772.00    0.48806   0.49957   13.217
 3773.00    0.48806   0.51546   13.217
 3774.00    0.55487   0.53401   13.217
 3775.00    0.60170   0.55390   13.217
 3776.00    0.60839   0.57427   13.217
 3777.00    0.73878   0.59471   13.217
 3778.00    0.73878   0.61499   13.217
 3779.00    0.71302   0.63461   13.217
 3780.00    0.68825   0.65259   13.217
 3781.00    0.68825   0.66747   13.217
 3782.00    0.65732   0.67742   13.217
 3783.00    0.65639   0.68062   13.217
 3784.00    0.65127   0.67593   13.217
 3785.00    0.64454   0.66344   13.217
 3786.00    0.64454   0.64467   13.217
 3787.00    0.68601   0.62243   13.217
 3788.00    0.69098   0.59988   13.217
 3789.00    0.67181   0.57949   13.217
 3790.00    0.63685   0.56216   13.217
 3791.00    0.63685   0.54700   13.217
 3792.00    0.54885   0.53215   13.217
 3793.00    0.52886   0.51575   13.217
 3794.00    0.52000   0.49697   13.217
 3795.00    0.49676   0.47648   13.217
 3796.00    0.49676   0.45660    0.000
 3797.00    0.46473   0.44078    0.000
 3798.00    0.45332   0.43269    0.000
 3799.00    0.47230   0.43500    0.000
 3800.00    0.54907   0.44846    0.000
 3801.00    0.54907   0.47146    0.000
 3802.00    0.59617   0.50035    0.000
 3803.00    0.62053   0.53054   13.217
 3804.00    0.62831   0.55797   13.217
 3805.00    0.68530   0.58041   13.217
 3806.00    0.68530   0.59779   13.217
 3807.00    0.75630   0.61142   13.217
 3808.00    0.80744   0.62260   13.217
 3809.00    0.80405   0.63156   13.217
 3810.00    0.72761   0.63708   13.217
 3811.00    0.72761   0.63740   13.217
 3812.00    0.69041   0.63145   13.217
 3813.00    0.65372   0.61988   13.217
 3814.00    0.65372   0.60502   13.217
 3815.00    0.58073   0.58990   13.217
 3816.00    0.57804   0.57675   13.217
 3817.00    0.51874   0.56619   13.217
 3818.00    0.43869   0.55754   13.217
 3819.00    0.43869   0.54970   13.217
 3820.00    0.40096   0.54171   13.217
 3821.00    0.39614   0.53287   13.217
 3822.00    0.41827   0.52268   13.217
 3823.00    0.45980   0.51085   13.217
 3824.00    0.45980   0.49747   13.217
 3825.00    0.45231   0.48308   13.217
 3826.00    0.45054   0.46860   13.217
 3827.00    0.44579   0.45493   13.217
 3828.00    0.43292   0.44240   13.217
 3829.00    0.43292   0.43043   13.217
 3830.00    0.39894   0.41789   13.217
 3831.00    0.38642   0.40388   13.217
 3832.00    0.38755   0.38849   13.217
 3833.00    0.39230   0.37300    0.000
 3834.00    0.39230   0.35950    0.000
 3835.00    0.39730   0.35016    0.000
 3836.00    0.39996   0.34642    0.000
 3837.00    0.40551   0.34901    0.000
 3838.00    0.44879   0.35809    0.000
 3839.00    0.44879   0.37357    0.000
 3840.00    0.46398   0.39513    0.000
 3841.00    0.47520   0.42185    0.000
 3842.00    0.47630   0.45214   13.217
 3843.00    0.50579   0.48370   13.217
 3844.00    0.50579   0.51412   13.217
 3845.00    0.52003   0.54136   13.217
 3846.00    0.53444   0.56402   13.217
 3847.00    0.53444   0.58158   13.217
 3848.00    0.57097   0.59448   13.217
 3849.00    0.57257   0.60379   13.217
 3850.00    0.59166   0.61072   13.217
 3851.00    0.61810   0.61600   13.217
 3852.00    0.61810   0.61964   13.217
 3853.00    0.64657   0.62116   13.217
 3854.00    0.65045   0.62012   13.217
 3855.00    0.63764   0.61635   13.217
 3856.00    0.61292   0.61022   13.217
 3857.00    0.61292   0.60297   13.217
 3858.00    0.52297   0.59660   13.217
 3859.00    0.50080   0.59331   13.217
 3860.00    0.48130   0.59469   13.217
 3861.00    0.42671   0.60083   13.217
 3862.00    0.42671   0.61035    0.000
 3863.00    0.48427   0.62088    0.000
 3864.00    0.50617   0.63014    0.000
 3865.00    0.54535   0.63651    0.000
 3866.00    0.71736   0.63927    0.000
 3867.00    0.71736   0.63844    0.000
 3868.00    0.68225   0.63447    0.000
 3869.00    0.66306   0.62795    0.000
 3870.00    0.66222   0.62005    0.000
 3871.00    0.65524   0.61234    0.000
 3872.00    0.65524   0.60655   13.217
 3873.00    0.65289   0.60355   13.217
 3874.00    0.65111   0.60279   13.217
 3875.00    0.65062   0.60228   13.217
 3876.00    0.63455   0.60006   13.217
 3877.00    0.63455   0.59509   13.217
 3878.00    0.60073   0.58738   13.217
 3879.00    0.56563   0.57783   13.217
 3880.00    0.56563   0.56742   13.217
 3881.00    0.52678   0.55669   13.217
 3882.00    0.52480   0.54549    0.000
 3883.00    0.54261   0.53288    0.000
 3884.00    0.56795   0.51783    0.000
 3885.00    0.56795   0.50044    0.000
 3886.00    0.49659   0.48238    0.000
 3887.00    0.48628   0.46686    0.000
 3888.00    0.48968   0.45747    0.000
 3889.00    0.49645   0.45713    0.000
 3890.00    0.49645   0.46672    0.000
 3891.00    0.59333   0.48482    0.000
 3892.00    0.61818   0.50819   13.217
 3893.00    0.63844   0.53323   13.217
 3894.00    0.69705   0.55712   13.217
 3895.00    0.69705   0.57817   13.217
 3896.00    0.71614   0.59585   13.217
 3897.00    0.72364   0.61042   13.217
 3898.00    0.72962   0.62261   13.217
 3899.00    0.75709   0.63325   13.217
 3900.00    0.75709   0.64257   13.217
 3901.00    0.71330   0.65038   13.217
 3902.00    0.68868   0.65650   13.217
 3903.00    0.68774   0.66120   13.217
 3904.00    0.67939   0.66560   13.217
 3905.00    0.67939   0.67142   13.217
 3906.00    0.66969   0.68047   13.217
 3907.00    0.66213   0.69363   13.217
 3908.00    0.66347   0.71044   13.217
 3909.00    0.71992   0.72919   13.217
 3910.00    0.71992   0.74750   13.217
 3911.00    0.77330   0.76288   13.217
 3912.00    0.83013   0.77359   13.217
 3913.00    0.83013   0.77884   13.217
 3914.00    0.84983   0.77879   13.217
 3915.00    0.85097   0.77415   13.217
 3916.00    0.85340   0.76580   13.217
 3917.00    0.85694   0.75470   13.217
 3918.00    0.85694   0.74181   13.217
 3919.00    0.82279   0.72837   13.217
 3920.00    0.81757   0.71560   13.217
 3921.00    0.79027   0.70458   13.217
 3922.00    0.73444   0.69526   13.217
 3923.00    0.73444   0.68639   13.217
 3924.00    0.75298   0.67573   13.217
 3925.00    0.75792   0.66052   13.217
 3926.00    0.71716   0.63853   13.217
 3927.00    0.59520   0.60858   13.217
 3928.00    0.59520   0.57094   13.217
 3929.00    0.53284   0.52726   13.217
 3930.00    0.50754   0.48028   13.217
 3931.00    0.49171   0.43390   13.217
 3932.00    0.41585   0.39305   13.217
 3933.00    0.41585   0.36276   13.217
 3934.00    0.29796   0.34719   13.217
 3935.00    0.22984   0.34865   13.217
 3936.00    0.23983   0.36679   13.217
 3937.00    0.33529   0.39877   13.217
 3938.00    0.33529   0.43969   13.217
 3939.00    0.41035   0.48392   13.217
 3940.00    0.47038   0.52625   13.217
 3941.00    0.47280   0.56293   13.217
 3942.00    0.61407   0.59268   13.217
 3943.00    0.61407   0.61634   13.217
 3944.00    0.59634   0.63573   13.217
 3945.00    0.57696   0.65271   13.217
 3946.00    0.57696   0.66831   13.217
 3947.00    0.65235   0.68304   13.217
 3948.00    0.65725   0.69703   13.217
 3949.00    0.68869   0.70988   13.217
 3950.00    0.73586   0.72084   13.217
 3951.00    0.73586   0.72957   13.217
 3952.00    0.67061   0.73593   13.217
 3953.00    0.66006   0.73960   13.217
 3954.00    0.69076   0.74004   13.217
 3955.00    0.75540   0.73680   13.217
 3956.00    0.75540   0.72984   13.217
 3957.00    0.77547   0.71892   13.217
 3958.00    0.78103   0.70316   13.217
 3959.00    0.74127   0.68127   13.217
 3960.00    0.61817   0.65302   13.217
 3961.00    0.61817   0.61889    0.000
 3962.00    0.56686   0.58009    0.000
 3963.00    0.54539   0.53792    0.000
 3964.00    0.51950   0.49335    0.000
 3965.00    0.38967   0.44787    0.000
 3966.00    0.38967   0.40379    0.000
 3967.00    0.35926   0.36449    0.000
 3968.00    0.34120   0.33401    0.000
 3969.00    0.33701   0.31628    0.000
 3970.00    0.29379   0.31376    0.000
 3971.00    0.29379   0.32721    0.000
 3972.00    0.34864   0.35531    0.000
 3973.00    0.39365   0.39509    0.000
 3974.00    0.39495   0.44273    0.000
 3975.00    0.52016   0.49440   13.217
 3976.00    0.52016   0.54693   13.217
 3977.00    0.63873   0.59776   13.217
 3978.00    0.77166   0.64486   13.217
 3979.00    0.77166   0.68637   13.217
 3980.00    0.79482   0.72124   13.217
 3981.00    0.79649   0.74913   13.217
 3982.00    0.81881   0.77094   13.217
 3983.00    0.85322   0.78833   13.217
 3984.00    0.85322   0.80313   13.217
 3985.00    0.84937   0.81699   13.217
 3986.00    0.84871   0.83099   13.217
 3987.00    0.88341   0.84520   13.217
 3988.00    0.95863   0.85931   13.217
 3989.00    0.95863   0.87289   13.217
 3990.00    0.99327   0.88557   13.217
 3991.00    1.00322   0.89696   13.217
 3992.00    1.02785   0.90632   13.217
 3993.00    1.10677   0.91293   13.217
 3994.00    1.10677   0.91634   13.217
 3995.00    1.00393   0.91707   13.217
 3996.00    0.95959   0.91673   13.217
 3997.00    0.95563   0.91735   13.217
 3998.00    0.93481   0.92060   13.217
 3999.00    0.93481   0.92669   13.217
 4000.00    0.98320   0.93448   13.217
 4001.00    1.01275   0.94169   13.217
 4002.00    1.00943   0.94587   13.217
 4003.00    0.97229   0.94535   13.217
 4004.00    0.97229   0.94092   13.217
 4005.00    0.93311   0.93544   13.217
 4006.00    0.90014   0.93248   13.217
 4007.00    0.90031   0.93436   13.217
 4008.00    0.94554   0.94140   13.217
 4009.00    0.94554   0.95257   13.217
 4010.00    0.95387   0.96604   13.217
 4011.00    0.96344   0.97967   13.217
 4012.00    0.96344   0.99199   13.217
 4013.00    1.03105   1.00232   13.217
 4014.00    1.03643   1.01044   13.217
 4015.00    1.02834   1.01673   13.217
 4016.00    1.01552   1.02187   13.217
 4017.00    1.01552   1.02658   13.217
 4018.00    0.97677   1.03119   13.217
 4019.00    0.96983   1.03543   13.217
 4020.00    0.98342   1.03856   13.217
 4021.00    1.01381   1.04007   13.217
 4022.00    1.01381   1.03975   13.217
 4023.00    1.00000   1.03800   13.217
 4024.00    0.99588   1.03577    0.000
 4025.00    0.97340   1.03382    0.000
 4026.00    0.89873   1.03172    0.000
 4027.00    0.89873   1.02757    0.000
 4028.00    0.92921   1.01887    0.000
 4029.00    0.94274   1.00443    0.000
 4030.00    0.93670   0.98529    0.000
 4031.00    0.90333   0.96477   13.217
 4032.00    0.90333   0.94727   13.217
 4033.00    0.94394   0.93712   13.217
 4034.00    0.96941   0.93746   13.217
 4035.00    0.97491   0.94879   13.217
 4036.00    1.04212   0.96862   13.217
 4037.00    1.04212   0.99216   13.217
 4038.00    1.00868   1.01400   13.217
 4039.00    0.97980   1.02959   13.217
 4040.00    0.97980   1.03645   13.217
 4041.00    1.07516   1.03333   13.217
 4042.00    1.07539   1.02019   13.217
 4043.00    1.06787   0.99919   13.217
 4044.00    1.05900   0.97499   13.217
 4045.00    1.05900   0.95427   13.217
 4046.00    0.98183   0.94262   13.217
 4047.00    0.97509   0.94240   13.217
 4048.00    0.98024   0.95252   13.217
 4049.00    0.98861   0.96914   13.217
 4050.00    0.98861   0.98730   13.217
 4051.00    1.03380   1.00203   13.217
 4052.00    1.04229   1.01008   13.217
 4053.00    1.04457   1.01067   13.217
 4054.00    1.04983   1.00497   13.217
 4055.00    1.04983   0.99537   13.217
 4056.00    1.04646   0.98456   13.217
 4057.00    1.04542   0.97509   13.217
 4058.00    1.05024   0.96828   13.217
 4059.00    1.06683   0.96355   13.217
 4060.00    1.06683   0.95862   13.217
 4061.00    1.01677   0.95125   13.217
 4062.00    0.99386   0.94156   13.217
 4063.00    0.97797   0.93139   13.217
 4064.00    0.88574   0.92313   13.217
 4065.00    0.88574   0.91851   13.217
 4066.00    0.90626   0.91830   13.217
 4067.00    0.91948   0.92200    0.000
 4068.00    0.91868   0.92755    0.000
 4069.00    0.90794   0.93202    0.000
 4070.00    0.90794   0.93359    0.000
 4071.00    0.86967   0.93243   13.217
 4072.00    0.83577   0.92945   13.217
 4073.00    0.83577   0.92504   13.217
 4074.00    0.84014   0.91874   13.217
 4075.00    0.84018   0.91091   13.217
 4076.00    0.84281   0.90365   13.217
 4077.00    0.84600   0.89976   13.217
 4078.00    0.84600   0.90175   13.217
 4079.00    0.87341   0.91014   13.217
 4080.00    0.87601   0.92336   13.217
 4081.00    0.90944   0.93830   13.217
 4082.00    0.96528   0.95214   13.217
 4083.00    0.96528   0.96343   13.217
 4084.00    1.01680   0.97231   13.217
 4085.00    1.02694   0.97997   13.217
 4086.00    1.03567   0.98733   13.217
 4087.00    1.05639   0.99450   13.217
 4088.00    1.05639   1.00043   13.217
 4089.00    1.13072   1.00338   13.217
 4090.00    1.15450   1.00175   13.217
 4091.00    1.14491   0.99472   13.217
 4092.00    1.11061   0.98184   13.217
 4093.00    1.11061   0.96298   13.217
 4094.00    1.07171   0.93858   13.217
 4095.00    1.05338   0.90944    0.000
 4096.00    1.04745   0.87718    0.000
 4097.00    1.01120   0.84326    0.000
 4098.00    1.01120   0.80874    0.000
 4099.00    0.94536   0.77540    0.000
 4100.00    0.90176   0.74630    0.000
 4101.00    0.89598   0.72514    0.000
 4102.00    0.80929   0.71546    0.000
 4103.00    0.80929   0.71859    0.000
 4104.00    0.82316   0.73348    0.000
 4105.00    0.83577   0.75714    0.000
 4106.00    0.83577   0.78553    0.000
 4107.00    0.92221   0.81447    0.000
 4108.00    0.92354   0.84084   13.217
 4109.00    0.92622   0.86319   13.217
 4110.00    0.92955   0.88181   13.217
 4111.00    0.92955   0.89790   13.217
 4112.00    1.00577   0.91292   13.217
 4113.00    1.01357   0.92766   13.217
 4114.00    1.02186   0.94189   13.217
 4115.00    1.03608   0.95438   13.217
 4116.00    1.03608   0.96378   13.217
 4117.00    1.00966   0.96941   13.217
 4118.00    1.00422   0.97180   13.217
 4119.00    0.99789   0.97228   13.217
 4120.00    0.98240   0.97229   13.217
 4121.00    0.98240   0.97286   13.217
 4122.00    0.99269   0.97471   13.217
 4123.00    0.99611   0.97794   13.217
 4124.00    1.01553   0.98167   13.217
 4125.00    1.08779   0.98422   13.217
 4126.00    1.08779   0.98421   13.217
 4127.00    1.06964   0.98110   13.217
 4128.00    1.06083   0.97512   13.217
 4129.00    1.04450   0.96679   13.217
 4130.00    0.93924   0.95723   13.217
 4131.00    0.93924   0.94822   13.217
 4132.00    0.99679   0.94251   13.217
 4133.00    1.03593   0.94258   13.217
 4134.00    1.03190   0.94951   13.217
 4135.00    0.96483   0.96245   13.217
 4136.00    0.96483   0.97914   13.217
 4137.00    0.97035   0.99644   13.217
 4138.00    0.97550   1.01115   13.217
 4139.00    0.97550   1.02010   13.217
 4140.00    1.00143   1.02095   13.217
 4141.00    1.00200   1.01327   13.217
 4142.00    0.98116   0.99979   13.217
 4143.00    0.95457   0.98518   13.217
 4144.00    0.95457   0.97395   13.217
 4145.00    0.98476   0.96833   13.217
 4146.00    0.98810   0.96797   13.217
 4147.00    0.95160   0.97117   13.217
 4148.00    0.88709   0.97593   13.217
 4149.00    0.88709   0.98049   13.217
 4150.00    0.92146   0.98355   13.217
 4151.00    0.92886   0.98429   13.217
 4152.00    0.97147   0.98276   13.217
 4153.00    1.07907   0.97996   13.217
 4154.00    1.07907   0.97750   13.217
 4155.00    0.98254   0.97728   13.217
 4156.00    0.94944   0.98062   13.217
 4157.00    0.97898   0.98791   13.217
 4158.00    1.09282   0.99874   13.217
 4159.00    1.09282   1.01196   13.217
 4160.00    1.06588   1.02614   13.217
 4161.00    1.05242   1.03983   13.217
 4162.00    1.05090   1.05142   13.217
 4163.00    1.04050   1.05932   13.217
 4164.00    1.04050   1.06255   13.217
 4165.00    1.09137   1.06096   13.217
 4166.00    1.12689   1.05546   13.217
 4167.00    1.12259   1.04715   13.217
 4168.00    1.04059   1.03665   13.217
 4169.00    1.04059   1.02379   13.217
 4170.00    1.02956   1.00825   13.217
 4171.00    1.01899   0.99095   13.217
 4172.00    1.01899   0.97422   13.217
 4173.00    0.94060   0.96070   13.217
 4174.00    0.93835   0.95189   13.217
 4175.00    0.94497   0.94784   13.217
 4176.00    0.95362   0.94816   13.217
 4177.00    0.95362   0.95248   13.217
 4178.00    0.96489   0.96001   13.217
 4179.00    0.96622   0.96927   13.217
 4180.00    0.96702   0.97861   13.217
 4181.00    0.96847   0.98701   13.217
 4182.00    0.96847   0.99463   13.217
 4183.00    0.98137   1.00168   13.217
 4184.00    0.98427   1.00759   13.217
 4185.00    1.04028   1.01151   13.217
 4186.00    1.18623   1.01354   13.217
 4187.00    1.18623   1.01502   13.217
 4188.00    1.08827   1.01718   13.217
 4189.00    1.05354   1.02035   13.217
 4190.00    1.03418   1.02421   13.217
 4191.00    0.95633   1.02824   13.217
 4192.00    0.95633   1.03134   13.217
 4193.00    1.03295   1.03162   13.217
 4194.00    1.07239   1.02713   13.217
 4195.00    1.06773   1.01734   13.217
 4196.00    1.03407   1.00345   13.217
 4197.00    1.03407   0.98780   13.217
 4198.00    0.97284   0.97283   13.217
 4199.00    0.92896   0.96077   13.217
 4200.00    0.92816   0.95330   13.217
 4201.00    0.91040   0.95139   13.217
 4202.00    0.91040   0.95570   13.217
 4203.00    0.91040   0.96602   13.217
 4204.00    0.91040   0.98111   13.217
 4205.00    0.91040   0.99906   13.217
 4206.00    0.91040   1.01787   13.217
 4207.00    0.91040   1.03547   13.217
 4208.00    0.91040   1.05008   13.217
 4209.00    0.91040   1.06084   13.217
 4210.00    0.91040   1.06758   13.217
 4211.00    0.91040   1.07044   13.217
 4212.00    0.91040   1.06927   13.217
 4213.00    0.91040   1.06460   13.217
 4214.00    0.91040   1.05853   13.217
 4215.00    0.91040   1.05411   13.217
 4216.00    0.99679   1.05387   13.217
 4217.00    1.01711   1.05793   13.217
 4218.00    1.01711   1.06417   13.217
 4219.00    1.01711   1.06943   13.217
 4220.00    1.01711   1.07023   13.217
 4221.00    1.01711   1.06319   13.217
 4222.00    1.01711   1.04598   13.217
 4223.00    1.01711   1.01855   13.217
 4224.00    1.01711   0.98385   13.217
 4225.00    1.01711   0.94846   13.217
 4226.00    1.01711   0.92040   13.217
 4227.00    1.01711   0.90603   13.217
 4228.00    1.01711   0.90743   13.217
 4229.00    1.01711   0.92205   13.217
 4230.00    1.01711   0.94431   13.217
 4231.00    1.03031   0.96847   13.217
 4232.00    1.04001   0.98979   13.217
 4233.00    1.03935   1.00543   13.217
 4234.00    1.02219   1.01466   13.217
 4235.00    1.02219   1.01881   13.217
 4236.00    1.06224   1.02042   13.217
 4237.00    1.10261   1.02280   13.217
 4238.00    1.10261   1.02827   13.217
 4239.00    1.06877   1.03777   13.217
 4240.00    1.06733   1.05095   13.217
 4241.00    1.05462   1.06662   13.217
 4242.00    1.03710   1.08271   13.217
 4243.00    1.03710   1.09689   13.217
 4244.00    1.02850   1.10653   13.217
 4245.00    1.02734   1.10950   13.217
 4246.00    1.02548   1.10506   13.217
 4247.00    1.02192   1.09430   13.217
 4248.00    1.02192   1.07952   13.217
 4249.00    0.89410   1.06368   13.217
 4250.00    0.86289   1.04971   13.217
 4251.00    0.92591   1.03937   13.217
 4252.00    1.10101   1.03294   13.217
 4253.00    1.10101   1.02996   13.217
 4254.00    1.07719   1.03025   13.217
 4255.00    1.06818   1.03329   13.217
 4256.00    1.07097   1.03706   13.217
 4257.00    1.08315   1.03899   13.217
 4258.00    1.08315   1.03822   13.217
 4259.00    1.10629   1.03690   13.217
 4260.00    1.11890   1.03882   13.217
 4261.00    1.11899   1.04652   13.217
 4262.00    1.11979   1.05979   13.217
 4263.00    1.11979   1.07612   13.217
 4264.00    1.16341   1.09212   13.217
 4265.00    1.19634   1.10435   13.217
 4266.00    1.19615   1.10953   13.217
 4267.00    1.19013   1.10474   13.217
 4268.00    1.19013   1.08890   13.217
 4269.00    1.17709   1.06378   13.217
 4270.00    1.16361   1.03358   13.217
 4271.00    1.16361   1.00428   13.217
 4272.00    1.13228   0.98148   13.217
 4273.00    1.13074   0.96868   13.217
 4274.00    1.05136   0.96727   13.217
 4275.00    0.93902   0.97723   13.217
 4276.00    0.93902   0.99611   13.217
 4277.00    0.91787   1.01911   13.217
 4278.00    0.91485   1.04121   13.217
 4279.00    0.96764   1.05873   13.217
 4280.00    1.07200   1.07033   13.217
 4281.00    1.07200   1.07632   13.217
 4282.00    0.90945   1.07695   13.217
 4283.00    0.86801   1.07255   13.217
 4284.00    0.89786   1.06413   13.217
 4285.00    0.98357   1.05288   13.217
 4286.00    0.98357   1.03954   13.217
 4287.00    0.93956   1.02422   13.217
 4288.00    0.92238   1.00757   13.217
 4289.00    0.90624   0.99201   13.217
 4290.00    0.83276   0.98054   13.217
 4291.00    0.83276   0.97442   13.217
 4292.00    0.84529   0.97235   13.217
 4293.00    0.85231   0.97166   13.217
 4294.00    0.85318   0.97000   13.217
 4295.00    0.86078   0.96560   13.217
 4296.00    0.86078   0.95628   13.217
 4297.00    0.83814   0.94040   13.217
 4298.00    0.82060   0.91878   13.217
 4299.00    0.81888   0.89472   13.217
 4300.00    0.75017   0.87204   13.217
 4301.00    0.75017   0.85335   13.217
 4302.00    0.66558   0.83936   13.217
 4303.00    0.57588   0.82986   -1.000
 4304.00    0.57588   0.82401   -1.000
 4305.00    0.64457   0.82016   13.217
 4306.00    0.64847   0.81717   13.217
 4307.00    0.61806   0.81564   13.217
 4308.00    0.57387   0.81779   -1.000
 4309.00    0.57387   0.82603   -1.000
 4310.00    0.68730   0.84168   13.217
 4311.00    0.70445   0.86503   13.217
 4312.00    0.76043   0.89595   13.217
 4313.00    0.87428   0.93408   13.217
 4314.00    0.87428   0.97788   13.217
 4315.00    0.93956   1.02390   13.217
 4316.00    0.95685   1.06745   13.217
 4317.00    0.93921   1.10348   13.217
 4318.00    0.88682   1.12844   -1.000
 4319.00    0.88682   1.14079   -1.000
 4320.00    0.79136   1.13997   -1.000
 4321.00    0.75291   1.12612   -1.000
 4322.00    0.76787   1.10114   -1.000
 4323.00    0.83895   1.06912   13.217
 4324.00    0.83895   1.03709   13.217
 4325.00    0.98810   1.01295   13.217
 4326.00    1.07392   1.00177   13.217
 4327.00    1.07118   1.00420   13.217
 4328.00    1.04535   1.01704   13.217
 4329.00    1.04535   1.03604   13.217
 4330.00    1.02446   1.05727   13.217
 4331.00    1.00785   1.07678   13.217
 4332.00    1.00864   1.09033    0.000
 4333.00    1.05159   1.09379    0.000
 4334.00    1.05159   1.08488    0.000
 4335.00    1.01363   1.06342    0.000
 4336.00    0.97234   1.03100    0.000
 4337.00    0.97234   0.99120    0.000
 4338.00    0.95673   0.94947    0.000
 4339.00    0.95574   0.91233    0.000
 4340.00    0.94089   0.88583    0.000
 4341.00    0.91875   0.87412    0.000
 4342.00    0.91875   0.87826    0.000
 4343.00    0.97347   0.89663    0.000
 4344.00    0.98221   0.92579    0.000
 4345.00    0.99726   0.96107    0.000
 4346.00    1.02877   0.99738    0.000
 4347.00    1.02877   1.02977   13.217
 4348.00    1.16805   1.05452   13.217
 4349.00    1.20638   1.06932   13.217
 4350.00    1.19809   1.07466   13.217
 4351.00    1.17253   1.07421   13.217
 4352.00    1.17253   1.07302   13.217
 4353.00    1.19402   1.07463   13.217
 4354.00    1.20294   1.08021   13.217
 4355.00    1.20714   1.08984   13.217
 4356.00    1.22802   1.10319   13.217
 4357.00    1.22802   1.11951   13.217
 4358.00    1.18924   1.13721   13.217
 4359.00    1.16632   1.15511   13.217
 4360.00    1.17810   1.17247   13.217
 4361.00    1.29821   1.18854   13.217
 4362.00    1.29821   1.20268   13.217
 4363.00    1.36424   1.21446   13.217
 4364.00    1.41809   1.22324   13.217
 4365.00    1.41645   1.22732   13.217
 4366.00    1.27764   1.22530   13.217
 4367.00    1.27764   1.21775   13.217
 4368.00    1.18506   1.20658   13.217
 4369.00    1.08176   1.19338   13.217
 4370.00    1.08176   1.17870   13.217
 4371.00    0.97047   1.16285   13.217
 4372.00    0.96255   1.14680   13.217
 4373.00    0.96371   1.13198   13.217
 4374.00    0.96547   1.12000   13.217
 4375.00    0.96547   1.11229   13.217
 4376.00    1.09772   1.10857   13.217
 4377.00    1.11997   1.10659   13.217
 4378.00    1.13011   1.10319   13.217
 4379.00    1.15195   1.09574   13.217
 4380.00    1.15195   1.08225   13.217
 4381.00    1.05231   1.06160   13.217
 4382.00    1.02385   1.03513   13.217
 4383.00    1.00530   1.00821   13.217
 4384.00    0.94619   0.98771   13.217
 4385.00    0.94619   0.97781   13.217
 4386.00    0.97762   0.97852   13.217
 4387.00    0.99107   0.98760   13.217
 4388.00    1.00171   1.00324   13.217
 4389.00    1.05707   1.02312   13.217
 4390.00    1.05707   1.04445   13.217
 4391.00    1.06447   1.06385   13.217
 4392.00    1.06897   1.07982   13.217
 4393.00    1.07631   1.09257   13.217
 4394.00    1.15738   1.10399   13.217
 4395.00    1.15738   1.11568   13.217
 4396.00    1.18500   1.12707   13.217
 4397.00    1.20815   1.13564   13.217
 4398.00    1.20833   1.13873   13.217
 4399.00    1.24142   1.13642   13.217
 4400.00    1.24142   1.13017   13.217
 4401.00    1.23302   1.12025   13.217
 4402.00    1.22340   1.10623   13.217
 4403.00    1.22340   1.08901   13.217
 4404.00    1.11792   1.07288   13.217
 4405.00    1.10964   1.06330   13.217
 4406.00    1.11015   1.06169   13.217
 4407.00    1.11096   1.06721   13.217
 4408.00    1.11096   1.07897   13.217
 4409.00    1.19533   1.09629   13.217
 4410.00    1.21026   1.11734   13.217
 4411.00    1.20417   1.13705   13.217
 4412.00    1.19063   1.15067   13.217
 4413.00    1.19063   1.15677   13.217
 4414.00    1.20182   1.15724   13.217
 4415.00    1.20514   1.15567   13.217
 4416.00    1.22584   1.15547   13.217
 4417.00    1.29423   1.15807   13.217
 4418.00    1.29423   1.16406   13.217
 4419.00    1.26405   1.17220   13.217
 4420.00    1.25070   1.18091   13.217
 4421.00    1.25713   1.18840   13.217
 4422.00    1.29223   1.19357   13.217
 4423.00    1.29223   1.19630   13.217
 4424.00    1.24959   1.19677   13.217
 4425.00    1.22297   1.19549   13.217
 4426.00    1.21555   1.19383   13.217
 4427.00    1.12617   1.19310   13.217
 4428.00    1.12617   1.19280   13.217
 4429.00    1.13325   1.19172   13.217
 4430.00    1.13935   1.18913   13.217
 4431.00    1.13935   1.18552   13.217
 4432.00    1.09132   1.18105   13.217
 4433.00    1.09128   1.17574   13.217
 4434.00    1.07033   1.17130   13.217
 4435.00    1.04575   1.17074   13.217
 4436.00    1.04575   1.17557   13.217
 4437.00    1.14515   1.18425   13.217
 4438.00    1.15369   1.19378   13.217
 4439.00    1.20967   1.20177   13.217
 4440.00    1.30029   1.20733   13.217
 4441.00    1.30029   1.21054   13.217
 4442.00    1.31319   1.21247   13.217
 4443.00    1.31559   1.21513   13.217
 4444.00    1.30171   1.21990   13.217
 4445.00    1.26997   1.22712   13.217
 4446.00    1.26997   1.23596   13.217
 4447.00    1.23603   1.24542   13.217
 4448.00    1.22561   1.25398   13.217
 4449.00    1.22535   1.25896   13.217
 4450.00    1.22447   1.25798   13.217
 4451.00    1.22447   1.25018   13.217
 4452.00    1.18326   1.23600   13.217
 4453.00    1.16448   1.21664   13.217
 4454.00    1.15641   1.19448   13.217
 4455.00    1.11010   1.17262   13.217
 4456.00    1.11010   1.15355   13.217
 4457.00    1.09022   1.13823   13.217
 4458.00    1.07748   1.12703   13.217
 4459.00    1.08434   1.12106   13.217
 4460.00    1.17499   1.12103   13.217
 4461.00    1.17499   1.12657   13.217
 4462.00    1.10951   1.13650   13.217
 4463.00    1.05174   1.14901   13.217
 4464.00    1.05174   1.16222   13.217
 4465.00    1.04473   1.17486   13.217
 4466.00    1.04467   1.18648   13.217
 4467.00    1.13716   1.19693   13.217
 4468.00    1.24857   1.20621   13.217
 4469.00    1.24857   1.21525    0.000
 4470.00    1.28355   1.22592    0.000
 4471.00    1.28682   1.23939    0.000
 4472.00    1.31194   1.25512    0.000
 4473.00    1.35373   1.27142    0.000
 4474.00    1.35373   1.28669    0.000
 4475.00    1.36339   1.29954    0.000
 4476.00    1.36528   1.30830   13.217
 4477.00    1.34784   1.31108   13.217
 4478.00    1.30672   1.30653   13.217
 4479.00    1.30672   1.29591   13.217
 4480.00    1.25326   1.28327   13.217
 4481.00    1.23626   1.27323   13.217
 4482.00    1.19576   1.26832   13.217
 4483.00    1.05191   1.26883   13.217
 4484.00    1.05191   1.27386   13.217
 4485.00    1.10059   1.28184   13.217
 4486.00    1.12343   1.29003   13.217
 4487.00    1.13666   1.29523   13.217
 4488.00    1.21690   1.29574   13.217
 4489.00    1.21690   1.29220   13.217
 4490.00    1.22014   1.28671   13.217
 4491.00    1.22227   1.28071   13.217
 4492.00    1.21653   1.27475   13.217
 4493.00    1.13264   1.26976   13.217
 4494.00    1.13264   1.26738   13.217
 4495.00    1.13290   1.26901   13.217
 4496.00    1.13314   1.27424   13.217
 4497.00    1.13314   1.28180   13.217
 4498.00    1.13422   1.29105   13.217
 4499.00    1.13423   1.30196   13.217
 4500.00    1.12187   1.31484   13.217
 4501.00    1.10659   1.32945   13.217
 4502.00    1.10659   1.34524   13.217
 4503.00    1.21981   1.36123   13.217
 4504.00    1.23126   1.37587   13.217
 4505.00    1.28409   1.38822   13.217
 4506.00    1.37439   1.39743   13.217
 4507.00    1.37439   1.40352   13.217
 4508.00    1.36110   1.40634   13.217
 4509.00    1.35838   1.40565   13.217
 4510.00    1.36639   1.40173   13.217
 4511.00    1.38592   1.39495   13.217
 4512.00    1.38592   1.38613   13.217
 4513.00    1.47649   1.37647   13.217
 4514.00    1.50629   1.36712   13.217
 4515.00    1.49231   1.35889   13.217
 4516.00    1.44074   1.35169   13.217
 4517.00    1.44074   1.34578   13.217
 4518.00    1.41187   1.34193   13.217
 4519.00    1.39792   1.34027   13.217
 4520.00    1.38821   1.33944   13.217
 4521.00    1.32638   1.33684   13.217
 4522.00    1.32638   1.33076   13.217
 4523.00    1.31415   1.32069   13.217
 4524.00    1.30587   1.30681   13.217
 4525.00    1.30989   1.28893   13.217
 4526.00    1.37560   1.26746   13.217
 4527.00    1.37560   1.24460   13.217
 4528.00    1.31299   1.22333   13.217
 4529.00    1.25486   1.20611   13.217
 4530.00    1.25486   1.19427   13.217
 4531.00    1.05980   1.18810   13.217
 4532.00    1.05572   1.18724   13.217
 4533.00    1.05816   1.19090   13.217
 4534.00    1.06127   1.19885   13.217
 4535.00    1.06127   1.21114   13.217
 4536.00    1.23498   1.22731   13.217
 4537.00    1.25388   1.24549   13.217
 4538.00    1.25595   1.26318   13.217
 4539.00    1.25959   1.27890   13.217
 4540.00    1.25959   1.29213   13.217
 4541.00    1.20213   1.30267   13.217
 4542.00    1.18984   1.30946   13.217
 4543.00    1.17883   1.31151   13.217
 4544.00    1.15124   1.30935   13.217
 4545.00    1.15124   1.30480   13.217
 4546.00    1.03440   1.29966   -1.000
 4547.00    0.99464   1.29393   -1.000
 4548.00    1.03903   1.28714   -1.000
 4549.00    1.20907   1.28030   13.217
 4550.00    1.20907   1.27520   13.217
 4551.00    1.29751   1.27267   13.217
 4552.00    1.34147   1.27159   13.217
 4553.00    1.33752   1.27171   13.217
 4554.00    1.31084   1.27428   13.217
 4555.00    1.31084   1.28083   13.217
 4556.00    1.29165   1.29138   13.217
 4557.00    1.27831   1.30470   13.217
 4558.00    1.28122   1.31911   13.217
 4559.00    1.33503   1.33333   13.217
 4560.00    1.33503   1.34657   13.217
 4561.00    1.34510   1.35688   13.217
 4562.00    1.35468   1.36249   13.217
 4563.00    1.35468   1.36290   13.217
 4564.00    1.29207   1.36033   13.217
 4565.00    1.29035   1.35732   13.217
 4566.00    1.29219   1.35559   13.217
 4567.00    1.29459   1.35558   13.217
 4568.00    1.29459   1.35716   13.217
 4569.00    1.38209   1.35942   13.217
 4570.00    1.39230   1.36191   13.217
 4571.00    1.41581   1.36399   13.217
 4572.00    1.45825   1.36604   13.217
 4573.00    1.45825   1.36764   13.217
 4574.00    1.39130   1.36798   13.217
 4575.00    1.37634   1.36660   13.217
 4576.00    1.38731   1.36384   13.217
 4577.00    1.41574   1.35968   13.217
 4578.00    1.41574   1.35248   13.217
 4579.00    1.38923   1.34164   13.217
 4580.00    1.37987   1.32875   13.217
 4581.00    1.35476   1.31655   13.217
 4582.00    1.25471   1.30626   13.217
 4583.00    1.25471   1.29860   13.217
 4584.00    1.24379   1.29406   13.217
 4585.00    1.23820   1.29369   13.217
 4586.00    1.23141   1.29743   13.217
 4587.00    1.18278   1.30412   13.217
 4588.00    1.18278   1.31202   13.217
 4589.00    1.18173   1.31911   13.217
 4590.00    1.18099   1.32427   13.217
 4591.00    1.18876   1.32673   13.217
 4592.00    1.35399   1.32658   13.217
 4593.00    1.35399   1.32425   13.217
 4594.00    1.39940   1.32018   13.217
 4595.00    1.44375   1.31543   13.217
 4596.00    1.44375   1.31142   13.217
 4597.00    1.31367   1.30957   13.217
 4598.00    1.30920   1.30954   13.217
 4599.00    1.32246   1.31051   13.217
 4600.00    1.34019   1.31202   13.217
 4601.00    1.34019   1.31453   13.217
 4602.00    1.36055   1.31806   13.217
 4603.00    1.36310   1.32220   13.217
 4604.00    1.33534   1.32715   13.217
 4605.00    1.28380   1.33385   13.217
 4606.00    1.28380   1.34319   13.217
 4607.00    1.43125   1.35453   13.217
 4608.00    1.46561   1.36709   13.217
 4609.00    1.48423   1.37962   13.217
 4610.00    1.53408   1.39032   13.217
 4611.00    1.53408   1.39868   13.217
 4612.00    1.49478   1.40432   13.217
 4613.00    1.48049   1.40774   13.217
 4614.00    1.45149   1.40880   13.217
 4615.00    1.33125   1.40901   13.217
 4616.00    1.33125   1.40898   13.217
 4617.00    1.26009   1.40936   13.217
 4618.00    1.22266   1.41061   13.217
 4619.00    1.22448   1.41249   13.217
 4620.00    1.23830   1.41470   13.217
 4621.00    1.23830   1.41669   13.217
 4622.00    1.26057   1.41837   13.217
 4623.00    1.27688   1.41928   13.217
 4624.00    1.28122   1.41938   13.217
 4625.00    1.39087   1.41846   13.217
 4626.00    1.39087   1.41649   13.217
 4627.00    1.34917   1.41386   13.217
 4628.00    1.30740   1.41077   13.217
 4629.00    1.30740   1.40743   13.217
 4630.00    1.44146   1.40390   13.217
 4631.00    1.44698   1.40034   13.217
 4632.00    1.47798   1.39586   13.217
 4633.00    1.52054   1.38985   13.217
 4634.00    1.52054   1.38244   13.217
 4635.00    1.48017   1.37431   13.217
 4636.00    1.47481   1.36541   13.217
 4637.00    1.45420   1.35581   13.217
 4638.00    1.41486   1.34658   13.217
 4639.00    1.41486   1.33881   13.217
 4640.00    1.39033   1.33269   13.217
 4641.00    1.38437   1.32785   13.217
 4642.00    1.36631   1.32328   13.217
 4643.00    1.31639   1.31823   13.217
 4644.00    1.31639   1.31204   13.217
 4645.00    1.29624   1.30532   13.217
 4646.00    1.28865   1.29800   13.217
 4647.00    1.27329   1.29198   13.217
 4648.00    1.20670   1.28883   13.217
 4649.00    1.20670   1.28998   13.217
 4650.00    1.16174   1.29482   13.217
 4651.00    1.13741   1.30288   13.217
 4652.00    1.14898   1.31338   13.217
 4653.00    1.24268   1.32437   13.217
 4654.00    1.24268   1.33442   13.217
 4655.00    1.21359   1.34321   13.217
 4656.00    1.19171   1.35187   13.217
 4657.00    1.19461   1.36083   13.217
 4658.00    1.28186   1.37017   13.217
 4659.00    1.28186   1.37898   13.217
 4660.00    1.37162   1.38572   13.217
 4661.00    1.46387   1.38787   13.217
 4662.00    1.46387   1.38464   13.217
 4663.00    1.39113   1.37512   13.217
 4664.00    1.38763   1.35966   13.217
 4665.00    1.36525   1.33913   13.217
 4666.00    1.33371   1.31690   13.217
 4667.00    1.33371   1.29670   13.217
 4668.00    1.30787   1.28218   13.217
 4669.00    1.30421   1.27490   13.217
 4670.00    1.31337   1.27484   13.217
 4671.00    1.33139   1.28097   13.217
 4672.00    1.33139   1.29221   13.217
 4673.00    1.33622   1.30590   13.217
 4674.00    1.33744   1.32002   13.217
 4675.00    1.33725   1.33187   13.217
 4676.00    1.33668   1.34012   13.217
 4677.00    1.33668   1.34357   13.217
 4678.00    1.32332   1.34330   13.217
 4679.00    1.31813   1.34054   13.217
 4680.00    1.30783   1.33631   13.217
 4681.00    1.26142   1.33160   13.217
 4682.00    1.26142   1.32743   13.217
 4683.00    1.21399   1.32526   13.217
 4684.00    1.18761   1.32523   13.217
 4685.00    1.19352   1.32649   13.217
 4686.00    1.24471   1.32837   13.217
 4687.00    1.24471   1.33030   13.217
 4688.00    1.37123   1.33184   13.217
 4689.00    1.46885   1.33254   13.217
 4690.00    1.46427   1.33276   13.217
 4691.00    1.28852   1.33272   13.217
 4692.00    1.28852   1.33321   13.217
 4693.00    1.30693   1.33445   13.217
 4694.00    1.32635   1.33581   13.217
 4695.00    1.32635   1.33619   13.217
 4696.00    1.37656   1.33506   13.217
 4697.00    1.37933   1.33159   13.217
 4698.00    1.37981   1.32549   13.217
 4699.00    1.38051   1.31726   13.217
 4700.00    1.38051   1.30822   13.217
 4701.00    1.33776   1.29877   13.217
 4702.00    1.33135   1.29008   13.217
 4703.00    1.34117   1.28376   13.217
 4704.00    1.36102   1.28088   13.217
 4705.00    1.36102   1.28035   13.217
 4706.00    1.39085   1.28105   13.217
 4707.00    1.39869   1.28266   13.217
 4708.00    1.38264   1.28543   13.217
 4709.00    1.33522   1.28930   13.217
 4710.00    1.33522   1.29371   13.217
 4711.00    1.30325   1.29850   13.217
 4712.00    1.29043   1.30382   13.217
 4713.00    1.30825   1.31028   13.217
 4714.00    1.39234   1.31811   13.217
 4715.00    1.39234   1.32773   13.217
 4716.00    1.43166   1.33888   13.217
 4717.00    1.45415   1.35116   13.217
 4718.00    1.45770   1.36406   13.217
 4719.00    1.49074   1.37724   13.217
 4720.00    1.49074   1.38976   13.217
 4721.00    1.47114   1.39969   13.217
 4722.00    1.45562   1.40574   13.217
 4723.00    1.45653   1.40765   13.217
 4724.00    1.50366   1.40568   13.217
 4725.00    1.50366   1.39899   13.217
 4726.00    1.50771   1.38757   13.217
 4727.00    1.51210   1.37273   13.217
 4728.00    1.51210   1.35674   13.217
 4729.00    1.46365   1.34170   13.217
 4730.00    1.46063   1.32882   13.217
 4731.00    1.44098   1.31974   13.217
 4732.00    1.41179   1.31547   13.217
 4733.00    1.41179   1.31660   13.217
 4734.00    1.34404   1.32156   13.217
 4735.00    1.33331   1.32888   13.217
 4736.00    1.28862   1.33697   13.217
 4737.00    1.19547   1.34545   13.217
 4738.00    1.19547   1.35377   13.217
 4739.00    1.19576   1.36114   13.217
 4740.00    1.19584   1.36707   13.217
 4741.00    1.17818   1.37238   13.217
 4742.00    1.12424   1.37782   -1.000
 4743.00    1.12424   1.38294   -1.000
 4744.00    1.19981   1.38737   13.217
 4745.00    1.23105   1.39203   13.217
 4746.00    1.25609   1.39741   13.217
 4747.00    1.37974   1.40291   13.217
 4748.00    1.37974   1.40757   13.217
 4749.00    1.43722   1.41151   13.217
 4750.00    1.47100   1.41415   13.217
 4751.00    1.46876   1.41476   13.217
 4752.00    1.44633   1.41275   13.217
 4753.00    1.44633   1.40907   13.217
 4754.00    1.43780   1.40418   13.217
 4755.00    1.43087   1.39894   13.217
 4756.00    1.43192   1.39383   13.217
 4757.00    1.51363   1.38958   13.217
 4758.00    1.51363   1.38589   13.217
 4759.00    1.50421   1.38255   13.217
 4760.00    1.49373   1.37835   13.217
 4761.00    1.49373   1.37227   13.217
 4762.00    1.36462   1.36394   13.217
 4763.00    1.35565   1.35411   13.217
 4764.00    1.35814   1.34376   13.217
 4765.00    1.36194   1.33431   13.217
 4766.00    1.36194   1.32708   13.217
 4767.00    1.35226   1.32398   13.217
 4768.00    1.35065   1.32597   13.217
 4769.00    1.36516   1.33262   13.217
 4770.00    1.39631   1.34184   13.217
 4771.00    1.39631   1.35279   13.217
 4772.00    1.39911   1.36500   13.217
 4773.00    1.39991   1.37796   13.217
 4774.00    1.39967   1.39017   13.217
 4775.00    1.39890   1.40051   13.217
 4776.00    1.39890   1.40911   13.217
 4777.00    1.50262   1.41655   13.217
 4778.00    1.54682   1.42188   13.217
 4779.00    1.54380   1.42331   13.217
 4780.00    1.52819   1.42120   13.217
 4781.00    1.52819   1.41648   13.217
 4782.00    1.47723   1.40937   13.217
 4783.00    1.44640   1.39999   13.217
 4784.00    1.45031   1.39059   13.217
 4785.00    1.49269   1.38220   13.217
 4786.00    1.49269   1.37503   13.217
 4787.00    1.46536   1.36999   13.217
 4788.00    1.44259   1.36883   13.217
 4789.00    1.44223   1.37117   13.217
 4790.00    1.38587   1.37657   13.217
 4791.00    1.38587   1.38545   13.217
 4792.00    1.38884   1.39763   13.217
 4793.00    1.39224   1.41172   13.217
 4794.00    1.39224   1.42572   13.217
 4795.00    1.55683   1.43845   13.217
 4796.00    1.56947   1.44801   13.217
 4797.00    1.50033   1.45362   13.217
 4798.00    1.39203   1.45502   13.217
 4799.00    1.39203   1.45349   13.217
 4800.00    1.44746   1.44965   13.217
 4801.00    1.45720   1.44541   13.217
 4802.00    1.44099   1.44200   13.217
 4803.00    1.40518   1.43941   13.217
 4804.00    1.40518   1.43629   13.217
 4805.00    1.42120   1.43311   13.217
 4806.00    1.42592   1.43021   13.217
 4807.00    1.41126   1.42668   13.217
 4808.00    1.36323   1.42234   13.217
 4809.00    1.36323   1.41941   13.217
 4810.00    1.47309   1.41892   13.217
 4811.00    1.52134   1.42004   13.217
 4812.00    1.50441   1.42278   13.217
 4813.00    1.41263   1.42762   13.217
 4814.00    1.41263   1.43394   13.217
 4815.00    1.42700   1.44081   13.217
 4816.00    1.43593   1.44773   13.217
 4817.00    1.44400   1.45419   13.217
 4818.00    1.53929   1.45931   13.217
 4819.00    1.53929   1.46236   13.217
 4820.00    1.50779   1.46249   13.217
 4821.00    1.48085   1.45934   13.217
 4822.00    1.48085   1.45289   13.217
 4823.00    1.50794   1.44404   13.217
 4824.00    1.50794   1.43404   13.217
 4825.00    1.49636   1.42492   13.217
 4826.00    1.48282   1.41741   13.217
 4827.00    1.48282   1.41097   13.217
 4828.00    1.39130   1.40571   13.217
 4829.00    1.38354   1.40275   13.217
 4830.00    1.39623   1.40107   13.217
 4831.00    1.41666   1.39877   13.217
 4832.00    1.41666   1.39617   13.217
 4833.00    1.42772   1.39499   13.217
 4834.00    1.42976   1.39496   13.217
 4835.00    1.43039   1.39468   13.217
 4836.00    1.43184   1.39410   13.217
 4837.00    1.43184   1.39353   13.217
 4838.00    1.46375   1.39206   13.217
 4839.00    1.47349   1.38863   13.217
 4840.00    1.45615   1.38422   13.217
 4841.00    1.39729   1.37976   13.217
 4842.00    1.39729   1.37547   13.217
 4843.00    1.35243   1.37147   13.217
 4844.00    1.33212   1.36897   13.217
 4845.00    1.35822   1.36825   13.217
 4846.00    1.50676   1.36825   13.217
 4847.00    1.50676   1.36737   13.217
 4848.00    1.45246   1.36551   13.217
 4849.00    1.41780   1.36274   13.217
 4850.00    1.41416   1.35807   13.217
 4851.00    1.36677   1.35024   13.217
 4852.00    1.36677   1.33900   13.217
 4853.00    1.35320   1.32480   13.217
 4854.00    1.34129   1.30702    0.000
 4855.00    1.34129   1.28501    0.000
 4856.00    1.29489   1.25913    0.000
 4857.00    1.29459   1.23071    0.000
 4858.00    1.26372   1.20062    0.000
 4859.00    1.22667   1.16953    0.000
 4860.00    1.22667   1.13951    0.000
 4861.00    1.18752   1.11433    0.000
 4862.00    1.18391   1.09768    0.000
 4863.00    1.17232   1.09073    0.000
 4864.00    1.15317   1.09269    0.000
 4865.00    1.15317   1.10418    0.000
 4866.00    1.23099   1.12434    0.000
 4867.00    1.24605   1.14789    0.000
 4868.00    1.22963   1.17032    0.000
 4869.00    1.19111   1.19056   13.217
 4870.00    1.19111   1.20696   13.217
 4871.00    1.23043   1.21836   13.217
 4872.00    1.24286   1.22745   13.217
 4873.00    1.24314   1.23753   13.217
 4874.00    1.24412   1.24851   13.217
 4875.00    1.24412   1.26086   13.217
 4876.00    1.33766   1.27626   13.217
 4877.00    1.38125   1.29402   13.217
 4878.00    1.37407   1.31156   13.217
 4879.00    1.33103   1.32721   13.217
 4880.00    1.33103   1.34009   13.217
 4881.00    1.37580   1.34847   13.217
 4882.00    1.40515   1.35229   13.217
 4883.00    1.41269   1.35257   13.217
 4884.00    1.52040   1.34889   13.217
 4885.00    1.52040   1.34097   13.217
 4886.00    1.44268   1.33154   13.217
 4887.00    1.37275   1.32263   13.217
 4888.00    1.37275   1.31446   13.217
 4889.00    1.40147   1.30810   13.217
 4890.00    1.40183   1.30544   13.217
 4891.00    1.37781   1.30833   13.217
 4892.00    1.34824   1.31773   13.217
 4893.00    1.34824   1.33361   13.217
 4894.00    1.37480   1.35447   13.217
 4895.00    1.37746   1.37856   13.217
 4896.00    1.42454   1.40306   13.217
 4897.00    1.50468   1.42572   13.217
 4898.00    1.50468   1.44366   13.217
 4899.00    1.45269   1.45459   13.217
 4900.00    1.44215   1.45915   13.217
 4901.00    1.45000   1.45995   13.217
 4902.00    1.46898   1.45782   13.217
 4903.00    1.46898   1.45321   13.217
 4904.00    1.48386   1.44860   13.217
 4905.00    1.48873   1.44573   13.217
 4906.00    1.48481   1.44330   13.217
 4907.00    1.47047   1.43969   13.217
 4908.00    1.47047   1.43553   13.217
 4909.00    1.49765   1.43089   13.217
 4910.00    1.51068   1.42540   13.217
 4911.00    1.51941   1.41966   13.217
 4912.00    1.57447   1.41536   13.217
 4913.00    1.57447   1.41214   13.217
 4914.00    1.44471   1.40915   13.217
 4915.00    1.35734   1.40521   13.217
 4916.00    1.36425   1.39893   13.217
 4917.00    1.47520   1.38812   13.217
 4918.00    1.47520   1.37235   13.217
 4919.00    1.40743   1.35297   13.217
 4920.00    1.34475   1.33352   13.217
 4921.00    1.34475   1.31685   13.217
 4922.00    1.44354   1.30625   13.217
 4923.00    1.44546   1.30387   13.217
 4924.00    1.42076   1.30998   13.217
 4925.00    1.38958   1.32439   13.217
 4926.00    1.38958   1.34542   13.217
 4927.00    1.39486   1.36928   13.217
 4928.00    1.39542   1.39238   13.217
 4929.00    1.43414   1.41405   13.217
 4930.00    1.50171   1.43138   13.217
 4931.00    1.50171   1.44211   13.217
 4932.00    1.46482   1.44597   13.217
 4933.00    1.45701   1.44317   13.217
 4934.00    1.43119   1.43457   13.217
 4935.00    1.36677   1.42304   13.217
 4936.00    1.36677   1.41036   13.217
 4937.00    1.39157   1.39734   13.217
 4938.00    1.39996   1.38640   13.217
 4939.00    1.38059   1.38115   13.217
 4940.00    1.30682   1.38159   13.217
 4941.00    1.30682   1.38684   13.217
 4942.00    1.38503   1.39677   13.217
 4943.00    1.42373   1.41139   13.217
 4944.00    1.42411   1.42853   13.217
 4945.00    1.42662   1.44489   13.217
 4946.00    1.42662   1.45940   13.217
 4947.00    1.48916   1.47229    0.000
 4948.00    1.53239   1.48317    0.000
 4949.00    1.52339   1.49022    0.000
 4950.00    1.36010   1.49405    0.000
 4951.00    1.36010   1.49482    0.000
 4952.00    1.40513   1.49081    0.000
 4953.00    1.44776   1.48083    0.000
 4954.00    1.44776   1.46627    0.000
 4955.00    1.50393   1.44820    0.000
 4956.00    1.50540   1.42707    0.000
 4957.00    1.49686   1.40508    0.000
 4958.00    1.48581   1.38661    0.000
 4959.00    1.48581   1.37522    0.000
 4960.00    1.44658   1.36997    0.000
 4961.00    1.44206   1.36918    0.000
 4962.00    1.44881   1.37382    0.000
 4963.00    1.46094   1.38182    0.000
 4964.00    1.46094   1.38779    0.000
 4965.00    1.40558   1.38954    0.000
 4966.00    1.39330   1.38996    0.000
 4967.00    1.39545   1.38938    0.000
 4968.00    1.40098   1.38716    0.000
 4969.00    1.40098   1.38591   13.217
 4970.00    1.39031   1.38802   13.217
 4971.00    1.38658   1.39284   13.217
 4972.00    1.40460   1.39970   13.217
 4973.00    1.47594   1.40767   13.217
 4974.00    1.47594   1.41461   13.217
 4975.00    1.50922   1.41934   13.217
 4976.00    1.52613   1.42013   13.217
 4977.00    1.51367   1.41567   13.217
 4978.00    1.42566   1.40556   13.217
 4979.00    1.42566   1.39097   13.217
 4980.00    1.38267   1.37304   13.217
 4981.00    1.35217   1.35319   13.217
 4982.00    1.34770   1.33267   13.217
 4983.00    1.25466   1.31569   13.217
 4984.00    1.25466   1.30432   13.217
 4985.00    1.28895   1.29850   13.217
 4986.00    1.32231   1.29904   13.217
 4987.00    1.32231   1.30667   13.217
 4988.00    1.45540   1.31893   13.217
 4989.00    1.45983   1.33225   13.217
 4990.00    1.45686   1.34564   13.217
 4991.00    1.45292   1.35764   13.217
 4992.00    1.45292   1.36718   13.217
 4993.00    1.43121   1.37364   13.217
 4994.00    1.42853   1.37736   13.217
 4995.00    1.43940   1.37892   13.217
 4996.00    1.45949   1.37825   13.217
 4997.00    1.45949   1.37462   13.217
 4998.00    1.42477   1.36787    0.000
 4999.00    1.41675   1.35844    0.000
 5000.00    1.38551   1.34649    0.000
 5001.00    1.30249   1.33230    0.000
 5002.00    1.30249   1.31733    0.000
 5003.00    1.27624   1.30305    0.000
 5004.00    1.26675   1.29037    0.000
 5005.00    1.27940   1.28016    0.000
 5006.00    1.33152   1.27277    0.000
 5007.00    1.33152   1.26873    0.000
 5008.00    1.32255   1.26774    0.000
 5009.00    1.31785   1.26796    0.000
 5010.00    1.32439   1.26830    0.000
 5011.00    1.37367   1.26849    0.000
 5012.00    1.37367   1.26703    0.000
 5013.00    1.34700   1.26265    0.000
 5014.00    1.32757   1.25677    0.000
 5015.00    1.32300   1.25141    0.000
 5016.00    1.21189   1.24716    0.000
 5017.00    1.21189   1.24430    0.000
 5018.00    1.22831   1.24413    0.000
 5019.00    1.24469   1.24724    0.000
 5020.00    1.24469   1.25284    0.000
 5021.00    1.34039   1.25942    0.000
 5022.00    1.34418   1.26716    0.000
 5023.00    1.29987   1.27650   13.217
 5024.00    1.23938   1.28630   13.217
 5025.00    1.23938   1.29609   13.217
 5026.00    1.24255   1.30599   13.217
 5027.00    1.24297   1.31614   13.217
 5028.00    1.25842   1.32649   13.217
 5029.00    1.28778   1.33745   13.217
 5030.00    1.28778   1.34813   13.217
 5031.00    1.27532   1.35772   13.217
 5032.00    1.27231   1.36629   13.217
 5033.00    1.29567   1.37298   13.217
 5034.00    1.35994   1.37503   13.217
 5035.00    1.35994   1.37119   13.217
 5036.00    1.38491   1.36230   13.217
 5037.00    1.39424   1.34900   13.217
 5038.00    1.38933   1.33241   13.217
 5039.00    1.36825   1.31447   13.217
 5040.00    1.36825   1.29783   13.217
 5041.00    1.34497   1.28696   13.217
 5042.00    1.33243   1.28316   13.217
 5043.00    1.33102   1.28597   13.217
 5044.00    1.31980   1.29555   13.217
 5045.00    1.31980   1.31064   13.217
 5046.00    1.34575   1.32758   13.217
 5047.00    1.36514   1.34244   13.217
 5048.00    1.36398   1.35318   13.217
 5049.00    1.33012   1.35856   13.217
 5050.00    1.33012   1.36017   13.217
 5051.00    1.33360   1.35956   13.217
 5052.00    1.33717   1.35839   13.217
 5053.00    1.33717   1.35928   13.217
 5054.00    1.40900   1.36460   13.217
 5055.00    1.41238   1.37309   13.217
 5056.00    1.41603   1.38380   13.217
 5057.00    1.42116   1.39691   13.217
 5058.00    1.42116   1.41029   13.217
 5059.00    1.42130   1.42161   13.217
 5060.00    1.42132   1.43013   13.217
 5061.00    1.42830   1.43493   13.217
 5062.00    1.44194   1.43539   13.217
 5063.00    1.44194   1.43078   13.217
 5064.00    1.43939   1.42142   13.217
 5065.00    1.43875   1.40934   13.217
 5066.00    1.44270   1.39634   13.217
 5067.00    1.45393   1.38325   13.217
 5068.00    1.45393   1.37133   13.217
 5069.00    1.41131   1.36281   13.217
 5070.00    1.39488   1.35807   13.217
 5071.00    1.40277   1.35498   13.217
 5072.00    1.43812   1.35258   13.217
 5073.00    1.43812   1.35176   13.217
 5074.00    1.36218   1.35142   13.217
 5075.00    1.32012   1.34818   13.217
 5076.00    1.31798   1.34287   13.217
 5077.00    1.29968   1.33729   13.217
 5078.00    1.29968   1.32938   13.217
 5079.00    1.32947   1.31852   13.217
 5080.00    1.35232   1.30855   13.217
 5081.00    1.35071   1.30135   13.217
 5082.00    1.29232   1.29567   13.217
 5083.00    1.29232   1.29373   13.217
 5084.00    1.31189   1.29758   13.217
 5085.00    1.33243   1.30591   13.217
 5086.00    1.33243   1.31724   13.217
 5087.00    1.35151   1.33057   13.217
 5088.00    1.35254   1.34498   13.217
 5089.00    1.34491   1.35957   13.217
 5090.00    1.33393   1.37246   13.217
 5091.00    1.33393   1.38307   13.217
 5092.00    1.38514   1.39121   13.217
 5093.00    1.39272   1.39604   13.217
 5094.00    1.40436   1.39667   13.217
 5095.00    1.42777   1.39298   13.217
 5096.00    1.42777   1.38534   13.217
 5097.00    1.35896   1.37543   13.217
 5098.00    1.34099   1.36392   13.217
 5099.00    1.34444   1.35192   13.217
 5100.00    1.35456   1.34291   13.217
 5101.00    1.35456   1.33737   13.217
 5102.00    1.37406   1.33426   13.217
 5103.00    1.38182   1.33328   13.217
 5104.00    1.37091   1.33441   13.217
 5105.00    1.31997   1.33534   13.217
 5106.00    1.31997   1.33461   13.217
 5107.00    1.31579   1.33290   13.217
 5108.00    1.31342   1.33085   13.217
 5109.00    1.31322   1.32937   13.217
 5110.00    1.31143   1.32932   13.217
 5111.00    1.31143   1.33180   13.217
 5112.00    1.32524   1.33775   13.217
 5113.00    1.33612   1.34612   13.217
 5114.00    1.33588   1.35661   13.217
 5115.00    1.32469   1.36878   13.217
 5116.00    1.32469   1.37968   13.217
 5117.00    1.36723   1.38841   13.217
 5118.00    1.41304   1.39463   13.217
 5119.00    1.41304   1.39581   13.217
 5120.00    1.34376   1.39149   13.217
 5121.00    1.33952   1.38322   13.217
 5122.00    1.31232   1.37062   13.217
 5123.00    1.27208   1.35436   13.217
 5124.00    1.27208   1.33791   13.217
 5125.00    1.32268   1.32231   13.217
 5126.00    1.33060   1.30877   13.217
 5127.00    1.30107   1.29907   13.217
 5128.00    1.23993   1.29360   13.217
 5129.00    1.23993   1.29241   13.217
 5130.00    1.24784   1.29501   13.217
 5131.00    1.24999   1.30058   13.217
 5132.00    1.25836   1.30819   13.217
 5133.00    1.28381   1.31615   13.217
 5134.00    1.28381   1.32367   13.217
 5135.00    1.38715   1.33007   13.217
 5136.00    1.42957   1.33362   13.217
 5137.00    1.42226   1.33368   13.217
 5138.00    1.38653   1.33123   13.217
 5139.00    1.38653   1.32722   13.217
 5140.00    1.36030   1.32129   13.217
 5141.00    1.34496   1.31495   13.217
 5142.00    1.35412   1.30910   13.217
 5143.00    1.44478   1.30412   13.217
 5144.00    1.44478   1.30088   13.217
 5145.00    1.35726   1.29790   13.217
 5146.00    1.28645   1.29450   13.217
 5147.00    1.28640   1.29239   13.217
 5148.00    1.28320   1.29097   13.217
 5149.00    1.28320   1.28890   13.217
 5150.00    1.24783   1.28703   13.217
 5151.00    1.20876   1.28642   13.217
 5152.00    1.20876   1.28755   13.217
 5153.00    1.26998   1.29028   13.217
 5154.00    1.27416   1.29461   13.217
 5155.00    1.28544   1.30180   13.217
 5156.00    1.30257   1.31187    0.000
 5157.00    1.30257   1.32275    0.000
 5158.00    1.23874   1.33331    0.000
 5159.00    1.22821   1.34241    0.000
 5160.00    1.24246   1.34723    0.000
 5161.00    1.27283   1.34548    0.000
 5162.00    1.27283   1.33589    0.000
 5163.00    1.31731   1.31746    0.000
 5164.00    1.32983   1.29110    0.000
 5165.00    1.28696   1.25801   13.217
 5166.00    1.15210   1.21888   13.217
 5167.00    1.15210   1.17818   13.217
 5168.00    1.05583   1.14002   13.217
 5169.00    1.01499   1.10536   13.217
 5170.00    1.03064   1.07834   13.217
 5171.00    1.11067   1.06032   13.217
 5172.00    1.11067   1.05282   13.217
 5173.00    1.09552   1.05644   13.217
 5174.00    1.08640   1.06814   13.217
 5175.00    1.08957   1.08638   13.217
 5176.00    1.12351   1.10912   13.217
 5177.00    1.12351   1.13289   13.217
 5178.00    1.14800   1.15488   13.217
 5179.00    1.16834   1.16981   13.217
 5180.00    1.16795   1.17491   13.217
 5181.00    1.11935   1.17323   13.217
 5182.00    1.11935   1.16547   13.217
 5183.00    1.11234   1.15401   13.217
 5184.00    1.10439   1.14448   13.217
 5185.00    1.10439   1.14183   13.217
 5186.00    0.98523   1.14529   13.217
 5187.00    0.97622   1.15613   13.217
 5188.00    0.96302   1.17515   13.217
 5189.00    0.94243   1.19660   -1.000
 5190.00    0.94243   1.21633   -1.000
 5191.00    0.92624   1.23316   -1.000
 5192.00    0.92342   1.24480   -1.000
 5193.00    0.97525   1.25358    0.000
 5194.00    1.08901   1.26050    0.000
 5195.00    1.08901   1.26503    0.000
 5196.00    1.17345   1.27078    0.000
 5197.00    1.19812   1.28023    0.000
 5198.00    1.21628   1.28944    0.000
 5199.00    1.27543   1.29752    0.000
 5200.00    1.27543   1.30479    0.000
 5201.00    1.28356   1.30810    0.000
 5202.00    1.28711   1.30500    0.000
 5203.00    1.28059   1.29672   13.217
 5204.00    1.24567   1.28323   13.217
 5205.00    1.24567   1.26472   13.217
 5206.00    1.15782   1.24619   13.217
 5207.00    1.10355   1.23006   13.217
 5208.00    1.10248   1.21696   13.217
 5209.00    1.08999   1.21167   13.217
 5210.00    1.08999   1.21530   13.217
 5211.00    1.11904   1.22588   13.217
 5212.00    1.14379   1.24225   13.217
 5213.00    1.14394   1.26318   13.217
 5214.00    1.29988   1.28546   13.217
 5215.00    1.29988   1.30699   13.217
 5216.00    1.33271   1.32590   13.217
 5217.00    1.37087   1.34234   13.217
 5218.00    1.37087   1.35547   13.217
 5219.00    1.32421   1.36514   13.217
 5220.00    1.32033   1.37193   13.217
 5221.00    1.33330   1.37455   13.217
 5222.00    1.35408   1.37249   13.217
 5223.00    1.35408   1.36539   13.217
 5224.00    1.23734   1.35323   13.217
 5225.00    1.21596   1.33854   13.217
 5226.00    1.22173   1.32336   13.217
 5227.00    1.23478   1.30916   13.217
 5228.00    1.23478   1.29995   13.217
 5229.00    1.29118   1.29728   13.217
 5230.00    1.30826   1.29912   13.217
 5231.00    1.31692   1.30604   13.217
 5232.00    1.34615   1.31810   13.217
 5233.00    1.34615   1.33043   13.217
 5234.00    1.40098   1.34295   13.217
 5235.00    1.42568   1.35683   13.217
 5236.00    1.42016   1.37001   13.217
 5237.00    1.38896   1.38307   13.217
 5238.00    1.38896   1.39659   13.217
 5239.00    1.37727   1.40897   13.217
 5240.00    1.36986   1.41989   13.217
 5241.00    1.36494   1.42844   13.217
 5242.00    1.30224   1.43363   13.217
 5243.00    1.30224   1.43551   13.217
 5244.00    1.31241   1.43401   13.217
 5245.00    1.32129   1.42911   13.217
 5246.00    1.32129   1.42094   13.217
 5247.00    1.36856   1.41100   13.217
 5248.00    1.36881   1.40006   13.217
 5249.00    1.39055   1.38908   13.217
 5250.00    1.41647   1.37930   13.217
 5251.00    1.41647   1.37177   13.217
 5252.00    1.37268   1.36856   13.217
 5253.00    1.36871   1.36859   13.217
 5254.00    1.37390   1.37122   13.217
 5255.00    1.38244   1.37734   13.217
 5256.00    1.38244   1.38513   13.217
 5257.00    1.38757   1.39220   13.217
 5258.00    1.38855   1.39679   13.217
 5259.00    1.37182   1.39713   13.217
 5260.00    1.33274   1.39164   13.217
 5261.00    1.33274   1.37881   13.217
 5262.00    1.30569   1.35836   13.217
 5263.00    1.29720   1.33191   13.217
 5264.00    1.29915   1.30210   13.217
 5265.00    1.30596   1.27093   13.217
 5266.00    1.30596   1.24079   13.217
 5267.00    1.20409   1.21603    0.000
 5268.00    1.15684   1.19780    0.000
 5269.00    1.15731   1.18614    0.000
 5270.00    1.16013   1.18304    0.000
 5271.00    1.16013   1.18880    0.000
 5272.00    1.21925   1.20189    0.000
 5273.00    1.25777   1.22046    0.000
 5274.00    1.26196   1.24383    0.000
 5275.00    1.32089   1.27176   13.217
 5276.00    1.32089   1.29922   13.217
 5277.00    1.37163   1.32391   13.217
 5278.00    1.41711   1.34805   13.217
 5279.00    1.41711   1.36707   13.217
 5280.00    1.39664   1.38043   13.217
 5281.00    1.39639   1.39131   13.217
 5282.00    1.40373   1.39846   13.217
 5283.00    1.41274   1.40383   13.217
 5284.00    1.41274   1.41061   13.217
 5285.00    1.41636   1.41952   13.217
 5286.00    1.41672   1.43051   13.217
 5287.00    1.44465   1.44417   13.217
 5288.00    1.49190   1.45952   13.217
 5289.00    1.49190   1.47403   13.217
 5290.00    1.51202   1.48638   13.217
 5291.00    1.51607   1.49480   13.217
 5292.00    1.49434   1.49792   13.217
 5293.00    1.44215   1.49585   13.217
 5294.00    1.44215   1.48814   13.217
 5295.00    1.51939   1.47595   13.217
 5296.00    1.54447   1.46097   13.217
 5297.00    1.52994   1.44442   13.217
 5298.00    1.47714   1.42969   13.217
 5299.00    1.47714   1.41853   13.217
 5300.00    1.41896   1.41168   13.217
 5301.00    1.39118   1.41170   13.217
 5302.00    1.39486   1.41808   13.217
 5303.00    1.41795   1.42919   13.217
 5304.00    1.41795   1.44442   13.217
 5305.00    1.43796   1.46145   13.217
 5306.00    1.45138   1.47827   13.217
 5307.00    1.45617   1.49383   13.217
 5308.00    1.53102   1.50669   13.217
 5309.00    1.53102   1.51626   13.217
 5310.00    1.53611   1.52278   13.217
 5311.00    1.54079   1.52608   13.217
 5312.00    1.54079   1.52657   13.217
 5313.00    1.50013   1.52449   13.217
 5314.00    1.49938   1.52004   13.217
 5315.00    1.45966   1.51444   13.217
 5316.00    1.40979   1.50758   13.217
 5317.00    1.40979   1.49977   13.217
 5318.00    1.48803   1.49235   13.217
 5319.00    1.49631   1.48410   13.217
 5320.00    1.53134   1.47485   13.217
 5321.00    1.59223   1.46499   13.217
 5322.00    1.59223   1.45270   13.217
 5323.00    1.49763   1.43754   13.217
 5324.00    1.47773   1.41993   13.217
 5325.00    1.43989   1.40021   13.217
 5326.00    1.34595   1.37966   13.217
 5327.00    1.34595   1.36027   13.217
 5328.00    1.37205   1.34421   13.217
 5329.00    1.38084   1.33393   13.217
 5330.00    1.38467   1.33179   13.217
 5331.00    1.39913   1.33693   13.217
 5332.00    1.39913   1.34841   13.217
 5333.00    1.39992   1.36666   13.217
 5334.00    1.40030   1.38710   13.217
 5335.00    1.39851   1.40572   13.217
 5336.00    1.38666   1.42243   13.217
 5337.00    1.38666   1.43440   13.217
 5338.00    1.37690   1.44037   13.217
 5339.00    1.37019   1.44200   13.217
 5340.00    1.37464   1.43964   13.217
 5341.00    1.45294   1.43519   13.217
 5342.00    1.45294   1.43129   13.217
 5343.00    1.42074   1.42779   13.217
 5344.00    1.39038   1.42544   13.217
 5345.00    1.39038   1.42588   13.217
 5346.00    1.42858   1.42753   13.217
 5347.00    1.42954   1.42993   13.217
 5348.00    1.46060   1.43415   13.217
 5349.00    1.50070   1.43974   13.217
 5350.00    1.50070   1.44736   13.217
 5351.00    1.45975   1.45735   13.217
 5352.00    1.45507   1.46976   13.217
 5353.00    1.43265   1.48455   13.217
 5354.00    1.39258   1.50010   13.217
 5355.00    1.39258   1.51617   13.217
 5356.00    1.53218   1.53085   13.217
 5357.00    1.56286   1.54206   13.217
 5358.00    1.59144   1.55036   13.217
 5359.00    1.66465   1.55407   13.217
 5360.00    1.66465   1.55248   13.217
 5361.00    1.58960   1.54700   13.217
 5362.00    1.56353   1.53757   13.217
 5363.00    1.49870   1.52483   13.217
 5364.00    1.24440   1.51000   -1.000
 5365.00    1.24440   1.49374   -1.000
 5366.00    1.34924   1.47687   13.217
 5367.00    1.40228   1.45994   13.217
 5368.00    1.39569   1.44398   13.217
 5369.00    1.34957   1.42964   13.217
 5370.00    1.34957   1.41784   13.217
 5371.00    1.42059   1.41033   13.217
 5372.00    1.47078   1.40770   13.217
 5373.00    1.47208   1.41031   13.217
 5374.00    1.49855   1.41834   13.217
 5375.00    1.49855   1.43066   13.217
 5376.00    1.46867   1.44527   13.217
 5377.00    1.43977   1.46027   13.217
 5378.00    1.43977   1.47415   13.217
 5379.00    1.50105   1.48502   13.217
 5380.00    1.50299   1.49242   13.217
 5381.00    1.50852   1.49662   13.217
 5382.00    1.51583   1.49780   13.217
 5383.00    1.51583   1.49704   13.217
 5384.00    1.49169   1.49466   13.217
 5385.00    1.48875   1.49139   13.217
 5386.00    1.47950   1.48760   13.217
 5387.00    1.46251   1.48250   13.217
 5388.00    1.46251   1.47630   13.217
 5389.00    1.43303   1.46889   13.217
 5390.00    1.42628   1.45977   13.217
 5391.00    1.42271   1.44938   13.217
 5392.00    1.41326   1.43835   13.217
 5393.00    1.41326   1.42697   13.217
 5394.00    1.43305   1.41584   13.217
 5395.00    1.44016   1.40603   13.217
 5396.00    1.43345   1.39787   13.217
 5397.00    1.40593   1.39113   13.217
 5398.00    1.40593   1.38677   13.217
 5399.00    1.37322   1.38475   13.217
 5400.00    1.35619   1.38291   13.217
 5401.00    1.36479   1.38157   13.217
 5402.00    1.42868   1.38014   13.217
 5403.00    1.42868   1.37624   13.217
 5404.00    1.38407   1.37087   13.217
 5405.00    1.35171   1.36456   13.217
 5406.00    1.35151   1.35758   13.217
 5407.00    1.34667   1.35260   13.217
 5408.00    1.34667   1.35053   13.217
 5409.00    1.40335   1.35216   13.217
 5410.00    1.45960   1.35890   13.217
 5411.00    1.45960   1.37003   13.217
 5412.00    1.37658   1.38465   13.217
 5413.00    1.37338   1.40179   13.217
 5414.00    1.34371   1.42007   13.217
 5415.00    1.30337   1.43805   13.217
 5416.00    1.30337   1.45449   13.217
 5417.00    1.42578   1.46845   13.217
 5418.00    1.44172   1.47905   13.217
 5419.00    1.43565   1.48655   13.217
 5420.00    1.42414   1.49083   13.217
 5421.00    1.42414   1.49175   13.217
 5422.00    1.40846   1.49105   13.217
 5423.00    1.40472   1.48889   13.217
 5424.00    1.40433   1.48510   13.217
 5425.00    1.40326   1.48124   13.217
 5426.00    1.40326   1.47675   13.217
 5427.00    1.36492   1.47085   13.217
 5428.00    1.35066   1.46429   13.217
 5429.00    1.34055   1.45648   13.217
 5430.00    1.29757   1.44729   13.217
 5431.00    1.29757   1.43827   13.217
 5432.00    1.31677   1.42990   13.217
 5433.00    1.32704   1.42292   13.217
 5434.00    1.32502   1.41945   13.217
 5435.00    1.30907   1.42013   13.217
 5436.00    1.30907   1.42480   13.217
 5437.00    1.37583   1.43417   13.217
 5438.00    1.42553   1.44734   13.217
 5439.00    1.42403   1.46221   13.217
 5440.00    1.38166   1.47773   13.217
 5441.00    1.38166   1.49115   13.217
 5442.00    1.35725   1.50028   13.217
 5443.00    1.33236   1.50481   13.217
 5444.00    1.33236   1.50312   13.217
 5445.00    1.37625   1.49601   13.217
 5446.00    1.37824   1.48598   13.217
 5447.00    1.40452   1.47347   13.217
 5448.00    1.44117   1.46105   13.217
 5449.00    1.44117   1.45103   13.217
 5450.00    1.38687   1.44277   13.217
 5451.00    1.37936   1.43665   13.217
 5452.00    1.38973   1.43271   13.217
 5453.00    1.40988   1.42934   13.217
 5454.00    1.40988   1.42623   13.217
 5455.00    1.42931   1.42376   13.217
 5456.00    1.43415   1.42185   13.217
 5457.00    1.41140   1.42128   13.217
 5458.00    1.34724   1.42245   13.217
 5459.00    1.34724   1.42472   13.217
 5460.00    1.40854   1.42819   13.217
 5461.00    1.43206   1.43230   13.217
 5462.00    1.43004   1.43567   13.217
 5463.00    1.42107   1.43862   13.217
 5464.00    1.42107   1.44136   13.217
 5465.00    1.47867   1.44342   13.217
 5466.00    1.51044   1.44548   13.217
 5467.00    1.49323   1.44762   13.217
 5468.00    1.34797   1.44906   13.217
 5469.00    1.34797   1.44982   13.217
 5470.00    1.37490   1.44903   13.217
 5471.00    1.39548   1.44579   13.217
 5472.00    1.39838   1.44091   13.217
 5473.00    1.49956   1.43386   13.217
 5474.00    1.49956   1.42464   13.217
 5475.00    1.52271   1.41575   13.217
 5476.00    1.54688   1.40718   13.217
 5477.00    1.54688   1.39925   13.217
 5478.00    1.41213   1.39465   13.217
 5479.00    1.40506   1.39288   13.217
 5480.00    1.37468   1.39351   13.217
 5481.00    1.33117   1.39761   13.217
 5482.00    1.33117   1.40375   13.217
 5483.00    1.27184   1.41151   13.217
 5484.00    1.26314   1.42019   13.217
 5485.00    1.27040   1.42836   13.217
 5486.00    1.28493   1.43648   13.217
 5487.00    1.28493   1.44319   13.217
 5488.00    1.38294   1.44815   13.217
 5489.00    1.40830   1.45247   13.217
 5490.00    1.40110   1.45529   13.217
 5491.00    1.38011   1.45705   13.217
 5492.00    1.38011   1.45874   13.217
 5493.00    1.41711   1.45975   13.217
 5494.00    1.43176   1.46014   13.217
 5495.00    1.43893   1.46054   13.217
 5496.00    1.47223   1.46023   13.217
 5497.00    1.47223   1.45920   13.217
 5498.00    1.45364   1.45775   13.217
 5499.00    1.44312   1.45540   13.217
 5500.00    1.44195   1.45238   13.217
 5501.00    1.43137   1.44865   13.217
 5502.00    1.43137   1.44409   13.217
 5503.00    1.42994   1.43923   13.217
 5504.00    1.42881   1.43426   13.217
 5505.00    1.42961   1.42936   13.217
 5506.00    1.46605   1.42501   13.217
 5507.00    1.46605   1.42123   13.217
 5508.00    1.40662   1.41819   13.217
 5509.00    1.34285   1.41576   13.217
 5510.00    1.34285   1.41330   13.217
 5511.00    1.42753   1.41136   13.217
 5512.00    1.43257   1.40988   13.217
 5513.00    1.41063   1.40869   13.217
 5514.00    1.37837   1.40925   13.217
 5515.00    1.37837   1.41174   13.217
 5516.00    1.54960   1.41629   13.217
 5517.00    1.57616   1.42368   13.217
 5518.00    1.52854   1.43296   13.217
 5519.00    1.43037   1.44338   13.217
 5520.00    1.43037   1.45405   13.217
 5521.00    1.39478   1.46317   13.217
 5522.00    1.38521   1.47017   13.217
 5523.00    1.39210   1.47406   13.217
 5524.00    1.41288   1.47444   13.217
 5525.00    1.41288   1.47177   13.217
 5526.00    1.47213   1.46641   13.217
 5527.00    1.49633   1.46002   13.217
 5528.00    1.50992   1.45314   13.217
 5529.00    1.57587   1.44705   13.217
 5530.00    1.57587   1.44331   13.217
 5531.00    1.43730   1.44136   13.217
 5532.00    1.35655   1.44159   13.217
 5533.00    1.35330   1.44385   13.217
 5534.00    1.32166   1.44728   13.217
 5535.00    1.32166   1.45141   13.217
 5536.00    1.36092   1.45587   13.217
 5537.00    1.39249   1.46070   13.217
 5538.00    1.39276   1.46548   13.217
 5539.00    1.41023   1.47021   13.217
 5540.00    1.41023   1.47505   13.217
 5541.00    1.50030   1.47940   13.217
 5542.00    1.59942   1.48329   13.217
 5543.00    1.59942   1.48678   13.217
 5544.00    1.45186   1.48940   13.217
 5545.00    1.44202   1.49194   13.217
 5546.00    1.44138   1.49468   13.217
 5547.00    1.44042   1.49708   13.217
 5548.00    1.44042   1.50025   13.217
 5549.00    1.43452   1.50378   13.217
 5550.00    1.43356   1.50656   13.217
 5551.00    1.44602   1.50924   13.217
 5552.00    1.47245   1.51077   13.217
 5553.00    1.47245   1.51077   13.217
 5554.00    1.55297   1.50975   13.217
 5555.00    1.57552   1.50719   13.217
 5556.00    1.58580   1.50397   13.217
 5557.00    1.61789   1.50035   13.217
 5558.00    1.61789   1.49612   13.217
 5559.00    1.51270   1.49211   13.217
 5560.00    1.46839   1.48794   13.217
 5561.00    1.46170   1.48352   13.217
 5562.00    1.42770   1.47921   13.217
 5563.00    1.42770   1.47433   13.217
 5564.00    1.46214   1.46953   13.217
 5565.00    1.48276   1.46511   13.217
 5566.00    1.48210   1.46048   13.217
 5567.00    1.47518   1.45659   13.217
 5568.00    1.47518   1.45381   13.217
 5569.00    1.51533   1.45164   13.217
 5570.00    1.54847   1.45038   13.217
 5571.00    1.54888   1.45050   13.217
 5572.00    1.59485   1.45194   13.217
 5573.00    1.59485   1.45400   13.217
 5574.00    1.54462   1.45702   13.217
 5575.00    1.48791   1.46150   13.217
 5576.00    1.48791   1.46606   13.217
 5577.00    1.54429   1.47056   13.217
 5578.00    1.54849   1.47540   13.217
 5579.00    1.54868   1.47869   13.217
 5580.00    1.54898   1.48020   13.217
 5581.00    1.54898   1.48040   13.217
 5582.00    1.46286   1.47669   13.217
 5583.00    1.44803   1.47026   13.217
 5584.00    1.46375   1.46177   13.217
 5585.00    1.49810   1.44924   13.217
 5586.00    1.49810   1.43639   13.217
 5587.00    1.46447   1.42293   13.217
 5588.00    1.45470   1.40956   13.217
 5589.00    1.46219   1.39988   13.217
 5590.00    1.48638   1.39235   13.217
 5591.00    1.48638   1.38886   13.217
 5592.00    1.43179   1.38974   13.217
 5593.00    1.40809   1.39301   13.217
 5594.00    1.41429   1.39889   13.217
 5595.00    1.44727   1.40520   13.217
 5596.00    1.44727   1.41115   13.217
 5597.00    1.50497   1.41612   13.217
 5598.00    1.54047   1.41882   13.217
 5599.00    1.53141   1.42003   13.217
 5600.00    1.42741   1.42009   13.217
 5601.00    1.42741   1.42044   13.217
 5602.00    1.45096   1.42217   13.217
 5603.00    1.47090   1.42546   13.217
 5604.00    1.47092   1.43238   13.217
 5605.00    1.47918   1.44210   13.217
 5606.00    1.47918   1.45360   13.217
 5607.00    1.54436   1.46681   13.217
 5608.00    1.61984   1.47931   13.217
 5609.00    1.61984   1.49009   13.217
