 3332.00    0.00385   0.57357   -1.000
 3333.00    0.29692   0.57498   -1.000
 3334.00    0.48594   0.57379   15.488
 3335.00    0.48761   0.56914   15.488
 3336.00    0.50131   0.56179   15.488
 3337.00    0.50131   0.55371   15.488
 3338.00    0.53921   0.54718   15.488
 3339.00    0.56356   0.54385   15.488
 3340.00    0.55075   0.54410   15.488
 3341.00    0.44647   0.54666   15.488
 3342.00    0.44647   0.55001   15.488
 3343.00    0.57337   0.55374   15.488
 3344.00    0.65455   0.55816   15.488
 3345.00    0.63981   0.56334   15.488
 3346.00    0.52103   0.56803   15.488
 3347.00    0.52103   0.57017   15.488
 3348.00    0.51301   0.56831   15.488
 3349.00    0.50790   0.56241   15.488
 3350.00    0.50527   0.55403   15.488
 3351.00    0.48429   0.54625   15.488
 3352.00    0.48429   0.54219   15.488
 3353.00    0.46789   0.54286   15.488
 3354.00    0.45748   0.54709   15.488
 3355.00    0.45785   0.55246   15.488
 3356.00    0.46080   0.55654   15.488
 3357.00    0.46080   0.55773   15.488
 3358.00    0.48050   0.55497   15.488
 3359.00    0.49295   0.54792   15.488
 3360.00    0.48233   0.53729   15.488
 3361.00    0.39918   0.52541   15.488
 3362.00    0.39918   0.51588   15.488
 3363.00    0.37378   0.51174   15.488
 3364.00    0.35778   0.51383   15.488
 3365.00    0.37685   0.51999   15.488
 3366.00    0.52499   0.52610   15.488
 3367.00    0.52499   0.52859   15.488
 3368.00    0.57507   0.52604   15.488
 3369.00    0.60649   0.51940   15.488
 3370.00    0.60396   0.51130   15.488
 3371.00    0.58456   0.50441   15.488
 3372.00    0.58456   0.50048   15.488
 3373.00    0.54404   0.50034   15.488
 3374.00    0.51873   0.50419   15.488
 3375.00    0.51350   0.51174   15.488
 3376.00    0.47358   0.52176   15.488
 3377.00    0.47358   0.53172   15.488
 3378.00    0.50654   0.53846   15.488
 3379.00    0.52705   0.53975   15.488
 3380.00    0.50886   0.53605   15.488
 3381.00    0.37155   0.53052   15.488
 3382.00    0.37155   0.52699   15.488
 3383.00    0.39043   0.52791   15.488
 3384.00    0.40213   0.53330   15.488
 3385.00    0.38721   0.54122   15.488
 3386.00    0.27530   0.54900   -1.000
 3387.00    0.27530   0.55495   -1.000
 3388.00    0.29790   0.55853   -1.000
 3389.00    0.31186   0.55978   -1.000
 3390.00    0.33351   0.55917   -1.000
 3391.00    0.49427   0.55720   15.488
 3392.00    0.49427   0.55427   15.488
 3393.00    0.45067   0.55095   15.488
 3394.00    0.42385   0.54837   15.488
 3395.00    0.44772   0.54813   15.488
 3396.00    0.62338   0.55171   15.488
 3397.00    0.62338   0.55908   15.488
 3398.00    0.62207   0.56833   15.488
 3399.00    0.62127   0.57658   15.488
 3400.00    0.61637   0.58120   15.488
 3401.00    0.58065   0.58098   15.488
 3402.00    0.58065   0.57642   15.488
 3403.00    0.53049   0.56940   15.488
 3404.00    0.49990   0.56197   15.488
 3405.00    0.50348   0.55525   15.488
 3406.00    0.52937   0.54979   15.488
 3407.00    0.52937   0.54546   15.488
 3408.00    0.59734   0.54212   15.488
 3409.00    0.63863   0.53989   15.488
 3410.00    0.62643   0.53928   15.488
 3411.00    0.53910   0.54035   15.488
 3412.00    0.53910   0.54222   15.488
 3413.00    0.66861   0.54381   15.488
 3414.00    0.74697   0.54441   -1.000
 3415.00    0.71869   0.54437   15.488
 3416.00    0.51762   0.54485   15.488
 3417.00    0.51762   0.54709   15.488
 3418.00    0.52185   0.55166   15.488
 3419.00    0.52440   0.55829   15.488
 3420.00    0.51825   0.56567   15.488
 3421.00    0.47490   0.57209   15.488
 3422.00    0.47490   0.57603   15.488
 3423.00    0.50057   0.57684   15.488
 3424.00    0.51599   0.57509   15.488
 3425.00    0.53216   0.57238   15.488
 3426.00    0.64513   0.57041   15.488
 3427.00    0.64513   0.57039   15.488
 3428.00    0.44319   0.57268   15.488
 3429.00    0.32240   0.57678   -1.000
 3430.00    0.34386   0.58143   -1.000
 3431.00    0.49238   0.58503   15.488
 3432.00    0.49238   0.58581   15.488
 3433.00    0.55074   0.58326   15.488
 3434.00    0.58550   0.57863   15.488
 3435.00    0.58850   0.57381   15.488
 3436.00    0.60908   0.57012   15.488
 3437.00    0.60908   0.56736   15.488
 3438.00    0.63071   0.56404   15.488
 3439.00    0.64355   0.55822   15.488
 3440.00    0.62343   0.54917   15.488
 3441.00    0.48630   0.53736   15.488
 3442.00    0.48630   0.52495   15.488
 3443.00    0.45487   0.51451   15.488
 3444.00    0.43628   0.50852   15.488
 3445.00    0.44535   0.50819   15.488
 3446.00    0.50665   0.51318   15.488
 3447.00    0.50665   0.52239   15.488
 3448.00    0.58464   0.53434   15.488
 3449.00    0.63056   0.54697   15.488
 3450.00    0.62836   0.55788   15.488
 3451.00    0.61364   0.56468   15.488
 3452.00    0.61364   0.56613   15.488
 3453.00    0.56408   0.56280   15.488
 3454.00    0.53501   0.55701   15.488
 3455.00    0.53846   0.55133   15.488
 3456.00    0.56139   0.54732   15.488
 3457.00    0.56139   0.54471   15.488
 3458.00    0.57333   0.54197   15.488
 3459.00    0.58030   0.53805   15.488
 3460.00    0.59817   0.53299   15.488
 3461.00    0.71586   0.52823   15.488
 3462.00    0.71586   0.52540   15.488
 3463.00    0.59849   0.52540   15.488
 3464.00    0.53024   0.52820   15.488
 3465.00    0.51127   0.53285   15.488
 3466.00    0.38744   0.53771   15.488
 3467.00    0.38744   0.54174   15.488
 3468.00    0.42407   0.54510   15.488
 3469.00    0.44530   0.54842   15.488
 3470.00    0.44038   0.55191   15.488
 3471.00    0.40848   0.55471   15.488
 3472.00    0.40848   0.55535   15.488
 3473.00    0.54650   0.55244   15.488
 3474.00    0.62616   0.54581   15.488
 3475.00    0.60673   0.53669   15.488
 3476.00    0.48169   0.52755   15.488
 3477.00    0.48169   0.52114   15.488
 3478.00    0.48706   0.51934   15.488
 3479.00    0.49014   0.52233   15.488
 3480.00    0.51649   0.52856   15.488
 3481.00    0.68460   0.53551   15.488
 3482.00    0.68460   0.54109   15.488
 3483.00    0.63703   0.54442   15.488
 3484.00    0.60980   0.54592   15.488
 3485.00    0.61165   0.54671   15.488
 3486.00    0.62341   0.54792   15.488
 3487.00    0.62341   0.54988   15.488
 3488.00    0.60357   0.55177   15.488
 3489.00    0.59226   0.55213   15.488
 3490.00    0.58573   0.54971   15.488
 3491.00    0.54469   0.54476   15.488
 3492.00    0.54469   0.53888   15.488
 3493.00    0.53995   0.53384   15.488
 3494.00    0.53726   0.53053   15.488
 3495.00    0.53536   0.52857   15.488
 3496.00    0.52352   0.52739   15.488
 3497.00    0.52352   0.52688   15.488
 3498.00    0.52482   0.52780   15.488
 3499.00    0.52555   0.53098   15.488
 3500.00    0.53748   0.53649   15.488
 3501.00    0.61129   0.54333   15.488
 3502.00    0.61129   0.54969   15.488
 3503.00    0.56191   0.55427   15.488
 3504.00    0.53410   0.55674   15.488
 3505.00    0.55413   0.55722   15.488
 3506.00    0.67704   0.55592   15.488
 3507.00    0.67704   0.55328   15.488
 3508.00    0.68132   0.54999   15.488
 3509.00    0.68372   0.54680   15.488
 3510.00    0.67980   0.54393   15.488
 3511.00    0.65591   0.54108   15.488
 3512.00    0.65591   0.53788   15.488
 3513.00    0.57608   0.53440   15.488
 3514.00    0.53149   0.53142   15.488
 3515.00    0.53627   0.53015   15.488
 3516.00    0.56515   0.53163   15.488
 3517.00    0.56515   0.53633   15.488
 3518.00    0.47364   0.54345   15.488
 3519.00    0.42274   0.55065   15.488
 3520.00    0.40529   0.55519   15.488
 3521.00    0.30056   0.55524   -1.000
 3522.00    0.30056   0.55066   -1.000
 3523.00    0.50227   0.54291   15.488
 3524.00    0.61411   0.53413   15.488
 3525.00    0.60272   0.52642   15.488
 3526.00    0.53488   0.52138   15.488
 3527.00    0.53488   0.52010   15.488
 3528.00    0.58358   0.52304   15.488
 3529.00    0.61048   0.52958   15.488
 3530.00    0.59990   0.53815   15.488
 3531.00    0.53742   0.54668   15.488
 3532.00    0.53742   0.55361   15.488
 3533.00    0.47205   0.55840   15.488
 3534.00    0.43611   0.56153   15.488
 3535.00    0.47045   0.56389   15.488
 3536.00    0.67170   0.56627   15.488
 3537.00    0.67170   0.56902   15.488
 3538.00    0.56597   0.57219   15.488
 3539.00    0.50809   0.57573   15.488
 3540.00    0.52820   0.57935   15.488
 3541.00    0.64513   0.58262   15.488
 3542.00    0.64513   0.58504   15.488
 3543.00    0.61371   0.58646   15.488
 3544.00    0.59656   0.58718   15.488
 3545.00    0.58876   0.58780   15.488
 3546.00    0.54365   0.58856   15.488
 3547.00    0.54365   0.58921   15.488
 3548.00    0.64691   0.58941   15.488
 3549.00    0.70301   0.58898   15.488
 3550.00    0.68533   0.58813   15.488
 3551.00    0.58385   0.58702   15.488
 3552.00    0.58385   0.58562   15.488
 3553.00    0.60066   0.58365   15.488
 3554.00    0.60976   0.58096   15.488
 3555.00    0.62471   0.57773   15.488
 3556.00    0.70985   0.57453   15.488
 3557.00    0.70985   0.57205   15.488
 3558.00    0.63324   0.57064   15.488
 3559.00    0.59197   0.57027   15.488
 3560.00    0.58107   0.57065   15.488
 3561.00    0.51949   0.57146   15.488
 3562.00    0.51949   0.57238   15.488
 3563.00    0.51610   0.57261   15.488
 3564.00    0.51428   0.57085   15.488
 3565.00    0.52627   0.56593   15.488
 3566.00    0.59352   0.55753   15.488
 3567.00    0.59352   0.54690   15.488
 3568.00    0.59636   0.53604   15.488
 3569.00    0.59788   0.52693   15.488
 3570.00    0.58537   0.52019   15.488
 3571.00    0.51576   0.51522   15.488
 3572.00    0.51576   0.51149   15.488
 3573.00    0.57720   0.50904   15.488
 3574.00    0.60991   0.50833   15.488
 3575.00    0.61328   0.50937   15.488
 3576.00    0.63196   0.51128   15.488
 3577.00    0.63196   0.51295   15.488
 3578.00    0.54901   0.51324   15.488
 3579.00    0.50504   0.51147   15.488
 3580.00    0.51305   0.50745   15.488
 3581.00    0.55704   0.50144   15.488
 3582.00    0.55704   0.49438   15.488
 3583.00    0.52429   0.48749   15.488
 3584.00    0.50701   0.48178   15.488
 3585.00    0.48227   0.47761   15.488
 3586.00    0.34745   0.47484   15.488
 3587.00    0.34745   0.47342   15.488
 3588.00    0.49346   0.47370   15.488
 3589.00    0.57020   0.47661   15.488
 3590.00    0.56283   0.48286   15.488
 3591.00    0.52297   0.49212   15.488
 3592.00    0.52297   0.50312   15.488
 3593.00    0.54310   0.51418   15.488
 3594.00    0.55363   0.52417   15.488
 3595.00    0.56926   0.53278   15.488
 3596.00    0.65337   0.54042   15.488
 3597.00    0.65337   0.54773   15.488
 3598.00    0.57085   0.55482   15.488
 3599.00    0.52780   0.56112   15.488
 3600.00    0.54411   0.56536   15.488
 3601.00    0.63122   0.56644   15.488
 3602.00    0.63122   0.56390   15.488
 3603.00    0.67263   0.55809   15.488
 3604.00    0.69413   0.55017   15.488
 3605.00    0.67375   0.54179   15.488
 3606.00    0.56569   0.53448   15.488
 3607.00    0.56569   0.52904   15.488
 3608.00    0.65095   0.52539   15.488
 3609.00    0.69504   0.52303   15.488
 3610.00    0.64829   0.52155   15.488
 3611.00    0.40224   0.52105   15.488
 3612.00    0.40224   0.52203   15.488
 3613.00    0.48681   0.52476   15.488
 3614.00    0.53034   0.52901   15.488
 3615.00    0.51934   0.53377   15.488
 3616.00    0.46182   0.53770   15.488
 3617.00    0.46182   0.53964   15.488
 3618.00    0.43484   0.53901   15.488
 3619.00    0.42101   0.53632   15.488
 3620.00    0.43834   0.53327   15.488
 3621.00    0.52822   0.53213   15.488
 3622.00    0.52822   0.53485   15.488
 3623.00    0.53189   0.54193   15.488
 3624.00    0.53376   0.55230   15.488
 3625.00    0.54677   0.56420   15.488
 3626.00    0.61386   0.57597   15.488
 3627.00    0.61386   0.58622   15.488
 3628.00    0.55361   0.59346   15.488
 3629.00    0.52297   0.59610   15.488
 3630.00    0.52338   0.59293   15.488
 3631.00    0.52551   0.58418   15.488
 3632.00    0.52551   0.57207   15.488
 3633.00    0.61704   0.56013   15.488
 3634.00    0.66340   0.55176   15.488
 3635.00    0.65344   0.54873   15.488
 3636.00    0.60276   0.55070   15.488
 3637.00    0.60276   0.55598   15.488
 3638.00    0.62177   0.56272   15.488
 3639.00    0.63136   0.56963   15.488
 3640.00    0.62250   0.57578   15.488
 3641.00    0.57775   0.58020   15.488
 3642.00    0.57775   0.58187   15.488
 3643.00    0.55352   0.58006   15.488
 3644.00    0.54135   0.57501   15.488
 3645.00    0.54443   0.56786   15.488
 3646.00    0.55985   0.56024   15.488
 3647.00    0.55985   0.55356   15.488
 3648.00    0.58474   0.54877   15.488
 3649.00    0.59719   0.54647   15.488
 3650.00    0.58476   0.54699   15.488
 3651.00    0.52277   0.55052   15.488
 3652.00    0.52277   0.55699   15.488
 3653.00    0.57909   0.56572   15.488
 3654.00    0.60715   0.57557   15.488
 3655.00    0.60526   0.58527   15.488
 3656.00    0.59588   0.59387   15.488
 3657.00    0.59588   0.60090   15.488
 3658.00    0.57100   0.60636   15.488
 3659.00    0.55866   0.61031   15.488
 3660.00    0.59070   0.61272   15.488
 3661.00    0.74832   0.61347   15.488
 3662.00    0.74832   0.61240   15.488
 3663.00    0.73361   0.60973   15.488
 3664.00    0.72635   0.60608   15.488
 3665.00    0.69212   0.60222   15.488
 3666.00    0.52488   0.59871   15.488
 3667.00    0.52488   0.59572   15.488
 3668.00    0.61081   0.59315   15.488
 3669.00    0.65306   0.59094   15.488
 3670.00    0.63439   0.58937   15.488
 3671.00    0.54382   0.58895   15.488
 3672.00    0.54382   0.59005   15.488
 3673.00    0.52650   0.59236   15.488
 3674.00    0.51802   0.59482   15.488
 3675.00    0.53176   0.59588   15.488
 3676.00    0.59796   0.59431   15.488
 3677.00    0.59796   0.58974   15.488
 3678.00    0.53650   0.58292   15.488
 3679.00    0.50651   0.57540   15.488
 3680.00    0.51619   0.56882   15.488
 3681.00    0.56255   0.56442   15.488
 3682.00    0.56255   0.56256   15.488
 3683.00    0.59381   0.56261   15.488
 3684.00    0.60899   0.56326   15.488
 3685.00    0.60380   0.56310   15.488
 3686.00    0.57908   0.56142   15.488
 3687.00    0.57908   0.55865   15.488
 3688.00    0.54151   0.55634   15.488
 3689.00    0.52334   0.55638   15.488
 3690.00    0.52656   0.55994   15.488
 3691.00    0.54177   0.56682   15.488
 3692.00    0.54177   0.57547   15.488
 3693.00    0.50500   0.58376   15.488
 3694.00    0.48729   0.59002   15.488
 3695.00    0.50180   0.59368   15.488
 3696.00    0.56992   0.59534   15.488
 3697.00    0.56992   0.59641   15.488
 3698.00    0.59322   0.59845   15.488
 3699.00    0.60438   0.60233   15.488
 3700.00    0.59099   0.60755   15.488
 3701.00    0.52840   0.61203   15.488
 3702.00    0.52840   0.61278   15.488
 3703.00    0.54186   0.60739   15.488
 3704.00    0.54828   0.59543   15.488
 3705.00    0.53801   0.57915   15.488
 3706.00    0.49036   0.56266   15.488
 3707.00    0.49036   0.55001   15.488
 3708.00    0.57259   0.54340   15.488
 3709.00    0.61170   0.54252   15.488
 3710.00    0.61500   0.54543   15.488
 3711.00    0.63024   0.55020   15.488
 3712.00    0.63024   0.55623   15.488
 3713.00    0.50237   0.56431   15.488
 3714.00    0.44184   0.57560   15.488
 3715.00    0.45430   0.59009   15.488
 3716.00    0.51140   0.60578   15.488
 3717.00    0.51140   0.61890   15.488
 3718.00    0.63963   0.62506    0.000
 3719.00    0.70006   0.62106    0.000
 3720.00    0.72279   0.60643    0.000
 3721.00    0.82620   0.58429    0.000
 3722.00    0.82620   0.56085    0.000
 3723.00    0.93880   0.54348    0.000
 3724.00    0.99163   0.53791    0.000
 3725.00    1.08699   0.54618    0.000
 3726.00    1.51801   0.56593    0.000
 3727.00    1.51801   0.59164    0.000
 3728.00    1.85912   0.61679    0.000
 3729.00    2.01844   0.63589    0.000
 3730.00    1.93203   0.64520    0.000
 3731.00    1.54336   0.64265    0.000
 3732.00    1.54336   0.62783    0.000
 3733.00    1.27652   0.60240    0.000
 3734.00    1.15231   0.57057    0.000
 3735.00    1.08016   0.53892    0.000
 3736.00    0.75772   0.51511    0.000
 3737.00    0.75772   0.50568    0.000
 3738.00    0.56480   0.51394   15.488
 3739.00    0.47540   0.53878   15.488
 3740.00    0.50334   0.57501   15.488
 3741.00    0.62738   0.61486   15.488
 3742.00    0.62738   0.65022   15.488
 3743.00    0.67823   0.67470   15.488
 3744.00    0.70169   0.68481   15.488
 3745.00    0.69361   0.68006   15.488
 3746.00    0.65798   0.66216   15.488
 3747.00    0.65798   0.63427   15.488
 3748.00    0.58884   0.60043   15.488
 3749.00    0.55708   0.56561   15.488
 3750.00    0.56715   0.53567   15.488
 3751.00    0.61127   0.51668   15.488
 3752.00    0.61127   0.51339   15.488
 3753.00    0.65108   0.52752   15.488
 3754.00    0.66930   0.55679   15.488
 3755.00    0.66815   0.59535   15.488
 3756.00    0.66313   0.63564   15.488
 3757.00    0.66313   0.67067   15.488
 3758.00    0.63478   0.69612   15.488
 3759.00    0.62186   0.71120   15.488
 3760.00    0.63715   0.71808   15.488
 3761.00    0.70340   0.72020   15.488
 3762.00    0.70340   0.72044   15.488
 3763.00    0.72982   0.71980   15.488
 3764.00    0.74181   0.71740   15.488
 3765.00    0.73013   0.71125   15.488
 3766.00    0.67985   0.69935   15.488
 3767.00    0.67985   0.68071   15.488
 3768.00    0.65060   0.65594   15.488
 3769.00    0.63740   0.62737   15.488
 3770.00    0.63816   0.59886   15.488
 3771.00    0.64141   0.57514   15.488
 3772.00    0.64141   0.56088   15.488
 3773.00    0.72585   0.55941   15.488
 3774.00    0.76379   0.57172   -1.000
 3775.00    0.73924   0.59621   15.488
 3776.00    0.63487   0.62949   15.488
 3777.00    0.63487   0.66766   15.488
 3778.00    0.64539   0.70735   15.488
 3779.00    0.65009   0.74611   15.488
 3780.00    0.68692   0.78212   15.488
 3781.00    0.84251   0.81395   15.488
 3782.00    0.84251   0.84035   15.488
 3783.00    0.84739   0.86023   15.488
 3784.00    0.84957   0.87281   15.488
 3785.00    0.83077   0.87766   15.488
 3786.00    0.75174   0.87486   15.488
 3787.00    0.75174   0.86525   15.488
 3788.00    0.85167   0.85042   15.488
 3789.00    0.89603   0.83245   15.488
 3790.00    0.89204   0.81309   15.488
 3791.00    0.87541   0.79306   15.488
 3792.00    0.87541   0.77163   15.488
 3793.00    0.75294   0.74708   15.488
 3794.00    0.69884   0.71765   15.488
 3795.00    0.68919   0.68265   15.488
 3796.00    0.64910   0.64331    0.000
 3797.00    0.64910   0.60297    0.000
 3798.00    0.64353   0.56676    0.000
 3799.00    0.64109   0.54058    0.000
 3800.00    0.63463   0.52969    0.000
 3801.00    0.60797   0.53707    0.000
 3802.00    0.60797   0.56214    0.000
 3803.00    0.64578   0.60076   15.488
 3804.00    0.66233   0.64641   15.488
 3805.00    0.68083   0.69241   15.488
 3806.00    0.75681   0.73392   15.488
 3807.00    0.75681   0.76886   15.488
 3808.00    0.72483   0.79772   15.488
 3809.00    0.71089   0.82211   15.488
 3810.00    0.72940   0.84321   15.488
 3811.00    0.80499   0.86065   15.488
 3812.00    0.80499   0.87286   15.488
 3813.00    0.88903   0.87815   15.488
 3814.00    0.92552   0.87623   15.488
 3815.00    0.90722   0.86879   15.488
 3816.00    0.83297   0.85884   15.488
 3817.00    0.83297   0.84930   15.488
 3818.00    0.81149   0.84159   15.488
 3819.00    0.80220   0.83540   15.488
 3820.00    0.81928   0.82945   15.488
 3821.00    0.88811   0.82265   15.488
 3822.00    0.88811   0.81470   15.488
 3823.00    0.82862   0.80573   15.488
 3824.00    0.80303   0.79559   15.488
 3825.00    0.80861   0.78359   15.488
 3826.00    0.83099   0.76896   15.488
 3827.00    0.83099   0.75142   15.488
 3828.00    0.71076   0.73132   15.488
 3829.00    0.65929   0.70909   15.488
 3830.00    0.67536   0.68459   15.488
 3831.00    0.73938   0.65709   15.488
 3832.00    0.73938   0.62576   15.488
 3833.00    0.64854   0.59077    0.000
 3834.00    0.60983   0.55392    0.000
 3835.00    0.62659   0.51883    0.000
 3836.00    0.69304   0.49008    0.000
 3837.00    0.69304   0.47206    0.000
 3838.00    0.62249   0.46765    0.000
 3839.00    0.59253   0.47765    0.000
 3840.00    0.57274   0.50099    0.000
 3841.00    0.49476   0.53535    0.000
 3842.00    0.49476   0.57765   15.488
 3843.00    0.64333   0.62447   15.488
 3844.00    0.70613   0.67226   15.488
 3845.00    0.73133   0.71773   15.488
 3846.00    0.83003   0.75836   15.488
 3847.00    0.83003   0.79272   15.488
 3848.00    0.82278   0.82046   15.488
 3849.00    0.81972   0.84205   15.488
 3850.00    0.82950   0.85843   15.488
 3851.00    0.86757   0.87074   15.488
 3852.00    0.86757   0.88011   15.488
 3853.00    0.76081   0.88723   15.488
 3854.00    0.71610   0.89226   -1.000
 3855.00    0.76456   0.89492   15.488
 3856.00    0.95211   0.89492   15.488
 3857.00    0.95211   0.89247   15.488
 3858.00    0.87622   0.88840   15.488
 3859.00    0.84455   0.88405   15.488
 3860.00    0.84590   0.88091   15.488
 3861.00    0.85109   0.88013   15.488
 3862.00    0.85109   0.88222    0.000
 3863.00    0.88411   0.88673    0.000
 3864.00    0.89782   0.89247    0.000
 3865.00    0.89570   0.89801    0.000
 3866.00    0.88755   0.90229    0.000
 3867.00    0.88755   0.90487    0.000
 3868.00    1.17992   0.90571    0.000
 3869.00    1.30079   0.90474    0.000
 3870.00    1.26807   0.90161    0.000
 3871.00    1.14347   0.89596    0.000
 3872.00    1.14347   0.88798   15.488
 3873.00    1.08450   0.87878   15.488
 3874.00    1.06023   0.87005   15.488
 3875.00    1.04257   0.86306   15.488
 3876.00    0.97569   0.85777   15.488
 3877.00    0.97569   0.85273   15.488
 3878.00    0.92584   0.84593   15.488
 3879.00    0.90543   0.83604   15.488
 3880.00    0.91604   0.82288   15.488
 3881.00    0.95599   0.80699   15.488
 3882.00    0.95599   0.78867    0.000
 3883.00    0.88407   0.76740    0.000
 3884.00    0.85476   0.74204    0.000
 3885.00    0.80823   0.71154    0.000
 3886.00    0.63417   0.67585    0.000
 3887.00    0.63417   0.63658    0.000
 3888.00    0.69324   0.59729    0.000
 3889.00    0.71723   0.56309    0.000
 3890.00    0.73526   0.53949    0.000
 3891.00    0.80243   0.53069    0.000
 3892.00    0.80243   0.53816   -1.000
 3893.00    0.78357   0.56012   -1.000
 3894.00    0.77595   0.59231   15.488
 3895.00    0.73234   0.62962   15.488
 3896.00    0.57088   0.66766   15.488
 3897.00    0.57088   0.70350   15.488
 3898.00    0.73423   0.73575   15.488
 3899.00    0.79993   0.76400   15.488
 3900.00    0.77045   0.78845   15.488
 3901.00    0.66190   0.80953   15.488
 3902.00    0.66190   0.82761   15.488
 3903.00    0.74283   0.84289   15.488
 3904.00    0.77523   0.85541   15.488
 3905.00    0.77987   0.86551   15.488
 3906.00    0.79686   0.87420   15.488
 3907.00    0.79686   0.88313   15.488
 3908.00    0.87561   0.89392   15.488
 3909.00    0.90698   0.90733   15.488
 3910.00    0.93122   0.92267   15.488
 3911.00    1.01954   0.93801   15.488
 3912.00    1.01954   0.95096   15.488
 3913.00    0.89335   0.95969   15.488
 3914.00    0.84325   0.96354   15.488
 3915.00    0.86567   0.96310   15.488
 3916.00    0.94690   0.95970   15.488
 3917.00    0.94690   0.95473   15.488
 3918.00    0.98586   0.94919   15.488
 3919.00    1.00125   0.94356   15.488
 3920.00    0.96335   0.93806   15.488
 3921.00    0.82680   0.93295   15.488
 3922.00    0.82680   0.92854   15.488
 3923.00    0.77837   0.92491   -1.000
 3924.00    0.75932   0.92153   -1.000
 3925.00    0.77867   0.91704   -1.000
 3926.00    0.84798   0.90948   15.488
 3927.00    0.84798   0.89683   15.488
 3928.00    0.85044   0.87767   15.488
 3929.00    0.85141   0.85151   15.488
 3930.00    0.83995   0.81890   15.488
 3931.00    0.79915   0.78144   15.488
 3932.00    0.79915   0.74167   15.488
 3933.00    0.71354   0.70325   15.488
 3934.00    0.68020   0.67072   15.488
 3935.00    0.67568   0.64892   15.488
 3936.00    0.65967   0.64169   15.488
 3937.00    0.65967   0.65057   15.488
 3938.00    0.64724   0.67407   15.488
 3939.00    0.64242   0.70799   15.488
 3940.00    0.65645   0.74673   -1.000
 3941.00    0.70593   0.78477   15.488
 3942.00    0.70593   0.81795   -1.000
 3943.00    0.85655   0.84407   15.488
 3944.00    0.91470   0.86294   15.488
 3945.00    0.93116   0.87583   15.488
 3946.00    0.98885   0.88474   15.488
 3947.00    0.98885   0.89147   15.488
 3948.00    1.00655   0.89712   15.488
 3949.00    1.01335   0.90200   15.488
 3950.00    0.99439   0.90598   15.488
 3951.00    0.92832   0.90888   15.488
 3952.00    0.92832   0.91068   15.488
 3953.00    0.85339   0.91145   15.488
 3954.00    0.82473   0.91113   15.488
 3955.00    0.83478   0.90943   15.488
 3956.00    0.86961   0.90579   15.488
 3957.00    0.86961   0.89959   15.488
 3958.00    0.94279   0.89029   15.488
 3959.00    0.97063   0.87737   15.488
 3960.00    0.93932   0.86021   15.488
 3961.00    0.83136   0.83801    0.000
 3962.00    0.83136   0.81007    0.000
 3963.00    0.79325   0.77605    0.000
 3964.00    0.77880   0.73609    0.000
 3965.00    0.79823   0.69066    0.000
 3966.00    0.86493   0.64052    0.000
 3967.00    0.86493   0.58714    0.000
 3968.00    0.72866   0.53344    0.000
 3969.00    0.67725   0.48405    0.000
 3970.00    0.66139   0.44475    0.000
 3971.00    0.60725   0.42108    0.000
 3972.00    0.60725   0.41668    0.000
 3973.00    0.68268   0.43226    0.000
 3974.00    0.71099   0.46552    0.000
 3975.00    0.70374   0.51201   15.488
 3976.00    0.67914   0.56636   15.488
 3977.00    0.67914   0.62346   15.488
 3978.00    0.69420   0.67919   15.488
 3979.00    0.69983   0.73060   15.488
 3980.00    0.73766   0.77584   15.488
 3981.00    0.86539   0.81397   15.488
 3982.00    0.86539   0.84488   15.488
 3983.00    0.94055   0.86930   15.488
 3984.00    0.96849   0.88863   15.488
 3985.00    0.94161   0.90463   15.488
 3986.00    0.85140   0.91882   15.488
 3987.00    0.85140   0.93214   15.488
 3988.00    0.97490   0.94495   15.488
 3989.00    1.02059   0.95719   15.488
 3990.00    1.02167   0.96877   15.488
 3991.00    1.02526   0.97962   15.488
 3992.00    1.02526   0.98963   15.488
 3993.00    1.00443   0.99845   15.488
 3994.00    0.99676   1.00547   15.488
 3995.00    1.04452   1.01003   15.488
 3996.00    1.20336   1.01184   15.488
 3997.00    1.20336   1.01136   15.488
 3998.00    1.04542   1.00982   15.488
 3999.00    0.98750   1.00881   15.488
 4000.00    0.99095   1.00948   15.488
 4001.00    1.00238   1.01197   15.488
 4002.00    1.00238   1.01525   15.488
 4003.00    0.99249   1.01763   15.488
 4004.00    0.98888   1.01767   15.488
 4005.00    0.98174   1.01498   15.488
 4006.00    0.95824   1.01062   15.488
 4007.00    0.95824   1.00670   15.488
 4008.00    0.98858   1.00543   15.488
 4009.00    0.99960   1.00803   15.488
 4010.00    1.00000   1.01420   15.488
 4011.00    1.00131   1.02243   15.488
 4012.00    1.00131   1.03086   15.488
 4013.00    0.96947   1.03815   15.488
 4014.00    0.95797   1.04385   15.488
 4015.00    0.95102   1.04823   15.488
 4016.00    0.92836   1.05186   15.488
 4017.00    0.92836   1.05529   -1.000
 4018.00    0.99553   1.05884   15.488
 4019.00    1.01970   1.06254   15.488
 4020.00    1.05022   1.06611   15.488
 4021.00    1.14908   1.06895   15.488
 4022.00    1.14908   1.07026   15.488
 4023.00    1.10440   1.06940   15.488
 4024.00    1.08839   1.06634    0.000
 4025.00    1.08273   1.06178    0.000
 4026.00    1.06449   1.05692    0.000
 4027.00    1.06449   1.05285    0.000
 4028.00    0.99296   1.04982    0.000
 4029.00    0.96747   1.04711    0.000
 4030.00    0.97637   1.04349    0.000
 4031.00    1.00492   1.03821   15.488
 4032.00    1.00492   1.03169   15.488
 4033.00    0.99469   1.02559   15.488
 4034.00    0.99107   1.02217   15.488
 4035.00    1.00241   1.02330   15.488
 4036.00    1.03860   1.02965   15.488
 4037.00    1.03860   1.04048   15.488
 4038.00    0.98628   1.05377   15.488
 4039.00    0.96782   1.06685   15.488
 4040.00    0.97154   1.07712   15.488
 4041.00    0.98331   1.08265   15.488
 4042.00    0.98331   1.08251   15.488
 4043.00    0.98241   1.07679   15.488
 4044.00    0.98209   1.06649   15.488
 4045.00    0.97382   1.05349   15.488
 4046.00    0.94771   1.04055   15.488
 4047.00    0.94771   1.03077   15.488
 4048.00    0.97592   1.02672   15.488
 4049.00    0.98578   1.02928   15.488
 4050.00    1.01121   1.03706   15.488
 4051.00    1.09110   1.04700   15.488
 4052.00    1.09110   1.05559   15.488
 4053.00    1.01085   1.06033   15.488
 4054.00    0.98294   1.06049   15.488
 4055.00    0.99861   1.05699   15.488
 4056.00    1.04757   1.05169   15.488
 4057.00    1.04757   1.04651   15.488
 4058.00    1.06111   1.04274   15.488
 4059.00    1.06579   1.04071   15.488
 4060.00    1.06415   1.03981   15.488
 4061.00    1.05904   1.03869   15.488
 4062.00    1.05904   1.03586   15.488
 4063.00    1.04900   1.03037   15.488
 4064.00    1.04554   1.02239   15.488
 4065.00    1.03994   1.01329   15.488
 4066.00    1.02261   1.00511   15.488
 4067.00    1.02261   0.99954    0.000
 4068.00    1.12815   0.99717    0.000
 4069.00    1.16435   0.99731    0.000
 4070.00    1.14708   0.99835    0.000
 4071.00    1.09389   0.99863   15.488
 4072.00    1.09389   0.99713   15.488
 4073.00    1.01030   0.99372   15.488
 4074.00    0.98177   0.98888   15.488
 4075.00    0.99624   0.98313   15.488
 4076.00    1.04058   0.97680   15.488
 4077.00    1.04058   0.97021   15.488
 4078.00    0.95655   0.96421   15.488
 4079.00    0.92803   0.96022   15.488
 4080.00    0.93666   0.95965   15.488
 4081.00    0.96295   0.96292   15.488
 4082.00    0.96295   0.96893   15.488
 4083.00    0.96679   0.97547   15.488
 4084.00    0.96809   0.98036   15.488
 4085.00    0.95481   0.98256   15.488
 4086.00    0.91454   0.98247   15.488
 4087.00    0.91454   0.98131   15.488
 4088.00    0.96126   0.98015   15.488
 4089.00    0.97695   0.97908   15.488
 4090.00    0.97411   0.97714   15.488
 4091.00    0.96555   0.97286   15.488
 4092.00    0.96555   0.96488   15.488
 4093.00    0.99618   0.95240   15.488
 4094.00    1.00641   0.93514   15.488
 4095.00    0.98120   0.91309    0.000
 4096.00    0.90548   0.88627    0.000
 4097.00    0.90548   0.85472    0.000
 4098.00    0.85185   0.81872    0.000
 4099.00    0.83397   0.77907    0.000
 4100.00    0.83152   0.73750    0.000
 4101.00    0.82420   0.69701    0.000
 4102.00    0.82420   0.66185    0.000
 4103.00    0.91851   0.63685    0.000
 4104.00    0.94978   0.62613    0.000
 4105.00    0.91417   0.63163    0.000
 4106.00    0.80845   0.65217    0.000
 4107.00    0.80845   0.68387    0.000
 4108.00    0.84276   0.72136   15.488
 4109.00    0.85408   0.75961   15.488
 4110.00    0.85839   0.79518   15.488
 4111.00    0.87112   0.82656   15.488
 4112.00    0.87112   0.85383   15.488
 4113.00    0.90070   0.87786   15.488
 4114.00    0.91040   0.89948   15.488
 4115.00    0.92567   0.91904   15.488
 4116.00    0.97053   0.93631   15.488
 4117.00    0.97053   0.95061   15.488
 4118.00    0.98093   0.96140   15.488
 4119.00    0.98432   0.96860   15.488
 4120.00    0.96554   0.97280   15.488
 4121.00    0.91061   0.97515   15.488
 4122.00    0.91061   0.97691   15.488
 4123.00    0.90811   0.97902   15.488
 4124.00    0.90730   0.98181   15.488
 4125.00    0.96067   0.98497   15.488
 4126.00    1.11588   0.98776   15.488
 4127.00    1.11588   0.98930   15.488
 4128.00    1.05579   0.98895   15.488
 4129.00    1.03638   0.98658   15.488
 4130.00    0.99810   0.98265   15.488
 4131.00    0.88732   0.97804   15.488
 4132.00    0.88732   0.97389   15.488
 4133.00    0.87266   0.97142   15.488
 4134.00    0.86795   0.97178   15.488
 4135.00    0.86510   0.97583   15.488
 4136.00    0.85686   0.98382   15.488
 4137.00    0.85686   0.99508   15.488
 4138.00    0.95936   1.00798   15.488
 4139.00    0.99211   1.02026   15.488
 4140.00    0.99211   1.02952   15.488
 4141.00    0.99211   1.03390   15.488
 4142.00    0.99211   1.03264   15.488
 4143.00    0.99211   1.02644   15.488
 4144.00    0.99211   1.01745   15.488
 4145.00    0.99211   1.00863   15.488
 4146.00    0.99211   1.00264   15.488
 4147.00    0.99211   1.00088   15.488
 4148.00    1.51531   1.00306   -1.000
 4149.00    1.68074   1.00758   -1.000
 4150.00    1.68074   1.01250   -1.000
 4151.00    1.68074   1.01633   -1.000
 4152.00    1.68074   1.01840   -1.000
 4153.00    1.68074   1.01872   -1.000
 4154.00    1.68074   1.01770   -1.000
 4155.00    1.68074   1.01602   -1.000
 4156.00    1.68074   1.01455   -1.000
 4157.00    1.68074   1.01423   -1.000
 4158.00    1.26768   1.01579   -1.000
 4159.00    1.13846   1.01944   15.488
 4160.00    1.12108   1.02480   15.488
 4161.00    1.07204   1.03108   15.488
 4162.00    1.07204   1.03735   15.488
 4163.00    1.01364   1.04290   15.488
 4164.00    0.99546   1.04723   15.488
 4165.00    0.98291   1.05004   15.488
 4166.00    0.94768   1.05111   15.488
 4167.00    0.94768   1.05022   15.488
 4168.00    0.99522   1.04721   15.488
 4169.00    1.00993   1.04199   15.488
 4170.00    0.98447   1.03453   15.488
 4171.00    0.91336   1.02496   15.488
 4172.00    0.91336   1.01377   15.488
 4173.00    0.96432   1.00203   15.488
 4174.00    0.98001   0.99135   15.488
 4175.00    0.96464   0.98343   15.488
 4176.00    0.92192   0.97940   15.488
 4177.00    0.92192   0.97930   15.488
 4178.00    0.92304   0.98225   15.488
 4179.00    0.92338   0.98693   15.488
 4180.00    0.94801   0.99222   15.488
 4181.00    1.01612   0.99744   15.488
 4182.00    1.01612   1.00228   15.488
 4183.00    0.97095   1.00656   15.488
 4184.00    0.95720   1.01012   15.488
 4185.00    0.98881   1.01278   15.488
 4186.00    1.07579   1.01442   15.488
 4187.00    1.07579   1.01502   15.488
 4188.00    0.94735   1.01479   15.488
 4189.00    0.90825   1.01422   15.488
 4190.00    0.91781   1.01398   15.488
 4191.00    0.94396   1.01464   15.488
 4192.00    0.94396   1.01635   15.488
 4193.00    0.91260   1.01861   15.488
 4194.00    0.90310   1.02041   15.488
 4195.00    0.95613   1.02048   15.488
 4196.00    1.10057   1.01775   15.488
 4197.00    1.10057   1.01190   15.488
 4198.00    0.97419   1.00346   15.488
 4199.00    0.93613   0.99376   15.488
 4200.00    0.93158   0.98449   15.488
 4201.00    0.91925   0.97714   15.488
 4202.00    0.91925   0.97272   15.488
 4203.00    0.87687   0.97165   15.488
 4204.00    0.86418   0.97389   15.488
 4205.00    0.88174   0.97909   15.488
 4206.00    0.92912   0.98663   15.488
 4207.00    0.92912   0.99563   15.488
 4208.00    1.00774   1.00505   15.488
 4209.00    1.03115   1.01381   15.488
 4210.00    1.00164   1.02106   15.488
 4211.00    0.92246   1.02628   15.488
 4212.00    0.92246   1.02928   15.488
 4213.00    0.97856   1.03007   15.488
 4214.00    0.99517   1.02879   15.488
 4215.00    1.01994   1.02581   15.488
 4216.00    1.08609   1.02193   15.488
 4217.00    1.08609   1.01838   15.488
 4218.00    1.02543   1.01643   15.488
 4219.00    1.00756   1.01679   15.488
 4220.00    1.02039   1.01900   15.488
 4221.00    1.05450   1.02135   15.488
 4222.00    1.05450   1.02138   15.488
 4223.00    1.03950   1.01675   15.488
 4224.00    1.03511   1.00627   15.488
 4225.00    1.00253   0.99056   15.488
 4226.00    0.91640   0.97214   15.488
 4227.00    0.91640   0.95495   15.488
 4228.00    0.90392   0.94306   15.488
 4229.00    0.90028   0.93926   15.488
 4230.00    0.88370   0.94388   15.488
 4231.00    0.84007   0.95461   15.488
 4232.00    0.84007   0.96755   15.488
 4233.00    0.95070   0.97874   15.488
 4234.00    0.98275   0.98576   15.488
 4235.00    0.99358   0.98829   15.488
 4236.00    1.02192   0.98771   15.488
 4237.00    1.02192   0.98614   15.488
 4238.00    1.01231   0.98540   15.488
 4239.00    1.00954   0.98656   15.488
 4240.00    1.00929   0.98985   15.488
 4241.00    1.00864   0.99493   15.488
 4242.00    1.00864   1.00107   15.488
 4243.00    0.99689   1.00737   15.488
 4244.00    0.99353   1.01282   15.488
 4245.00    0.99804   1.01644   15.488
 4246.00    1.00979   1.01741   15.488
 4247.00    1.00979   1.01534   15.488
 4248.00    0.95044   1.01052   15.488
 4249.00    0.93353   1.00392   15.488
 4250.00    0.89338   0.99697   15.488
 4251.00    0.78927   0.99108   -1.000
 4252.00    0.78927   0.98717   -1.000
 4253.00    0.84010   0.98541   -1.000
 4254.00    0.85449   0.98535   15.488
 4255.00    0.88647   0.98622   15.488
 4256.00    0.96900   0.98725   15.488
 4257.00    0.96900   0.98781   15.488
 4258.00    0.91690   0.98748   15.488
 4259.00    0.90223   0.98612   15.488
 4260.00    0.86082   0.98409   15.488
 4261.00    0.75445   0.98239   -1.000
 4262.00    0.75445   0.98244   -1.000
 4263.00    0.87148   0.98548   15.488
 4264.00    0.90425   0.99181   15.488
 4265.00    0.96315   1.00036   15.488
 4266.00    1.11365   1.00887   15.488
 4267.00    1.11365   1.01472   15.488
 4268.00    1.01972   1.01578   15.488
 4269.00    0.99357   1.01107   15.488
 4270.00    0.96756   1.00098   15.488
 4271.00    0.90141   0.98708   15.488
 4272.00    0.90141   0.97180   15.488
 4273.00    0.87727   0.95789   15.488
 4274.00    0.87059   0.94788   15.488
 4275.00    0.86653   0.94349   15.488
 4276.00    0.85625   0.94528   15.488
 4277.00    0.85625   0.95240   15.488
 4278.00    0.95979   0.96292   15.488
 4279.00    0.98829   0.97430   15.488
 4280.00    0.95494   0.98416   15.488
 4281.00    0.87094   0.99089   15.488
 4282.00    0.87094   0.99396   15.488
 4283.00    0.87546   0.99376   15.488
 4284.00    0.87670   0.99111   15.488
 4285.00    0.88661   0.98671   15.488
 4286.00    0.91145   0.98083   15.488
 4287.00    0.91145   0.97340   15.488
 4288.00    0.90603   0.96440   15.488
 4289.00    0.90456   0.95419   15.488
 4290.00    0.90623   0.94380   15.488
 4291.00    0.91040   0.93466   15.488
 4292.00    0.91040   0.92812   15.488
 4293.00    0.91833   0.92478   15.488
 4294.00    0.92049   0.92410   15.488
 4295.00    0.91814   0.92446   15.488
 4296.00    0.91231   0.92374   15.488
 4297.00    0.91231   0.92011   15.488
 4298.00    0.93239   0.91262   15.488
 4299.00    0.93782   0.90148   15.488
 4300.00    0.91831   0.88787   15.488
 4301.00    0.87010   0.87367   15.488
 4302.00    0.87010   0.86093   15.488
 4303.00    0.81570   0.85130   15.488
 4304.00    0.80108   0.84555   15.488
 4305.00    0.81792   0.84333   15.488
 4306.00    0.85933   0.84344   15.488
 4307.00    0.85933   0.84443   15.488
 4308.00    0.81340   0.84525   15.488
 4309.00    0.80113   0.84580   15.488
 4310.00    0.78971   0.84688   15.488
 4311.00    0.76176   0.84977   15.488
 4312.00    0.76176   0.85561   15.488
 4313.00    0.73073   0.86501   -1.000
 4314.00    0.72248   0.87803   -1.000
 4315.00    0.77436   0.89428   15.488
 4316.00    0.90076   0.91303   15.488
 4317.00    0.90076   0.93303   15.488
 4318.00    1.06393   0.95245   15.488
 4319.00    1.10704   0.96897   15.488
 4320.00    1.07461   0.98024   15.488
 4321.00    0.99597   0.98448   15.488
 4322.00    0.99597   0.98101   15.488
 4323.00    0.91400   0.97044   15.488
 4324.00    0.89246   0.95464   15.488
 4325.00    0.88392   0.93645   15.488
 4326.00    0.86329   0.91915   15.488
 4327.00    0.86329   0.90578   15.488
 4328.00    0.80660   0.89823   15.488
 4329.00    0.79180   0.89668   15.488
 4330.00    0.80299   0.89951   15.488
 4331.00    0.82987   0.90380   15.488
 4332.00    0.82987   0.90638    0.000
 4333.00    0.94120   0.90455    0.000
 4334.00    0.97010   0.89650    0.000
 4335.00    0.99380   0.88113    0.000
 4336.00    1.05047   0.85796    0.000
 4337.00    1.05047   0.82716    0.000
 4338.00    1.13644   0.79002    0.000
 4339.00    1.15862   0.74938    0.000
 4340.00    1.18851   0.70973    0.000
 4341.00    1.25962   0.67656    0.000
 4342.00    1.25962   0.65503    0.000
 4343.00    1.19867   0.64855    0.000
 4344.00    1.18304   0.65777    0.000
 4345.00    1.12156   0.68063    0.000
 4346.00    0.97526   0.71293    0.000
 4347.00    0.97526   0.74965   -1.000
 4348.00    0.93064   0.78606   -1.000
 4349.00    0.91927   0.81851   15.488
 4350.00    0.89403   0.84475   15.488
 4351.00    0.83424   0.86420   15.488
 4352.00    0.83424   0.87770   15.488
 4353.00    0.77467   0.88722   15.488
 4354.00    0.75958   0.89527   15.488
 4355.00    0.77052   0.90405   15.488
 4356.00    0.79631   0.91477   15.488
 4357.00    0.79631   0.92733   15.488
 4358.00    0.83802   0.94073   15.488
 4359.00    0.84852   0.95372   15.488
 4360.00    0.90029   0.96541   15.488
 4361.00    1.02177   0.97567   15.488
 4362.00    1.02177   0.98490   15.488
 4363.00    1.12817   0.99346   15.488
 4364.00    1.15480   1.00128   15.488
 4365.00    1.15669   1.00774   15.488
 4366.00    1.16108   1.01194   15.488
 4367.00    1.16108   1.01311   15.488
 4368.00    1.03216   1.01096   15.488
 4369.00    1.00009   1.00588   15.488
 4370.00    0.98277   0.99874   15.488
 4371.00    0.94252   0.99052   15.488
 4372.00    0.94252   0.98200   15.488
 4373.00    0.93024   0.97376   15.488
 4374.00    0.92720   0.96622   15.488
 4375.00    0.95432   0.95980   15.488
 4376.00    1.01707   0.95516   15.488
 4377.00    1.01707   0.95294   15.488
 4378.00    0.96335   0.95321   15.488
 4379.00    0.95014   0.95509   15.488
 4380.00    0.97615   0.95663   15.488
 4381.00    1.03606   0.95541   15.488
 4382.00    1.03606   0.94949   15.488
 4383.00    1.01898   0.93832   15.488
 4384.00    1.01480   0.92345   15.488
 4385.00    0.96387   0.90804   15.488
 4386.00    0.84711   0.89576   15.488
 4387.00    0.84711   0.88943   15.488
 4388.00    0.88449   0.89004   15.488
 4389.00    0.89356   0.89662   15.488
 4390.00    0.86951   0.90690   15.488
 4391.00    0.81462   0.91816   15.488
 4392.00    0.81462   0.92814   15.488
 4393.00    0.96148   0.93600   15.488
 4394.00    0.99691   0.94186   15.488
 4395.00    0.99139   0.94637   15.488
 4396.00    0.97885   0.95009   15.488
 4397.00    0.97885   0.95334   15.488
 4398.00    1.00049   0.95615   15.488
 4399.00    1.00571   0.95822   15.488
 4400.00    0.99768   0.95923   15.488
 4401.00    0.97953   0.95889   15.488
 4402.00    0.97953   0.95700   15.488
 4403.00    0.93251   0.95361   15.488
 4404.00    0.92124   0.94927   15.488
 4405.00    0.93891   0.94489   15.488
 4406.00    0.97867   0.94136   15.488
 4407.00    0.97867   0.93940   15.488
 4408.00    0.83855   0.93962   15.488
 4409.00    0.80518   0.94247   15.488
 4410.00    0.91422   0.94795   15.488
 4411.00    1.15852   0.95528   15.488
 4412.00    1.15852   0.96278   15.488
 4413.00    1.11884   0.96865   15.488
 4414.00    1.10945   0.97151   15.488
 4415.00    1.08378   0.97096   15.488
 4416.00    1.02655   0.96763   15.488
 4417.00    1.02655   0.96322   15.488
 4418.00    1.09189   0.96002   15.488
 4419.00    1.10726   0.95989   15.488
 4420.00    1.08833   0.96351   15.488
 4421.00    1.04629   0.97013   15.488
 4422.00    1.04629   0.97781   15.488
 4423.00    1.03922   0.98448   15.488
 4424.00    1.03757   0.98887   15.488
 4425.00    0.98996   0.99077   15.488
 4426.00    0.88474   0.99087   15.488
 4427.00    0.88474   0.99022   15.488
 4428.00    1.12765   0.98957   15.488
 4429.00    1.18407   0.98910   -1.000
 4430.00    1.14585   0.98861   15.488
 4431.00    1.06179   0.98783   15.488
 4432.00    1.06179   0.98660   15.488
 4433.00    1.09045   0.98478   15.488
 4434.00    1.09706   0.98241   15.488
 4435.00    1.07028   0.97998   15.488
 4436.00    1.01163   0.97831   15.488
 4437.00    1.01163   0.97823   15.488
 4438.00    0.95288   0.98020   15.488
 4439.00    0.93941   0.98390   15.488
 4440.00    0.96071   0.98832   15.488
 4441.00    1.00714   0.99195   15.488
 4442.00    1.00714   0.99338   15.488
 4443.00    1.08574   0.99226   15.488
 4444.00    1.10364   0.98960   15.488
 4445.00    1.12599   0.98736   15.488
 4446.00    1.17449   0.98730   15.488
 4447.00    1.17449   0.99027   15.488
 4448.00    1.13124   0.99569   15.488
 4449.00    1.12146   1.00190   15.488
 4450.00    1.09103   1.00689   15.488
 4451.00    1.02498   1.00910   15.488
 4452.00    1.02498   1.00797   15.488
 4453.00    1.15160   1.00376   15.488
 4454.00    1.18008   0.99703   -1.000
 4455.00    1.14000   0.98851   15.488
 4456.00    1.05342   0.97921   15.488
 4457.00    1.05342   0.97032   15.488
 4458.00    0.89957   0.96288   15.488
 4459.00    0.86520   0.95789   15.488
 4460.00    0.92546   0.95584   15.488
 4461.00    1.05507   0.95648   15.488
 4462.00    1.05507   0.95894   15.488
 4463.00    1.04864   0.96237   15.488
 4464.00    1.04721   0.96619   15.488
 4465.00    1.01418   0.96999   15.488
 4466.00    0.94346   0.97326   15.488
 4467.00    0.94346   0.97554   15.488
 4468.00    0.95302   0.97661   15.488
 4469.00    0.95513   0.97662    0.000
 4470.00    0.97542   0.97632    0.000
 4471.00    1.01867   0.97692    0.000
 4472.00    1.01867   0.97960    0.000
 4473.00    0.98771   0.98497    0.000
 4474.00    0.98093   0.99286    0.000
 4475.00    0.99391   1.00214    0.000
 4476.00    1.02147   1.01106   15.488
 4477.00    1.02147   1.01780   15.488
 4478.00    1.13522   1.02097   15.488
 4479.00    1.15997   1.01998   15.488
 4480.00    1.13855   1.01521   15.488
 4481.00    1.09330   1.00788   15.488
 4482.00    1.09330   0.99990   15.488
 4483.00    0.97894   0.99335   15.488
 4484.00    0.95422   0.99015   15.488
 4485.00    0.96128   0.99130   15.488
 4486.00    0.97613   0.99646   15.488
 4487.00    0.97613   1.00365   15.488
 4488.00    1.01329   1.01014   15.488
 4489.00    1.02127   1.01395   15.488
 4490.00    0.98720   1.01447   15.488
 4491.00    0.91587   1.01247   15.488
 4492.00    0.91587   1.00949   15.488
 4493.00    1.07138   1.00711   15.488
 4494.00    1.10455   1.00613   15.488
 4495.00    1.06236   1.00657   15.488
 4496.00    0.97443   1.00787   15.488
 4497.00    0.97443   1.00947   15.488
 4498.00    1.02602   1.01120   15.488
 4499.00    1.03695   1.01326   15.488
 4500.00    1.00210   1.01595   15.488
 4501.00    0.92977   1.01922   15.488
 4502.00    0.92977   1.02290   15.488
 4503.00    1.02606   1.02698   15.488
 4504.00    1.04646   1.03152   15.488
 4505.00    1.07320   1.03657   15.488
 4506.00    1.12844   1.04186   15.488
 4507.00    1.12844   1.04664   15.488
 4508.00    1.06861   1.04999   15.488
 4509.00    1.05602   1.05140   15.488
 4510.00    1.09764   1.05100   15.488
 4511.00    1.18325   1.04935   15.488
 4512.00    1.18325   1.04707   15.488
 4513.00    1.10369   1.04443   15.488
 4514.00    1.08706   1.04130   15.488
 4515.00    1.06675   1.03746   15.488
 4516.00    1.02516   1.03297   15.488
 4517.00    1.02516   1.02829   15.488
 4518.00    1.05774   1.02401   15.488
 4519.00    1.06450   1.02050   15.488
 4520.00    1.05305   1.01778   15.488
 4521.00    1.02971   1.01550   15.488
 4522.00    1.02971   1.01314   15.488
 4523.00    1.03283   1.01032   15.488
 4524.00    1.03347   1.00674   15.488
 4525.00    1.02740   1.00204   15.488
 4526.00    1.01508   0.99604   15.488
 4527.00    1.01508   0.98891   15.488
 4528.00    0.95944   0.98114   15.488
 4529.00    0.94805   0.97329   15.488
 4530.00    0.93778   0.96591   15.488
 4531.00    0.91703   0.95966   15.488
 4532.00    0.91703   0.95509   15.488
 4533.00    0.96290   0.95259   15.488
 4534.00    0.97223   0.95209   15.488
 4535.00    0.98862   0.95337   15.488
 4536.00    1.02161   0.95627   15.488
 4537.00    1.02161   0.96093   15.488
 4538.00    0.91827   0.96777   15.488
 4539.00    0.89741   0.97666   15.488
 4540.00    0.91781   0.98659   15.488
 4541.00    0.95867   0.99581   15.488
 4542.00    0.95867   1.00278   15.488
 4543.00    0.89937   1.00669   15.488
 4544.00    0.88748   1.00780   15.488
 4545.00    0.93251   1.00684   15.488
 4546.00    1.02230   1.00440   15.488
 4547.00    1.02230   1.00065   15.488
 4548.00    1.07036   0.99566   15.488
 4549.00    1.07992   0.98980   15.488
 4550.00    1.02519   0.98380   15.488
 4551.00    0.91654   0.97821   15.488
 4552.00    0.91654   0.97353   15.488
 4553.00    0.78491   0.97033   15.488
 4554.00    0.75889   0.96909   15.488
 4555.00    0.83865   0.96984   15.488
 4556.00    0.99700   0.97191   15.488
 4557.00    0.99700   0.97493   15.488
 4558.00    1.06794   0.97929   15.488
 4559.00    1.08187   0.98530   15.488
 4560.00    1.06456   0.99273   15.488
 4561.00    1.03035   1.00050   15.488
 4562.00    1.03035   1.00699   15.488
 4563.00    1.13067   1.01118   15.488
 4564.00    1.15022   1.01285   15.488
 4565.00    1.08094   1.01234   15.488
 4566.00    0.94458   1.01044   15.488
 4567.00    0.94458   1.00825   15.488
 4568.00    0.98296   1.00690   15.488
 4569.00    0.99039   1.00695   15.488
 4570.00    0.98254   1.00798   15.488
 4571.00    0.96717   1.00915   15.488
 4572.00    0.96717   1.00954   15.488
 4573.00    1.12017   1.00889   15.488
 4574.00    1.14955   1.00757   15.488
 4575.00    1.18652   1.00630   -1.000
 4576.00    1.25864   1.00565   -1.000
 4577.00    1.25864   1.00568   -1.000
 4578.00    1.10993   1.00531   15.488
 4579.00    1.08157   1.00334   15.488
 4580.00    1.05801   0.99945   15.488
 4581.00    1.01226   0.99376   15.488
 4582.00    1.01226   0.98680   15.488
 4583.00    1.02568   0.97942   15.488
 4584.00    1.02823   0.97288   15.488
 4585.00    1.00975   0.96825   15.488
 4586.00    0.97402   0.96611   15.488
 4587.00    0.97402   0.96645   15.488
 4588.00    1.05346   0.96897   15.488
 4589.00    1.06840   0.97287   15.488
 4590.00    1.04227   0.97725   15.488
 4591.00    0.99195   0.98119   15.488
 4592.00    0.99195   0.98418   15.488
 4593.00    0.98139   0.98589   15.488
 4594.00    0.97942   0.98644   15.488
 4595.00    0.98766   0.98637   15.488
 4596.00    1.00346   0.98625   15.488
 4597.00    1.00346   0.98664   15.488
 4598.00    0.94194   0.98762   15.488
 4599.00    0.93055   0.98877   15.488
 4600.00    0.95964   0.98978   15.488
 4601.00    1.01517   0.99040   15.488
 4602.00    1.01517   0.99048   15.488
 4603.00    0.99904   0.99014   15.488
 4604.00    0.99608   0.98981   15.488
 4605.00    1.03515   0.99001   15.488
 4606.00    1.10942   0.99118   15.488
 4607.00    1.10942   0.99343   15.488
 4608.00    1.08799   0.99668   15.488
 4609.00    1.08406   1.00070   15.488
 4610.00    1.07297   1.00506   15.488
 4611.00    1.05198   1.00913   15.488
 4612.00    1.05198   1.01229   15.488
 4613.00    1.07901   1.01408   15.488
 4614.00    1.08394   1.01422   15.488
 4615.00    1.04866   1.01290   15.488
 4616.00    0.98218   1.01075   15.488
 4617.00    0.98218   1.00828   15.488
 4618.00    1.04853   1.00592   15.488
 4619.00    1.06055   1.00386   15.488
 4620.00    1.04881   1.00232   15.488
 4621.00    1.02678   1.00162   15.488
 4622.00    1.02678   1.00201   15.488
 4623.00    0.94720   1.00348   15.488
 4624.00    0.93290   1.00574   15.488
 4625.00    0.96146   1.00815   15.488
 4626.00    1.01483   1.00995   15.488
 4627.00    1.01483   1.01062   15.488
 4628.00    1.00984   1.01016   15.488
 4629.00    1.00895   1.00885   15.488
 4630.00    1.04213   1.00700   15.488
 4631.00    1.10385   1.00506   15.488
 4632.00    1.10385   1.00325   15.488
 4633.00    1.07746   1.00167   15.488
 4634.00    1.07279   1.00025   15.488
 4635.00    1.04590   0.99871   15.488
 4636.00    0.99611   0.99669   15.488
 4637.00    0.99611   0.99424   15.488
 4638.00    1.04538   0.99197   15.488
 4639.00    1.05403   0.99039   15.488
 4640.00    1.02422   0.98964   15.488
 4641.00    0.96923   0.98967   15.488
 4642.00    0.96923   0.99037   15.488
 4643.00    1.00592   0.99137   15.488
 4644.00    1.01232   0.99213   15.488
 4645.00    1.00461   0.99202   15.488
 4646.00    0.99044   0.99050   15.488
 4647.00    0.99044   0.98751   15.488
 4648.00    1.01306   0.98366   15.488
 4649.00    1.01697   0.97997   15.488
 4650.00    0.98763   0.97743   15.488
 4651.00    0.93397   0.97683   15.488
 4652.00    0.93397   0.97828   15.488
 4653.00    0.96246   0.98102   15.488
 4654.00    0.96735   0.98395   15.488
 4655.00    0.94087   0.98624   15.488
 4656.00    0.89265   0.98772   15.488
 4657.00    0.89265   0.98879   15.488
 4658.00    1.02335   0.99013   15.488
 4659.00    1.04561   0.99238   15.488
 4660.00    1.05587   0.99579   15.488
 4661.00    1.07456   0.99985   15.488
 4662.00    1.07456   1.00335   15.488
 4663.00    0.97810   1.00478   15.488
 4664.00    0.96180   1.00302   15.488
 4665.00    0.96708   0.99793   15.488
 4666.00    0.97665   0.99019   15.488
 4667.00    0.97665   0.98093   15.488
 4668.00    0.96691   0.97140   15.488
 4669.00    0.96528   0.96289   15.488
 4670.00    0.98812   0.95668   15.488
 4671.00    1.02937   0.95402   15.488
 4672.00    1.02937   0.95538   15.488
 4673.00    0.97810   0.96006   15.488
 4674.00    0.96958   0.96661   15.488
 4675.00    0.98741   0.97350   15.488
 4676.00    1.01948   0.97947   15.488
 4677.00    1.01948   0.98378   15.488
 4678.00    1.24599   0.98618   -1.000
 4679.00    1.28335   0.98660   -1.000
 4680.00    1.28335   0.98505   -1.000
 4681.00    1.28335   0.98195   -1.000
 4682.00    1.28335   0.97821   -1.000
 4683.00    1.28335   0.97493   -1.000
 4684.00    1.28335   0.97288   -1.000
 4685.00    1.28335   0.97223   -1.000
 4686.00    1.28335   0.97281   -1.000
 4687.00    1.28335   0.97412   -1.000
 4688.00    1.28335   0.97548   -1.000
 4689.00    1.28335   0.97644   -1.000
 4690.00    1.17663   0.97694   -1.000
 4691.00    0.98718   0.97708   15.488
 4692.00    0.98718   0.97701   15.488
 4693.00    0.98718   0.97686   15.488
 4694.00    0.98718   0.97669   15.488
 4695.00    0.98718   0.97658   15.488
 4696.00    0.98718   0.97647   15.488
 4697.00    0.98718   0.97601   15.488
 4698.00    0.98718   0.97467   15.488
 4699.00    0.98718   0.97210   15.488
 4700.00    0.98718   0.96818   15.488
 4701.00    0.98718   0.96313   15.488
 4702.00    0.98718   0.95768   15.488
 4703.00    0.97814   0.95252   15.488
 4704.00    0.97671   0.94811   15.488
 4705.00    0.98798   0.94469   15.488
 4706.00    1.00774   0.94256   15.488
 4707.00    1.00774   0.94185   15.488
 4708.00    0.97821   0.94222   15.488
 4709.00    0.97357   0.94290   15.488
 4710.00    0.96416   0.94347   15.488
 4711.00    0.94775   0.94412   15.488
 4712.00    0.94775   0.94544   15.488
 4713.00    0.96116   0.94767   15.488
 4714.00    0.96326   0.95050   15.488
 4715.00    0.94593   0.95366   15.488
 4716.00    0.91580   0.95685   15.488
 4717.00    0.91580   0.96015   15.488
 4718.00    1.06039   0.96399   15.488
 4719.00    1.08291   0.96849   15.488
 4720.00    1.10668   0.97334   15.488
 4721.00    1.14783   0.97779   -1.000
 4722.00    1.14783   0.98134   -1.000
 4723.00    1.13892   0.98372   -1.000
 4724.00    1.13754   0.98485   -1.000
 4725.00    1.08615   0.98469   15.488
 4726.00    0.99758   0.98323   15.488
 4727.00    0.99758   0.98047   15.488
 4728.00    0.97512   0.97631   15.488
 4729.00    0.97168   0.97082   15.488
 4730.00    0.98270   0.96443   15.488
 4731.00    1.00161   0.95817   15.488
 4732.00    1.00161   0.95323   15.488
 4733.00    0.85380   0.95023   15.488
 4734.00    0.83136   0.94906   15.488
 4735.00    0.82455   0.94951   15.488
 4736.00    0.81290   0.95109   15.488
 4737.00    0.81290   0.95312   15.488
 4738.00    1.07565   0.95504   15.488
 4739.00    1.11521   0.95675   -1.000
 4740.00    1.13313   0.95838   -1.000
 4741.00    1.16363   0.96016   -1.000
 4742.00    1.16363   0.96211   -1.000
 4743.00    1.11463   0.96400   -1.000
 4744.00    1.10732   0.96572   15.488
 4745.00    1.08605   0.96751   15.488
 4746.00    1.05000   0.96941   15.488
 4747.00    1.05000   0.97136   15.488
 4748.00    0.93267   0.97334   15.488
 4749.00    0.91530   0.97528   15.488
 4750.00    0.92910   0.97710   15.488
 4751.00    0.95240   0.97862   15.488
 4752.00    0.95240   0.97944   15.488
 4753.00    1.01897   0.97936   15.488
 4754.00    1.02873   0.97830   15.488
 4755.00    1.03113   0.97627   15.488
 4756.00    1.03515   0.97362   15.488
 4757.00    1.03515   0.97091   15.488
 4758.00    1.00111   0.96878   15.488
 4759.00    0.99616   0.96738   15.488
 4760.00    0.95217   0.96651   15.488
 4761.00    0.87855   0.96558   15.488
 4762.00    0.87855   0.96397   15.488
 4763.00    1.10319   0.96120   15.488
 4764.00    1.13557   0.95705   -1.000
 4765.00    1.11865   0.95204   -1.000
 4766.00    1.09034   0.94709   15.488
 4767.00    1.09034   0.94352   15.488
 4768.00    0.94271   0.94202   15.488
 4769.00    0.92162   0.94267   15.488
 4770.00    0.94530   0.94534   15.488
 4771.00    0.98476   0.94958   15.488
 4772.00    0.98476   0.95447   15.488
 4773.00    1.09572   0.95912   15.488
 4774.00    1.11143   0.96300   -1.000
 4775.00    1.08368   0.96633   15.488
 4776.00    1.03761   0.96942   15.488
 4777.00    1.03761   0.97236   15.488
 4778.00    1.07328   0.97457   15.488
 4779.00    1.07828   0.97573   15.488
 4780.00    1.03825   0.97588   15.488
 4781.00    0.97209   0.97507   15.488
 4782.00    0.97209   0.97332   15.488
 4783.00    1.00969   0.97085   15.488
 4784.00    1.01492   0.96803   15.488
 4785.00    1.01099   0.96493   15.488
 4786.00    1.00453   0.96170   15.488
 4787.00    1.00453   0.95884   15.488
 4788.00    0.99705   0.95657   15.488
 4789.00    0.99602   0.95518   15.488
 4790.00    0.99117   0.95498   15.488
 4791.00    0.98323   0.95637   15.488
 4792.00    0.98323   0.95915   15.488
 4793.00    0.94243   0.96313   15.488
 4794.00    0.93686   0.96807   15.488
 4795.00    0.97509   0.97334   15.488
 4796.00    1.03751   0.97845   15.488
 4797.00    1.03751   0.98250   15.488
 4798.00    1.05245   0.98506   15.488
 4799.00    1.05447   0.98556   15.488
 4800.00    1.02089   0.98420   15.488
 4801.00    0.96630   0.98171   15.488
 4802.00    0.96630   0.97896   15.488
 4803.00    1.11674   0.97678   15.488
 4804.00    1.13690   0.97550   -1.000
 4805.00    1.09061   0.97489   15.488
 4806.00    1.01567   0.97426   15.488
 4807.00    1.01567   0.97331   15.488
 4808.00    0.87570   0.97203   15.488
 4809.00    0.85712   0.97100   15.488
 4810.00    0.91668   0.97040   15.488
 4811.00    1.01270   0.97020   15.488
 4812.00    1.01270   0.97057   15.488
 4813.00    0.96098   0.97156   15.488
 4814.00    0.95418   0.97292   15.488
 4815.00    0.97164   0.97455   15.488
 4816.00    0.99967   0.97654   15.488
 4817.00    0.99967   0.97880   15.488
 4818.00    1.01872   0.98112   15.488
 4819.00    1.02122   0.98311   15.488
 4820.00    1.00692   0.98419   15.488
 4821.00    0.98405   0.98391   15.488
 4822.00    0.98405   0.98219   15.488
 4823.00    1.11749   0.97908   -1.000
 4824.00    1.13487   0.97463   -1.000
 4825.00    1.10347   0.96911   -1.000
 4826.00    1.05347   0.96343   15.488
 4827.00    1.05347   0.95868   15.488
 4828.00    0.91107   0.95585   15.488
 4829.00    0.89270   0.95462   15.488
 4830.00    0.87905   0.95395   15.488
 4831.00    0.85740   0.95328   15.488
 4832.00    0.85740   0.95241   15.488
 4833.00    0.98341   0.95145   15.488
 4834.00    0.99951   0.95014   15.488
 4835.00    1.04890   0.94857   15.488
 4836.00    1.12689   0.94714   -1.000
 4837.00    1.12689   0.94597   -1.000
 4838.00    0.85808   0.94471   15.488
 4839.00    0.82407   0.94308   15.488
 4840.00    0.83624   0.94079   15.488
 4841.00    0.85538   0.93786   15.488
 4842.00    0.85538   0.93430   15.488
 4843.00    0.80251   0.93066   15.488
 4844.00    0.79589   0.92721   15.488
 4845.00    0.80907   0.92412   15.488
 4846.00    0.82971   0.92125   15.488
 4847.00    0.82971   0.91851   15.488
 4848.00    0.95176   0.91573   15.488
 4849.00    0.96690   0.91251   15.488
 4850.00    0.96261   0.90801   15.488
 4851.00    0.95593   0.90213   15.488
 4852.00    0.95593   0.89510   15.488
 4853.00    0.83446   0.88680   15.488
 4854.00    0.81954   0.87667    0.000
 4855.00    0.83787   0.86389    0.000
 4856.00    0.86634   0.84790    0.000
 4857.00    0.86634   0.82834    0.000
 4858.00    1.18421   0.80556    0.000
 4859.00    1.22285   0.78055    0.000
 4860.00    1.42317   0.75443    0.000
 4861.00    1.73311   0.72826    0.000
 4862.00    1.73311   0.70306    0.000
 4863.00    1.82432   0.68162    0.000
 4864.00    1.83530   0.66781    0.000
 4865.00    1.61367   0.66441    0.000
 4866.00    1.27216   0.67217    0.000
 4867.00    1.27216   0.68807    0.000
 4868.00    0.90518   0.70930    0.000
 4869.00    0.86147   0.73285   -1.000
 4870.00    0.79459   0.75622   15.488
 4871.00    0.69153   0.77720   15.488
 4872.00    0.69153   0.79453   15.488
 4873.00    0.78944   0.80789   15.488
 4874.00    0.80098   0.81829   15.488
 4875.00    0.82400   0.82766   15.488
 4876.00    0.85932   0.83775   15.488
 4877.00    0.85932   0.84840   15.488
 4878.00    0.99658   0.85910   -1.000
 4879.00    1.01260   0.86921   -1.000
 4880.00    0.96763   0.87875   15.488
 4881.00    0.89890   0.88766   15.488
 4882.00    0.89890   0.89526   15.488
 4883.00    0.90741   0.90087   15.488
 4884.00    0.90840   0.90414   15.488
 4885.00    0.93021   0.90525   15.488
 4886.00    0.96342   0.90495   15.488
 4887.00    0.96342   0.90334   15.488
 4888.00    0.91751   0.90068   15.488
 4889.00    0.91226   0.89777   15.488
 4890.00    0.91769   0.89532   15.488
 4891.00    0.92591   0.89388   15.488
 4892.00    0.92591   0.89363   15.488
 4893.00    0.90522   0.89496   15.488
 4894.00    0.90288   0.89900   15.488
 4895.00    0.86529   0.90640   15.488
 4896.00    0.80854   0.91657   15.488
 4897.00    0.80854   0.92781   15.488
 4898.00    0.90237   0.93803   15.488
 4899.00    0.91286   0.94624   15.488
 4900.00    0.93641   0.95176   15.488
 4901.00    0.97181   0.95440   15.488
 4902.00    0.97181   0.95443   15.488
 4903.00    1.13665   0.95290   -1.000
 4904.00    1.15489   0.95090   -1.000
 4905.00    1.10804   0.94900   -1.000
 4906.00    1.03787   0.94733   15.488
 4907.00    1.03787   0.94622   15.488
 4908.00    0.84425   0.94586   15.488
 4909.00    0.82306   0.94548   15.488
 4910.00    0.81519   0.94407   15.488
 4911.00    0.80346   0.94146   15.488
 4912.00    0.80346   0.93804   15.488
 4913.00    0.89410   0.93489   15.488
 4914.00    0.90391   0.93266   15.488
 4915.00    0.88450   0.93155   15.488
 4916.00    0.85567   0.93079   15.488
 4917.00    0.85567   0.92932   15.488
 4918.00    0.85535   0.92630   15.488
 4919.00    0.85531   0.92091   15.488
 4920.00    0.86317   0.91271   15.488
 4921.00    0.87479   0.90226   15.488
 4922.00    0.87479   0.89130   15.488
 4923.00    0.93343   0.88246   15.488
 4924.00    0.93971   0.87750   15.488
 4925.00    0.98172   0.87685   15.488
 4926.00    1.04363   0.88003   -1.000
 4927.00    1.04363   0.88635   -1.000
 4928.00    1.03447   0.89556   -1.000
 4929.00    1.03351   0.90648   15.488
 4930.00    1.02358   0.91713   15.488
 4931.00    1.00901   0.92606   15.488
 4932.00    1.00901   0.93236   15.488
 4933.00    0.95129   0.93569   15.488
 4934.00    0.94526   0.93583   15.488
 4935.00    0.95305   0.93279   15.488
 4936.00    0.96445   0.92759   15.488
 4937.00    0.96445   0.92189   15.488
 4938.00    0.95312   0.91692   15.488
 4939.00    0.95194   0.91298   15.488
 4940.00    0.95696   0.90987   15.488
 4941.00    0.96427   0.90827   15.488
 4942.00    0.96427   0.90949   15.488
 4943.00    1.13134   0.91354   -1.000
 4944.00    1.14843   0.91956   -1.000
 4945.00    1.10979   0.92613   -1.000
 4946.00    1.05377   0.93231   15.488
 4947.00    1.05377   0.93787    0.000
 4948.00    1.03077   0.94244    0.000
 4949.00    1.02844   0.94601    0.000
 4950.00    1.06510   0.94876    0.000
 4951.00    1.11802   0.95079    0.000
 4952.00    1.11802   0.95187    0.000
 4953.00    1.19562   0.95152    0.000
 4954.00    1.20337   0.94940    0.000
 4955.00    1.33018   0.94542    0.000
 4956.00    1.51254   0.93970    0.000
 4957.00    1.51254   0.93264    0.000
 4958.00    1.67011   0.92451    0.000
 4959.00    1.68566   0.91600    0.000
 4960.00    1.64518   0.90914    0.000
 4961.00    1.58719   0.90605    0.000
 4962.00    1.58719   0.90716    0.000
 4963.00    1.24665   0.91104    0.000
 4964.00    1.21343   0.91550    0.000
 4965.00    1.14894   0.91950    0.000
 4966.00    1.05694   0.92257    0.000
 4967.00    1.05694   0.92389    0.000
 4968.00    1.05158   0.92337    0.000
 4969.00    1.05106   0.92162   15.488
 4970.00    1.01074   0.91970   15.488
 4971.00    0.95344   0.91842   15.488
 4972.00    0.95344   0.91833   15.488
 4973.00    0.94388   0.91960   15.488
 4974.00    0.94297   0.92198   15.488
 4975.00    0.92074   0.92486   15.488
 4976.00    0.88914   0.92744   15.488
 4977.00    0.88914   0.92902   15.488
 4978.00    0.96068   0.92899   15.488
 4979.00    0.96741   0.92675   15.488
 4980.00    0.95427   0.92209   15.488
 4981.00    0.93568   0.91524   15.488
 4982.00    0.93568   0.90682   15.488
 4983.00    0.88464   0.89754   15.488
 4984.00    0.87990   0.88803   15.488
 4985.00    0.93991   0.87947   15.488
 4986.00    1.02450   0.87353   -1.000
 4987.00    1.02450   0.87129   -1.000
 4988.00    1.02532   0.87267   -1.000
 4989.00    1.02540   0.87672   -1.000
 4990.00    1.02793   0.88224   -1.000
 4991.00    1.03149   0.88792   -1.000
 4992.00    1.03149   0.89274   -1.000
 4993.00    1.01764   0.89637   15.488
 4994.00    1.01638   0.89896   15.488
 4995.00    1.05281   0.90081   -1.000
 4996.00    1.10373   0.90188   -1.000
 4997.00    1.10373   0.90219   -1.000
 4998.00    1.25500   0.90185    0.000
 4999.00    1.26852   0.90073    0.000
 5000.00    1.41803   0.89849    0.000
 5001.00    1.62623   0.89467    0.000
 5002.00    1.62623   0.88931    0.000
 5003.00    2.39367   0.88308    0.000
 5004.00    2.46136   0.87686    0.000
 5005.00    2.71650   0.87143    0.000
 5006.00    3.07036   0.86690    0.000
 5007.00    3.07036   0.86317    0.000
 5008.00    2.99931   0.86025    0.000
 5009.00    2.99312   0.85858    0.000
 5010.00    2.66111   0.85858    0.000
 5011.00    2.20248   0.85948    0.000
 5012.00    2.20248   0.86012    0.000
 5013.00    1.35728   0.85948    0.000
 5014.00    1.28469   0.85725    0.000
 5015.00    1.21352   0.85371    0.000
 5016.00    1.11561   0.84957    0.000
 5017.00    1.11561   0.84573    0.000
 5018.00    1.01223   0.84266    0.000
 5019.00    1.00347   0.84053    0.000
 5020.00    1.01676   0.83942    0.000
 5021.00    1.03497   0.83992    0.000
 5022.00    1.03497   0.84256    0.000
 5023.00    0.94810   0.84658   15.488
 5024.00    0.94084   0.85102   15.488
 5025.00    0.92248   0.85548   15.488
 5026.00    0.89742   0.86026   15.488
 5027.00    0.89742   0.86548   15.488
 5028.00    0.93650   0.87025   15.488
 5029.00    0.93976   0.87399   15.488
 5030.00    0.96450   0.87715   15.488
 5031.00    0.99813   0.88035   15.488
 5032.00    0.99813   0.88365   15.488
 5033.00    0.99058   0.88658   15.488
 5034.00    0.98996   0.88879   15.488
 5035.00    0.89160   0.89012   15.488
 5036.00    0.75842   0.89000   15.488
 5037.00    0.75842   0.88738   15.488
 5038.00    0.86645   0.88220   15.488
 5039.00    0.87524   0.87534   15.488
 5040.00    0.88831   0.86787   15.488
 5041.00    0.90595   0.86049   15.488
 5042.00    0.90595   0.85330   15.488
 5043.00    0.83707   0.84800   15.488
 5044.00    0.83155   0.84658   15.488
 5045.00    0.82122   0.84965   15.488
 5046.00    0.80734   0.85615   15.488
 5047.00    0.80734   0.86386   15.488
 5048.00    0.91545   0.87142   15.488
 5049.00    0.92399   0.87765   15.488
 5050.00    0.89211   0.88144   15.488
 5051.00    0.84946   0.88240   15.488
 5052.00    0.84946   0.88119   15.488
 5053.00    1.01539   0.87910   -1.000
 5054.00    1.02831   0.87741   -1.000
 5055.00    1.03382   0.87730   -1.000
 5056.00    1.04117   0.87941   -1.000
 5057.00    1.04117   0.88312   -1.000
 5058.00    0.97202   0.88769   15.488
 5059.00    0.96671   0.89280   15.488
 5060.00    0.97853   0.89800   15.488
 5061.00    0.99422   0.90253   15.488
 5062.00    0.99422   0.90545   15.488
 5063.00    0.97578   0.90657   15.488
 5064.00    0.97439   0.90596   15.488
 5065.00    0.96947   0.90350   15.488
 5066.00    0.96296   0.89900   15.488
 5067.00    0.96296   0.89342   15.488
 5068.00    0.92452   0.88788   15.488
 5069.00    0.92166   0.88315   15.488
 5070.00    0.93601   0.87926   15.488
 5071.00    0.95491   0.87614   15.488
 5072.00    0.95491   0.87424   15.488
 5073.00    0.94538   0.87333   15.488
 5074.00    0.94468   0.87272   15.488
 5075.00    0.87685   0.87188   15.488
 5076.00    0.78789   0.87101   15.488
 5077.00    0.78789   0.86994   15.488
 5078.00    0.88326   0.86827   15.488
 5079.00    0.89015   0.86573   15.488
 5080.00    0.89796   0.86240   15.488
 5081.00    0.90821   0.85829   15.488
 5082.00    0.90821   0.85407   15.488
 5083.00    0.92705   0.85111   15.488
 5084.00    0.92839   0.84988   15.488
 5085.00    0.90473   0.85038   15.488
 5086.00    0.87383   0.85243   15.488
 5087.00    0.87383   0.85633   15.488
 5088.00    0.92257   0.86177   15.488
 5089.00    0.92598   0.86760   15.488
 5090.00    0.93692   0.87317   15.488
 5091.00    0.95115   0.87829   15.488
 5092.00    0.95115   0.88288   15.488
 5093.00    0.95331   0.88648   15.488
 5094.00    0.95346   0.88874   15.488
 5095.00    0.94773   0.88965   15.488
 5096.00    0.94031   0.88903   15.488
 5097.00    0.94031   0.88659   15.488
 5098.00    0.86264   0.88219   15.488
 5099.00    0.85737   0.87668   15.488
 5100.00    0.79599   0.87098   15.488
 5101.00    0.71676   0.86601   15.488
 5102.00    0.71676   0.86242   15.488
 5103.00    0.92768   0.86070   15.488
 5104.00    0.94174   0.86076   15.488
 5105.00    0.84927   0.86151   15.488
 5106.00    0.73038   0.86238   15.488
 5107.00    0.73038   0.86284   15.488
 5108.00    0.64533   0.86266   15.488
 5109.00    0.63976   0.86175   15.488
 5110.00    0.60672   0.86039   -1.000
 5111.00    0.56441   0.85948   -1.000
 5112.00    0.56441   0.85960   -1.000
 5113.00    0.74229   0.86113   15.488
 5114.00    0.75375   0.86415   15.488
 5115.00    0.83813   0.86818   15.488
 5116.00    0.94576   0.87281   15.488
 5117.00    0.94576   0.87752   15.488
 5118.00    0.83901   0.88171   15.488
 5119.00    0.83225   0.88486   15.488
 5120.00    0.83825   0.88638   15.488
 5121.00    0.84587   0.88610   15.488
 5122.00    0.84587   0.88369   15.488
 5123.00    0.73416   0.87948   15.488
 5124.00    0.72720   0.87389   15.488
 5125.00    0.76210   0.86748   15.488
 5126.00    0.80627   0.86072   15.488
 5127.00    0.80627   0.85445   15.488
 5128.00    0.85100   0.84945   15.488
 5129.00    0.85374   0.84594   15.488
 5130.00    0.82262   0.84381   15.488
 5131.00    0.78339   0.84292   15.488
 5132.00    0.78339   0.84352   15.488
 5133.00    0.81672   0.84533   15.488
 5134.00    0.81876   0.84783   15.488
 5135.00    0.79603   0.85018   15.488
 5136.00    0.76750   0.85217   15.488
 5137.00    0.76750   0.85367   15.488
 5138.00    0.81399   0.85432   15.488
 5139.00    0.81678   0.85343   15.488
 5140.00    0.82734   0.85128   15.488
 5141.00    0.84055   0.84858   15.488
 5142.00    0.84055   0.84600   15.488
 5143.00    0.77471   0.84373   15.488
 5144.00    0.77083   0.84155   15.488
 5145.00    0.78692   0.83990   15.488
 5146.00    0.80696   0.83911   15.488
 5147.00    0.80696   0.83899   15.488
 5148.00    0.92479   0.83874   15.488
 5149.00    0.93161   0.83806   15.488
 5150.00    0.86983   0.83744   15.488
 5151.00    0.79318   0.83726   15.488
 5152.00    0.79318   0.83681   15.488
 5153.00    0.80312   0.83596   15.488
 5154.00    0.80368   0.83543   15.488
 5155.00    0.87940   0.83566   15.488
 5156.00    0.97296   0.83693    0.000
 5157.00    0.97296   0.83921    0.000
 5158.00    0.81664   0.84301    0.000
 5159.00    0.80793   0.84769    0.000
 5160.00    0.85106   0.85231    0.000
 5161.00    0.90414   0.85607    0.000
 5162.00    0.90414   0.85826    0.000
 5163.00    0.91357   0.85795    0.000
 5164.00    0.91409   0.85385    0.000
 5165.00    0.93034   0.84575   15.488
 5166.00    0.95027   0.83407   15.488
 5167.00    0.95027   0.81954   -1.000
 5168.00    0.83747   0.80194   15.488
 5169.00    0.83144   0.78301   15.488
 5170.00    0.75271   0.76504   15.488
 5171.00    0.65655   0.75100   15.488
 5172.00    0.65655   0.74172   15.488
 5173.00    0.78497   0.73559   15.488
 5174.00    0.79170   0.73354   15.488
 5175.00    0.77971   0.73619   15.488
 5176.00    0.76511   0.74494   15.488
 5177.00    0.76511   0.75776   15.488
 5178.00    0.76521   0.77095   15.488
 5179.00    0.76522   0.78303   15.488
 5180.00    0.82257   0.79286   15.488
 5181.00    0.89207   0.79935   15.488
 5182.00    0.89207   0.80106   15.488
 5183.00    0.69701   0.79726   15.488
 5184.00    0.68721   0.78961   15.488
 5185.00    0.74668   0.77989   15.488
 5186.00    0.81874   0.77190   15.488
 5187.00    0.81874   0.76859   15.488
 5188.00    0.82966   0.77006   15.488
 5189.00    0.83020   0.77524   15.488
 5190.00    0.87896   0.78230   15.488
 5191.00    0.93780   0.79105   -1.000
 5192.00    0.93780   0.80013   -1.000
 5193.00    0.91566   0.80710    0.000
 5194.00    0.91460   0.81084    0.000
 5195.00    0.85606   0.81287    0.000
 5196.00    0.78570   0.81461    0.000
 5197.00    0.78570   0.81653    0.000
 5198.00    0.95939   0.81846    0.000
 5199.00    0.96756   0.82113    0.000
 5200.00    0.95105   0.82495    0.000
 5201.00    0.93128   0.82905    0.000
 5202.00    0.93128   0.83214    0.000
 5203.00    0.98757   0.83344   -1.000
 5204.00    0.99016   0.83246   -1.000
 5205.00    0.94724   0.82907   -1.000
 5206.00    0.89606   0.82323   15.488
 5207.00    0.89606   0.81555   15.488
 5208.00    0.87386   0.80766   15.488
 5209.00    0.87286   0.80114   15.488
 5210.00    0.86621   0.79686   15.488
 5211.00    0.85831   0.79517   15.488
 5212.00    0.85831   0.79713   15.488
 5213.00    0.82447   0.80234   15.488
 5214.00    0.82298   0.81012   15.488
 5215.00    0.83070   0.81860   15.488
 5216.00    0.83982   0.82679   15.488
 5217.00    0.83982   0.83382   15.488
 5218.00    0.83188   0.83949   15.488
 5219.00    0.83154   0.84439   15.488
 5220.00    0.82004   0.84854   15.488
 5221.00    0.80648   0.85214   15.488
 5222.00    0.80648   0.85460   15.488
 5223.00    0.90848   0.85589   15.488
 5224.00    0.91274   0.85529   15.488
 5225.00    0.87926   0.85251   15.488
 5226.00    0.83996   0.84719   15.488
 5227.00    0.83996   0.83996   15.488
 5228.00    0.85405   0.83141   15.488
 5229.00    0.85462   0.82381   15.488
 5230.00    0.87147   0.81860   15.488
 5231.00    0.89117   0.81697   15.488
 5232.00    0.89117   0.81746   15.488
 5233.00    0.82889   0.81949   15.488
 5234.00    0.82642   0.82284   15.488
 5235.00    0.81231   0.82689   15.488
 5236.00    0.79587   0.83118   15.488
 5237.00    0.79587   0.83550   15.488
 5238.00    0.78333   0.84048   15.488
 5239.00    0.78283   0.84573   15.488
 5240.00    0.84187   0.85120   15.488
 5241.00    0.91038   0.85656   15.488
 5242.00    0.91038   0.86172   15.488
 5243.00    0.90788   0.86593   15.488
 5244.00    0.90778   0.86857   15.488
 5245.00    0.94281   0.86973   15.488
 5246.00    0.98329   0.86981   -1.000
 5247.00    0.98329   0.86879   -1.000
 5248.00    0.96767   0.86603   -1.000
 5249.00    0.96708   0.86224   -1.000
 5250.00    0.90349   0.85812   15.488
 5251.00    0.83028   0.85437   15.488
 5252.00    0.83028   0.85073   15.488
 5253.00    0.86189   0.84764   15.488
 5254.00    0.86304   0.84595   15.488
 5255.00    0.91868   0.84593   15.488
 5256.00    0.98249   0.84684   -1.000
 5257.00    0.98249   0.84817   -1.000
 5258.00    0.93169   0.85041   15.488
 5259.00    0.92989   0.85269   15.488
 5260.00    0.91364   0.85395   15.488
 5261.00    0.89506   0.85284   15.488
 5262.00    0.89506   0.84911   15.488
 5263.00    0.80378   0.84242   15.488
 5264.00    0.80065   0.83296   15.488
 5265.00    0.77662   0.82118   15.488
 5266.00    0.74928   0.80835   15.488
 5267.00    0.74928   0.79561    0.000
 5268.00    0.87239   0.78446    0.000
 5269.00    0.87648   0.77609    0.000
 5270.00    0.87347   0.77036    0.000
 5271.00    0.87006   0.76693    0.000
 5272.00    0.87006   0.76569    0.000
 5273.00    0.82105   0.76840    0.000
 5274.00    0.81947   0.77454    0.000
 5275.00    0.84409   0.78186   15.488
 5276.00    0.87188   0.78973   15.488
 5277.00    0.87188   0.79891   15.488
 5278.00    0.89296   0.80890   15.488
 5279.00    0.89362   0.81849   15.488
 5280.00    0.92493   0.82660   15.488
 5281.00    0.96015   0.83298   -1.000
 5282.00    0.96015   0.83701   -1.000
 5283.00    0.95737   0.83975   -1.000
 5284.00    0.95729   0.84139   -1.000
 5285.00    0.90286   0.84249   15.488
 5286.00    0.84189   0.84354   15.488
 5287.00    0.84189   0.84643   15.488
 5288.00    0.79360   0.85112   15.488
 5289.00    0.79219   0.85701   15.488
 5290.00    0.81919   0.86304   15.488
 5291.00    0.84943   0.86906   15.488
 5292.00    0.84943   0.87451   15.488
 5293.00    0.95879   0.87819   15.488
 5294.00    0.96186   0.87920   15.488
 5295.00    0.98693   0.87792   -1.000
 5296.00    1.01491   0.87481   -1.000
 5297.00    1.01491   0.87002   -1.000
 5298.00    0.98787   0.86377   -1.000
 5299.00    0.98714   0.85661   -1.000
 5300.00    0.95289   0.85017   15.488
 5301.00    0.91483   0.84574   15.488
 5302.00    0.91483   0.84344   15.488
 5303.00    0.74161   0.84300   15.488
 5304.00    0.73710   0.84455   15.488
 5305.00    0.80201   0.84822   15.488
 5306.00    0.87387   0.85359   15.488
 5307.00    0.87387   0.85906   15.488
 5308.00    1.02821   0.86382   -1.000
 5309.00    1.03207   0.86785   -1.000
 5310.00    1.00150   0.87143   -1.000
 5311.00    0.96779   0.87441   15.488
 5312.00    0.96779   0.87625   15.488
 5313.00    0.91708   0.87689   15.488
 5314.00    0.91587   0.87643   15.488
 5315.00    0.92669   0.87518   15.488
 5316.00    0.93859   0.87306   15.488
 5317.00    0.93859   0.87019   15.488
 5318.00    0.98390   0.86668   -1.000
 5319.00    0.98494   0.86331   -1.000
 5320.00    0.96655   0.86072   -1.000
 5321.00    0.94644   0.85873   15.488
 5322.00    0.94644   0.85654   15.488
 5323.00    1.08743   0.85392   -1.000
 5324.00    1.09053   0.85073   -1.000
 5325.00    0.98912   0.84599   -1.000
 5326.00    0.87861   0.83937   15.488
 5327.00    0.87861   0.83172   15.488
 5328.00    0.79763   0.82395   15.488
 5329.00    0.79594   0.81616   15.488
 5330.00    0.83581   0.80865   15.488
 5331.00    0.87910   0.80444   15.488
 5332.00    0.87910   0.80437   15.488
 5333.00    0.87160   0.80760   15.488
 5334.00    0.87145   0.81215   15.488
 5335.00    0.86559   0.81852   15.488
 5336.00    0.85926   0.82624   15.488
 5337.00    0.85926   0.83366   15.488
 5338.00    0.82964   0.83851   15.488
 5339.00    0.82908   0.84095   15.488
 5340.00    0.83689   0.84187   15.488
 5341.00    0.84530   0.84151   15.488
 5342.00    0.84530   0.83951   15.488
 5343.00    0.78679   0.83738   15.488
 5344.00    0.78568   0.83614   15.488
 5345.00    0.77033   0.83604   15.488
 5346.00    0.75387   0.83598   15.488
 5347.00    0.75387   0.83625   15.488
 5348.00    0.83034   0.83712   15.488
 5349.00    0.83171   0.83843   15.488
 5350.00    0.83417   0.83954   15.488
 5351.00    0.83680   0.84061   15.488
 5352.00    0.83680   0.84251   15.488
 5353.00    0.89377   0.84559   15.488
 5354.00    0.89473   0.84976   15.488
 5355.00    0.86933   0.85431   15.488
 5356.00    0.84229   0.85918   15.488
 5357.00    0.84229   0.86449   15.488
 5358.00    0.80800   0.86938   15.488
 5359.00    0.80745   0.87288   15.488
 5360.00    0.83675   0.87472   15.488
 5361.00    0.86782   0.87536   15.488
 5362.00    0.86782   0.87430   15.488
 5363.00    0.92347   0.87134   15.488
 5364.00    0.92430   0.86677   15.488
 5365.00    0.90395   0.86146   15.488
 5366.00    0.88246   0.85563   15.488
 5367.00    0.88246   0.84945   15.488
 5368.00    0.87087   0.84325   15.488
 5369.00    0.87071   0.83749   15.488
 5370.00    0.86083   0.83221   15.488
 5371.00    0.85043   0.82747   15.488
 5372.00    0.85043   0.82348   15.488
 5373.00    0.82466   0.82074   15.488
 5374.00    0.82432   0.82022   15.488
 5375.00    0.87274   0.82201   15.488
 5376.00    0.92347   0.82601   15.488
 5377.00    0.92347   0.83112   15.488
 5378.00    0.90857   0.83710   15.488
 5379.00    0.90839   0.84295   15.488
 5380.00    0.90871   0.84806   15.488
 5381.00    0.90904   0.85127   15.488
 5382.00    0.90904   0.85264   15.488
 5383.00    1.06408   0.85266   -1.000
 5384.00    1.06576   0.85212   -1.000
 5385.00    1.05749   0.85124   -1.000
 5386.00    1.04890   0.85034   -1.000
 5387.00    1.04890   0.84983   -1.000
 5388.00    0.79468   0.84977   15.488
 5389.00    0.79217   0.84945   15.488
 5390.00    0.89352   0.84860   15.488
 5391.00    0.99850   0.84701   -1.000
 5392.00    0.99850   0.84468   -1.000
 5393.00    0.77831   0.84138   15.488
 5394.00    0.77636   0.83725   15.488
 5395.00    0.87926   0.83262   15.488
 5396.00    0.98584   0.82810   -1.000
 5397.00    0.98584   0.82402   -1.000
 5398.00    0.97606   0.82013   -1.000
 5399.00    0.97599   0.81691   -1.000
 5400.00    0.86099   0.81473   15.488
 5401.00    0.74234   0.81399   15.488
 5402.00    0.74234   0.81355   15.488
 5403.00    0.92452   0.81290   -1.000
 5404.00    0.92577   0.81212   -1.000
 5405.00    0.90739   0.81114   15.488
 5406.00    0.88849   0.80889   15.488
 5407.00    0.88849   0.80556   15.488
 5408.00    0.90856   0.80248   -1.000
 5409.00    0.90868   0.80046   -1.000
 5410.00    0.83377   0.79968   15.488
 5411.00    0.75709   0.79990   15.488
 5412.00    0.75709   0.80164   15.488
 5413.00    0.73211   0.80546   15.488
 5414.00    0.73199   0.81073   15.488
 5415.00    0.60225   0.81618   15.488
 5416.00    0.46995   0.82134   -1.000
 5417.00    0.46995   0.82654   -1.000
 5418.00    0.72539   0.83175   15.488
 5419.00    0.72640   0.83611   15.488
 5420.00    0.75053   0.83898   15.488
 5421.00    0.77505   0.84075   15.488
 5422.00    0.77505   0.84172   15.488
 5423.00    0.93940   0.84181   -1.000
 5424.00    0.93988   0.84116   -1.000
 5425.00    0.89342   0.83992   15.488
 5426.00    0.84641   0.83811   15.488
 5427.00    0.84641   0.83626   15.488
 5428.00    0.69438   0.83473   15.488
 5429.00    0.69408   0.83323   15.488
 5430.00    0.67199   0.83073   15.488
 5431.00    0.64973   0.82764   15.488
 5432.00    0.64973   0.82449   15.488
 5433.00    0.70090   0.82187   15.488
 5434.00    0.70095   0.81938   15.488
 5435.00    0.70806   0.81705   15.488
 5436.00    0.71521   0.81590   15.488
 5437.00    0.71521   0.81689   15.488
 5438.00    0.62909   0.81957   15.488
 5439.00    0.62909   0.82360   15.488
 5440.00    0.66385   0.82880   15.488
 5441.00    0.69861   0.83467   15.488
 5442.00    0.69848   0.84021   15.488
 5443.00    0.56332   0.84479   15.488
 5444.00    0.56332   0.84746   15.488
 5445.00    0.54393   0.84780   -1.000
 5446.00    0.52462   0.84590   -1.000
 5447.00    0.52468   0.84218   -1.000
 5448.00    0.58168   0.83734   15.488
 5449.00    0.58168   0.83250   15.488
 5450.00    0.59366   0.82876   15.488
 5451.00    0.60554   0.82670   15.488
 5452.00    0.60559   0.82553   15.488
 5453.00    0.63090   0.82524   15.488
 5454.00    0.63090   0.82552   15.488
 5455.00    0.55184   0.82598   15.488
 5456.00    0.47370   0.82541   -1.000
 5457.00    0.47399   0.82418   -1.000
 5458.00    0.57429   0.82296   15.488
 5459.00    0.57429   0.82291   15.488
 5460.00    0.46964   0.82339   -1.000
 5461.00    0.36662   0.82415   -1.000
 5462.00    0.36613   0.82533   -1.000
 5463.00    0.24261   0.82687   -1.000
 5464.00    0.24261   0.82794   -1.000
 5465.00    0.26620   0.82823   -1.000
 5466.00    0.28933   0.82844   -1.000
 5467.00    0.28988   0.82883   -1.000
 5468.00    0.40236   0.82944   -1.000
 5469.00    0.40236   0.83016   -1.000
 5470.00    0.41247   0.83123   -1.000
 5471.00    0.42234   0.83229   -1.000
 5472.00    0.42304   0.83259   -1.000
 5473.00    0.54266   0.83180   15.488
 5474.00    0.54266   0.83003   15.488
 5475.00    0.57677   0.82721   15.488
 5476.00    0.60995   0.82344   15.488
 5477.00    0.60877   0.81924   15.488
 5478.00    0.43783   0.81500   -1.000
 5479.00    0.43783   0.81129   -1.000
 5480.00    0.42689   0.80902   -1.000
 5481.00    0.41629   0.80838   -1.000
 5482.00    0.41606   0.80901   -1.000
 5483.00    0.38590   0.81047   -1.000
 5484.00    0.38590   0.81328   -1.000
 5485.00    0.34339   0.81689   -1.000
 5486.00    0.30234   0.82029   -1.000
 5487.00    0.30132   0.82327   -1.000
 5488.00    0.18655   0.82589   -1.000
 5489.00    0.18655   0.82789   -1.000
 5490.00    0.30608   0.82910   -1.000
 5491.00    0.42104   0.82989   -1.000
 5492.00    0.42203   0.83038   -1.000
 5493.00    0.52260   0.83058   -1.000
 5494.00    0.52260   0.83071   -1.000
 5495.00    0.53432   0.83080   15.488
 5496.00    0.54554   0.83085   15.488
 5497.00    0.54568   0.83073   15.488
 5498.00    0.55842   0.83022   15.488
 5499.00    0.55842   0.82914   15.488
 5500.00    0.51854   0.82775   -1.000
 5501.00    0.48034   0.82633   -1.000
 5502.00    0.47906   0.82466   -1.000
 5503.00    0.37111   0.82232   -1.000
 5504.00    0.37111   0.81974   -1.000
 5505.00    0.35781   0.81768   -1.000
 5506.00    0.34511   0.81578   -1.000
 5507.00    0.34372   0.81366   -1.000
 5508.00    0.23565   0.81178   -1.000
 5509.00    0.23565   0.81046   -1.000
 5510.00    0.28705   0.80979   -1.000
 5511.00    0.33591   0.80923   -1.000
 5512.00    0.33382   0.80858   -1.000
 5513.00    0.18336   0.80824   -1.000
 5514.00    0.18336   0.80815   -1.000
 5515.00    0.21382   0.80821   -1.000
 5516.00    0.24266   0.80869   -1.000
 5517.00    0.24512   0.81002   -1.000
 5518.00    0.41007   0.81207   -1.000
 5519.00    0.41007   0.81493   -1.000
 5520.00    0.43051   0.81847   -1.000
 5521.00    0.44979   0.82228   -1.000
 5522.00    0.44883   0.82566   -1.000
 5523.00    0.38845   0.82823   -1.000
 5524.00    0.38845   0.82974   -1.000
 5525.00    0.38304   0.82982   -1.000
 5526.00    0.37795   0.82845   -1.000
 5527.00    0.37849   0.82573   -1.000
 5528.00    0.41039   0.82227   -1.000
 5529.00    0.41039   0.81840   -1.000
 5530.00    0.37386   0.81474   -1.000
 5531.00    0.33967   0.81187   -1.000
 5532.00    0.33924   0.81046   -1.000
 5533.00    0.31529   0.81033   -1.000
 5534.00    0.31529   0.81094   -1.000
 5535.00    0.30567   0.81251   -1.000
 5536.00    0.29670   0.81461   -1.000
 5537.00    0.29675   0.81648   -1.000
 5538.00    0.29947   0.81817   -1.000
 5539.00    0.29947   0.82010   -1.000
 5540.00    0.36243   0.82183   -1.000
 5541.00    0.42087   0.82329   -1.000
 5542.00    0.41947   0.82487   -1.000
 5543.00    0.34900   0.82640   -1.000
 5544.00    0.34900   0.82736   -1.000
 5545.00    0.32252   0.82791   -1.000
 5546.00    0.29802   0.82835   -1.000
 5547.00    0.29910   0.82879   -1.000
 5548.00    0.35066   0.82925   -1.000
 5549.00    0.35066   0.82981   -1.000
 5550.00    0.31088   0.83084   -1.000
 5551.00    0.27424   0.83221   -1.000
 5552.00    0.27413   0.83339   -1.000
 5553.00    0.26919   0.83430   -1.000
 5554.00    0.26919   0.83502   -1.000
 5555.00    0.22600   0.83513   -1.000
 5556.00    0.18637   0.83461   -1.000
 5557.00    0.18707   0.83392   -1.000
 5558.00    0.21883   0.83319   -1.000
 5559.00    0.21883   0.83217   -1.000
 5560.00    0.13838   0.83108   -1.000
 5561.00    0.06484   0.83024   -1.000
 5562.00    0.06512   0.82927   -1.000
 5563.00    0.07718   0.82785   -1.000
 5564.00    0.07718   0.82612   -1.000
 5565.00    0.11003   0.82429   -1.000
 5566.00    0.13994   0.82226   -1.000
 5567.00    0.13664   0.81999   -1.000
 5568.00   -0.00098   0.81769    0.000
 5569.00   -0.00098   0.81576    0.000
 5570.00    0.02648   0.81410   -1.000
 5571.00    0.05138   0.81245   -1.000
 5572.00    0.05270   0.81117   -1.000
 5573.00    0.10543   0.81059   -1.000
 5574.00    0.10543   0.81015   -1.000
 5575.00    0.13324   0.80981   -1.000
 5576.00    0.15837   0.81039   -1.000
 5577.00    0.15694   0.81171   -1.000
 5578.00    0.10229   0.81278   -1.000
 5579.00    0.10229   0.81419   -1.000
 5580.00    0.10044   0.81631   -1.000
 5581.00    0.09877   0.81800   -1.000
 5582.00    0.09854   0.81891   -1.000
 5583.00    0.08999   0.81935   -1.000
 5584.00    0.08999   0.81898   -1.000
 5585.00    0.09463   0.81715   -1.000
 5586.00    0.09878   0.81418   -1.000
 5587.00    0.10075   0.81011   -1.000
 5588.00    0.17076   0.80507   -1.000
 5589.00    0.17076   0.79951   -1.000
 5590.00    0.16598   0.79438   -1.000
 5591.00    0.16171   0.78999   -1.000
 5592.00    0.15935   0.78671   -1.000
 5593.00    0.07862   0.78533   -1.000
 5594.00    0.07862   0.78567   -1.000
 5595.00    0.01933   0.78717   -1.000
 5596.00   -0.03340   0.78927    0.000
 5597.00   -0.03437   0.79196    0.000
 5598.00   -0.06624   0.79449    0.000
 5599.00   -0.06624   0.79621    0.000
 5600.00   -0.11153   0.79692    0.000
 5601.00   -0.15165   0.79713    0.000
 5602.00   -0.14658   0.79729    0.000
 5603.00    0.01581   0.79698   -1.000
 5604.00    0.01581   0.79696   -1.000
 5605.00    0.05050   0.79849   -1.000
 5606.00    0.08123   0.80145   -1.000
 5607.00    0.07714   0.80525   -1.000
 5608.00   -0.04968   0.81004    0.000
 5609.00   -0.04968   0.81554    0.000
 5610.00   -0.00882   0.82083    0.000
 5611.00    0.02724   0.82507   -1.000
 5612.00    0.02700   0.82779   -1.000
 5613.00    0.01974   0.82892   -1.000
 5614.00    0.01974   0.82814   -1.000
 5615.00    0.03338   0.82579   -1.000
 5616.00    0.04537   0.82202   -1.000
 5617.00    0.04610   0.81745   -1.000
 5618.00    0.06733   0.81288   -1.000
 5619.00    0.06733   0.80940   -1.000
 5620.00    0.03061   0.80691   -1.000
 5621.00   -0.00154   0.80522    0.000
 5622.00   -0.00299   0.80527    0.000
 5623.00   -0.04397   0.80622    0.000
 5624.00   -0.04397   0.80711    0.000
 5625.00   -0.02607   0.80781    0.000
 5626.00   -0.01047   0.80839    0.000
 5627.00   -0.01039   0.80896    0.000
 5628.00   -0.00838   0.80966    0.000
 5629.00   -0.00838   0.81040    0.000
 5630.00   -0.06384   0.81169    0.000
 5631.00   -0.11201   0.81359    0.000
 5632.00   -0.11074   0.81568    0.000
 5633.00   -0.07708   0.81753    0.000
 5634.00   -0.07708   0.81885    0.000
 5635.00   -0.08743   0.81947    0.000
 5636.00   -0.09639   0.81925    0.000
 5637.00   -0.09379   0.81818    0.000
 5638.00   -0.02637   0.81646    0.000
 5639.00   -0.02637   0.81433    0.000
 5640.00   -0.01833   0.81208    0.000
 5641.00   -0.01141   0.81010    0.000
 5642.00   -0.01389   0.80844    0.000
 5643.00   -0.07645   0.80702    0.000
 5644.00   -0.07645   0.80638    0.000
 5645.00   -0.07688   0.80645    0.000
 5646.00   -0.07725   0.80656    0.000
 5647.00   -0.07601   0.80710    0.000
 5648.00   -0.04554   0.80817    0.000
 5649.00   -0.04554   0.80915    0.000
 5650.00   -0.09941   0.80992    0.000
 5651.00   -0.14546   0.81062    0.000
 5652.00   -0.14638   0.81098    0.000
 5653.00   -0.16830   0.81095    0.000
 5654.00   -0.16830   0.81043    0.000
 5655.00   -0.11844   0.80915    0.000
 5656.00   -0.07597   0.80710    0.000
 5657.00   -0.07137   0.80434    0.000
 5658.00    0.03886   0.80118   -1.000
 5659.00    0.03886   0.79741   -1.000
 5660.00    0.01222   0.79320   -1.000
 5661.00   -0.01038   0.79002    0.000
 5662.00   -0.01474   0.78800    0.000
