 4012.00    0.73728   1.05696    8.564
 4013.00    0.87035   1.06561    8.564
 4014.00    1.06406   1.07205    8.564
 4015.00    1.21275   1.07658    8.564
 4016.00    1.03358   1.08026    8.564
 4017.00    0.88163   1.08323    8.564
 4018.00    0.78887   1.08481    8.564
 4019.00    0.78065   1.08562    8.564
 4020.00    0.88463   1.08600    8.564
 4021.00    1.15998   1.08579    8.564
 4022.00    1.07026   1.08450    8.564
 4023.00    0.86315   1.08157    8.564
 4024.00    0.95969   1.07645    0.000
 4025.00    1.06705   1.06789    0.000
 4026.00    1.07652   1.05628    0.000
 4027.00    1.03886   1.04153    0.000
 4028.00    0.96453   1.02405    0.000
 4029.00    0.95692   1.00687    0.000
 4030.00    0.98552   0.99426    0.000
 4031.00    0.89441   0.98664    8.564
 4032.00    0.77180   0.98564    8.564
 4033.00    0.72994   0.99397    8.564
 4034.00    0.74346   1.00811    8.564
 4035.00    0.92870   1.02415    8.564
 4036.00    1.08942   1.03978    8.564
 4037.00    1.18153   1.05073    8.564
 4038.00    1.12840   1.05294    8.564
 4039.00    1.01533   1.04793    8.564
 4040.00    1.02036   1.03492    8.564
 4041.00    1.06455   1.01664    8.564
 4042.00    1.07941   0.99809    8.564
 4043.00    1.04196   0.98258    8.564
 4044.00    0.91862   0.97256    8.564
 4045.00    0.88783   0.97248    8.564
 4046.00    0.95775   0.97993    8.564
 4047.00    0.98886   0.99085    8.564
 4048.00    1.02025   1.00660    8.564
 4049.00    1.03920   1.02183    8.564
 4050.00    1.05117   1.03119    8.564
 4051.00    1.05696   1.03540    8.564
 4052.00    1.05888   1.03350    8.564
 4053.00    1.03658   1.02707    8.564
 4054.00    1.06440   1.01749    8.564
 4055.00    1.10056   1.00663    8.564
 4056.00    0.79139   0.99521    8.564
 4057.00    0.94701   0.98381    8.564
 4058.00    0.90197   0.97302    8.564
 4059.00    0.89135   0.96277    8.564
 4060.00    1.09551   0.95277    8.564
 4061.00    0.89183   0.94405    8.564
 4062.00    0.86410   0.93899    8.564
 4063.00    0.87984   0.93675    8.564
 4064.00    0.92884   0.93676    8.564
 4065.00    1.01520   0.94057    8.564
 4066.00    0.91623   0.94589    8.564
 4067.00    0.84605   0.95180    0.000
 4068.00    0.84341   0.95642    0.000
 4069.00    0.95601   0.95805    0.000
 4070.00    1.06588   0.95770    0.000
 4071.00    0.88974   0.95653    8.564
 4072.00    0.90073   0.95401    8.564
 4073.00    1.02238   0.95193    8.564
 4074.00    0.94728   0.95214    8.564
 4075.00    0.95687   0.95589    8.564
 4076.00    0.99821   0.96434    8.564
 4077.00    0.99542   0.97575    8.564
 4078.00    0.90547   0.99063    8.564
 4079.00    0.94059   1.00810    8.564
 4080.00    1.06229   1.02665    8.564
 4081.00    1.09750   1.04517    8.564
 4082.00    1.06919   1.06185    8.564
 4083.00    1.01855   1.07768    8.564
 4084.00    1.03645   1.09171    8.564
 4085.00    0.99705   1.10385    8.564
 4086.00    1.00500   1.11303    8.564
 4087.00    1.09989   1.11945    8.564
 4088.00    1.09734   1.12158    8.564
 4089.00    1.05689   1.11735    8.564
 4090.00    1.13241   1.10799    8.564
 4091.00    1.21234   1.09325    8.564
 4092.00    1.03090   1.07318    8.564
 4093.00    0.87330   1.04942    8.564
 4094.00    0.89204   1.02377    8.564
 4095.00    0.92944   0.99700    0.000
 4096.00    0.95063   0.97190    0.000
 4097.00    0.97157   0.94959    0.000
 4098.00    0.86995   0.93213    0.000
 4099.00    0.90950   0.92205    0.000
 4100.00    0.98198   0.91924    0.000
 4101.00    0.91121   0.92456    0.000
 4102.00    0.96855   0.93681    0.000
 4103.00    0.93648   0.95318    0.000
 4104.00    0.94930   0.97284    0.000
 4105.00    1.02792   0.99297    0.000
 4106.00    1.05334   1.01035    0.000
 4107.00    1.06894   1.02572    0.000
 4108.00    1.15826   1.03800    8.564
 4109.00    1.24554   1.04755    8.564
 4110.00    1.22450   1.05565    8.564
 4111.00    1.30928   1.06225    8.564
 4112.00    1.06847   1.06750    8.564
 4113.00    1.03329   1.07135    8.564
 4114.00    1.22622   1.07344    8.564
 4115.00    0.90975   1.07377    8.564
 4116.00    0.95251   1.07219    8.564
 4117.00    1.04670   1.06956    8.564
 4118.00    1.14736   1.06663    8.564
 4119.00    1.21072   1.06395    8.564
 4120.00    1.28732   1.06177    8.564
 4121.00    1.22094   1.06001    8.564
 4122.00    1.12354   1.05823    8.564
 4123.00    1.03126   1.05581    8.564
 4124.00    1.13937   1.05174    8.564
 4125.00    1.05945   1.04531    8.564
 4126.00    1.01585   1.03727    8.564
 4127.00    1.04281   1.02834    8.564
 4128.00    1.20767   1.01881    8.564
 4129.00    1.03402   1.01082    8.564
 4130.00    0.95174   1.00653    8.564
 4131.00    1.01530   1.00571    8.564
 4132.00    1.16277   1.00963    8.564
 4133.00    1.00544   1.01813    8.564
 4134.00    1.03907   1.02768    8.564
 4135.00    1.13538   1.03762    8.564
 4136.00    1.14268   1.04588    8.564
 4137.00    0.92480   1.04849    8.564
 4138.00    0.97671   1.04617    8.564
 4139.00    1.00000   1.04016    8.564
 4140.00    0.98511   1.02974    8.564
 4141.00    0.96710   1.01837    8.564
 4142.00    1.12160   1.00959    8.564
 4143.00    0.95923   1.00278    8.564
 4144.00    0.87169   0.99898    8.564
 4145.00    0.84669   0.99902    8.564
 4146.00    0.90240   1.00032    8.564
 4147.00    0.90721   1.00199    8.564
 4148.00    0.96932   1.00338    8.564
 4149.00    1.04015   1.00370    8.564
 4150.00    1.08509   1.00330    8.564
 4151.00    0.97165   1.00323    8.564
 4152.00    0.94937   1.00493    8.564
 4153.00    0.87476   1.00850    8.564
 4154.00    0.82668   1.01535    8.564
 4155.00    0.84277   1.02589    8.564
 4156.00    0.97908   1.03831    8.564
 4157.00    1.08292   1.05298    8.564
 4158.00    1.16224   1.06821    8.564
 4159.00    1.18467   1.08096    8.564
 4160.00    1.02681   1.09179    8.564
 4161.00    1.05650   1.09859    8.564
 4162.00    1.14836   1.09998    8.564
 4163.00    1.15988   1.09783    8.564
 4164.00    1.04141   1.09109    8.564
 4165.00    1.13540   1.08074    8.564
 4166.00    1.05731   1.06872    8.564
 4167.00    1.00929   1.05444    8.564
 4168.00    0.98610   1.04008    8.564
 4169.00    0.98969   1.02640    8.564
 4170.00    0.95745   1.01338    8.564
 4171.00    0.92827   1.00366    8.564
 4172.00    0.92223   0.99672    8.564
 4173.00    0.94854   0.99296    8.564
 4174.00    1.04825   0.99352    8.564
 4175.00    1.00025   0.99637    8.564
 4176.00    1.00105   1.00167    8.564
 4177.00    1.00415   1.00876    8.564
 4178.00    0.93260   1.01594    8.564
 4179.00    1.09585   1.02363    8.564
 4180.00    1.08139   1.03064    8.564
 4181.00    1.02869   1.03678    8.564
 4182.00    0.97357   1.04267    8.564
 4183.00    1.15575   1.04717    8.564
 4184.00    1.06550   1.05114    8.564
 4185.00    1.11818   1.05479    8.564
 4186.00    1.13027   1.05779    8.564
 4187.00    0.84007   1.06073    8.564
 4188.00    1.23028   1.06281    8.564
 4189.00    1.19288   1.06365    8.564
 4190.00    1.03387   1.06212    8.564
 4191.00    0.82999   1.05740    8.564
 4192.00    1.00297   1.05009    8.564
 4193.00    0.86916   1.03896    8.564
 4194.00    0.93468   1.02556    8.564
 4195.00    0.98854   1.01294    8.564
 4196.00    0.81894   1.00120    8.564
 4197.00    0.79373   0.99250    8.564
 4198.00    0.88635   0.98955    8.564
 4199.00    0.91608   0.99199    8.564
 4200.00    0.89162   0.99985    8.564
 4201.00    1.00874   1.01299    8.564
 4202.00    1.00767   1.02969    8.564
 4203.00    1.01620   1.04864    8.564
 4204.00    1.05916   1.06771    8.564
 4205.00    1.17193   1.08498    8.564
 4206.00    0.97886   1.09989    8.564
 4207.00    0.99470   1.11068    8.564
 4208.00    1.07166   1.11713    8.564
 4209.00    1.16888   1.12013    8.564
 4210.00    1.12423   1.12029    8.564
 4211.00    1.06649   1.11890    8.564
 4212.00    1.03100   1.11792    8.564
 4213.00    0.99996   1.11871    8.564
 4214.00    0.96650   1.12041    8.564
 4215.00    1.02650   1.12448    8.564
 4216.00    0.97552   1.12873    8.564
 4217.00    1.10272   1.12784    8.564
 4218.00    1.32489   1.12318    8.564
 4219.00    1.31650   1.11155    8.564
 4220.00    1.06078   1.08947    8.564
 4221.00    1.07145   1.06309    8.564
 4222.00    1.08110   1.03447    8.564
 4223.00    0.97654   1.00529    8.564
 4224.00    0.75171   0.98446    8.564
 4225.00    0.80131   0.97435    8.564
 4226.00    0.86995   0.97295    8.564
 4227.00    0.92443   0.98368    8.564
 4228.00    0.86446   1.00273    8.564
 4229.00    0.90880   1.02222    8.564
 4230.00    0.96462   1.04291    8.564
 4231.00    1.03243   1.06158    8.564
 4232.00    1.11049   1.07381    8.564
 4233.00    1.08180   1.08331    8.564
 4234.00    0.91684   1.09213    8.564
 4235.00    0.99424   1.09938    8.564
 4236.00    1.13069   1.10837    8.564
 4237.00    0.89051   1.12131    8.564
 4238.00    1.01945   1.13489    8.564
 4239.00    0.93057   1.14967    8.564
 4240.00    0.90652   1.16535    8.564
 4241.00    1.02619   1.17643    8.564
 4242.00    1.17143   1.18335    8.564
 4243.00    1.13799   1.18587    8.564
 4244.00    1.13144   1.18044    8.564
 4245.00    1.14371   1.17021    8.564
 4246.00    1.17251   1.15678    8.564
 4247.00    1.11454   1.14039    8.564
 4248.00    1.16516   1.12498    8.564
 4249.00    1.17872   1.11160    8.564
 4250.00    1.12462   1.10088    8.564
 4251.00    1.03035   1.09420    8.564
 4252.00    1.03625   1.09079    8.564
 4253.00    1.03799   1.08928    8.564
 4254.00    1.04858   1.09003    8.564
 4255.00    1.09435   1.09292    8.564
 4256.00    1.04077   1.09682    8.564
 4257.00    1.02039   1.10278    8.564
 4258.00    1.00493   1.11167    8.564
 4259.00    0.98693   1.12365    8.564
 4260.00    0.89790   1.13652    8.564
 4261.00    1.18614   1.14974    8.564
 4262.00    1.23193   1.16209    8.564
 4263.00    1.16975   1.16700    8.564
 4264.00    1.08355   1.16493    8.564
 4265.00    1.09353   1.15597    8.564
 4266.00    1.12694   1.13601    8.564
 4267.00    1.17282   1.11113    8.564
 4268.00    1.20946   1.08537    8.564
 4269.00    1.04971   1.05886    8.564
 4270.00    1.04414   1.03933    8.564
 4271.00    1.00332   1.02919    8.564
 4272.00    0.98073   1.02722    8.564
 4273.00    1.03400   1.03552    8.564
 4274.00    1.00547   1.05102    8.564
 4275.00    0.98468   1.06967    8.564
 4276.00    1.00479   1.08961    8.564
 4277.00    1.05232   1.10714    8.564
 4278.00    1.02967   1.11974    8.564
 4279.00    1.05038   1.12703    8.564
 4280.00    1.04923   1.12880    8.564
 4281.00    1.02558   1.12464    8.564
 4282.00    0.96873   1.11629    8.564
 4283.00    1.03239   1.10439    8.564
 4284.00    1.08323   1.08977    8.564
 4285.00    1.09615   1.07462    8.564
 4286.00    1.06363   1.05900    8.564
 4287.00    0.92673   1.04525    8.564
 4288.00    0.87298   1.03401    8.564
 4289.00    0.91031   1.02399    8.564
 4290.00    0.95677   1.01651    8.564
 4291.00    0.97278   1.00946    8.564
 4292.00    0.83915   1.00009    8.564
 4293.00    0.91058   0.98819    8.564
 4294.00    0.91701   0.97270    8.564
 4295.00    0.86980   0.95280    8.564
 4296.00    0.80680   0.92982    8.564
 4297.00    0.88717   0.90601    8.564
 4298.00    0.96793   0.88238    8.564
 4299.00    0.95613   0.86037    8.564
 4300.00    0.79137   0.84201    8.564
 4301.00    0.82616   0.82742    8.564
 4302.00    0.84096   0.81561    8.564
 4303.00    0.76658   0.80812    8.564
 4304.00    0.68579   0.80597    8.564
 4305.00    0.84370   0.80824    8.564
 4306.00    0.81861   0.81771    8.564
 4307.00    0.72505   0.83759    8.564
 4308.00    0.69415   0.86571    8.564
 4309.00    0.77963   0.90442    8.564
 4310.00    1.04640   0.95447    8.564
 4311.00    0.88301   1.00841    8.564
 4312.00    0.78510   1.06778    8.564
 4313.00    0.80894   1.12754    8.564
 4314.00    1.17052   1.17812    8.564
 4315.00    1.10082   1.22222    8.564
 4316.00    1.17739   1.25297    8.564
 4317.00    1.23430   1.26587    8.564
 4318.00    1.23059   1.26744    8.564
 4319.00    1.22229   1.25569    8.564
 4320.00    1.03372   1.23322    8.564
 4321.00    1.02817   1.21098    8.564
 4322.00    1.09445   1.18943    8.564
 4323.00    1.08655   1.17365    8.564
 4324.00    1.11565   1.17154    8.564
 4325.00    1.24466   1.17828    8.564
 4326.00    1.24818   1.19483    8.564
 4327.00    1.09309   1.22044    8.564
 4328.00    1.06469   1.24606    8.564
 4329.00    1.28906   1.26988    8.564
 4330.00    1.27575   1.28823    8.564
 4331.00    1.21361   1.29571    8.564
 4332.00    1.32479   1.29288    0.000
 4333.00    1.30212   1.28037    0.000
 4334.00    1.14942   1.25745    0.000
 4335.00    1.06309   1.23098    0.000
 4336.00    1.06807   1.20447    0.000
 4337.00    1.09181   1.17924    0.000
 4338.00    1.03914   1.16421    0.000
 4339.00    1.05596   1.15963    0.000
 4340.00    1.10815   1.16307    0.000
 4341.00    1.18260   1.17905    0.000
 4342.00    1.28684   1.20171    0.000
 4343.00    1.23629   1.22476    0.000
 4344.00    1.21986   1.25010    0.000
 4345.00    1.24824   1.27107    0.000
 4346.00    1.26950   1.28409    0.000
 4347.00    1.42160   1.29244    8.564
 4348.00    1.42489   1.29491    8.564
 4349.00    1.37146   1.29333    8.564
 4350.00    1.30401   1.29036    8.564
 4351.00    1.25101   1.28888    8.564
 4352.00    1.30783   1.29010    8.564
 4353.00    1.24601   1.29478    8.564
 4354.00    1.11599   1.30348    8.564
 4355.00    1.28244   1.31484    8.564
 4356.00    1.48879   1.32898    8.564
 4357.00    1.62926   1.34392    8.564
 4358.00    1.58866   1.35884    8.564
 4359.00    1.21875   1.37268    8.564
 4360.00    1.38937   1.38458    8.564
 4361.00    1.39408   1.39425    8.564
 4362.00    1.28492   1.39849    8.564
 4363.00    1.14165   1.39827    8.564
 4364.00    1.29044   1.39453    8.564
 4365.00    1.42579   1.38443    8.564
 4366.00    1.37215   1.37073    8.564
 4367.00    1.28353   1.35477    8.564
 4368.00    1.22128   1.33576    8.564
 4369.00    1.37113   1.31707    8.564
 4370.00    1.44970   1.29883    8.564
 4371.00    1.37578   1.28155    8.564
 4372.00    1.23684   1.26728    8.564
 4373.00    1.29861   1.25524    8.564
 4374.00    1.33766   1.24270    8.564
 4375.00    1.25301   1.23051    8.564
 4376.00    1.22387   1.21752    8.564
 4377.00    1.32614   1.19925    8.564
 4378.00    1.21775   1.17736    8.564
 4379.00    1.13539   1.15453    8.564
 4380.00    1.09371   1.12975    8.564
 4381.00    1.07249   1.10816    8.564
 4382.00    1.02132   1.09358    8.564
 4383.00    0.93959   1.08515    8.564
 4384.00    1.08917   1.08616    8.564
 4385.00    1.28962   1.09620    8.564
 4386.00    1.48430   1.11152   -1.000
 4387.00    1.31566   1.13139    8.564
 4388.00    1.18591   1.15374    8.564
 4389.00    1.17973   1.17577    8.564
 4390.00    1.22457   1.19710    8.564
 4391.00    1.20376   1.21689    8.564
 4392.00    1.11697   1.23469    8.564
 4393.00    1.14319   1.25034    8.564
 4394.00    1.23448   1.26150    8.564
 4395.00    1.37264   1.26858    8.564
 4396.00    1.27088   1.27203    8.564
 4397.00    1.39988   1.26803    8.564
 4398.00    1.32878   1.25973    8.564
 4399.00    1.22072   1.24770    8.564
 4400.00    1.30786   1.23075    8.564
 4401.00    1.32277   1.21667    8.564
 4402.00    1.36827   1.20460    8.564
 4403.00    1.41045   1.19493    8.564
 4404.00    1.42236   1.19523    8.564
 4405.00    1.10248   1.20149    8.564
 4406.00    1.07247   1.21336    8.564
 4407.00    1.14531   1.23260    8.564
 4408.00    1.25219   1.25114    8.564
 4409.00    1.33343   1.27019    8.564
 4410.00    1.39790   1.28872    8.564
 4411.00    1.37570   1.30098    8.564
 4412.00    1.32703   1.31145    8.564
 4413.00    1.28266   1.31998    8.564
 4414.00    1.48791   1.32631    8.564
 4415.00    1.47923   1.33305    8.564
 4416.00    1.48739   1.33990    8.564
 4417.00    1.50445   1.34667    8.564
 4418.00    1.52822   1.35249    8.564
 4419.00    1.33911   1.35702    8.564
 4420.00    1.33483   1.36012    8.564
 4421.00    1.34554   1.36136    8.564
 4422.00    1.35718   1.36058    8.564
 4423.00    1.36624   1.36020    8.564
 4424.00    1.45881   1.35866    8.564
 4425.00    1.43435   1.35570    8.564
 4426.00    1.35192   1.35354    8.564
 4427.00    1.22591   1.34966    8.564
 4428.00    1.38155   1.34606    8.564
 4429.00    1.30577   1.34191    8.564
 4430.00    1.28777   1.33657    8.564
 4431.00    1.32602   1.33531    8.564
 4432.00    1.35137   1.33430    8.564
 4433.00    1.38734   1.33616    8.564
 4434.00    1.29830   1.34163    8.564
 4435.00    1.20898   1.34813    8.564
 4436.00    1.18952   1.35757    8.564
 4437.00    1.28172   1.36610    8.564
 4438.00    1.29693   1.37459    8.564
 4439.00    1.31974   1.38212    8.564
 4440.00    1.34481   1.39027    8.564
 4441.00    1.34552   1.39809    8.564
 4442.00    1.26610   1.40603    8.564
 4443.00    1.41441   1.41627    8.564
 4444.00    1.52357   1.42472    8.564
 4445.00    1.46850   1.43216    8.564
 4446.00    1.59125   1.43650    8.564
 4447.00    1.65800   1.43596    8.564
 4448.00    1.55809   1.43079    8.564
 4449.00    1.36833   1.41984    8.564
 4450.00    1.26420   1.40298    8.564
 4451.00    1.44265   1.38325    8.564
 4452.00    1.41335   1.36197    8.564
 4453.00    1.34017   1.33880    8.564
 4454.00    1.27097   1.31919    8.564
 4455.00    1.59718   1.30273    8.564
 4456.00    1.30255   1.29092    8.564
 4457.00    1.16974   1.28494    8.564
 4458.00    1.13860   1.28366    8.564
 4459.00    1.11326   1.28869    8.564
 4460.00    1.27261   1.29758    8.564
 4461.00    1.26747   1.30973    8.564
 4462.00    1.22828   1.32498    8.564
 4463.00    1.18429   1.34065    8.564
 4464.00    1.21142   1.35695    8.564
 4465.00    1.17847   1.37321    8.564
 4466.00    1.30428   1.38906    8.564
 4467.00    1.47150   1.40679    8.564
 4468.00    1.49697   1.42378    8.564
 4469.00    1.40212   1.44154    0.000
 4470.00    1.35424   1.46121    0.000
 4471.00    1.43785   1.47795    0.000
 4472.00    1.64788   1.49452    0.000
 4473.00    1.40279   1.50753    0.000
 4474.00    1.45147   1.51496    0.000
 4475.00    1.47349   1.51972    0.000
 4476.00    1.53480   1.51928    8.564
 4477.00    1.76014   1.51604    8.564
 4478.00    1.53475   1.51146    8.564
 4479.00    1.41312   1.50694    8.564
 4480.00    1.44884   1.50478    8.564
 4481.00    1.62560   1.50469    8.564
 4482.00    1.55794   1.50716    8.564
 4483.00    1.48321   1.50973    8.564
 4484.00    1.46128   1.51150    8.564
 4485.00    1.44627   1.51154    8.564
 4486.00    1.39178   1.50980    8.564
 4487.00    1.44505   1.50405    8.564
 4488.00    1.47985   1.49843    8.564
 4489.00    1.44637   1.49145    8.564
 4490.00    1.36936   1.48547    8.564
 4491.00    1.51514   1.48227    8.564
 4492.00    1.64630   1.47940    8.564
 4493.00    1.65289   1.48183    8.564
 4494.00    1.59389   1.48672    8.564
 4495.00    1.48268   1.49576    8.564
 4496.00    1.55268   1.50912    8.564
 4497.00    1.38908   1.52338    8.564
 4498.00    1.37388   1.54122    8.564
 4499.00    1.50052   1.55872    8.564
 4500.00    1.60254   1.57624    8.564
 4501.00    1.72502   1.59440    8.564
 4502.00    1.62386   1.60864    8.564
 4503.00    1.54429   1.62170    8.564
 4504.00    1.65436   1.63162    8.564
 4505.00    1.44158   1.63627    8.564
 4506.00    1.53126   1.63827    8.564
 4507.00    1.55754   1.63650    8.564
 4508.00    1.52938   1.63110    8.564
 4509.00    1.54792   1.62375    8.564
 4510.00    1.59002   1.61437    8.564
 4511.00    1.53729   1.60375    8.564
 4512.00    1.49769   1.59353    8.564
 4513.00    1.52949   1.58413    8.564
 4514.00    1.57042   1.57588    8.564
 4515.00    1.48204   1.56987    8.564
 4516.00    1.38067   1.56479    8.564
 4517.00    1.29481   1.55948    8.564
 4518.00    1.31489   1.55413    8.564
 4519.00    1.56874   1.54651    8.564
 4520.00    1.49312   1.53567    8.564
 4521.00    1.41740   1.52127    8.564
 4522.00    1.46485   1.50223    8.564
 4523.00    1.53963   1.48051    8.564
 4524.00    1.43725   1.45785    8.564
 4525.00    1.44591   1.43434    8.564
 4526.00    1.52001   1.41336    8.564
 4527.00    1.56789   1.39679    8.564
 4528.00    1.40888   1.38511    8.564
 4529.00    1.33830   1.38014    8.564
 4530.00    1.31575   1.38087    8.564
 4531.00    1.34552   1.38724    8.564
 4532.00    1.70896   1.39848    8.564
 4533.00    1.51040   1.41313    8.564
 4534.00    1.42179   1.42991    8.564
 4535.00    1.40408   1.44786    8.564
 4536.00    1.41231   1.46593    8.564
 4537.00    1.56588   1.48159    8.564
 4538.00    1.57782   1.49464    8.564
 4539.00    1.55416   1.50354    8.564
 4540.00    1.51651   1.50887    8.564
 4541.00    1.55070   1.51196    8.564
 4542.00    1.47056   1.51132    8.564
 4543.00    1.48792   1.50897    8.564
 4544.00    1.53531   1.50438    8.564
 4545.00    1.52049   1.49901    8.564
 4546.00    1.51536   1.49475    8.564
 4547.00    1.50303   1.49037    8.564
 4548.00    1.45780   1.48757    8.564
 4549.00    1.39329   1.48664    8.564
 4550.00    1.61063   1.48845    8.564
 4551.00    1.51286   1.49336    8.564
 4552.00    1.54343   1.50029    8.564
 4553.00    1.54183   1.51004    8.564
 4554.00    1.27647   1.52225    8.564
 4555.00    1.37216   1.53565    8.564
 4556.00    1.29948   1.54980    8.564
 4557.00    1.30037   1.56251    8.564
 4558.00    1.39297   1.57246    8.564
 4559.00    1.44092   1.57993    8.564
 4560.00    1.53070   1.58376    8.564
 4561.00    1.57991   1.58557    8.564
 4562.00    1.62147   1.58507    8.564
 4563.00    1.68336   1.58334    8.564
 4564.00    1.61035   1.58236    8.564
 4565.00    1.63778   1.58214    8.564
 4566.00    1.62979   1.58309    8.564
 4567.00    1.58308   1.58559    8.564
 4568.00    1.55158   1.58722    8.564
 4569.00    1.48444   1.58940    8.564
 4570.00    1.45637   1.59083    8.564
 4571.00    1.44151   1.59086    8.564
 4572.00    1.42768   1.59052    8.564
 4573.00    1.39575   1.58788    8.564
 4574.00    1.52519   1.58259    8.564
 4575.00    1.57664   1.57494    8.564
 4576.00    1.54566   1.56564    8.564
 4577.00    1.46325   1.55517    8.564
 4578.00    1.50223   1.54453    8.564
 4579.00    1.48178   1.53405    8.564
 4580.00    1.42461   1.52621    8.564
 4581.00    1.32995   1.52147    8.564
 4582.00    1.58991   1.51961    8.564
 4583.00    1.46702   1.52091    8.564
 4584.00    1.36342   1.52389    8.564
 4585.00    1.33007   1.52862    8.564
 4586.00    1.56010   1.53463    8.564
 4587.00    1.49249   1.53964    8.564
 4588.00    1.45730   1.54297    8.564
 4589.00    1.43371   1.54404    8.564
 4590.00    1.41784   1.54227    8.564
 4591.00    1.58159   1.53894    8.564
 4592.00    1.34967   1.53477    8.564
 4593.00    1.28512   1.52993    8.564
 4594.00    1.36074   1.52600    8.564
 4595.00    1.53892   1.52266    8.564
 4596.00    1.60183   1.52109    8.564
 4597.00    1.69751   1.52172    8.564
 4598.00    1.75994   1.52383    8.564
 4599.00    1.75546   1.52770    8.564
 4600.00    1.57776   1.53341    8.564
 4601.00    1.56394   1.54083    8.564
 4602.00    1.55945   1.55057    8.564
 4603.00    1.55990   1.56180    8.564
 4604.00    1.55627   1.57379    8.564
 4605.00    1.54781   1.58752    8.564
 4606.00    1.62110   1.60103    8.564
 4607.00    1.69174   1.61431    8.564
 4608.00    1.73175   1.62667    8.564
 4609.00    1.64407   1.63563    8.564
 4610.00    1.46962   1.64337    8.564
 4611.00    1.47574   1.64877    8.564
 4612.00    1.56085   1.65322    8.564
 4613.00    1.57884   1.65689    8.564
 4614.00    1.47868   1.65959    8.564
 4615.00    1.50489   1.66242    8.564
 4616.00    1.58356   1.66465    8.564
 4617.00    1.69441   1.66690    8.564
 4618.00    1.65810   1.66858    8.564
 4619.00    1.70977   1.66961    8.564
 4620.00    1.63708   1.67035    8.564
 4621.00    1.53321   1.67015    8.564
 4622.00    1.51551   1.66913    8.564
 4623.00    1.60727   1.66737    8.564
 4624.00    1.61956   1.66525    8.564
 4625.00    1.61042   1.66289    8.564
 4626.00    1.58529   1.66005    8.564
 4627.00    1.51766   1.65649    8.564
 4628.00    1.57546   1.65210    8.564
 4629.00    1.60596   1.64681    8.564
 4630.00    1.61017   1.64034    8.564
 4631.00    1.57221   1.63243    8.564
 4632.00    1.65014   1.62262    8.564
 4633.00    1.58755   1.61165    8.564
 4634.00    1.48387   1.60055    8.564
 4635.00    1.36888   1.58929    8.564
 4636.00    1.39214   1.57807    8.564
 4637.00    1.42882   1.56715    8.564
 4638.00    1.52002   1.55685    8.564
 4639.00    1.59263   1.54744    8.564
 4640.00    1.57013   1.53869    8.564
 4641.00    1.53514   1.53018    8.564
 4642.00    1.60618   1.52235    8.564
 4643.00    1.66149   1.51478    8.564
 4644.00    1.67711   1.50908    8.564
 4645.00    1.54675   1.50550    8.564
 4646.00    1.47290   1.50462    8.564
 4647.00    1.53693   1.50757    8.564
 4648.00    1.56712   1.51361    8.564
 4649.00    1.43021   1.52237    8.564
 4650.00    1.45288   1.53312    8.564
 4651.00    1.49303   1.54487    8.564
 4652.00    1.56826   1.55766    8.564
 4653.00    1.65647   1.57007    8.564
 4654.00    1.66289   1.58142    8.564
 4655.00    1.54558   1.59214    8.564
 4656.00    1.50189   1.60061    8.564
 4657.00    1.45919   1.60656    8.564
 4658.00    1.38278   1.60870    8.564
 4659.00    1.58808   1.60547    8.564
 4660.00    1.62754   1.59663    8.564
 4661.00    1.51166   1.58335    8.564
 4662.00    1.33487   1.56602    8.564
 4663.00    1.42181   1.54832    8.564
 4664.00    1.46293   1.53088    8.564
 4665.00    1.49146   1.51509    8.564
 4666.00    1.52203   1.50419    8.564
 4667.00    1.55905   1.49806    8.564
 4668.00    1.47209   1.49926    8.564
 4669.00    1.47346   1.50571    8.564
 4670.00    1.39433   1.51466    8.564
 4671.00    1.30075   1.52585    8.564
 4672.00    1.38296   1.53519    8.564
 4673.00    1.53014   1.54466    8.564
 4674.00    1.56296   1.55125    8.564
 4675.00    1.54539   1.55505    8.564
 4676.00    1.48684   1.55614    8.564
 4677.00    1.42623   1.55378    8.564
 4678.00    1.39364   1.55115    8.564
 4679.00    1.37332   1.54769    8.564
 4680.00    1.39007   1.54530    8.564
 4681.00    1.53014   1.54364    8.564
 4682.00    1.50621   1.54326    8.564
 4683.00    1.68228   1.54398    8.564
 4684.00    1.76811   1.54486    8.564
 4685.00    1.68671   1.54645    8.564
 4686.00    1.65535   1.54747    8.564
 4687.00    1.50205   1.54902    8.564
 4688.00    1.56210   1.55018    8.564
 4689.00    1.64613   1.55133    8.564
 4690.00    1.43010   1.55211    8.564
 4691.00    1.67951   1.55196    8.564
 4692.00    1.70170   1.55128    8.564
 4693.00    1.72123   1.54922    8.564
 4694.00    1.76353   1.54629    8.564
 4695.00    1.62836   1.54113    8.564
 4696.00    1.74073   1.53408    8.564
 4697.00    1.66174   1.52562    8.564
 4698.00    1.52124   1.51653    8.564
 4699.00    1.45368   1.50906    8.564
 4700.00    1.51837   1.50169    8.564
 4701.00    1.60319   1.49600    8.564
 4702.00    1.63610   1.49206    8.564
 4703.00    1.60177   1.49057    8.564
 4704.00    1.46727   1.49198    8.564
 4705.00    1.52611   1.49457    8.564
 4706.00    1.56090   1.49820    8.564
 4707.00    1.55539   1.50334    8.564
 4708.00    1.46719   1.50985    8.564
 4709.00    1.58108   1.51852    8.564
 4710.00    1.65842   1.52861    8.564
 4711.00    1.64785   1.53944    8.564
 4712.00    1.56935   1.55169    8.564
 4713.00    1.63380   1.56457    8.564
 4714.00    1.70175   1.57936    8.564
 4715.00    1.71287   1.59491    8.564
 4716.00    1.68471   1.60974    8.564
 4717.00    1.61029   1.62327    8.564
 4718.00    1.70679   1.63437    8.564
 4719.00    1.78216   1.64261    8.564
 4720.00    1.79520   1.64673    8.564
 4721.00    1.74997   1.64594    8.564
 4722.00    1.66704   1.64017    8.564
 4723.00    1.88941   1.63199    8.564
 4724.00    1.85415   1.61980    8.564
 4725.00    1.75860   1.60623    8.564
 4726.00    1.69805   1.59134    8.564
 4727.00    1.66473   1.57717    8.564
 4728.00    1.66842   1.56767    8.564
 4729.00    1.59820   1.56033    8.564
 4730.00    1.52263   1.55846    8.564
 4731.00    1.78272   1.55906    8.564
 4732.00    1.65585   1.56314    8.564
 4733.00    1.62862   1.57044    8.564
 4734.00    1.67198   1.57816    8.564
 4735.00    1.79554   1.58744    8.564
 4736.00    1.75232   1.59651    8.564
 4737.00    1.74433   1.60586    8.564
 4738.00    1.73675   1.61483    8.564
 4739.00    1.73182   1.62299    8.564
 4740.00    1.74061   1.63051    8.564
 4741.00    1.89466   1.63825    8.564
 4742.00    1.89612   1.64604    8.564
 4743.00    1.83733   1.65310    8.564
 4744.00    1.73852   1.65975    8.564
 4745.00    1.58396   1.66543    8.564
 4746.00    1.65857   1.66996    8.564
 4747.00    1.75096   1.67302    8.564
 4748.00    1.80825   1.67399    8.564
 4749.00    1.66768   1.67318    8.564
 4750.00    1.74573   1.67097    8.564
 4751.00    1.82037   1.66663    8.564
 4752.00    1.88470   1.66163    8.564
 4753.00    1.92647   1.65602    8.564
 4754.00    1.70588   1.65033    8.564
 4755.00    1.65486   1.64494    8.564
 4756.00    1.65388   1.63859    8.564
 4757.00    1.66941   1.63230    8.564
 4758.00    1.64114   1.62565    8.564
 4759.00    1.70671   1.61822    8.564
 4760.00    1.70788   1.61023    8.564
 4761.00    1.72857   1.60150    8.564
 4762.00    1.77714   1.59435    8.564
 4763.00    1.60829   1.58960    8.564
 4764.00    1.56315   1.58733    8.564
 4765.00    1.64560   1.58844    8.564
 4766.00    1.77015   1.59212    8.564
 4767.00    1.83284   1.60155    8.564
 4768.00    1.68360   1.61383    8.564
 4769.00    1.61981   1.62812    8.564
 4770.00    1.57817   1.64303    8.564
 4771.00    1.55114   1.65672    8.564
 4772.00    1.50389   1.67215    8.564
 4773.00    1.61716   1.68517    8.564
 4774.00    1.65570   1.69658    8.564
 4775.00    1.65102   1.70397    8.564
 4776.00    1.61377   1.70781    8.564
 4777.00    1.73042   1.70890    8.564
 4778.00    1.74693   1.70648    8.564
 4779.00    1.74620   1.70145    8.564
 4780.00    1.73177   1.69351    8.564
 4781.00    1.64494   1.68481    8.564
 4782.00    1.65549   1.67498    8.564
 4783.00    1.68448   1.66645    8.564
 4784.00    1.68966   1.65993    8.564
 4785.00    1.61679   1.65542    8.564
 4786.00    1.63002   1.65457    8.564
 4787.00    1.69936   1.65680    8.564
 4788.00    1.71603   1.66274    8.564
 4789.00    1.69201   1.67167    8.564
 4790.00    1.78839   1.68226    8.564
 4791.00    1.81675   1.69455    8.564
 4792.00    1.80892   1.70644    8.564
 4793.00    1.76129   1.71761    8.564
 4794.00    1.65202   1.72618    8.564
 4795.00    1.74670   1.73218    8.564
 4796.00    1.67698   1.73512    8.564
 4797.00    1.78847   1.73553    8.564
 4798.00    1.98396   1.73423    8.564
 4799.00    1.66436   1.73153    8.564
 4800.00    1.77267   1.72872    8.564
 4801.00    1.74702   1.72561    8.564
 4802.00    1.70403   1.72266    8.564
 4803.00    1.70167   1.71868    8.564
 4804.00    1.57098   1.71518    8.564
 4805.00    1.65528   1.71206    8.564
 4806.00    1.66676   1.71059    8.564
 4807.00    1.60724   1.71010    8.564
 4808.00    1.47883   1.71138    8.564
 4809.00    1.41580   1.71442    8.564
 4810.00    1.60429   1.71913    8.564
 4811.00    1.71110   1.72549    8.564
 4812.00    1.56798   1.73222    8.564
 4813.00    1.70866   1.74006    8.564
 4814.00    1.71384   1.74741    8.564
 4815.00    1.73754   1.75376    8.564
 4816.00    1.77331   1.75841    8.564
 4817.00    1.80711   1.76037    8.564
 4818.00    1.66273   1.76033    8.564
 4819.00    1.79128   1.75739    8.564
 4820.00    1.89784   1.75257    8.564
 4821.00    1.87803   1.74524    8.564
 4822.00    1.54797   1.73675    8.564
 4823.00    1.60864   1.72827    8.564
 4824.00    1.63233   1.72023    8.564
 4825.00    1.62973   1.71443    8.564
 4826.00    1.61227   1.70811    8.564
 4827.00    1.69729   1.70298    8.564
 4828.00    1.71702   1.69876    8.564
 4829.00    1.69488   1.69599    8.564
 4830.00    1.63156   1.69451    8.564
 4831.00    1.55903   1.69232    8.564
 4832.00    1.65257   1.69166    8.564
 4833.00    1.67036   1.69047    8.564
 4834.00    1.65266   1.69024    8.564
 4835.00    1.65216   1.68887    8.564
 4836.00    1.70837   1.68674    8.564
 4837.00    1.62360   1.68469    8.564
 4838.00    1.60289   1.68177    8.564
 4839.00    1.68338   1.68004    8.564
 4840.00    1.69942   1.67844    8.564
 4841.00    1.46341   1.67808    8.564
 4842.00    1.53890   1.67807    8.564
 4843.00    1.72139   1.67845    8.564
 4844.00    1.78858   1.68017    8.564
 4845.00    1.53169   1.68070    8.564
 4846.00    1.55691   1.68054    8.564
 4847.00    1.63362   1.67684    8.564
 4848.00    1.72219   1.67085    8.564
 4849.00    1.72055   1.66293    8.564
 4850.00    1.54258   1.65106    8.564
 4851.00    1.50299   1.63673    8.564
 4852.00    1.50864   1.61655    8.564
 4853.00    1.48397   1.59385    8.564
 4854.00    1.46556   1.56735    0.000
 4855.00    1.47316   1.54042    0.000
 4856.00    1.51982   1.51483    0.000
 4857.00    1.58587   1.48957    0.000
 4858.00    1.48947   1.46878    0.000
 4859.00    1.52800   1.44901    0.000
 4860.00    1.45128   1.43810    0.000
 4861.00    1.35108   1.43378    0.000
 4862.00    1.29339   1.43861    0.000
 4863.00    1.40422   1.44827    0.000
 4864.00    1.47272   1.46012    0.000
 4865.00    1.51473   1.47461    0.000
 4866.00    1.51818   1.48878    0.000
 4867.00    1.38948   1.50288    0.000
 4868.00    1.57128   1.51572    0.000
 4869.00    1.46506   1.52542    8.564
 4870.00    1.34645   1.53542    8.564
 4871.00    1.39066   1.54422    8.564
 4872.00    1.57780   1.55607    8.564
 4873.00    1.54602   1.56980    8.564
 4874.00    1.55415   1.58300    8.564
 4875.00    1.58623   1.59731    8.564
 4876.00    1.51310   1.60959    8.564
 4877.00    1.60217   1.62165    8.564
 4878.00    1.68001   1.63027    8.564
 4879.00    1.70581   1.63535    8.564
 4880.00    1.63873   1.63593    8.564
 4881.00    1.73712   1.63204    8.564
 4882.00    1.61873   1.62556    8.564
 4883.00    1.58855   1.61662    8.564
 4884.00    1.61974   1.60692    8.564
 4885.00    1.61215   1.59693    8.564
 4886.00    1.54332   1.59091    8.564
 4887.00    1.63096   1.58841    8.564
 4888.00    1.67251   1.59053    8.564
 4889.00    1.57865   1.59824    8.564
 4890.00    1.59363   1.60921    8.564
 4891.00    1.49351   1.62851    8.564
 4892.00    1.60327   1.64911    8.564
 4893.00    1.78556   1.67414    8.564
 4894.00    1.68680   1.69648    8.564
 4895.00    1.78803   1.71558    8.564
 4896.00    1.75396   1.73169    8.564
 4897.00    1.72745   1.74210    8.564
 4898.00    1.75266   1.74992    8.564
 4899.00    1.90486   1.75189    8.564
 4900.00    1.94277   1.75161    8.564
 4901.00    1.83448   1.74804    8.564
 4902.00    1.70313   1.74239    8.564
 4903.00    1.80382   1.73656    8.564
 4904.00    1.76598   1.72943    8.564
 4905.00    1.69710   1.72390    8.564
 4906.00    1.67940   1.71654    8.564
 4907.00    1.73442   1.70879    8.564
 4908.00    1.73495   1.70104    8.564
 4909.00    1.89959   1.69308    8.564
 4910.00    1.81393   1.68587    8.564
 4911.00    1.64461   1.67802    8.564
 4912.00    1.61580   1.66924    8.564
 4913.00    1.71357   1.65865    8.564
 4914.00    1.62821   1.64625    8.564
 4915.00    1.59553   1.63146    8.564
 4916.00    1.64564   1.61630    8.564
 4917.00    1.52984   1.59879    8.564
 4918.00    1.47835   1.58568    8.564
 4919.00    1.59773   1.57540    8.564
 4920.00    1.70456   1.57371    8.564
 4921.00    1.54937   1.57816    8.564
 4922.00    1.42898   1.58915    8.564
 4923.00    1.54785   1.60529    8.564
 4924.00    1.62357   1.62380    8.564
 4925.00    1.62509   1.64587    8.564
 4926.00    1.64288   1.66694    8.564
 4927.00    1.61570   1.68635    8.564
 4928.00    1.67375   1.70087    8.564
 4929.00    1.75086   1.70994    8.564
 4930.00    1.79209   1.71270    8.564
 4931.00    1.61946   1.70962    8.564
 4932.00    1.68396   1.70326    8.564
 4933.00    1.68167   1.69415    8.564
 4934.00    1.61007   1.68575    8.564
 4935.00    1.65250   1.67773    8.564
 4936.00    1.75643   1.67192    8.564
 4937.00    1.93313   1.66965    8.564
 4938.00    2.01503   1.67128    8.564
 4939.00    1.82207   1.67999    8.564
 4940.00    1.51693   1.69188    8.564
 4941.00    1.66646   1.70761    8.564
 4942.00    1.83344   1.72303    8.564
 4943.00    1.95462   1.73875    8.564
 4944.00    1.82352   1.75293    8.564
 4945.00    1.67843   1.76472    8.564
 4946.00    1.72213   1.77433    8.564
 4947.00    1.79603   1.77939    0.000
 4948.00    1.81850   1.78108    0.000
 4949.00    1.75124   1.77629    0.000
 4950.00    1.70828   1.76820    0.000
 4951.00    1.70426   1.75649    0.000
 4952.00    1.73501   1.74127    0.000
 4953.00    1.80042   1.72608    0.000
 4954.00    1.87855   1.70815    0.000
 4955.00    1.86681   1.69344    0.000
 4956.00    1.81192   1.67959    0.000
 4957.00    1.72258   1.67010    0.000
 4958.00    1.67383   1.66756    0.000
 4959.00    1.82914   1.66632    0.000
 4960.00    1.79202   1.66935    0.000
 4961.00    1.65668   1.67035    0.000
 4962.00    1.70730   1.67271    0.000
 4963.00    1.73259   1.67429    0.000
 4964.00    1.65990   1.67511    0.000
 4965.00    1.62887   1.67656    0.000
 4966.00    1.69731   1.67791    0.000
 4967.00    1.84338   1.68041    0.000
 4968.00    1.78912   1.68320    0.000
 4969.00    1.71717   1.68707    8.564
 4970.00    1.67177   1.69082    8.564
 4971.00    1.78337   1.69414    8.564
 4972.00    1.69299   1.69545    8.564
 4973.00    1.69519   1.69366    8.564
 4974.00    1.72449   1.68803    8.564
 4975.00    1.76332   1.67819    8.564
 4976.00    1.61933   1.66471    8.564
 4977.00    1.62362   1.64839    8.564
 4978.00    1.65641   1.63073    8.564
 4979.00    1.69410   1.61330    8.564
 4980.00    1.69465   1.59708    8.564
 4981.00    1.63276   1.58432    8.564
 4982.00    1.57445   1.57492    8.564
 4983.00    1.58600   1.57277    8.564
 4984.00    1.67482   1.57442    8.564
 4985.00    1.52999   1.58248    8.564
 4986.00    1.57021   1.59206    8.564
 4987.00    1.59016   1.60412    8.564
 4988.00    1.62838   1.61560    8.564
 4989.00    1.76023   1.62597    8.564
 4990.00    1.67505   1.63521    8.564
 4991.00    1.65093   1.64178    8.564
 4992.00    1.66414   1.64570    8.564
 4993.00    1.70359   1.64613    8.564
 4994.00    1.62811   1.64320    8.564
 4995.00    1.64892   1.63685    8.564
 4996.00    1.66213   1.62812    8.564
 4997.00    1.62111   1.61541    8.564
 4998.00    1.43403   1.60220    0.000
 4999.00    1.60288   1.58669    0.000
 5000.00    1.56843   1.57272    0.000
 5001.00    1.58722   1.55894    0.000
 5002.00    1.66291   1.54691    0.000
 5003.00    1.56091   1.53688    0.000
 5004.00    1.51348   1.52745    0.000
 5005.00    1.49799   1.52175    0.000
 5006.00    1.48492   1.51627    0.000
 5007.00    1.44914   1.51469    0.000
 5008.00    1.68519   1.51176    0.000
 5009.00    1.57003   1.50921    0.000
 5010.00    1.51666   1.50523    0.000
 5011.00    1.54121   1.50035    0.000
 5012.00    1.54006   1.49680    0.000
 5013.00    1.53750   1.49297    0.000
 5014.00    1.54902   1.49295    0.000
 5015.00    1.55234   1.49329    0.000
 5016.00    1.52790   1.49623    0.000
 5017.00    1.65623   1.50055    0.000
 5018.00    1.61948   1.50670    0.000
 5019.00    1.57209   1.51514    0.000
 5020.00    1.52954   1.52456    0.000
 5021.00    1.52354   1.53535    0.000
 5022.00    1.51115   1.54711    0.000
 5023.00    1.46523   1.55962    8.564
 5024.00    1.49202   1.57212    8.564
 5025.00    1.67487   1.58497    8.564
 5026.00    1.61624   1.59647    8.564
 5027.00    1.64259   1.60851    8.564
 5028.00    1.63169   1.61849    8.564
 5029.00    1.59618   1.62769    8.564
 5030.00    1.58450   1.63337    8.564
 5031.00    1.70050   1.63525    8.564
 5032.00    1.72386   1.63312    8.564
 5033.00    1.70877   1.62553    8.564
 5034.00    1.66582   1.61547    8.564
 5035.00    1.63825   1.60195    8.564
 5036.00    1.62302   1.58943    8.564
 5037.00    1.65004   1.57704    8.564
 5038.00    1.70328   1.56722    8.564
 5039.00    1.75436   1.56182    8.564
 5040.00    1.74370   1.55997    8.564
 5041.00    1.64966   1.56591    8.564
 5042.00    1.62402   1.57398    8.564
 5043.00    1.72565   1.58715    8.564
 5044.00    1.68915   1.59876    8.564
 5045.00    1.53835   1.61047    8.564
 5046.00    1.52728   1.61921    8.564
 5047.00    1.57849   1.62632    8.564
 5048.00    1.54621   1.63243    8.564
 5049.00    1.46552   1.63806    8.564
 5050.00    1.55168   1.64509    8.564
 5051.00    1.67459   1.65286    8.564
 5052.00    1.79237   1.66239    8.564
 5053.00    1.52732   1.67318    8.564
 5054.00    1.57572   1.68508    8.564
 5055.00    1.61273   1.69601    8.564
 5056.00    1.63655   1.70687    8.564
 5057.00    1.63662   1.71472    8.564
 5058.00    1.76835   1.72035    8.564
 5059.00    1.65018   1.72178    8.564
 5060.00    1.62160   1.71931    8.564
 5061.00    1.73929   1.71318    8.564
 5062.00    1.77036   1.70291    8.564
 5063.00    1.75047   1.69144    8.564
 5064.00    1.65451   1.67836    8.564
 5065.00    1.55399   1.66719    8.564
 5066.00    1.54341   1.65647    8.564
 5067.00    1.57560   1.64830    8.564
 5068.00    1.69878   1.64088    8.564
 5069.00    1.73482   1.63540    8.564
 5070.00    1.66912   1.62976    8.564
 5071.00    1.67822   1.62507    8.564
 5072.00    1.54489   1.61940    8.564
 5073.00    1.50137   1.61379    8.564
 5074.00    1.50314   1.60688    8.564
 5075.00    1.53104   1.59871    8.564
 5076.00    1.56289   1.59058    8.564
 5077.00    1.43137   1.58144    8.564
 5078.00    1.36973   1.57505    8.564
 5079.00    1.40184   1.56945    8.564
 5080.00    1.53424   1.56951    8.564
 5081.00    1.55183   1.57229    8.564
 5082.00    1.55222   1.57976    8.564
 5083.00    1.56954   1.59001    8.564
 5084.00    1.64062   1.60320    8.564
 5085.00    1.52087   1.61768    8.564
 5086.00    1.51053   1.63278    8.564
 5087.00    1.59456   1.64693    8.564
 5088.00    1.73951   1.65977    8.564
 5089.00    1.78470   1.66961    8.564
 5090.00    1.62197   1.67653    8.564
 5091.00    1.68818   1.67971    8.564
 5092.00    1.77148   1.67899    8.564
 5093.00    1.74587   1.67509    8.564
 5094.00    1.69618   1.66738    8.564
 5095.00    1.65757   1.65887    8.564
 5096.00    1.64047   1.64834    8.564
 5097.00    1.64886   1.64016    8.564
 5098.00    1.71222   1.63146    8.564
 5099.00    1.75064   1.62681    8.564
 5100.00    1.65860   1.62202    8.564
 5101.00    1.57887   1.61961    8.564
 5102.00    1.58629   1.61701    8.564
 5103.00    1.67554   1.61497    8.564
 5104.00    1.64913   1.61366    8.564
 5105.00    1.64008   1.61286    8.564
 5106.00    1.60481   1.61321    8.564
 5107.00    1.34384   1.61547    8.564
 5108.00    1.53666   1.61908    8.564
 5109.00    1.63502   1.62584    8.564
 5110.00    1.65385   1.63363    8.564
 5111.00    1.57667   1.64367    8.564
 5112.00    1.61006   1.65379    8.564
 5113.00    1.64332   1.66337    8.564
 5114.00    1.67374   1.67164    8.564
 5115.00    1.70215   1.67677    8.564
 5116.00    1.73525   1.67883    8.564
 5117.00    1.72065   1.67608    8.564
 5118.00    1.60818   1.66966    8.564
 5119.00    1.60682   1.65894    8.564
 5120.00    1.78654   1.64579    8.564
 5121.00    1.71528   1.63095    8.564
 5122.00    1.59043   1.61617    8.564
 5123.00    1.59143   1.60301    8.564
 5124.00    1.63349   1.59231    8.564
 5125.00    1.55917   1.58504    8.564
 5126.00    1.57798   1.58111    8.564
 5127.00    1.60899   1.58041    8.564
 5128.00    1.57344   1.58269    8.564
 5129.00    1.45850   1.58708    8.564
 5130.00    1.53465   1.59248    8.564
 5131.00    1.61308   1.59811    8.564
 5132.00    1.61389   1.60245    8.564
 5133.00    1.60431   1.60541    8.564
 5134.00    1.68950   1.60598    8.564
 5135.00    1.75254   1.60391    8.564
 5136.00    1.68772   1.60029    8.564
 5137.00    1.59748   1.59441    8.564
 5138.00    1.50647   1.58868    8.564
 5139.00    1.50966   1.58223    8.564
 5140.00    1.64710   1.57625    8.564
 5141.00    1.62216   1.57063    8.564
 5142.00    1.53476   1.56610    8.564
 5143.00    1.46824   1.56199    8.564
 5144.00    1.56981   1.55953    8.564
 5145.00    1.57880   1.55727    8.564
 5146.00    1.53594   1.55661    8.564
 5147.00    1.45728   1.55728    8.564
 5148.00    1.45994   1.55909    8.564
 5149.00    1.48706   1.56276    8.564
 5150.00    1.49100   1.56722    8.564
 5151.00    1.51083   1.57375    8.564
 5152.00    1.59370   1.58113    8.564
 5153.00    1.48077   1.58967    8.564
 5154.00    1.58014   1.59775    8.564
 5155.00    1.58610   1.60418    8.564
 5156.00    1.50369   1.60776    0.000
 5157.00    1.55187   1.60659    0.000
 5158.00    1.63848   1.59953    0.000
 5159.00    1.64277   1.58578    0.000
 5160.00    1.60730   1.56440    0.000
 5161.00    1.54347   1.53683    0.000
 5162.00    1.69508   1.50280    0.000
 5163.00    1.67712   1.46598    0.000
 5164.00    1.61405   1.42519    0.000
 5165.00    1.48555   1.38847    8.564
 5166.00    1.06700   1.35238    8.564
 5167.00    1.22140   1.32577    8.564
 5168.00    1.29887   1.30535    8.564
 5169.00    1.31358   1.29247    8.564
 5170.00    1.24627   1.29072    8.564
 5171.00    1.24149   1.29230    8.564
 5172.00    1.31423   1.30735    8.564
 5173.00    1.38291   1.32138    8.564
 5174.00    1.42871   1.34260    8.564
 5175.00    1.38096   1.35875    8.564
 5176.00    1.37651   1.37450    8.564
 5177.00    1.26161   1.38360    8.564
 5178.00    1.24246   1.39037    8.564
 5179.00    1.43676   1.38922    8.564
 5180.00    1.48062   1.38950    8.564
 5181.00    1.42483   1.38462    8.564
 5182.00    1.44740   1.38831    8.564
 5183.00    1.50493   1.39091    8.564
 5184.00    1.46963   1.40311    8.564
 5185.00    1.39318   1.41532    8.564
 5186.00    1.44447   1.43262    8.564
 5187.00    1.47297   1.44993    8.564
 5188.00    1.42561   1.46711    8.564
 5189.00    1.52028   1.48395    8.564
 5190.00    1.57535   1.49747    8.564
 5191.00    1.48294   1.51210    8.564
 5192.00    1.34934   1.52255    8.564
 5193.00    1.41018   1.53517    0.000
 5194.00    1.56620   1.54433    0.000
 5195.00    1.59851   1.55381    0.000
 5196.00    1.60736   1.56090    0.000
 5197.00    1.61188   1.56559    0.000
 5198.00    1.59001   1.56791    0.000
 5199.00    1.63745   1.56521    0.000
 5200.00    1.66653   1.56051    0.000
 5201.00    1.65717   1.55032    0.000
 5202.00    1.54218   1.53992    0.000
 5203.00    1.57694   1.52685    8.564
 5204.00    1.51882   1.51650    8.564
 5205.00    1.50173   1.50766    8.564
 5206.00    1.55121   1.50433    8.564
 5207.00    1.56868   1.50465    8.564
 5208.00    1.54237   1.51201    8.564
 5209.00    1.56470   1.52183    8.564
 5210.00    1.59576   1.53776    8.564
 5211.00    1.58274   1.55288    8.564
 5212.00    1.77545   1.57100    8.564
 5213.00    1.78334   1.58613    8.564
 5214.00    1.73475   1.60151    8.564
 5215.00    1.65313   1.61375    8.564
 5216.00    1.62982   1.62361    8.564
 5217.00    1.67917   1.63008    8.564
 5218.00    1.68035   1.63229    8.564
 5219.00    1.66157   1.63094    8.564
 5220.00    1.64187   1.62528    8.564
 5221.00    1.79710   1.61688    8.564
 5222.00    1.78481   1.60615    8.564
 5223.00    1.74733   1.59518    8.564
 5224.00    1.70864   1.58495    8.564
 5225.00    1.75174   1.57887    8.564
 5226.00    1.63478   1.57511    8.564
 5227.00    1.56890   1.57803    8.564
 5228.00    1.57734   1.58193    8.564
 5229.00    1.72313   1.59174    8.564
 5230.00    1.76509   1.60186    8.564
 5231.00    1.70946   1.61560    8.564
 5232.00    1.66843   1.63059    8.564
 5233.00    1.65748   1.64622    8.564
 5234.00    1.72794   1.66302    8.564
 5235.00    1.76374   1.67793    8.564
 5236.00    1.81369   1.69249    8.564
 5237.00    1.81884   1.70406    8.564
 5238.00    1.71854   1.71354    8.564
 5239.00    1.82225   1.71973    8.564
 5240.00    1.85948   1.72260    8.564
 5241.00    1.80890   1.72259    8.564
 5242.00    1.70799   1.71889    8.564
 5243.00    1.71814   1.71289    8.564
 5244.00    1.87897   1.70395    8.564
 5245.00    1.83090   1.69471    8.564
 5246.00    1.76102   1.68475    8.564
 5247.00    1.75703   1.67656    8.564
 5248.00    1.83648   1.66944    8.564
 5249.00    1.78111   1.66572    8.564
 5250.00    1.69101   1.66391    8.564
 5251.00    1.62098   1.66465    8.564
 5252.00    1.77753   1.66721    8.564
 5253.00    1.84339   1.66945    8.564
 5254.00    1.75529   1.67313    8.564
 5255.00    1.70050   1.67193    8.564
 5256.00    1.76131   1.66979    8.564
 5257.00    1.72272   1.65937    8.564
 5258.00    1.67112   1.64620    8.564
 5259.00    1.63883   1.62441    8.564
 5260.00    1.63117   1.60058    8.564
 5261.00    1.67605   1.57133    8.564
 5262.00    1.73978   1.54287    8.564
 5263.00    1.63902   1.51454    8.564
 5264.00    1.58219   1.49013    8.564
 5265.00    1.63879   1.47145    8.564
 5266.00    1.62511   1.45707    8.564
 5267.00    1.64513   1.45281    0.000
 5268.00    1.55108   1.45348    0.000
 5269.00    1.45941   1.46542    0.000
 5270.00    1.63706   1.48191    0.000
 5271.00    1.72309   1.50343    0.000
 5272.00    1.68290   1.52946    0.000
 5273.00    1.71230   1.55534    0.000
 5274.00    1.85141   1.58395    0.000
 5275.00    1.76319   1.60949    8.564
 5276.00    1.71034   1.63359    8.564
 5277.00    1.62693   1.65421    8.564
 5278.00    1.54509   1.67103    8.564
 5279.00    1.51771   1.68692    8.564
 5280.00    1.73612   1.69859    8.564
 5281.00    1.73296   1.71315    8.564
 5282.00    1.83533   1.72423    8.564
 5283.00    2.06478   1.74009    8.564
 5284.00    1.78621   1.75215    8.564
 5285.00    1.80494   1.76670    8.564
 5286.00    1.85532   1.77811    8.564
 5287.00    1.89530   1.78836    8.564
 5288.00    1.86226   1.79562    8.564
 5289.00    1.97107   1.79813    8.564
 5290.00    1.79473   1.79747    8.564
 5291.00    1.77554   1.79107    8.564
 5292.00    1.93828   1.78329    8.564
 5293.00    1.86308   1.77028    8.564
 5294.00    1.86931   1.75897    8.564
 5295.00    1.93707   1.74581    8.564
 5296.00    1.95827   1.73817    8.564
 5297.00    1.79356   1.73250    8.564
 5298.00    1.81256   1.73279    8.564
 5299.00    1.83086   1.73666    8.564
 5300.00    1.81652   1.74609    8.564
 5301.00    1.78800   1.75849    8.564
 5302.00    1.92608   1.77447    8.564
 5303.00    1.85017   1.79001    8.564
 5304.00    1.78078   1.80631    8.564
 5305.00    1.78606   1.82051    8.564
 5306.00    1.95946   1.83302    8.564
 5307.00    1.63627   1.84286    8.564
 5308.00    1.50457   1.84896    8.564
 5309.00    1.42875   1.85224   -1.000
 5310.00    1.39809   1.85187   -1.000
 5311.00    1.38981   1.84920   -1.000
 5312.00    1.48498   1.84352   -1.000
 5313.00    1.51223   1.83639    8.564
 5314.00    1.51605   1.82664    8.564
 5315.00    1.51215   1.81649    8.564
 5316.00    1.60355   1.80366    8.564
 5317.00    1.64807   1.79037    8.564
 5318.00    1.68350   1.77401    8.564
 5319.00    1.71729   1.75743    8.564
 5320.00    1.78814   1.73716    8.564
 5321.00    1.78212   1.71797    8.564
 5322.00    1.70332   1.69584    8.564
 5323.00    1.60344   1.67831    8.564
 5324.00    1.50328   1.65779    8.564
 5325.00    1.43331   1.64641    8.564
 5326.00    1.51627   1.63419    8.564
 5327.00    1.54580   1.63525    8.564
 5328.00    1.52772   1.63662    8.564
 5329.00    1.46791   1.64741    8.564
 5330.00    1.56195   1.65897    8.564
 5331.00    1.63895   1.67529    8.564
 5332.00    1.69478   1.69135    8.564
 5333.00    1.71889   1.70727    8.564
 5334.00    1.49754   1.71982    8.564
 5335.00    1.60025   1.73023    8.564
 5336.00    1.68459   1.73554    8.564
 5337.00    1.74964   1.73965    8.564
 5338.00    1.79353   1.73888    8.564
 5339.00    1.66686   1.74030    8.564
 5340.00    1.68347   1.73807    8.564
 5341.00    1.74637   1.73896    8.564
 5342.00    1.82913   1.73787    8.564
 5343.00    1.62369   1.74044    8.564
 5344.00    1.63472   1.74282    8.564
 5345.00    1.68452   1.74869    8.564
 5346.00    1.74154   1.75540    8.564
 5347.00    1.74923   1.76523    8.564
 5348.00    1.76061   1.77696    8.564
 5349.00    1.77897   1.79031    8.564
 5350.00    1.83499   1.80523    8.564
 5351.00    1.92465   1.81989    8.564
 5352.00    1.77176   1.83495    8.564
 5353.00    1.83005   1.84803    8.564
 5354.00    1.86167   1.85912    8.564
 5355.00    1.88012   1.86665    8.564
 5356.00    1.89893   1.87074    8.564
 5357.00    1.94639   1.87041    8.564
 5358.00    1.93233   1.86608    8.564
 5359.00    1.92767   1.85766    8.564
 5360.00    1.94350   1.84614    8.564
 5361.00    1.97880   1.83164    8.564
 5362.00    1.98117   1.81547    8.564
 5363.00    1.92771   1.79833    8.564
 5364.00    1.85340   1.78092    8.564
 5365.00    1.78558   1.76523    8.564
 5366.00    1.71578   1.75032    8.564
 5367.00    1.73052   1.73916    8.564
 5368.00    1.74236   1.73126    8.564
 5369.00    1.73535   1.72792    8.564
 5370.00    1.64144   1.72997    8.564
 5371.00    1.63354   1.73471    8.564
 5372.00    1.60808   1.74427    8.564
 5373.00    1.65679   1.75407    8.564
 5374.00    1.90817   1.76653    8.564
 5375.00    1.94408   1.77776    8.564
 5376.00    1.93756   1.78861    8.564
 5377.00    1.89101   1.79727    8.564
 5378.00    1.81883   1.80338    8.564
 5379.00    1.80349   1.80730    8.564
 5380.00    1.90712   1.80843    8.564
 5381.00    1.93187   1.80768    8.564
 5382.00    1.93268   1.80477    8.564
 5383.00    1.93597   1.79981    8.564
 5384.00    1.81477   1.79352    8.564
 5385.00    1.87975   1.78478    8.564
 5386.00    1.87546   1.77555    8.564
 5387.00    1.79950   1.76414    8.564
 5388.00    1.66947   1.75295    8.564
 5389.00    1.80777   1.74056    8.564
 5390.00    1.78882   1.72884    8.564
 5391.00    1.76587   1.71729    8.564
 5392.00    1.81938   1.70649    8.564
 5393.00    1.75249   1.69740    8.564
 5394.00    1.66975   1.68888    8.564
 5395.00    1.66152   1.68319    8.564
 5396.00    1.69324   1.67723    8.564
 5397.00    1.62882   1.67394    8.564
 5398.00    1.66266   1.66882    8.564
 5399.00    1.70079   1.66576    8.564
 5400.00    1.75863   1.66027    8.564
 5401.00    1.84504   1.65638    8.564
 5402.00    1.83918   1.65185    8.564
 5403.00    1.72229   1.64859    8.564
 5404.00    1.71607   1.64804    8.564
 5405.00    1.75495   1.64837    8.564
 5406.00    1.64620   1.65343    8.564
 5407.00    1.70764   1.66030    8.564
 5408.00    1.75054   1.67165    8.564
 5409.00    1.80314   1.68532    8.564
 5410.00    1.87252   1.70124    8.564
 5411.00    1.91778   1.71828    8.564
 5412.00    1.84254   1.73547    8.564
 5413.00    1.81501   1.75176    8.564
 5414.00    1.82818   1.76646    8.564
 5415.00    1.89132   1.77849    8.564
 5416.00    1.87736   1.78805    8.564
 5417.00    1.86398   1.79438    8.564
 5418.00    1.82955   1.79852    8.564
 5419.00    1.77162   1.79941    8.564
 5420.00    1.82833   1.79899    8.564
 5421.00    1.82308   1.79616    8.564
 5422.00    1.90063   1.79222    8.564
 5423.00    1.96228   1.78715    8.564
 5424.00    1.81408   1.77982    8.564
 5425.00    1.98297   1.77304    8.564
 5426.00    1.95695   1.76401    8.564
 5427.00    1.83290   1.75675    8.564
 5428.00    1.64828   1.74870    8.564
 5429.00    1.87097   1.74248    8.564
 5430.00    1.73502   1.73815    8.564
 5431.00    1.76832   1.73598    8.564
 5432.00    1.85329   1.73796    8.564
 5433.00    1.85940   1.74220    8.564
 5434.00    1.94481   1.75071    8.564
 5435.00    1.97522   1.76035    8.564
 5436.00    1.97259   1.77242    8.564
 5437.00    1.95284   1.78333    8.564
 5438.00    2.10938   1.79448    8.564
 5439.00    1.87750   1.80141    8.564
 5440.00    1.85836   1.80739    8.564
 5441.00    1.87005   1.80683    8.564
 5442.00    1.73342   1.80624    8.564
 5443.00    1.81224   1.79969    8.564
 5444.00    1.87620   1.79463    8.564
 5445.00    1.90005   1.78600    8.564
 5446.00    1.88532   1.77884    8.564
 5447.00    1.87891   1.77117    8.564
 5448.00    1.71468   1.76432    8.564
 5449.00    1.69070   1.75914    8.564
 5450.00    1.72240   1.75315    8.564
 5451.00    1.77017   1.75097    8.564
 5452.00    1.90425   1.74644    8.564
 5453.00    1.87118   1.74757    8.564
 5454.00    1.87318   1.74463    8.564
 5455.00    1.89276   1.74755    8.564
 5456.00    1.72422   1.74621    8.564
 5457.00    1.78123   1.74997    8.564
 5458.00    1.80901   1.75013    8.564
 5459.00    1.85329   1.75393    8.564
 5460.00    1.94906   1.75514    8.564
 5461.00    1.71517   1.75805    8.564
 5462.00    1.71254   1.75925    8.564
 5463.00    1.79463   1.76075    8.564
 5464.00    1.91077   1.76103    8.564
 5465.00    1.87771   1.76058    8.564
 5466.00    1.92001   1.75883    8.564
 5467.00    1.88211   1.75588    8.564
 5468.00    1.84151   1.75114    8.564
 5469.00    1.83586   1.74559    8.564
 5470.00    1.68506   1.73771    8.564
 5471.00    1.71002   1.73050    8.564
 5472.00    1.77924   1.72132    8.564
 5473.00    1.85167   1.71477    8.564
 5474.00    1.79623   1.70770    8.564
 5475.00    1.76450   1.70361    8.564
 5476.00    1.78297   1.70075    8.564
 5477.00    1.76095   1.70063    8.564
 5478.00    1.65673   1.70299    8.564
 5479.00    1.76424   1.70744    8.564
 5480.00    1.75264   1.71341    8.564
 5481.00    1.75093   1.72081    8.564
 5482.00    1.76521   1.72778    8.564
 5483.00    1.82439   1.73618    8.564
 5484.00    1.84454   1.74230    8.564
 5485.00    1.80353   1.74996    8.564
 5486.00    1.81597   1.75432    8.564
 5487.00    1.92024   1.76003    8.564
 5488.00    1.93584   1.76269    8.564
 5489.00    1.92936   1.76634    8.564
 5490.00    1.89821   1.76783    8.564
 5491.00    1.86034   1.76971    8.564
 5492.00    1.84765   1.77041    8.564
 5493.00    1.69570   1.77065    8.564
 5494.00    1.72281   1.77058    8.564
 5495.00    1.81450   1.76907    8.564
 5496.00    1.94093   1.76774    8.564
 5497.00    1.83835   1.76462    8.564
 5498.00    1.91519   1.76185    8.564
 5499.00    1.87663   1.75745    8.564
 5500.00    1.79913   1.75355    8.564
 5501.00    1.78137   1.74847    8.564
 5502.00    1.76654   1.74431    8.564
 5503.00    1.86496   1.73943    8.564
 5504.00    1.91856   1.73557    8.564
 5505.00    1.89593   1.73154    8.564
 5506.00    1.79273   1.72837    8.564
 5507.00    1.84430   1.72586    8.564
 5508.00    1.76720   1.72400    8.564
 5509.00    1.67386   1.72369    8.564
 5510.00    1.69619   1.72394    8.564
 5511.00    1.88737   1.72666    8.564
 5512.00    1.89338   1.72993    8.564
 5513.00    1.90305   1.73608    8.564
 5514.00    1.93901   1.74235    8.564
 5515.00    2.02283   1.75094    8.564
 5516.00    1.91699   1.75894    8.564
 5517.00    1.81963   1.76744    8.564
 5518.00    1.77772   1.77463    8.564
 5519.00    1.87129   1.77979    8.564
 5520.00    1.96235   1.78379    8.564
 5521.00    1.92940   1.78370    8.564
 5522.00    1.88581   1.78393    8.564
 5523.00    1.84958   1.77941    8.564
 5524.00    1.87594   1.77724    8.564
 5525.00    1.87253   1.77088    8.564
 5526.00    1.90000   1.76866    8.564
 5527.00    1.91311   1.76368    8.564
 5528.00    1.87034   1.76348    8.564
 5529.00    1.87785   1.76196    8.564
 5530.00    1.84654   1.76437    8.564
 5531.00    1.81969   1.76650    8.564
 5532.00    1.81343   1.77081    8.564
 5533.00    1.91412   1.77552    8.564
 5534.00    1.95772   1.78058    8.564
 5535.00    1.85965   1.78651    8.564
 5536.00    1.77695   1.79143    8.564
 5537.00    1.80786   1.79758    8.564
 5538.00    1.82803   1.80194    8.564
 5539.00    1.89179   1.80778    8.564
 5540.00    1.94080   1.81150    8.564
 5541.00    1.96573   1.81684    8.564
 5542.00    1.92955   1.82010    8.564
 5543.00    1.95438   1.82492    8.564
 5544.00    1.97190   1.82783    8.564
 5545.00    1.97359   1.83196    8.564
 5546.00    1.95055   1.83434    8.564
 5547.00    1.83982   1.83730    8.564
 5548.00    1.83989   1.83857    8.564
 5549.00    1.90622   1.83961    8.564
 5550.00    1.98256   1.83915    8.564
 5551.00    1.89299   1.83791    8.564
 5552.00    1.86401   1.83562    8.564
 5553.00    1.79572   1.83227    8.564
 5554.00    1.76644   1.82852    8.564
 5555.00    1.81183   1.82373    8.564
 5556.00    1.80926   1.81908    8.564
 5557.00    1.84262   1.81345    8.564
 5558.00    1.80765   1.80833    8.564
 5559.00    1.73584   1.80235    8.564
 5560.00    1.67903   1.79711    8.564
 5561.00    1.73442   1.79122    8.564
 5562.00    1.75742   1.78638    8.564
 5563.00    1.79852   1.78117    8.564
 5564.00    1.86807   1.77744    8.564
 5565.00    1.84998   1.77363    8.564
 5566.00    1.80280   1.77171    8.564
 5567.00    1.81417   1.76983    8.564
 5568.00    1.84845   1.77015    8.564
 5569.00    1.85213   1.77036    8.564
 5570.00    1.80076   1.77279    8.564
 5571.00    1.79489   1.77477    8.564
 5572.00    1.78628   1.77850    8.564
 5573.00    1.76862   1.78124    8.564
 5574.00    1.79558   1.78478    8.564
 5575.00    1.85252   1.78665    8.564
 5576.00    1.87129   1.78809    8.564
 5577.00    1.87896   1.78719    8.564
 5578.00    1.90971   1.78476    8.564
 5579.00    1.84119   1.77963    8.564
 5580.00    1.81864   1.77258    8.564
 5581.00    1.80775   1.76309    8.564
 5582.00    1.80691   1.75248    8.564
 5583.00    1.84247   1.74041    8.564
 5584.00    1.83265   1.72907    8.564
 5585.00    1.79953   1.71760    8.564
 5586.00    1.77618   1.70902    8.564
 5587.00    1.80718   1.70139    8.564
 5588.00    1.87248   1.69790    8.564
 5589.00    1.87780   1.69571    8.564
 5590.00    1.87671   1.69727    8.564
 5591.00    1.86868   1.69975    8.564
 5592.00    1.79237   1.70424    8.564
 5593.00    1.81843   1.70910    8.564
 5594.00    1.83413   1.71399    8.564
 5595.00    1.82480   1.71921    8.564
 5596.00    1.76313   1.72342    8.564
 5597.00    1.63562   1.72869    8.564
 5598.00    1.64468   1.73316    8.564
 5599.00    1.64192   1.73972    8.564
 5600.00    1.64177   1.74628    8.564
 5601.00    1.83121   1.75529    8.564
 5602.00    1.78938   1.76468    8.564
 5603.00    1.75737   1.77556    8.564
 5604.00    1.75912   1.78612    8.564
 5605.00    1.82711   1.79621    8.564
 5606.00    1.70208   1.80451    8.564
 5607.00    1.73005   1.81051    8.564
 5608.00    1.82088   1.81326    8.564
 5609.00    1.93558   1.81330    8.564
 5610.00    1.92657   1.80936    8.564
 5611.00    1.90422   1.80420    8.564
 5612.00    1.89370   1.79526    8.564
 5613.00    1.88539   1.78787    8.564
 5614.00    1.87568   1.77725    8.564
 5615.00    1.86002   1.77097    8.564
 5616.00    1.79796   1.76185    8.564
 5617.00    1.76206   1.75877    8.564
 5618.00    1.75214   1.75271    8.564
 5619.00    1.76915   1.75312    8.564
 5620.00    1.66037   1.75032    8.564
 5621.00    1.69287   1.75358    8.564
 5622.00    1.70861   1.75363    8.564
 5623.00    1.64158   1.75897    8.564
 5624.00    1.64736   1.76141    8.564
 5625.00    1.72950   1.76799    8.564
 5626.00    1.74931   1.77188    8.564
 5627.00    1.74921   1.77834    8.564
 5628.00    1.85726   1.78203    8.564
 5629.00    1.83292   1.78658    8.564
 5630.00    1.80653   1.78820    8.564
 5631.00    1.82084   1.78948    8.564
 5632.00    1.89169   1.78810    8.564
 5633.00    1.64605   1.78603    8.564
 5634.00    1.72951   1.78226    8.564
 5635.00    1.73220   1.77816    8.564
 5636.00    1.71500   1.77373    8.564
 5637.00    1.81026   1.76956    8.564
 5638.00    1.90777   1.76630    8.564
 5639.00    1.81470   1.76364    8.564
 5640.00    1.72040   1.76257    8.564
 5641.00    1.67753   1.76204    8.564
 5642.00    1.85523   1.76307    8.564
 5643.00    1.89160   1.76427    8.564
 5644.00    1.86464   1.76637    8.564
 5645.00    1.81953   1.76816    8.564
 5646.00    1.82261   1.76988    8.564
 5647.00    1.74518   1.77083    8.564
 5648.00    1.77840   1.77074    8.564
 5649.00    1.80269   1.76967    8.564
 5650.00    1.79938   1.76688    8.564
 5651.00    1.83105   1.76331    8.564
 5652.00    1.92463   1.75793    8.564
 5653.00    1.93603   1.75251    8.564
 5654.00    1.88204   1.74583    8.564
 5655.00    1.73930   1.74028    8.564
 5656.00    1.75138   1.73441    8.564
 5657.00    1.79826   1.73085    8.564
 5658.00    1.81281   1.72785    8.564
 5659.00    1.79158   1.72776    8.564
 5660.00    1.82080   1.72867    8.564
 5661.00    1.84541   1.73228    8.564
 5662.00    1.88907   1.73679    8.564
 5663.00    1.93592   1.74323    8.564
 5664.00    1.97151   1.75023    8.564
 5665.00    1.84701   1.75821    8.564
 5666.00    1.79755   1.76654    8.564
 5667.00    1.81550   1.77495    8.564
 5668.00    1.88761   1.78362    8.564
 5669.00    1.91717   1.79153    8.564
 5670.00    1.90913   1.79952    8.564
 5671.00    1.98276   1.80588    8.564
 5672.00    2.02586   1.81194    8.564
 5673.00    1.93200   1.81563    8.564
 5674.00    1.68585   1.81849    8.564
 5675.00    1.68177   1.81871    8.564
 5676.00    1.79971   1.81783    8.564
 5677.00    1.97534   1.81475    8.564
 5678.00    1.90527   1.81076    8.564
 5679.00    1.88638   1.80564    8.564
 5680.00    1.92840   1.80031    8.564
 5681.00    1.97509   1.79515    8.564
 5682.00    1.99322   1.79071    8.564
 5683.00    1.87140   1.78743    8.564
 5684.00    1.93635   1.78561    8.564
 5685.00    1.92075   1.78528    8.564
 5686.00    1.86838   1.78658    8.564
 5687.00    2.01662   1.78895    8.564
 5688.00    2.01854   1.79238    8.564
 5689.00    1.96511   1.79594    8.564
 5690.00    1.88937   1.79948    8.564
 5691.00    1.80224   1.80207    8.564
 5692.00    1.94210   1.80357    8.564
 5693.00    1.92208   1.80334    8.564
 5694.00    1.87449   1.80147    8.564
 5695.00    1.81764   1.79763    8.564
 5696.00    1.79361   1.79240    8.564
 5697.00    1.79365   1.78540    8.564
 5698.00    1.85630   1.77785    8.564
 5699.00    1.92688   1.76892    8.564
 5700.00    1.98421   1.76050    8.564
 5701.00    1.87822   1.75112    8.564
 5702.00    1.81750   1.74320    8.564
 5703.00    1.85498   1.73491    8.564
 5704.00    1.92856   1.72889    8.564
 5705.00    1.89206   1.72335    8.564
 5706.00    1.72268   1.72079    8.564
 5707.00    1.76077   1.71974    8.564
 5708.00    1.85048   1.72211    8.564
 5709.00    1.95373   1.72675    8.564
 5710.00    1.98586   1.73459    8.564
 5711.00    2.03859   1.74480    8.564
 5712.00    1.96562   1.75713    8.564
 5713.00    1.86032   1.77125    8.564
 5714.00    1.89189   1.78580    8.564
 5715.00    1.93361   1.80114    8.564
 5716.00    1.93761   1.81515    8.564
 5717.00    1.95722   1.82901    8.564
 5718.00    1.99928   1.84024    8.564
 5719.00    1.94983   1.85069    8.564
 5720.00    1.88337   1.85796    8.564
 5721.00    1.78681   1.86423    8.564
 5722.00    1.73321   1.86756    8.564
 5723.00    1.86842   1.87004    8.564
 5724.00    2.00820   1.87046    8.564
 5725.00    1.99969   1.87040    8.564
 5726.00    1.94853   1.86944    8.564
 5727.00    1.88451   1.86843    8.564
 5728.00    2.03686   1.86749    8.564
 5729.00    1.92123   1.86680    8.564
 5730.00    1.88732   1.86662    8.564
 5731.00    1.93132   1.86679    8.564
 5732.00    2.10096   1.86738    8.564
 5733.00    2.07426   1.86824    8.564
 5734.00    1.94462   1.86915    8.564
 5735.00    1.89848   1.87016    8.564
 5736.00    1.94999   1.87092    8.564
 5737.00    1.99030   1.87160    8.564
 5738.00    2.07217   1.87194    8.564
 5739.00    2.07559   1.87204    8.564
 5740.00    2.01249   1.87179    8.564
 5741.00    1.85480   1.87115    8.564
 5742.00    1.89555   1.87014    8.564
 5743.00    2.06824   1.86855    8.564
 5744.00    2.10641   1.86668    8.564
 5745.00    2.01741   1.86403    8.564
 5746.00    2.00184   1.86139    8.564
 5747.00    1.91453   1.85793    8.564
 5748.00    1.73154   1.85494    8.564
 5749.00    1.57810   1.85146    8.564
 5750.00    1.56216   1.84867    8.564
 5751.00    1.62286   1.84619    8.564
 5752.00    1.68337   1.84403    8.564
 5753.00    1.78404   1.84322    8.564
 5754.00    1.90269   1.84182    8.564
 5755.00    1.94166   1.84277    8.564
 5756.00    1.89154   1.84211    8.564
 5757.00    1.86570   1.84450    8.564
 5758.00    1.87409   1.84481    8.564
 5759.00    1.93583   1.84844    8.564
 5760.00    1.81272   1.85016    8.564
 5761.00    1.85570   1.85486    8.564
 5762.00    1.84489   1.85817    8.564
 5763.00    1.80959   1.86343    8.564
 5764.00    1.88966   1.86762    8.564
 5765.00    1.93694   1.87229    8.564
 5766.00    1.92547   1.87585    8.564
 5767.00    1.94426   1.87851    8.564
 5768.00    2.03794   1.87978    8.564
 5769.00    1.87452   1.87935    8.564
 5770.00    1.74747   1.87723    8.564
 5771.00    1.74546   1.87328    8.564
 5772.00    1.80914   1.86748    8.564
 5773.00    1.78151   1.86007    8.564
 5774.00    1.80828   1.85104    8.564
 5775.00    1.79819   1.84079    8.564
 5776.00    1.73975   1.82972    8.564
 5777.00    1.62349   1.81797    8.564
 5778.00    1.63055   1.80684    8.564
 5779.00    1.78622   1.79586    8.564
 5780.00    1.85624   1.78724    8.564
 5781.00    1.83176   1.77971    8.564
 5782.00    1.62842   1.77589    8.564
 5783.00    1.64044   1.77380    8.564
 5784.00    1.80652   1.77583    8.564
 5785.00    1.82426   1.77948    8.564
 5786.00    1.61546   1.78672    8.564
 5787.00    1.86719   1.79474    8.564
 5788.00    1.95582   1.80530    8.564
 5789.00    1.86660   1.81547    8.564
 5790.00    1.76109   1.82707    8.564
 5791.00    1.93197   1.83742    8.564
 5792.00    1.83799   1.84822    8.564
 5793.00    1.86129   1.85757    8.564
 5794.00    1.92483   1.86647    8.564
 5795.00    2.00903   1.87429    8.564
 5796.00    1.98026   1.88084    8.564
 5797.00    1.96629   1.88688    8.564
 5798.00    1.94472   1.89108    8.564
 5799.00    1.90669   1.89512    8.564
 5800.00    1.82629   1.89722    8.564
 5801.00    1.93104   1.89924    8.564
 5802.00    1.89509   1.89978    8.564
 5803.00    1.90532   1.90009    8.564
 5804.00    1.96896   1.89975    8.564
 5805.00    1.82463   1.89901    8.564
 5806.00    1.92419   1.89843    8.564
 5807.00    1.93469   1.89731    8.564
 5808.00    1.88160   1.89695    8.564
 5809.00    1.75212   1.89592    8.564
 5810.00    1.65166   1.89609    8.564
 5811.00    1.85761   1.89546    8.564
 5812.00    1.92749   1.89648    8.564
 5813.00    1.83626   1.89661    8.564
 5814.00    1.77654   1.89885    8.564
 5815.00    1.83414   1.90001    8.564
 5816.00    1.71932   1.90351    8.564
 5817.00    1.67414   1.90567    8.564
 5818.00    1.94278   1.90995    8.564
 5819.00    1.97529   1.91270    8.564
 5820.00    1.82695   1.91690    8.564
 5821.00    1.75402   1.91966    8.564
 5822.00    1.77663   1.92301    8.564
 5823.00    1.92844   1.92522    8.564
 5824.00    1.90598   1.92732    8.564
 5825.00    1.95319   1.92866    8.564
 5826.00    1.98761   1.92948    8.564
 5827.00    1.94946   1.92984    8.564
 5828.00    2.00139   1.92956    8.564
 5829.00    1.97581   1.92908    8.564
 5830.00    1.95815   1.92808    8.564
 5831.00    1.93170   1.92719    8.564
 5832.00    1.77789   1.92599    8.564
 5833.00    1.79321   1.92513    8.564
 5834.00    1.89007   1.92418    8.564
 5835.00    1.98409   1.92358    8.564
 5836.00    2.02890   1.92297    8.564
 5837.00    1.89250   1.92237    8.564
 5838.00    1.92026   1.92160    8.564
 5839.00    2.01403   1.92021    8.564
 5840.00    2.09208   1.91840    8.564
 5841.00    1.84761   1.91533    8.564
 5842.00    1.82600   1.91159    8.564
 5843.00    1.86486   1.90630    8.564
 5844.00    1.91255   1.90028    8.564
 5845.00    1.94981   1.89287    8.564
 5846.00    2.01423   1.88480    8.564
 5847.00    1.89926   1.87592    8.564
 5848.00    1.90899   1.86662    8.564
 5849.00    1.96730   1.85719    8.564
 5850.00    1.87508   1.84776    8.564
 5851.00    1.88773   1.83886    8.564
 5852.00    1.80296   1.83058    8.564
 5853.00    1.70035   1.82337    8.564
 5854.00    1.60643   1.81739    8.564
 5855.00    1.63761   1.81298    8.564
 5856.00    1.73749   1.81002    8.564
 5857.00    1.77002   1.80901    8.564
 5858.00    1.77317   1.80907    8.564
 5859.00    1.81563   1.81132    8.564
 5860.00    1.80032   1.81383    8.564
 5861.00    1.78774   1.81848    8.564
 5862.00    1.79903   1.82240    8.564
 5863.00    1.83980   1.82821    8.564
 5864.00    1.86534   1.83248    8.564
 5865.00    1.68997   1.83827    8.564
 5866.00    1.77175   1.84212    8.564
 5867.00    1.92919   1.84678    8.564
 5868.00    1.91021   1.84942    0.000
 5869.00    1.88079   1.85201    0.000
 5870.00    1.95359   1.85273    0.000
 5871.00    2.06972   1.85263    0.000
 5872.00    2.19328   1.85074    0.000
 5873.00    1.91485   1.84748    0.000
 5874.00    1.64145   1.84247    0.000
 5875.00    1.62852   1.83564    0.000
 5876.00    1.73493   1.82692    0.000
 5877.00    1.85747   1.81597    0.000
 5878.00    2.01997   1.80272    0.000
 5879.00    1.97175   1.78678    0.000
 5880.00    1.82288   1.76809    0.000
 5881.00    1.62488   1.74627    0.000
 5882.00    1.77698   1.72156    0.000
 5883.00    1.74346   1.69424    0.000
 5884.00    1.64285   1.66452    0.000
 5885.00    1.56809   1.63463    0.000
 5886.00    1.62796   1.60328    0.000
 5887.00    1.47000   1.57631    0.000
 5888.00    1.58133   1.54878    0.000
 5889.00    1.64237   1.53089    0.000
 5890.00    1.64146   1.51306    0.000
 5891.00    1.72258   1.50852    0.000
 5892.00    1.69610   1.50456    0.000
 5893.00    1.71096   1.51385    0.000
 5894.00    1.70743   1.52445    0.000
 5895.00    1.63062   1.54460    0.000
 5896.00    1.64009   1.56726    0.000
 5897.00    1.64243   1.59354    0.000
 5898.00    1.63611   1.62261    0.000
 5899.00    1.61946   1.64907    0.000
 5900.00    1.57461   1.67805    0.000
 5901.00    1.93040   1.70107    0.000
 5902.00    2.05286   1.72559    0.000
 5903.00    2.06325   1.74372    0.000
 5904.00    1.98195   1.76104    0.000
 5905.00    2.08188   1.77292    0.000
 5906.00    1.88412   1.78326    0.000
 5907.00    1.87797   1.78955    8.564
 5908.00    2.01339   1.79459    8.564
 5909.00    2.06544   1.79684    8.564
 5910.00    1.91608   1.79865    8.564
 5911.00    1.77186   1.79878    8.564
 5912.00    1.73142   1.79925    8.564
 5913.00    1.87445   1.79923    8.564
 5914.00    1.74782   1.79969    8.564
 5915.00    1.92619   1.80073    8.564
 5916.00    2.05840   1.80191    8.564
 5917.00    2.08590   1.80442    8.564
 5918.00    1.76913   1.80612    8.564
 5919.00    1.91348   1.80956    8.564
 5920.00    1.95014   1.81123    8.564
 5921.00    1.92241   1.81474    8.564
 5922.00    1.83168   1.81590    8.564
 5923.00    1.96175   1.81820    8.564
 5924.00    1.84976   1.81867    8.564
 5925.00    1.91612   1.81938    8.564
 5926.00    2.01546   1.81943    8.564
 5927.00    1.78339   1.81901    8.564
 5928.00    1.83711   1.81918    8.564
 5929.00    1.98675   1.81849    8.564
 5930.00    1.99696   1.81908    8.564
 5931.00    1.79411   1.81878    8.564
 5932.00    1.85954   1.81963    8.564
 5933.00    1.89134   1.82003    8.564
 5934.00    1.90903   1.82090    8.564
 5935.00    1.89854   1.82187    8.564
 5936.00    1.81076   1.82256    8.564
 5937.00    1.91373   1.82341    8.564
 5938.00    1.89995   1.82371    8.564
 5939.00    1.86879   1.82369    8.564
 5940.00    1.83837   1.82386    8.564
 5941.00    1.80048   1.82288    8.564
 5942.00    1.82214   1.82296    8.564
 5943.00    1.86545   1.82114    8.564
 5944.00    1.92091   1.82074    8.564
 5945.00    1.98470   1.81870    8.564
 5946.00    1.82892   1.81785    8.564
 5947.00    1.97758   1.81615    8.564
 5948.00    1.99161   1.81508    8.564
 5949.00    1.82409   1.81418    8.564
 5950.00    1.83513   1.81323    8.564
 5951.00    1.84521   1.81339    8.564
 5952.00    1.85957   1.81324    8.564
 5953.00    1.85638   1.81477    8.564
 5954.00    1.79828   1.81602    8.564
 5955.00    1.88802   1.81889    8.564
 5956.00    1.91738   1.82155    8.564
 5957.00    1.94871   1.82529    8.564
 5958.00    1.98797   1.82894    8.564
 5959.00    2.05007   1.83318    8.564
 5960.00    1.76356   1.83708    8.564
 5961.00    1.61356   1.84121    8.564
 5962.00    1.54338   1.84483    8.564
 5963.00    1.54922   1.84820    8.564
 5964.00    1.55911   1.85125    8.564
 5965.00    1.77036   1.85336    8.564
 5966.00    1.93232   1.85518    8.564
 5967.00    2.01998   1.85582    8.564
 5968.00    2.02434   1.85595    8.564
 5969.00    1.91511   1.85501    8.564
 5970.00    1.92877   1.85335    8.564
 5971.00    1.95154   1.85083    8.564
 5972.00    1.90996   1.84752    8.564
 5973.00    1.72403   1.84356    8.564
 5974.00    1.81813   1.83932    8.564
 5975.00    1.93885   1.83439    8.564
 5976.00    2.03447   1.83028    8.564
 5977.00    1.90531   1.82522    8.564
 5978.00    1.88374   1.82219    8.564
 5979.00    1.94414   1.81786    8.564
 5980.00    1.98517   1.81656    8.564
 5981.00    1.94501   1.81390    8.564
 5982.00    1.89116   1.81445    8.564
 5983.00    1.84681   1.81406    8.564
 5984.00    1.84733   1.81611    8.564
 5985.00    1.86896   1.81786    8.564
 5986.00    1.82141   1.82074    8.564
 5987.00    1.75408   1.82406    8.564
 5988.00    1.80434   1.82719    8.564
 5989.00    1.94848   1.83108    8.564
 5990.00    2.19669   1.83370   -1.000
 5991.00    1.88752   1.83643    8.564
 5992.00    1.88187   1.83786    8.564
 5993.00    1.86370   1.83849    8.564
 5994.00    1.87360   1.83844    8.564
 5995.00    2.06820   1.83702    8.564
 5996.00    1.77548   1.83584    8.564
 5997.00    1.86078   1.83296    8.564
 5998.00    1.90587   1.83094    8.564
 5999.00    1.78124   1.82720    8.564
 6000.00    1.96382   1.82463    8.564
 6001.00    1.76791   1.82097    8.564
 6002.00    1.76668   1.81835    8.564
 6003.00    1.86204   1.81530    8.564
 6004.00    1.88689   1.81285    8.564
 6005.00    1.77374   1.81023    8.564
 6006.00    1.90660   1.80816    8.564
 6007.00    1.93811   1.80599    8.564
 6008.00    1.78555   1.80461    8.564
 6009.00    1.87401   1.80286    8.564
 6010.00    1.86597   1.80154    8.564
 6011.00    1.87412   1.80058    8.564
 6012.00    1.85018   1.79926    8.564
 6013.00    1.68042   1.79949    8.564
 6014.00    1.74851   1.79833    8.564
 6015.00    2.01226   1.79910    8.564
 6016.00    2.03785   1.79899    8.564
 6017.00    1.76318   1.80071    8.564
 6018.00    1.88763   1.80295    8.564
 6019.00    1.89610   1.80617    8.564
 6020.00    1.92856   1.81082    8.564
 6021.00    1.94623   1.81598    8.564
 6022.00    1.88524   1.82316    8.564
 6023.00    1.81718   1.82991    8.564
 6024.00    1.84018   1.83887    8.564
 6025.00    1.86515   1.84716    8.564
 6026.00    1.86853   1.85667    8.564
 6027.00    1.70547   1.86561    8.564
 6028.00    1.86486   1.87445    8.564
 6029.00    1.95409   1.88292    8.564
 6030.00    1.99044   1.89023    8.564
 6031.00    1.95927   1.89725    8.564
 6032.00    1.99610   1.90279    8.564
 6033.00    1.99132   1.90772    8.564
 6034.00    1.90270   1.91147    8.564
 6035.00    1.76519   1.91424    8.564
 6036.00    1.88648   1.91680    8.564
 6037.00    1.82417   1.91781    8.564
 6038.00    1.82483   1.91991    8.564
 6039.00    1.84371   1.91976    8.564
 6040.00    1.85439   1.92131    8.564
 6041.00    1.97094   1.92109    8.564
 6042.00    2.01142   1.92191    8.564
 6043.00    2.04014   1.92199    8.564
 6044.00    2.07795   1.92160    8.564
 6045.00    2.25420   1.92166    8.564
 6046.00    2.01844   1.91966    8.564
 6047.00    1.96057   1.91884    8.564
 6048.00    1.97186   1.91514    8.564
 6049.00    2.01736   1.91279    8.564
 6050.00    1.76523   1.90825    8.564
 6051.00    1.89186   1.90448    8.564
 6052.00    1.88343   1.89973    8.564
 6053.00    1.79803   1.89534    8.564
 6054.00    1.98035   1.89110    8.564
 6055.00    1.95785   1.88686    8.564
 6056.00    1.89916   1.88370    8.564
 6057.00    1.90212   1.88039    8.564
 6058.00    2.03392   1.87883    8.564
 6059.00    1.83444   1.87700    8.564
 6060.00    2.03055   1.87722    8.564
 6061.00    1.91574   1.87750    8.564
 6062.00    1.63430   1.87932    8.564
 6063.00    1.64233   1.88165    8.564
 6064.00    1.98917   1.88466    8.564
 6065.00    1.96066   1.88847    8.564
 6066.00    1.91571   1.89207    8.564
 6067.00    1.97708   1.89632    8.564
 6068.00    1.87541   1.89941    8.564
 6069.00    2.06445   1.90269    8.564
 6070.00    2.09628   1.90409    8.564
 6071.00    1.98157   1.90479    8.564
 6072.00    1.65072   1.90312    8.564
 6073.00    1.69634   1.90041    8.564
 6074.00    1.85594   1.89632    8.564
 6075.00    1.88363   1.89111    8.564
 6076.00    1.69300   1.88555    8.564
 6077.00    1.61555   1.87902    8.564
 6078.00    1.86671   1.87332    8.564
 6079.00    2.01477   1.86699    8.564
 6080.00    2.01029   1.86219    8.564
 6081.00    1.64280   1.85724    8.564
 6082.00    1.59725   1.85399    8.564
 6083.00    1.91021   1.85101    8.564
 6084.00    2.04880   1.84927    8.564
 6085.00    1.88794   1.84785    8.564
 6086.00    1.81064   1.84742    8.564
 6087.00    1.86771   1.84744    8.564
 6088.00    1.86001   1.84786    8.564
 6089.00    1.83103   1.84847    8.564
 6090.00    1.83682   1.84934    8.564
 6091.00    1.85250   1.84995    8.564
 6092.00    1.87192   1.85045    8.564
 6093.00    1.84461   1.85070    8.564
 6094.00    1.77657   1.85035    8.564
 6095.00    1.92092   1.85033    8.564
 6096.00    1.96218   1.84901    8.564
 6097.00    1.87473   1.84840    8.564
 6098.00    1.76121   1.84682    8.564
 6099.00    1.73113   1.84574    8.564
 6100.00    1.60570   1.84520    8.564
 6101.00    1.73994   1.84451    8.564
 6102.00    1.85088   1.84666    8.564
 6103.00    1.90294   1.84675    8.564
 6104.00    1.91899   1.85114    8.564
 6105.00    1.86355   1.85244    8.564
 6106.00    1.96086   1.85820    8.564
 6107.00    1.99492   1.86117    8.564
 6108.00    1.72140   1.86633    8.564
 6109.00    1.77533   1.86856    8.564
 6110.00    1.79810   1.87073    8.564
 6111.00    1.79023   1.87120    8.564
 6112.00    1.74888   1.87044    8.564
 6113.00    1.63653   1.86868    8.564
 6114.00    1.74512   1.86519    8.564
 6115.00    1.84242   1.86141    8.564
 6116.00    1.85770   1.85664    8.564
 6117.00    1.69724   1.85184    8.564
 6118.00    1.69874   1.84703    8.564
 6119.00    1.77214   1.84266    8.564
 6120.00    1.74641   1.83920    8.564
 6121.00    1.65693   1.83698    8.564
 6122.00    1.72828   1.83489    8.564
 6123.00    1.85223   1.83478    8.564
 6124.00    1.80023   1.83341    8.564
 6125.00    1.71573   1.83460    8.564
 6126.00    1.66738   1.83316    8.564
 6127.00    1.89132   1.83392    8.564
 6128.00    1.89964   1.83136    8.564
 6129.00    1.90662   1.82951    8.564
 6130.00    1.89974   1.82596    8.564
 6131.00    1.78388   1.82191    8.564
 6132.00    1.64389   1.81854    8.564
 6133.00    1.71677   1.81403    8.564
 6134.00    1.81719   1.81240    8.564
 6135.00    1.87182   1.80887    8.564
 6136.00    1.81040   1.81009    8.564
 6137.00    1.78078   1.80901    8.564
 6138.00    1.76226   1.81321    8.564
 6139.00    1.76580   1.81541    8.564
 6140.00    1.84235   1.82163    8.564
 6141.00    1.65271   1.82672    8.564
 6142.00    1.73881   1.83228    8.564
 6143.00    1.79389   1.83696    8.564
 6144.00    1.71263   1.83919    8.564
 6145.00    1.64720   1.84127    8.564
 6146.00    1.78591   1.84096    8.564
 6147.00    1.84313   1.83945    8.564
 6148.00    1.85029   1.83615    8.564
 6149.00    1.86062   1.83024    8.564
 6150.00    1.76916   1.82389    8.564
 6151.00    1.76181   1.81414    8.564
 6152.00    1.76613   1.80484    8.564
 6153.00    1.76651   1.79287    8.564
 6154.00    1.76063   1.78100    8.564
 6155.00    1.58006   1.76826    8.564
 6156.00    1.59442   1.75436    8.564
 6157.00    1.64275   1.74224    8.564
 6158.00    1.43358   1.72843    8.564
 6159.00    1.54997   1.71865    8.564
 6160.00    1.60987   1.70794    8.564
 6161.00    1.65225   1.70169    8.564
 6162.00    1.67802   1.69619    8.564
 6163.00    1.65186   1.69360    8.564
 6164.00    1.84574   1.69416    8.564
 6165.00    1.79114   1.69557    8.564
 6166.00    1.65026   1.70185    8.564
 6167.00    1.60021   1.70642    8.564
 6168.00    1.62771   1.71550    8.564
 6169.00    1.57057   1.72164    8.564
 6170.00    1.57311   1.73114    8.564
 6171.00    1.64211   1.73837    8.564
 6172.00    1.55965   1.74745    8.564
 6173.00    1.65957   1.75532    8.564
 6174.00    1.71765   1.76329    8.564
 6175.00    1.74225   1.77025    8.564
 6176.00    1.72165   1.77563    8.564
 6177.00    1.49616   1.77996    8.564
 6178.00    1.56512   1.78271    8.564
 6179.00    1.63983   1.78420    8.564
 6180.00    1.69337   1.78387    8.564
 6181.00    1.77412   1.78242    8.564
 6182.00    1.62640   1.77938    8.564
 6183.00    1.71120   1.77581    8.564
 6184.00    1.80432   1.77115    8.564
 6185.00    1.71721   1.76686    8.564
 6186.00    1.75690   1.76223    8.564
 6187.00    1.69571   1.75840    8.564
 6188.00    1.69327   1.75564    8.564
 6189.00    1.75384   1.75359    8.564
 6190.00    1.85609   1.75384    8.564
 6191.00    1.76533   1.75459    8.564
 6192.00    1.78132   1.75759    8.564
 6193.00    1.79896   1.76130    8.564
 6194.00    1.74983   1.76591    8.564
 6195.00    1.79951   1.77206    8.564
 6196.00    1.84866   1.77722    8.564
 6197.00    1.80365   1.78401    8.564
 6198.00    1.72165   1.78838    8.564
 6199.00    1.89590   1.79410    8.564
 6200.00    1.65706   1.79729    8.564
 6201.00    1.70566   1.80097    8.564
 6202.00    1.69210   1.80257    8.564
 6203.00    1.42105   1.80338   -1.000
 6204.00    1.60948   1.80257    8.564
 6205.00    1.67234   1.79979    8.564
 6206.00    1.74668   1.79550    8.564
 6207.00    1.80145   1.78935    8.564
 6208.00    1.70179   1.78221    8.564
 6209.00    1.85130   1.77356    8.564
 6210.00    1.78528   1.76485    8.564
 6211.00    1.71727   1.75499    8.564
 6212.00    1.72964   1.74649    8.564
 6213.00    1.72034   1.73729    8.564
 6214.00    1.73338   1.73035    8.564
 6215.00    1.76081   1.72342    8.564
 6216.00    1.79012   1.71866    8.564
 6217.00    1.78927   1.71483    8.564
 6218.00    1.69890   1.71226    8.564
 6219.00    1.57779   1.71075    8.564
 6220.00    1.53512   1.70902    8.564
 6221.00    1.61711   1.70805    8.564
 6222.00    1.57554   1.70657    8.564
 6223.00    1.50419   1.70555    8.564
 6224.00    1.53988   1.70460    8.564
 6225.00    1.66043   1.70365    8.564
 6226.00    1.88343   1.70254    8.564
 6227.00    1.69771   1.70202    8.564
 6228.00    1.80141   1.70061    8.564
 6229.00    1.84552   1.70080    8.564
 6230.00    1.75274   1.69950    8.564
 6231.00    1.80513   1.69994    8.564
 6232.00    1.66247   1.69920    8.564
 6233.00    1.60254   1.69960    8.564
 6234.00    1.60127   1.69946    8.564
 6235.00    1.65644   1.69914    8.564
 6236.00    1.55657   1.69876    8.564
 6237.00    1.66366   1.69691    8.564
 6238.00    1.75431   1.69571    8.564
 6239.00    1.78018   1.69283    8.564
 6240.00    1.64169   1.69135    8.564
 6241.00    1.61803   1.68877    8.564
 6242.00    1.59047   1.68753    8.564
 6243.00    1.59340   1.68566    8.564
 6244.00    1.69359   1.68445    8.564
 6245.00    1.64784   1.68309    8.564
 6246.00    1.65755   1.68167    8.564
 6247.00    1.67257   1.68026    8.564
 6248.00    1.68614   1.67834    8.564
 6249.00    1.69624   1.67638    8.564
 6250.00    1.78975   1.67413    8.564
 6251.00    1.73435   1.67200    8.564
 6252.00    1.66840   1.67044    8.564
 6253.00    1.72577   1.66901    8.564
 6254.00    1.80310   1.66950    8.564
 6255.00    1.62143   1.67047    8.564
 6256.00    1.56737   1.67372    8.564
 6257.00    1.66381   1.67789    8.564
 6258.00    1.83006   1.68326    8.564
 6259.00    1.78104   1.69043    8.564
 6260.00    1.73114   1.69700    8.564
 6261.00    1.71664   1.70556    8.564
 6262.00    1.78510   1.71239    8.564
 6263.00    1.71694   1.72038    8.564
 6264.00    1.72064   1.72607    8.564
 6265.00    1.81166   1.73155    8.564
 6266.00    1.93102   1.73515    8.564
 6267.00    1.74051   1.73766    8.564
 6268.00    1.72288   1.73931    8.564
 6269.00    1.79651   1.73934    8.564
 6270.00    1.85016   1.73904    8.564
 6271.00    1.80783   1.73728    8.564
 6272.00    1.79978   1.73544    8.564
 6273.00    1.68421   1.73304    8.564
 6274.00    1.72414   1.73113    8.564
 6275.00    1.87510   1.72925    8.564
 6276.00    1.96275   1.72810    8.564
 6277.00    1.81306   1.72758    8.564
 6278.00    1.78975   1.72815    8.564
 6279.00    1.79566   1.72995    8.564
 6280.00    1.79761   1.73259    8.564
 6281.00    1.69574   1.73634    8.564
 6282.00    1.74829   1.74002    8.564
 6283.00    1.77230   1.74460    8.564
 6284.00    1.76828   1.74845    8.564
 6285.00    1.73376   1.75221    8.564
 6286.00    1.68759   1.75473    8.564
 6287.00    1.79890   1.75595    8.564
 6288.00    1.87145   1.75587    8.564
 6289.00    1.82677   1.75438    8.564
 6290.00    1.86478   1.75193    8.564
 6291.00    1.71337   1.74867    8.564
 6292.00    1.68514   1.74436    8.564
 6293.00    1.73598   1.74000    8.564
 6294.00    1.79645   1.73579    8.564
 6295.00    1.79942   1.73215    8.564
 6296.00    1.79924   1.72963    0.000
 6297.00    1.76276   1.72724    0.000
 6298.00    1.68027   1.72682    0.000
 6299.00    1.70620   1.72678    0.000
 6300.00    1.74859   1.72869    0.000
 6301.00    1.74457   1.73089    0.000
 6302.00    1.72442   1.73342    0.000
 6303.00    1.73919   1.73705    0.000
 6304.00    1.70662   1.73942    0.000
 6305.00    1.68240   1.74326    0.000
 6306.00    1.72362   1.74460    0.000
 6307.00    1.83594   1.74681    0.000
 6308.00    1.75533   1.74658    0.000
 6309.00    1.69067   1.74679    0.000
 6310.00    1.66410   1.74483    0.000
 6311.00    1.66641   1.74349    0.000
 6312.00    1.70302   1.74172    0.000
 6313.00    1.82490   1.73993    0.000
 6314.00    1.85418   1.73965    0.000
 6315.00    1.83591   1.73913    0.000
 6316.00    1.78807   1.74107    8.564
 6317.00    1.91833   1.74299    8.564
 6318.00    1.73232   1.74709    8.564
 6319.00    1.73998   1.75128    8.564
 6320.00    1.76843   1.75722    8.564
 6321.00    1.62381   1.76337    8.564
 6322.00    1.64469   1.76934    8.564
 6323.00    1.73508   1.77582    8.564
 6324.00    1.79169   1.78084    8.564
 6325.00    1.80333   1.78564    8.564
 6326.00    1.80206   1.78882    8.564
 6327.00    1.76213   1.79047    8.564
 6328.00    1.72793   1.79155    8.564
 6329.00    1.71338   1.79088    8.564
 6330.00    1.74280   1.79033    8.564
 6331.00    1.75690   1.78822    8.564
 6332.00    1.72226   1.78673    8.564
 6333.00    1.73221   1.78443    8.564
 6334.00    1.78533   1.78221    8.564
 6335.00    1.83566   1.78038    8.564
 6336.00    1.82890   1.77806    8.564
 6337.00    1.76546   1.77781    8.564
 6338.00    1.74389   1.77727    8.564
 6339.00    1.85428   1.77898    8.564
 6340.00    1.81667   1.78040    8.564
 6341.00    1.81456   1.78319    8.564
 6342.00    1.80219   1.78564    8.564
 6343.00    1.79407   1.78816    8.564
 6344.00    1.88506   1.79075    8.564
 6345.00    1.90609   1.79219    8.564
 6346.00    1.86143   1.79410    8.564
 6347.00    1.79842   1.79438    8.564
 6348.00    1.73716   1.79435    8.564
 6349.00    1.87245   1.79270    8.564
 6350.00    1.86873   1.78955    8.564
 6351.00    1.84658   1.78529    8.564
 6352.00    1.81760   1.77956    8.564
 6353.00    1.80664   1.77329    8.564
 6354.00    1.70588   1.76630    8.564
 6355.00    1.67772   1.75953    0.000
 6356.00    1.65696   1.75349    0.000
 6357.00    1.62134   1.74862    0.000
 6358.00    1.52742   1.74526    0.000
 6359.00    1.59345   1.74361    0.000
 6360.00    1.60500   1.74389    0.000
 6361.00    1.58289   1.74611    0.000
 6362.00    1.57945   1.75037    0.000
 6363.00    1.57765   1.75615    0.000
 6364.00    1.57916   1.76386    0.000
 6365.00    1.59980   1.77232    0.000
 6366.00    1.64776   1.78170    0.000
 6367.00    1.77483   1.79090    0.000
 6368.00    1.75145   1.79987    0.000
 6369.00    1.68123   1.80798    0.000
 6370.00    1.60370   1.81487    0.000
 6371.00    1.60271   1.82087    0.000
 6372.00    1.62803   1.82531    0.000
 6373.00    1.67195   1.82921    8.564
 6374.00    1.68527   1.83176    8.564
 6375.00    1.65476   1.83361    8.564
 6376.00    1.71418   1.83442    8.564
 6377.00    1.71564   1.83496    8.564
 6378.00    1.71267   1.83469    8.564
 6379.00    1.70785   1.83448    8.564
 6380.00    1.70446   1.83393    8.564
 6381.00    1.68745   1.83343    8.564
 6382.00    1.70940   1.83280    8.564
 6383.00    1.70708   1.83180    8.564
 6384.00    1.67093   1.83069    8.564
 6385.00    1.67302   1.82829    8.564
 6386.00    1.75139   1.82671    8.564
 6387.00    1.74176   1.82362    8.564
 6388.00    1.71307   1.82190    8.564
 6389.00    1.74956   1.81884    8.564
 6390.00    1.73202   1.81639    8.564
 6391.00    1.67760   1.81359    8.564
 6392.00    1.61712   1.80989    8.564
 6393.00    1.56722   1.80837    8.564
 6394.00    1.65414   1.80485    8.564
 6395.00    1.61933   1.80567    8.564
 6396.00    1.58069   1.80456    8.564
 6397.00    1.55312   1.80615    8.564
 6398.00    1.55953   1.80657    8.564
 6399.00    1.62427   1.80696    8.564
 6400.00    1.47687   1.80799    8.564
 6401.00    1.48144   1.80750    8.564
 6402.00    1.64093   1.80983    8.564
 6403.00    1.68978   1.80998    8.564
 6404.00    1.71789   1.81156    8.564
 6405.00    1.57310   1.81159    8.564
 6406.00    1.39107   1.81115   -1.000
 6407.00    1.26558   1.81076   -1.000
 6408.00    1.36898   1.80930   -1.000
 6409.00    1.50033   1.80897    8.564
 6410.00    1.54049   1.80786    8.564
 6411.00    1.50323   1.80749    8.564
 6412.00    1.51733   1.80666    8.564
 6413.00    1.56936   1.80572    8.564
 6414.00    1.53538   1.80585    8.564
 6415.00    1.45636   1.80543    8.564
 6416.00    1.33955   1.80676   -1.000
 6417.00    1.47018   1.80740    8.564
 6418.00    1.42059   1.80897   -1.000
 6419.00    1.44665   1.81025   -1.000
 6420.00    1.55402   1.81151    8.564
 6421.00    1.77853   1.81319    8.564
 6422.00    1.71321   1.81401    8.564
 6423.00    1.65487   1.81595    8.564
 6424.00    1.62194   1.81677    8.564
 6425.00    1.63391   1.81786    8.564
 6426.00    1.77590   1.81885    8.564
 6427.00    1.79505   1.81883    8.564
 6428.00    1.73620   1.81969    8.564
 6429.00    1.63429   1.81865    8.564
 6430.00    1.57615   1.81884    8.564
 6431.00    1.65037   1.81773    8.564
 6432.00    1.58162   1.81808    8.564
 6433.00    1.54966   1.81897    8.564
 6434.00    1.62926   1.82027    8.564
 6435.00    1.72094   1.82277    8.564
 6436.00    1.66656   1.82378    8.564
 6437.00    1.68213   1.82624    8.564
 6438.00    1.70158   1.82661    8.564
 6439.00    1.53170   1.82778    8.564
 6440.00    1.58696   1.82791    8.564
 6441.00    1.63363   1.82708    8.564
 6442.00    1.63102   1.82678    8.564
 6443.00    1.56103   1.82339    8.564
 6444.00    1.57771   1.82184    8.564
 6445.00    1.64494   1.81828    8.564
 6446.00    1.66552   1.81535    8.564
 6447.00    1.66071   1.81281    8.564
 6448.00    1.66107   1.80833    8.564
 6449.00    1.38660   1.80686   -1.000
 6450.00    1.31850   1.80327   -1.000
 6451.00    1.41651   1.80413   -1.000
 6452.00    1.68260   1.80424    8.564
 6453.00    1.93455   1.80613    8.564
 6454.00    1.88339   1.80833    8.564
 6455.00    1.70667   1.80868    8.564
 6456.00    1.47727   1.81105    8.564
 6457.00    1.26826   1.81154   -1.000
 6458.00    1.33399   1.81447   -1.000
 6459.00    1.46950   1.81595    8.564
 6460.00    1.58026   1.81794    8.564
 6461.00    1.64780   1.81955    8.564
 6462.00    1.74671   1.81970    8.564
 6463.00    1.74556   1.82105    8.564
 6464.00    1.73645   1.82125    8.564
 6465.00    1.72499   1.82331    8.564
 6466.00    1.71652   1.82449    8.564
 6467.00    1.61692   1.82606    8.564
 6468.00    1.54258   1.82694    8.564
 6469.00    1.57910   1.82690    8.564
 6470.00    1.72611   1.82741    8.564
 6471.00    1.86504   1.82646    8.564
 6472.00    1.86506   1.82628    8.564
 6473.00    1.80337   1.82480    8.564
 6474.00    1.73290   1.82356    8.564
 6475.00    1.70017   1.82112    8.564
 6476.00    1.49616   1.81834    8.564
 6477.00    1.53261   1.81620    8.564
 6478.00    1.51804   1.81285    8.564
 6479.00    1.44647   1.81014   -1.000
 6480.00    1.44320   1.80576   -1.000
 6481.00    1.50249   1.80154    8.564
 6482.00    1.57044   1.79578    8.564
 6483.00    1.63641   1.78945    8.564
 6484.00    1.69002   1.78294    8.564
 6485.00    1.71882   1.77448    8.564
 6486.00    1.72939   1.76634    8.564
 6487.00    1.68124   1.75533    8.564
 6488.00    1.60099   1.74509    8.564
 6489.00    1.63099   1.73420    8.564
 6490.00    1.68218   1.72422    8.564
 6491.00    1.60020   1.71604    8.564
 6492.00    1.49848   1.70816    8.564
 6493.00    1.43597   1.70399    8.564
 6494.00    1.23975   1.70007   -1.000
 6495.00    1.40288   1.70057    8.564
 6496.00    1.52330   1.70322    8.564
 6497.00    1.59730   1.70936    8.564
 6498.00    1.67007   1.71776    8.564
 6499.00    1.68201   1.72762    8.564
 6500.00    1.63918   1.73871    8.564
 6501.00    1.58913   1.74956    8.564
 6502.00    1.55220   1.76091    8.564
 6503.00    1.85093   1.77122    8.564
 6504.00    1.72726   1.78142    8.564
 6505.00    1.59527   1.78963    8.564
 6506.00    1.49112   1.79725    8.564
 6507.00    1.51453   1.80263    8.564
 6508.00    1.64045   1.80675    8.564
 6509.00    1.71580   1.80968    8.564
 6510.00    1.74214   1.81145    8.564
 6511.00    1.70718   1.81296    8.564
 6512.00    1.69062   1.81360    8.564
 6513.00    1.72350   1.81445    8.564
 6514.00    1.68392   1.81474    8.564
 6515.00    1.61683   1.81520    8.564
 6516.00    1.61587   1.81557    8.564
 6517.00    1.57973   1.81613    8.564
 6518.00    1.68973   1.81683    8.564
 6519.00    1.76258   1.81774    8.564
 6520.00    1.74326   1.81856    8.564
 6521.00    1.65877   1.82005    8.564
 6522.00    1.70878   1.82109    8.564
 6523.00    1.77426   1.82237    8.564
 6524.00    1.81070   1.82313    8.564
 6525.00    1.71198   1.82347    8.564
 6526.00    1.68145   1.82420    8.564
 6527.00    1.73025   1.82408    8.564
 6528.00    1.74171   1.82557    8.564
 6529.00    1.69705   1.82620    8.564
 6530.00    1.76338   1.82739    8.564
 6531.00    1.71101   1.82844    8.564
 6532.00    1.54029   1.82869    8.564
 6533.00    1.45397   1.82999   -1.000
 6534.00    1.81409   1.82998    8.564
