 3486.00    1.81217   0.62551   -1.000
 3487.00    0.38717   0.62450    3.110
 3488.00    0.35370   0.61711    3.110
 3489.00    0.69410   0.60572    3.110
 3490.00    1.25034   0.59486    3.110
 3491.00    1.25034   0.58779    3.110
 3492.00    1.03650   0.58535    3.110
 3493.00    0.97705   0.58602    3.110
 3494.00    0.83437   0.58785    3.110
 3495.00    0.20704   0.59042    3.110
 3496.00    0.20704   0.59562    3.110
 3497.00    0.63006   0.60537    3.110
 3498.00    0.92629   0.61889    3.110
 3499.00    0.92629   0.63337    3.110
 3500.00    0.68011   0.64675    3.110
 3501.00    0.67781   0.65758    3.110
 3502.00    0.77974   0.66496    3.110
 3503.00    0.93682   0.66790    3.110
 3504.00    0.93682   0.66633    3.110
 3505.00    0.86204   0.66151    3.110
 3506.00    0.84292   0.65483    3.110
 3507.00    0.83799   0.64708    3.110
 3508.00    0.81817   0.63807    3.110
 3509.00    0.81817   0.62798    3.110
 3510.00    0.94468   0.61744    3.110
 3511.00    1.02830   0.60772    3.110
 3512.00    1.02677   0.60008    3.110
 3513.00    0.69832   0.59762    3.110
 3514.00    0.69832   0.60291    3.110
 3515.00    0.43320   0.61563    3.110
 3516.00    0.04768   0.63159    3.110
 3517.00    0.04768   0.64404    3.110
 3518.00    0.69559   0.64771    3.110
 3519.00    0.84728   0.64031    3.110
 3520.00    0.88155   0.62376    3.110
 3521.00    1.00809   0.60251    3.110
 3522.00    1.00809   0.58072    3.110
 3523.00    0.36831   0.56314    3.110
 3524.00   -0.03098   0.55359    0.000
 3525.00   -0.00859   0.55464    0.000
 3526.00    1.17580   0.56632    3.110
 3527.00    1.17580   0.58549    3.110
 3528.00    0.96771   0.60690    3.110
 3529.00    0.68198   0.62588    3.110
 3530.00    0.68198   0.63988    3.110
 3531.00    0.42312   0.64928    3.110
 3532.00    0.36791   0.65632    3.110
 3533.00    0.36548   0.66281    3.110
 3534.00    0.35721   0.66935    3.110
 3535.00    0.35721   0.67581    3.110
 3536.00    0.16673   0.68218    3.110
 3537.00    0.05469   0.68844    3.110
 3538.00    0.10935   0.69376    3.110
 3539.00    1.73787   0.69681   -1.000
 3540.00    1.73787   0.69758   -1.000
 3541.00    1.59944   0.69784    3.110
 3542.00    1.41987   0.69846    3.110
 3543.00    1.41987   0.69993    3.110
 3544.00    0.29458   0.70109    3.110
 3545.00    0.07726   0.70074    3.110
 3546.00    0.08884   0.69878    3.110
 3547.00    0.12536   0.69561    3.110
 3548.00    0.12536   0.69209    3.110
 3549.00    0.53532   0.68829    3.110
 3550.00    0.76239   0.68390    3.110
 3551.00    0.76622   0.67822    3.110
 3552.00    0.84504   0.67167    3.110
 3553.00    0.84504   0.66549    3.110
 3554.00    0.53395   0.66094    3.110
 3555.00    0.15253   0.65834    3.110
 3556.00    0.15253   0.65693    3.110
 3557.00    0.44214   0.65631    3.110
 3558.00    0.49243   0.65695    3.110
 3559.00    0.64911   0.65918    3.110
 3560.00    1.10774   0.66213    3.110
 3561.00    1.10774   0.66247    3.110
 3562.00    0.84345   0.65623    3.110
 3563.00    0.70576   0.64071    3.110
 3564.00    0.66799   0.61877    3.110
 3565.00    0.07938   0.59605    3.110
 3566.00    0.07938   0.57625    3.110
 3567.00   -0.06504   0.56094    0.000
 3568.00   -0.23245   0.54935    0.000
 3569.00   -0.23245   0.54220    0.000
 3570.00    0.41694   0.54112    3.110
 3571.00    0.51766   0.54593    3.110
 3572.00    0.79339   0.55478    3.110
 3573.00    1.54438   0.56446   -1.000
 3574.00    1.54438   0.57183    3.110
 3575.00    0.64098   0.57470    3.110
 3576.00    0.19881   0.57110    3.110
 3577.00    0.20150   0.56067    3.110
 3578.00    0.23499   0.54451    3.110
 3579.00    0.23499   0.52585    3.110
 3580.00    0.29979   0.50855    3.110
 3581.00    0.37082   0.49584    3.110
 3582.00    0.37082   0.48882    3.110
 3583.00    0.77029   0.48564    3.110
 3584.00    0.82495   0.48481    3.110
 3585.00    0.91722   0.48673    3.110
 3586.00    1.15160   0.49304    3.110
 3587.00    1.15160   0.50584    3.110
 3588.00    0.87795   0.52518    3.110
 3589.00    0.75229   0.54908    3.110
 3590.00    0.71692   0.57385    3.110
 3591.00    0.35097   0.59574    3.110
 3592.00    0.35097   0.61372    3.110
 3593.00    0.40382   0.62926    3.110
 3594.00    0.45867   0.64476    3.110
 3595.00    0.45867   0.66097    3.110
 3596.00    0.41234   0.67694    3.110
 3597.00    0.40682   0.69085    3.110
 3598.00    0.20169   0.69998    3.110
 3599.00   -0.28527   0.70158    0.000
 3600.00   -0.28527   0.69403    0.000
 3601.00    0.43298   0.67838    3.110
 3602.00    0.74194   0.65808    3.110
 3603.00    0.78051   0.63760    3.110
 3604.00    1.11984   0.62026    3.110
 3605.00    1.11984   0.60682    3.110
 3606.00    0.94377   0.59652    3.110
 3607.00    0.77110   0.58883    3.110
 3608.00    0.77110   0.58478    3.110
 3609.00    0.70132   0.58633    3.110
 3610.00    0.69420   0.59362    3.110
 3611.00    0.69092   0.60501    3.110
 3612.00    0.68362   0.61806    3.110
 3613.00    0.68362   0.62942    3.110
 3614.00    0.46685   0.63563    3.110
 3615.00    0.37965   0.63350    3.110
 3616.00    0.34069   0.62245    3.110
 3617.00    0.04296   0.60763    3.110
 3618.00    0.04296   0.59703    3.110
 3619.00    0.40592   0.59662    3.110
 3620.00    0.74291   0.60817    3.110
 3621.00    0.74291   0.62889    3.110
 3622.00    0.54077   0.65434    3.110
 3623.00    0.52353   0.68073    3.110
 3624.00    0.46072   0.70572    3.110
 3625.00    0.32980   0.72633    3.110
 3626.00    0.32980   0.73877    3.110
 3627.00    0.28436   0.73873    3.110
 3628.00    0.26730   0.72408    3.110
 3629.00    0.25092   0.69804    3.110
 3630.00    0.14121   0.66864    3.110
 3631.00    0.14121   0.64470    3.110
 3632.00    0.46659   0.63184    3.110
 3633.00    0.75229   0.63089    3.110
 3634.00    0.75229   0.63945    3.110
 3635.00    0.44733   0.65402    3.110
 3636.00    0.42624   0.67223    3.110
 3637.00    0.73041   0.69146    3.110
 3638.00    1.32579   0.70881    3.110
 3639.00    1.32579   0.72070    3.110
 3640.00    1.44061   0.72408    3.110
 3641.00    1.48080   0.71803    3.110
 3642.00    1.39943   0.70409    3.110
 3643.00    0.91401   0.68562    3.110
 3644.00    0.91401   0.66626    3.110
 3645.00    0.86667   0.64893    3.110
 3646.00    0.82737   0.63642    3.110
 3647.00    0.82737   0.63114    3.110
 3648.00    0.36276   0.63443    3.110
 3649.00    0.33791   0.64635    3.110
 3650.00    0.62224   0.66524    3.110
 3651.00    1.14555   0.68798    3.110
 3652.00    1.14555   0.71106    3.110
 3653.00    0.94729   0.73199    3.110
 3654.00    0.88291   0.74986    3.110
 3655.00    0.86683   0.76510    3.110
 3656.00    0.78078   0.77796    3.110
 3657.00    0.78078   0.78806    3.110
 3658.00    0.74024   0.79486    3.110
 3659.00    0.70842   0.79746    3.110
 3660.00    0.70842   0.79539    3.110
 3661.00    0.00339   0.78936    3.110
 3662.00   -0.02360   0.78110    0.000
 3663.00    0.33688   0.77272    3.110
 3664.00    0.96205   0.76552    3.110
 3665.00    0.96205   0.75944    3.110
 3666.00    0.88858   0.75378    3.110
 3667.00    0.86645   0.74840    3.110
 3668.00    0.68214   0.74481    3.110
 3669.00   -0.20898   0.74489    0.000
 3670.00   -0.20898   0.74918    0.000
 3671.00    0.17374   0.75595    3.110
 3672.00    0.45752   0.76196    3.110
 3673.00    0.45752   0.76387    3.110
 3674.00    0.87067   0.75934    3.110
 3675.00    0.88037   0.74816    3.110
 3676.00    1.00968   0.73228    3.110
 3677.00    1.22076   0.71499    3.110
 3678.00    1.22076   0.70016    3.110
 3679.00    0.60646   0.69063    3.110
 3680.00    0.43568   0.68733    3.110
 3681.00    0.40197   0.68862    3.110
 3682.00    0.25375   0.69076    3.110
 3683.00    0.25375   0.68981    3.110
 3684.00    0.78085   0.68392    3.110
 3685.00    1.14997   0.67525    3.110
 3686.00    1.14997   0.66891    3.110
 3687.00    0.32830   0.66998    3.110
 3688.00    0.32060   0.68066    3.110
 3689.00    0.21717   0.69869    3.110
 3690.00    0.05778   0.71836    3.110
 3691.00    0.05778   0.73394    3.110
 3692.00   -0.00500   0.74282    0.000
 3693.00   -0.02105   0.74602    0.000
 3694.00    0.01350   0.74696    3.110
 3695.00    0.15241   0.74943    3.110
 3696.00    0.15241   0.75571    3.110
 3697.00    0.46596   0.76531    3.110
 3698.00    0.67321   0.77482    3.110
 3699.00    0.67622   0.77914    3.110
 3700.00    1.28985   0.77333    3.110
 3701.00    1.28985   0.75488    3.110
 3702.00    1.10614   0.72550    3.110
 3703.00    0.83899   0.69055    3.110
 3704.00    0.83899   0.65732    3.110
 3705.00    0.88821   0.63215    3.110
 3706.00    0.89973   0.61845    3.110
 3707.00    0.91827   0.61704    3.110
 3708.00    0.98673   0.62705    3.110
 3709.00    0.98673   0.64668    3.110
 3710.00    0.76989   0.67322    3.110
 3711.00    0.63455   0.70295    3.110
 3712.00    0.62704   0.73065    3.110
 3713.00    0.22961   0.75072    3.110
 3714.00    0.22961   0.75830    3.110
 3715.00    0.17002   0.75043    3.110
 3716.00    0.08821   0.72699    3.110
 3717.00    0.08821   0.69102    3.110
 3718.00    0.89187   0.64885    0.000
 3719.00    1.06327   0.60997    0.000
 3720.00    1.00736   0.58360    0.000
 3721.00    0.81702   0.57517    0.000
 3722.00    0.81702   0.58453    0.000
 3723.00    0.24592   0.60586    0.000
 3724.00   -0.08966   0.63046    0.000
 3725.00   -0.08013   0.65117    0.000
 3726.00    0.20407   0.66469    0.000
 3727.00    0.20407   0.67042    0.000
 3728.00    0.59468   0.66845    0.000
 3729.00    1.10138   0.65808    0.000
 3730.00    1.10138   0.63818    0.000
 3731.00    0.30373   0.60924    0.000
 3732.00    0.14968   0.57471    0.000
 3733.00   -0.05008   0.54106    0.000
 3734.00   -0.68017   0.51645    0.000
 3735.00   -0.68017   0.50753    0.000
 3736.00   -0.28099   0.51708    0.000
 3737.00   -0.05990   0.54263    0.000
 3738.00   -0.01607   0.57670    0.000
 3739.00    0.88503   0.60927    3.110
 3740.00    0.88503   0.63160    3.110
 3741.00    1.01320   0.63871    3.110
 3742.00    1.17036   0.63059    3.110
 3743.00    1.17036   0.61139    3.110
 3744.00    1.00106   0.58666    3.110
 3745.00    0.97167   0.56128    3.110
 3746.00    0.70479   0.53914    3.110
 3747.00   -0.07539   0.52398    0.000
 3748.00   -0.07539   0.52004    0.000
 3749.00   -0.15848   0.53050    0.000
 3750.00   -0.20178   0.55544    0.000
 3751.00   -0.17065   0.59095    0.000
 3752.00    0.31443   0.62994    3.110
 3753.00    0.31443   0.66349    3.110
 3754.00    0.35896   0.68377    3.110
 3755.00    0.41057   0.68708    3.110
 3756.00    0.41057   0.67554    3.110
 3757.00    0.03114   0.65625    3.110
 3758.00   -0.02771   0.63783    0.000
 3759.00    0.02188   0.62615    3.110
 3760.00    0.15694   0.62263    3.110
 3761.00    0.15694   0.62520    3.110
 3762.00    0.41334   0.63035    3.110
 3763.00    0.53883   0.63497    3.110
 3764.00    0.55356   0.63760    3.110
 3765.00    0.73722   0.63862    3.110
 3766.00    0.73722   0.63940    3.110
 3767.00    0.73930   0.64139    3.110
 3768.00    0.74158   0.64560    3.110
 3769.00    0.74158   0.65280    3.110
 3770.00    0.64985   0.66358    3.110
 3771.00    0.63733   0.67747    3.110
 3772.00    0.56084   0.69286    3.110
 3773.00    0.36652   0.70798    3.110
 3774.00    0.36652   0.72161    3.110
 3775.00    0.47155   0.73360    3.110
 3776.00    0.51978   0.74474    3.110
 3777.00    0.44002   0.75596    3.110
 3778.00   -0.38510   0.76769    0.000
 3779.00   -0.38510   0.77926    0.000
 3780.00   -0.22958   0.78910    0.000
 3781.00   -0.06819   0.79506    0.000
 3782.00   -0.06819   0.79464    0.000
 3783.00    0.80551   0.78579    3.110
 3784.00    0.90959   0.76835    3.110
 3785.00    0.55751   0.74456    3.110
 3786.00   -0.27831   0.71863    0.000
 3787.00   -0.27831   0.69526    0.000
 3788.00    0.56075   0.67771    3.110
 3789.00    0.92169   0.66653    3.110
 3790.00    0.95440   0.65947    3.110
 3791.00    1.24217   0.65298    3.110
 3792.00    1.24217   0.64419    3.110
 3793.00    1.14760   0.63195    3.110
 3794.00    1.05486   0.61692    3.110
 3795.00    1.05486   0.60091    3.110
 3796.00    0.57824   0.58728    0.000
 3797.00    0.52964   0.58086    0.000
 3798.00    0.50249   0.58559    0.000
 3799.00    0.44215   0.60271    0.000
 3800.00    0.44215   0.62974    0.000
 3801.00    1.12214   0.66083    0.000
 3802.00    1.39567   0.68919    0.000
 3803.00    1.36261   0.70955    3.110
 3804.00    1.11004   0.72006    3.110
 3805.00    1.11004   0.72312    3.110
 3806.00    0.99323   0.72342    3.110
 3807.00    0.88479   0.72460    3.110
 3808.00    0.88479   0.72720    3.110
 3809.00    0.19861   0.72850    3.110
 3810.00    0.14006   0.72461    3.110
 3811.00    0.25301   0.71283    3.110
 3812.00    0.48844   0.69346    3.110
 3813.00    0.48844   0.66998    3.110
 3814.00    0.59990   0.64719    3.110
 3815.00    0.64175   0.62841    3.110
 3816.00    0.67017   0.61399    3.110
 3817.00    0.86059   0.60205    3.110
 3818.00    0.86059   0.59087    3.110
 3819.00    0.85337   0.58053    3.110
 3820.00    0.84703   0.57179    3.110
 3821.00    0.84703   0.56449    3.110
 3822.00    0.18874   0.55730    3.110
 3823.00    0.14321   0.54874    3.110
 3824.00   -0.08269   0.53859    0.000
 3825.00   -0.52486   0.52806    0.000
 3826.00   -0.52486   0.51915    0.000
 3827.00    0.08672   0.51287    3.110
 3828.00    0.30052   0.50870    3.110
 3829.00    0.33902   0.50454    3.110
 3830.00    0.56872   0.49844    3.110
 3831.00    0.56872   0.48964    3.110
 3832.00    0.82862   0.47944    3.110
 3833.00    1.04439   0.47015    0.000
 3834.00    1.04439   0.46390    0.000
 3835.00   -0.36167   0.46132    0.000
 3836.00   -0.43689   0.46227    0.000
 3837.00    0.05156   0.46701    0.000
 3838.00    0.95055   0.47687    0.000
 3839.00    0.95055   0.49363    0.000
 3840.00    1.14694   0.51816    0.000
 3841.00    1.21071   0.54922    0.000
 3842.00    1.10467   0.58288    3.110
 3843.00    0.53732   0.61463    3.110
 3844.00    0.53732   0.64073    3.110
 3845.00    0.55617   0.65948    3.110
 3846.00    0.57096   0.67068    3.110
 3847.00    0.57096   0.67578    3.110
 3848.00    0.89000   0.67700    3.110
 3849.00    0.90221   0.67666    3.110
 3850.00    0.85128   0.67631    3.110
 3851.00    0.76306   0.67572    3.110
 3852.00    0.76306   0.67321    3.110
 3853.00    0.64499   0.66705    3.110
 3854.00    0.60944   0.65628    3.110
 3855.00    0.57160   0.64103    3.110
 3856.00    0.38867   0.62344    3.110
 3857.00    0.38867   0.60706    3.110
 3858.00    0.19759   0.59642    3.110
 3859.00    0.05590   0.59498    3.110
 3860.00    0.05590   0.60394    3.110
 3861.00    1.15258   0.62061    3.110
 3862.00    1.17834   0.63990    0.000
 3863.00    1.12259   0.65703    0.000
 3864.00    1.03157   0.66870    0.000
 3865.00    1.03157   0.67405    0.000
 3866.00    1.29980   0.67384    0.000
 3867.00    1.37437   0.66907    0.000
 3868.00    1.35157   0.66062    0.000
 3869.00    1.25131   0.64985    0.000
 3870.00    1.25131   0.63922    0.000
 3871.00    1.01340   0.63184    0.000
 3872.00    0.84679   0.63025    3.110
 3873.00    0.84679   0.63402    3.110
 3874.00    0.94836   0.63971    3.110
 3875.00    0.94928   0.64341    3.110
 3876.00    0.82654   0.64291    3.110
 3877.00    0.63739   0.63872    3.110
 3878.00    0.63739   0.63337    3.110
 3879.00    0.89339   0.62940    3.110
 3880.00    0.95884   0.62772    3.110
 3881.00    1.05366   0.62744    3.110
 3882.00    1.43481   0.62613    0.000
 3883.00    1.43481   0.62114    0.000
 3884.00    1.07212   0.61143    0.000
 3885.00    0.83239   0.59889    0.000
 3886.00    0.82840   0.58768    0.000
 3887.00    0.01452   0.58303    0.000
 3888.00    0.01452   0.58872    0.000
 3889.00    0.04011   0.60523    0.000
 3890.00    0.07732   0.62887    0.000
 3891.00    0.07732   0.65380    0.000
 3892.00    0.55355   0.67497    3.110
 3893.00    0.66504   0.69014    3.110
 3894.00    0.69379   0.69986    3.110
 3895.00    0.79990   0.70600    3.110
 3896.00    0.79990   0.71032    3.110
 3897.00    0.89955   0.71375    3.110
 3898.00    0.96169   0.71658    3.110
 3899.00    0.96000   0.71856    3.110
 3900.00    0.87087   0.71921    3.110
 3901.00    0.87087   0.71812    3.110
 3902.00    0.69429   0.71549    3.110
 3903.00    0.45183   0.71266    3.110
 3904.00    0.45183   0.71206    3.110
 3905.00    0.47342   0.71647    3.110
 3906.00    0.47803   0.72751    3.110
 3907.00    0.72936   0.74440    3.110
 3908.00    1.58498   0.76462    3.110
 3909.00    1.58498   0.78482    3.110
 3910.00    1.34813   0.80181    3.110
 3911.00    1.20896   0.81346    3.110
 3912.00    1.17856   0.81891    3.110
 3913.00    0.27287   0.81818    3.110
 3914.00    0.27287   0.81182    3.110
 3915.00    0.19646   0.80039    3.110
 3916.00    0.09735   0.78447    3.110
 3917.00    0.09735   0.76495    3.110
 3918.00    0.10521   0.74336    3.110
 3919.00    0.10673   0.72212    3.110
 3920.00    0.22592   0.70380    3.110
 3921.00    0.60139   0.68976    3.110
 3922.00    0.60139   0.67917    3.110
 3923.00    0.45928   0.66902    3.110
 3924.00    0.38056   0.65510    3.110
 3925.00    0.41839   0.63375    3.110
 3926.00    1.19613   0.60341    3.110
 3927.00    1.19613   0.56497    3.110
 3928.00    0.98753   0.52107    3.110
 3929.00    0.73178   0.47552    3.110
 3930.00    0.73178   0.43239    3.110
 3931.00   -0.05201   0.39599    0.000
 3932.00   -0.18810   0.37063    0.000
 3933.00   -0.19732   0.35969    0.000
 3934.00   -0.22428   0.36493    0.000
 3935.00   -0.22428   0.38580    0.000
 3936.00   -0.07304   0.41919    0.000
 3937.00    0.00575   0.46023    3.110
 3938.00    0.02950   0.50340    3.110
 3939.00    0.39962   0.54366    3.110
 3940.00    0.39962   0.57772    3.110
 3941.00    0.49262   0.60468    3.110
 3942.00    0.60043   0.62597    3.110
 3943.00    0.60043   0.64441    3.110
 3944.00    0.45278   0.66251    3.110
 3945.00    0.42993   0.68162    3.110
 3946.00    0.47827   0.70174    3.110
 3947.00    0.60992   0.72186    3.110
 3948.00    0.60992   0.74057    3.110
 3949.00    1.00740   0.75671    3.110
 3950.00    1.20194   0.76970    3.110
 3951.00    1.17273   0.77945    3.110
 3952.00    0.80843   0.78583    3.110
 3953.00    0.80843   0.78858    3.110
 3954.00    0.88674   0.78747    3.110
 3955.00    0.97258   0.78219    3.110
 3956.00    0.97258   0.77215    3.110
 3957.00    0.92253   0.75638    3.110
 3958.00    0.91570   0.73393    3.110
 3959.00    0.88390   0.70463    3.110
 3960.00    0.80311   0.66951    3.110
 3961.00    0.80311   0.63056    0.000
 3962.00    0.13714   0.58978    0.000
 3963.00   -0.16868   0.54812    0.000
 3964.00   -0.15016   0.50600    0.000
 3965.00    0.04150   0.46450    0.000
 3966.00    0.04150   0.42670    0.000
 3967.00    0.20025   0.39767    0.000
 3968.00    0.36483   0.38296    0.000
 3969.00    0.36483   0.38640    0.000
 3970.00    0.58502   0.40869    0.000
 3971.00    0.61126   0.44739    0.000
 3972.00    0.56081   0.49776    0.000
 3973.00    0.44106   0.55462    0.000
 3974.00    0.44106   0.61310    0.000
 3975.00    0.79299   0.66959    3.110
 3976.00    0.94438   0.72140    3.110
 3977.00    0.90235   0.76649    3.110
 3978.00    0.53248   0.80343    3.110
 3979.00    0.53248   0.83148    3.110
 3980.00    0.44680   0.85114    3.110
 3981.00    0.36277   0.86428    3.110
 3982.00    0.36277   0.87369    3.110
 3983.00    1.04743   0.88221    3.110
 3984.00    1.11724   0.89181    3.110
 3985.00    1.17211   0.90310    3.110
 3986.00    1.29409   0.91547    3.110
 3987.00    1.29409   0.92786    3.110
 3988.00    0.71907   0.93948    3.110
 3989.00    0.48777   0.94991    3.110
 3990.00    0.50103   0.95886    3.110
 3991.00    0.60212   0.96574    3.110
 3992.00    0.60212   0.96958    3.110
 3993.00    0.56701   0.96968    3.110
 3994.00    0.53442   0.96637    3.110
 3995.00    0.53442   0.96154    3.110
 3996.00    0.81794   0.95810    3.110
 3997.00    0.84213   0.95885    3.110
 3998.00    0.75151   0.96482    3.110
 3999.00    0.56261   0.97451    3.110
 4000.00    0.56261   0.98427    3.110
 4001.00    0.68041   0.98977    3.110
 4002.00    0.72464   0.98829    3.110
 4003.00    0.80781   0.98045    3.110
 4004.00    1.36499   0.97016    3.110
 4005.00    1.36499   0.96290    3.110
 4006.00    1.44933   0.96305    3.110
 4007.00    1.52339   0.97184    3.110
 4008.00    1.52339   0.98714    3.110
 4009.00    0.89900   1.00491    3.110
 4010.00    0.85581   1.02144    3.110
 4011.00    0.82817   1.03457    3.110
 4012.00    0.77407   1.04381    3.110
 4013.00    0.77407   1.04968    3.110
 4014.00    1.45549   1.05308    3.110
 4015.00    1.69370   1.05499    3.110
 4016.00    1.60571   1.05631    3.110
 4017.00    1.08075   1.05769    3.110
 4018.00    1.08075   1.05936    3.110
 4019.00    0.81937   1.06106    3.110
 4020.00    0.60236   1.06218    3.110
 4021.00    0.60236   1.06239    3.110
 4022.00    0.65761   1.06205    3.110
 4023.00    0.66056   1.06213    3.110
 4024.00    1.00000   1.06337    0.000
 4025.00    1.62473   1.06514    0.000
 4026.00    1.62473   1.06499    0.000
 4027.00    1.03008   1.05929    0.000
 4028.00    0.83699   1.04522    0.000
 4029.00    0.87526   1.02295    0.000
 4030.00    1.08003   0.99660    0.000
 4031.00    1.08003   0.97313    3.110
 4032.00    0.77751   0.95971    3.110
 4033.00    0.54010   0.96103    3.110
 4034.00    0.54010   0.97742    3.110
 4035.00    0.58212   1.00487    3.110
 4036.00    0.58373   1.03643    3.110
 4037.00    0.73611   1.06450    3.110
 4038.00    1.00010   1.08287    3.110
 4039.00    1.00010   1.08807    3.110
 4040.00    1.10733   1.07926    3.110
 4041.00    1.13962   1.05801    3.110
 4042.00    1.09347   1.02792    3.110
 4043.00    0.87033   0.99486    3.110
 4044.00    0.87033   0.96669    3.110
 4045.00    0.53052   0.95123    3.110
 4046.00    0.27855   0.95328    3.110
 4047.00    0.27855   0.97215    3.110
 4048.00    1.27864   1.00167    3.110
 4049.00    1.30213   1.03285    3.110
 4050.00    1.24010   1.05765    3.110
 4051.00    1.13884   1.07145    3.110
 4052.00    1.13884   1.07382    3.110
 4053.00    1.03101   1.06746    3.110
 4054.00    1.00107   1.05656    3.110
 4055.00    0.99528   1.04519    3.110
 4056.00    0.96979   1.03615    3.110
 4057.00    0.96979   1.03022    3.110
 4058.00    1.13945   1.02597    3.110
 4059.00    1.25827   1.02037    3.110
 4060.00    1.25827   1.01046    3.110
 4061.00    0.58994   0.99546    3.110
 4062.00    0.58385   0.97796    3.110
 4063.00    0.80198   0.96310    3.110
 4064.00    1.13811   0.95592    3.110
 4065.00    1.13811   0.95857    3.110
 4066.00    1.33282   0.96907    3.110
 4067.00    1.38260   0.98248    0.000
 4068.00    1.31425   0.99346    0.000
 4069.00    1.03949   0.99877    0.000
 4070.00    1.03949   0.99836    0.000
 4071.00    1.11365   0.99446    3.110
 4072.00    1.16267   0.98954    3.110
 4073.00    1.16238   0.98479    3.110
 4074.00    1.10193   0.98023    3.110
 4075.00    1.10193   0.97633    3.110
 4076.00    1.03784   0.97510    3.110
 4077.00    0.94474   0.97953    3.110
 4078.00    0.94474   0.99140    3.110
 4079.00    0.91258   1.00949    3.110
 4080.00    0.90505   1.02976    3.110
 4081.00    0.92311   1.04770    3.110
 4082.00    0.98976   1.06106    3.110
 4083.00    0.98976   1.07099    3.110
 4084.00    0.83771   1.08083    3.110
 4085.00    0.74291   1.09344    3.110
 4086.00    0.73922   1.10908    3.110
 4087.00    0.54428   1.12524    3.110
 4088.00    0.54428   1.13811    3.110
 4089.00    0.92731   1.14463    3.110
 4090.00    1.45327   1.14363    3.110
 4091.00    1.45327   1.13566    3.110
 4092.00    0.82574   1.12193    3.110
 4093.00    0.69190   1.10346    3.110
 4094.00    0.73861   1.08084    3.110
 4095.00    0.89761   1.05447    0.000
 4096.00    0.89761   1.02491    0.000
 4097.00    0.93847   0.99319    0.000
 4098.00    0.96247   0.96116    0.000
 4099.00    0.96846   0.93205    0.000
 4100.00    1.14815   0.91036    0.000
 4101.00    1.14815   0.90080    0.000
 4102.00    1.27504   0.90612    0.000
 4103.00    1.43947   0.92551    0.000
 4104.00    1.43947   0.95435    0.000
 4105.00    1.06565   0.98594    0.000
 4106.00    0.99333   1.01410    0.000
 4107.00    1.06179   1.03522    0.000
 4108.00    1.27714   1.04889    3.110
 4109.00    1.27714   1.05726    3.110
 4110.00    1.15161   1.06349    3.110
 4111.00    1.08208   1.07022    3.110
 4112.00    1.06169   1.07855    3.110
 4113.00    0.64695   1.08776    3.110
 4114.00    0.64695   1.09595    3.110
 4115.00    1.03297   1.10109    3.110
 4116.00    1.50627   1.10214    3.110
 4117.00    1.50627   1.09960    3.110
 4118.00    1.70550   1.09534    3.110
 4119.00    1.74023   1.09169    3.110
 4120.00    1.53038   1.09046    3.110
 4121.00    0.91691   1.09232    3.110
 4122.00    0.91691   1.09666    3.110
 4123.00    0.85488   1.10191    3.110
 4124.00    0.82253   1.10604    3.110
 4125.00    0.82973   1.10712    3.110
 4126.00    0.94142   1.10384    3.110
 4127.00    0.94142   1.09576    3.110
 4128.00    1.00916   1.08337    3.110
 4129.00    1.08777   1.06806    3.110
 4130.00    1.08777   1.05223    3.110
 4131.00    1.18488   1.03923    3.110
 4132.00    1.19988   1.03276    3.110
 4133.00    1.17312   1.03556    3.110
 4134.00    1.10024   1.04805    3.110
 4135.00    1.10024   1.06757    3.110
 4136.00    0.83821   1.08904    3.110
 4137.00    0.71024   1.10636    3.110
 4138.00    0.75142   1.11438    3.110
 4139.00    1.26510   1.11037    3.110
 4140.00    1.26510   1.09513    3.110
 4141.00    1.05926   1.07308    3.110
 4142.00    0.83318   1.05107    3.110
 4143.00    0.83318   1.03587    3.110
 4144.00    0.11147   1.03143    3.110
 4145.00    0.01295   1.03735   -1.000
 4146.00   -0.00174   1.04971    0.000
 4147.00   -0.03908   1.06327    0.000
 4148.00   -0.03908   1.07399    0.000
 4149.00    0.83832   1.08003    3.110
 4150.00    1.24078   1.08147    3.110
 4151.00    1.26387   1.07952    3.110
 4152.00    1.50342   1.07592    3.110
 4153.00    1.50342   1.07278    3.110
 4154.00    1.33361   1.07237    3.110
 4155.00    1.15771   1.07652    3.110
 4156.00    1.15771   1.08597    3.110
 4157.00    1.22767   1.10013    3.110
 4158.00    1.23600   1.11720    3.110
 4159.00    1.42027   1.13481    3.110
 4160.00    1.85670   1.15050    3.110
 4161.00    1.85670   1.16211    3.110
 4162.00    1.44516   1.16808    3.110
 4163.00    1.26813   1.16770    3.110
 4164.00    1.23089   1.16143    3.110
 4165.00    0.90318   1.15081    3.110
 4166.00    0.90318   1.13786    3.110
 4167.00    1.22343   1.12409    3.110
 4168.00    1.53749   1.10990    3.110
 4169.00    1.53749   1.09484    3.110
 4170.00    1.18625   1.07883    3.110
 4171.00    1.15033   1.06323    3.110
 4172.00    1.19212   1.05077    3.110
 4173.00    1.28489   1.04429    3.110
 4174.00    1.28489   1.04528    3.110
 4175.00    1.26048   1.05301    3.110
 4176.00    1.25064   1.06508    3.110
 4177.00    1.19629   1.07845    3.110
 4178.00    0.78296   1.09049    3.110
 4179.00    0.78296   1.09961    3.110
 4180.00    1.01996   1.10537    3.110
 4181.00    1.24000   1.10827    3.110
 4182.00    1.24000   1.10908    3.110
 4183.00    1.58904   1.10824    3.110
 4184.00    1.61862   1.10572    3.110
 4185.00    1.62886   1.10168    3.110
 4186.00    1.65020   1.09707    3.110
 4187.00    1.65020   1.09374    3.110
 4188.00    1.52224   1.09354    3.110
 4189.00    1.47420   1.09727    3.110
 4190.00    1.45926   1.10396    3.110
 4191.00    1.35919   1.11099    3.110
 4192.00    1.35919   1.11493    3.110
 4193.00    1.12219   1.11278    3.110
 4194.00    0.91389   1.10311    3.110
 4195.00    0.91389   1.08669    3.110
 4196.00    0.98906   1.06637    3.110
 4197.00    0.99424   1.04606    3.110
 4198.00    1.10510   1.02957    3.110
 4199.00    1.32234   1.01975    3.110
 4200.00    1.32234   1.01813    3.110
 4201.00    1.50230   1.02503    3.110
 4202.00    1.56514   1.03972    3.110
 4203.00    1.55141   1.06046    3.110
 4204.00    1.46954   1.08467    3.110
 4205.00    1.46954   1.10923    3.110
 4206.00    1.25269   1.13109    3.110
 4207.00    1.07301   1.14793    3.110
 4208.00    1.07301   1.15861    3.110
 4209.00    1.35878   1.16316    3.110
 4210.00    1.37407   1.16228    3.110
 4211.00    1.33863   1.15694    3.110
 4212.00    1.27339   1.14830    3.110
 4213.00    1.27339   1.13817    3.110
 4214.00    1.02210   1.12918    3.110
 4215.00    0.94051   1.12420    3.110
 4216.00    0.98973   1.12496    3.110
 4217.00    1.25355   1.13055    3.110
 4218.00    1.25355   1.13697    3.110
 4219.00    0.90837   1.13810    3.110
 4220.00    0.63776   1.12778    3.110
 4221.00    0.63776   1.10228    3.110
 4222.00    0.85872   1.06212    3.110
 4223.00    0.86724   1.01278    3.110
 4224.00    0.92270   0.96376    3.110
 4225.00    1.01868   0.92601    3.110
 4226.00    1.01868   0.90819    3.110
 4227.00    1.03593   0.91349    3.110
 4228.00    1.04112   0.93834    3.110
 4229.00    1.13926   0.97405    3.110
 4230.00    1.61209   1.01043    3.110
 4231.00    1.61209   1.03954    3.110
 4232.00    1.70231   1.05789    3.110
 4233.00    1.76921   1.06640    3.110
 4234.00    1.76921   1.06881    3.110
 4235.00    1.54736   1.06974    3.110
 4236.00    1.54214   1.07308    3.110
 4237.00    1.24616   1.08103    3.110
 4238.00    0.76300   1.09404    3.110
 4239.00    0.76300   1.11114    3.110
 4240.00    1.14852   1.13043    3.110
 4241.00    1.25585   1.14959    3.110
 4242.00    1.35659   1.16595    3.110
 4243.00    1.79880   1.17665    3.110
 4244.00    1.79880   1.17914    3.110
 4245.00    1.47437   1.17217    3.110
 4246.00    1.24695   1.15671    3.110
 4247.00    1.24695   1.13611    3.110
 4248.00    0.88161   1.11499    3.110
 4249.00    0.87837   1.09747    3.110
 4250.00    1.00557   1.08571    3.110
 4251.00    1.20158   1.07967    3.110
 4252.00    1.20158   1.07807    3.110
 4253.00    0.84668   1.07949    3.110
 4254.00    0.75622   1.08279    3.110
 4255.00    0.79613   1.08676    3.110
 4256.00    0.95654   1.08993    3.110
 4257.00    0.95654   1.09126    3.110
 4258.00    0.64536   1.09142    3.110
 4259.00    0.43967   1.09326    3.110
 4260.00    0.44102   1.10045    3.110
 4261.00    0.71683   1.11510    3.110
 4262.00    0.71683   1.13580    3.110
 4263.00    0.81635   1.15765    3.110
 4264.00    0.96120   1.17420    3.110
 4265.00    0.96120   1.17983    3.110
 4266.00    0.86199   1.17158    3.110
 4267.00    0.83880   1.14963    3.110
 4268.00    0.83319   1.11712    3.110
 4269.00    0.81243   1.07941    3.110
 4270.00    0.81243   1.04322    3.110
 4271.00    0.58094   1.01522    3.110
 4272.00    0.43677   1.00064    3.110
 4273.00    0.45314   1.00193    3.110
 4274.00    1.31895   1.01798    3.110
 4275.00    1.31895   1.04445    3.110
 4276.00    1.06483   1.07490    3.110
 4277.00    0.71659   1.10268    3.110
 4278.00    0.71659   1.12307    3.110
 4279.00    0.85627   1.13435    3.110
 4280.00    0.88606   1.13758    3.110
 4281.00    0.77214   1.13515    3.110
 4282.00    0.38431   1.12911    3.110
 4283.00    0.38431   1.12027    3.110
 4284.00    0.76998   1.10844    3.110
 4285.00    0.99659   1.09332    3.110
 4286.00    0.99370   1.07533    3.110
 4287.00    0.90663   1.05621    3.110
 4288.00    0.90663   1.03890    3.110
 4289.00    1.05883   1.02667    3.110
 4290.00    1.25609   1.02164    3.110
 4291.00    1.25609   1.02338    3.110
 4292.00    1.51722   1.02849    3.110
 4293.00    1.56774   1.03171    3.110
 4294.00    1.51850   1.02794    3.110
 4295.00    1.36360   1.01417    3.110
 4296.00    1.36360   0.99053    3.110
 4297.00    1.06052   0.96009    3.110
 4298.00    0.89265   0.92772    3.110
 4299.00    0.89265   0.89856    3.110
 4300.00    0.89265   0.87633    3.110
 4301.00    0.89265   0.86222    3.110
 4302.00    0.89265   0.85471    3.110
 4303.00    0.89265   0.85052    3.110
 4304.00    0.89265   0.84626    3.110
 4305.00    0.89265   0.84019    3.110
 4306.00    0.89265   0.83336    3.110
 4307.00    0.89265   0.82952    3.110
 4308.00    0.89265   0.83382    3.110
 4309.00    0.89265   0.85093    3.110
 4310.00    0.89265   0.88345    3.110
 4311.00    0.89265   0.93119    3.110
 4312.00    0.93785   0.99145    3.110
 4313.00    1.63919   1.05948    3.110
 4314.00    1.63919   1.12923    3.110
 4315.00    1.63919   1.19391    3.110
 4316.00    1.63919   1.24688    3.110
 4317.00    1.63919   1.28267    3.110
 4318.00    1.63919   1.29782    3.110
 4319.00    1.63919   1.29152    3.110
 4320.00    1.63919   1.26584    3.110
 4321.00    1.63919   1.22596    3.110
 4322.00    1.63919   1.17994    3.110
 4323.00    1.63919   1.13795    3.110
 4324.00    1.63919   1.10999    3.110
 4325.00    1.63919   1.10302    3.110
 4326.00    1.63919   1.11843    3.110
 4327.00    1.63919   1.15160    3.110
 4328.00    1.57829   1.19399    3.110
 4329.00    1.51153   1.23635    3.110
 4330.00    1.51153   1.27159    3.110
 4331.00    1.85207   1.29556    3.110
 4332.00    1.89856   1.30626    0.000
 4333.00    1.67534   1.30246    0.000
 4334.00    1.10762   1.28348    0.000
 4335.00    1.10762   1.25016    0.000
 4336.00    0.46899   1.20621    0.000
 4337.00    0.17606   1.15892    0.000
 4338.00    0.23675   1.11767    0.000
 4339.00    0.86651   1.09141    0.000
 4340.00    0.86651   1.08549    0.000
 4341.00    0.80190   1.10006    0.000
 4342.00    0.73498   1.13040    0.000
 4343.00    0.73498   1.16914    0.000
 4344.00    1.06903   1.20878    0.000
 4345.00    1.10883   1.24334    0.000
 4346.00    1.17751   1.26879    0.000
 4347.00    1.34019   1.28274    3.110
 4348.00    1.34019   1.28449    3.110
 4349.00    1.60988   1.27556    3.110
 4350.00    1.72589   1.26002    3.110
 4351.00    1.64496   1.24390    3.110
 4352.00    0.93289   1.23322    3.110
 4353.00    0.93289   1.23172    3.110
 4354.00    1.34716   1.23960    3.110
 4355.00    1.75342   1.25402    3.110
 4356.00    1.75342   1.27106    3.110
 4357.00    1.10276   1.28772    3.110
 4358.00    1.03622   1.30282    3.110
 4359.00    0.96278   1.31666    3.110
 4360.00    0.79972   1.32989    3.110
 4361.00    0.79972   1.34247    3.110
 4362.00    0.97846   1.35332    3.110
 4363.00    1.05044   1.36061    3.110
 4364.00    1.02625   1.36259    3.110
 4365.00    0.84225   1.35832    3.110
 4366.00    0.84225   1.34813    3.110
 4367.00    1.17783   1.33338    3.110
 4368.00    1.48939   1.31586    3.110
 4369.00    1.48939   1.29705    3.110
 4370.00    1.15189   1.27788    3.110
 4371.00    1.12329   1.25908    3.110
 4372.00    1.07996   1.24174    3.110
 4373.00    0.98964   1.22764    3.110
 4374.00    0.98964   1.21855    3.110
 4375.00    1.16810   1.21501    3.110
 4376.00    1.23510   1.21512    3.110
 4377.00    1.32412   1.21441    3.110
 4378.00    1.92053   1.20725    3.110
 4379.00    1.92053   1.18928    3.110
 4380.00    1.66321   1.16002    3.110
 4381.00    1.43705   1.12386    3.110
 4382.00    1.43705   1.08912    3.110
 4383.00    1.71310   1.06489    3.110
 4384.00    1.73212   1.05732    3.110
 4385.00    1.51316   1.06716    3.110
 4386.00    1.08408   1.09000    3.110
 4387.00    1.08408   1.11879    3.110
 4388.00    1.23171   1.14723    3.110
 4389.00    1.28326   1.17190    3.110
 4390.00    1.18394   1.19240    3.110
 4391.00    0.59141   1.21001    3.110
 4392.00    0.59141   1.22623    3.110
 4393.00    0.84608   1.24192    3.110
 4394.00    1.05710   1.25701    3.110
 4395.00    1.05710   1.27055    3.110
 4396.00    2.05822   1.28084    3.110
 4397.00    2.11177   1.28582    3.110
 4398.00    1.74190   1.28376    3.110
 4399.00    1.06115   1.27387    3.110
 4400.00    1.06115   1.25675    3.110
 4401.00    1.21571   1.23437    3.110
 4402.00    1.26589   1.20993    3.110
 4403.00    1.20103   1.18765    3.110
 4404.00    0.85339   1.17226    3.110
 4405.00    0.85339   1.16787    3.110
 4406.00    1.03066   1.17668    3.110
 4407.00    1.16963   1.19791    3.110
 4408.00    1.16963   1.22772    3.110
 4409.00    1.65835   1.25996    3.110
 4410.00    1.67719   1.28797    3.110
 4411.00    1.66196   1.30647    3.110
 4412.00    1.63562   1.31346    3.110
 4413.00    1.63562   1.31117    3.110
 4414.00    1.29064   1.30521    3.110
 4415.00    1.18675   1.30219    3.110
 4416.00    1.22003   1.30664    3.110
 4417.00    1.38036   1.31903    3.110
 4418.00    1.38036   1.33579    3.110
 4419.00    1.53312   1.35141    3.110
 4420.00    1.64639   1.36122    3.110
 4421.00    1.64639   1.36342    3.110
 4422.00    1.57197   1.35927    3.110
 4423.00    1.57022   1.35177    3.110
 4424.00    1.55638   1.34421    3.110
 4425.00    1.53380   1.33878    3.110
 4426.00    1.53380   1.33631    3.110
 4427.00    1.00341   1.33643    3.110
 4428.00    0.85575   1.33786    3.110
 4429.00    0.80725   1.33883    3.110
 4430.00    0.59438   1.33760    3.110
 4431.00    0.59438   1.33325    3.110
 4432.00    0.87114   1.32639    3.110
 4433.00    1.06514   1.31939    3.110
 4434.00    1.06514   1.31578    3.110
 4435.00    1.33765   1.31857    3.110
 4436.00    1.34007   1.32848    3.110
 4437.00    1.30102   1.34318    3.110
 4438.00    1.24084   1.35816    3.110
 4439.00    1.24084   1.36925    3.110
 4440.00    1.06776   1.37488    3.110
 4441.00    1.02364   1.37677    3.110
 4442.00    1.04767   1.37884    3.110
 4443.00    1.14428   1.38471    3.110
 4444.00    1.14428   1.39570    3.110
 4445.00    1.22067   1.41017    3.110
 4446.00    1.27115   1.42458    3.110
 4447.00    1.27281   1.43509    3.110
 4448.00    1.61009   1.43878    3.110
 4449.00    1.61009   1.43405    3.110
 4450.00    1.73661   1.42042    3.110
 4451.00    1.92077   1.39858    3.110
 4452.00    1.92077   1.37046    3.110
 4453.00    1.34033   1.33942    3.110
 4454.00    1.20466   1.30981    3.110
 4455.00    1.19941   1.28587    3.110
 4456.00    1.17998   1.27057    3.110
 4457.00    1.17998   1.26472    3.110
 4458.00    0.85846   1.26739    3.110
 4459.00    0.65821   1.27669    3.110
 4460.00    0.67011   1.29075    3.110
 4461.00    1.29959   1.30797    3.110
 4462.00    1.29959   1.32684    3.110
 4463.00    1.33372   1.34565    3.110
 4464.00    1.38048   1.36258    3.110
 4465.00    1.38048   1.37623    3.110
 4466.00    2.04746   1.38639    3.110
 4467.00    2.18970   1.39438    3.110
 4468.00    2.07564   1.40250    3.110
 4469.00    1.68735   1.41315    0.000
 4470.00    1.68735   1.42765    0.000
 4471.00    1.57481   1.44562    0.000
 4472.00    1.50869   1.46505    0.000
 4473.00    1.50309   1.48308    0.000
 4474.00    1.33511   1.49695    0.000
 4475.00    1.33511   1.50461    0.000
 4476.00    1.77887   1.50507    3.110
 4477.00    2.35397   1.49852    3.110
 4478.00    2.35397   1.48653    3.110
 4479.00    1.15144   1.47213    3.110
 4480.00    0.91879   1.45939    3.110
 4481.00    1.11207   1.45221    3.110
 4482.00    1.72008   1.45294    3.110
 4483.00    1.72008   1.46107    3.110
 4484.00    1.76832   1.47338    3.110
 4485.00    1.79504   1.48523    3.110
 4486.00    1.73555   1.49255    3.110
 4487.00    0.52589   1.49363   -1.000
 4488.00    0.52589   1.48941    3.110
 4489.00    0.89546   1.48243    3.110
 4490.00    1.34860   1.47532    3.110
 4491.00    1.34860   1.46960    3.110
 4492.00    1.43350   1.46563    3.110
 4493.00    1.44825   1.46330    3.110
 4494.00    1.58350   1.46293    3.110
 4495.00    1.97891   1.46535    3.110
 4496.00    1.97891   1.47151    3.110
 4497.00    1.71965   1.48175    3.110
 4498.00    1.58444   1.49570    3.110
 4499.00    1.59611   1.51241    3.110
 4500.00    1.77726   1.53087    3.110
 4501.00    1.77726   1.55026    3.110
 4502.00    1.68218   1.56979    3.110
 4503.00    1.57185   1.58817    3.110
 4504.00    1.57185   1.60375    3.110
 4505.00    1.40420   1.61498    3.110
 4506.00    1.37830   1.62098    3.110
 4507.00    1.44375   1.62185    3.110
 4508.00    1.62201   1.61853    3.110
 4509.00    1.62201   1.61216    3.110
 4510.00    1.68615   1.60367    3.110
 4511.00    1.71748   1.59375    3.110
 4512.00    1.62758   1.58307    3.110
 4513.00    0.50616   1.57256   -1.000
 4514.00    0.50616   1.56334   -1.000
 4515.00    1.26886   1.55633    3.110
 4516.00    2.10494   1.55202    3.110
 4517.00    2.10494   1.55022    3.110
 4518.00    2.08253   1.55005    3.110
 4519.00    2.07947   1.54999    3.110
 4520.00    1.78710   1.54809    3.110
 4521.00    1.04354   1.54219    3.110
 4522.00    1.04354   1.53055    3.110
 4523.00    1.17511   1.51227    3.110
 4524.00    1.23546   1.48788    3.110
 4525.00    1.27209   1.45953    3.110
 4526.00    1.65220   1.43053    3.110
 4527.00    1.65220   1.40455    3.110
 4528.00    1.86867   1.38450    3.110
 4529.00    2.09290   1.37172    3.110
 4530.00    2.09290   1.36600    3.110
 4531.00    1.33559   1.36600    3.110
 4532.00    1.24538   1.37032    3.110
 4533.00    1.18835   1.37835    3.110
 4534.00    1.05329   1.39072    3.110
 4535.00    1.05329   1.40843    3.110
 4536.00    0.70724   1.43154    3.110
 4537.00    0.55838   1.45826    3.110
 4538.00    0.72401   1.48502    3.110
 4539.00    2.18147   1.50783    3.110
 4540.00    2.18147   1.52377    3.110
 4541.00    2.05834   1.53187    3.110
 4542.00    1.93759   1.53304    3.110
 4543.00    1.93759   1.52927    3.110
 4544.00    1.92540   1.52258    3.110
 4545.00    1.92416   1.51444    3.110
 4546.00    1.37755   1.50600    3.110
 4547.00    0.16402   1.49835   -1.000
 4548.00    0.16402   1.49253   -1.000
 4549.00    0.23036   1.48920   -1.000
 4550.00    0.25707   1.48833   -1.000
 4551.00    0.49188   1.48948   -1.000
 4552.00    2.27755   1.49248    3.110
 4553.00    2.27755   1.49776    3.110
 4554.00    2.27131   1.50626    3.110
 4555.00    2.26551   1.51879    3.110
 4556.00    2.26551   1.53557    3.110
 4557.00    1.20243   1.55544    3.110
 4558.00    1.11234   1.57564    3.110
 4559.00    0.63296   1.59270    3.110
 4560.00   -0.36622   1.60374    0.000
 4561.00   -0.36622   1.60759    0.000
 4562.00    0.52516   1.60538   -1.000
 4563.00    0.85980   1.60004    3.110
 4564.00    0.97871   1.59474    3.110
 4565.00    1.77532   1.59201    3.110
 4566.00    1.77532   1.59264    3.110
 4567.00    1.60810   1.59578    3.110
 4568.00    1.46113   1.59950    3.110
 4569.00    1.46113   1.60193    3.110
 4570.00    1.75496   1.60238    3.110
 4571.00    1.77520   1.60155    3.110
 4572.00    1.67991   1.60097    3.110
 4573.00    1.49320   1.60165    3.110
 4574.00    1.49320   1.60305    3.110
 4575.00    1.47580   1.60324    3.110
 4576.00    1.46972   1.59982    3.110
 4577.00    1.54861   1.59130    3.110
 4578.00    2.01927   1.57819    3.110
 4579.00    2.01927   1.56279    3.110
 4580.00    1.51459   1.54812    3.110
 4581.00    1.09642   1.53679    3.110
 4582.00    1.09642   1.53040    3.110
 4583.00    0.85878   1.52936    3.110
 4584.00    0.84607   1.53301    3.110
 4585.00    0.87167   1.54014    3.110
 4586.00    0.91879   1.54943    3.110
 4587.00    0.91879   1.55942    3.110
 4588.00    1.02827   1.56858    3.110
 4589.00    1.06381   1.57521    3.110
 4590.00    1.18877   1.57781    3.110
 4591.00    1.85857   1.57593    3.110
 4592.00    1.85857   1.57067    3.110
 4593.00    1.71728   1.56429    3.110
 4594.00    1.60652   1.55909    3.110
 4595.00    1.60652   1.55635    3.110
 4596.00   -0.07711   1.55598    0.000
 4597.00   -0.14200   1.55681    0.000
 4598.00    0.30395   1.55761   -1.000
 4599.00    1.07573   1.55778    3.110
 4600.00    1.07573   1.55743    3.110
 4601.00    1.22123   1.55728    3.110
 4602.00    1.26504   1.55850    3.110
 4603.00    1.32558   1.56229    3.110
 4604.00    1.61723   1.56948    3.110
 4605.00    1.61723   1.58022    3.110
 4606.00    1.57158   1.59386    3.110
 4607.00    1.53773   1.60912    3.110
 4608.00    1.53773   1.62417    3.110
 4609.00    1.34533   1.63698    3.110
 4610.00    1.34091   1.64597    3.110
 4611.00    1.15647   1.65068    3.110
 4612.00    0.85538   1.65170    3.110
 4613.00    0.85538   1.65061    3.110
 4614.00    1.01942   1.64944    3.110
 4615.00    1.06508   1.64944    3.110
 4616.00    1.15335   1.65088    3.110
 4617.00    1.54081   1.65338    3.110
 4618.00    1.54081   1.65629    3.110
 4619.00    2.03771   1.65912    3.110
 4620.00    2.38603   1.66168    3.110
 4621.00    2.38603   1.66361    3.110
 4622.00    1.99095   1.66446    3.110
 4623.00    1.98744   1.66391    3.110
 4624.00    1.57382   1.66189    3.110
 4625.00    0.93646   1.65882    3.110
 4626.00    0.93646   1.65558    3.110
 4627.00    1.47446   1.65301    3.110
 4628.00    1.61160   1.65132    3.110
 4629.00    1.62087   1.65031    3.110
 4630.00    1.65813   1.64922    3.110
 4631.00    1.65813   1.64699    3.110
 4632.00    1.62277   1.64268    3.110
 4633.00    1.59944   1.63598    3.110
 4634.00    1.59905   1.62712    3.110
 4635.00    1.51879   1.61674    3.110
 4636.00    1.51879   1.60620    3.110
 4637.00    1.22101   1.59714    3.110
 4638.00    0.78756   1.59071    3.110
 4639.00    0.78756   1.58728    3.110
 4640.00    1.37182   1.58635    3.110
 4641.00    1.50838   1.58645    3.110
 4642.00    1.39864   1.58556    3.110
 4643.00    0.99290   1.58188    3.110
 4644.00    0.99290   1.57467    3.110
 4645.00    1.07444   1.56506    3.110
 4646.00    1.12522   1.55565    3.110
 4647.00    1.13268   1.54974    3.110
 4648.00    1.52708   1.54936    3.110
 4649.00    1.52708   1.55471    3.110
 4650.00    1.36120   1.56415    3.110
 4651.00    1.13387   1.57474    3.110
 4652.00    1.13387   1.58419    3.110
 4653.00    2.05482   1.59171    3.110
 4654.00    2.25123   1.59859    3.110
 4655.00    1.98903   1.60703    3.110
 4656.00    1.09890   1.61861    3.110
 4657.00    1.09890   1.63342    3.110
 4658.00    1.29056   1.64961    3.110
 4659.00    1.40317   1.66369    3.110
 4660.00    1.42324   1.67155    3.110
 4661.00    2.02604   1.67000    3.110
 4662.00    2.02604   1.65795    3.110
 4663.00    1.82348   1.63678    3.110
 4664.00    1.56096   1.61008    3.110
 4665.00    1.56096   1.58239    3.110
 4666.00    1.44751   1.55807    3.110
 4667.00    1.42556   1.54090    3.110
 4668.00    1.49774   1.53319    3.110
 4669.00    1.72480   1.53549    3.110
 4670.00    1.72480   1.54656    3.110
 4671.00    1.61247   1.56318    3.110
 4672.00    1.55025   1.58119    3.110
 4673.00    1.56578   1.59684    3.110
 4674.00    1.88162   1.60801    3.110
 4675.00    1.88162   1.61399    3.110
 4676.00    1.69189   1.61503    3.110
 4677.00    1.45926   1.61167    3.110
 4678.00    1.45926   1.60470    3.110
 4679.00    0.95454   1.59550    3.110
 4680.00    0.86724   1.58636    3.110
 4681.00    1.15082   1.57971    3.110
 4682.00    1.97982   1.57710    3.110
 4683.00    1.97982   1.57856    3.110
 4684.00    2.40263   1.58284    3.110
 4685.00    2.62314   1.58839   -1.000
 4686.00    2.54556   1.59355   -1.000
 4687.00    1.34176   1.59739    3.110
 4688.00    1.34176   1.60009    3.110
 4689.00    1.69055   1.60240    3.110
 4690.00    2.09526   1.60514    3.110
 4691.00    2.09526   1.60877    3.110
 4692.00    1.52129   1.61314    3.110
 4693.00    1.43264   1.61734    3.110
 4694.00    1.51724   1.62021    3.110
 4695.00    1.74767   1.62030    3.110
 4696.00    1.74767   1.61620    3.110
 4697.00    1.35089   1.60738    3.110
 4698.00    1.15711   1.59474    3.110
 4699.00    1.23387   1.57993    3.110
 4700.00    2.19140   1.56526    3.110
 4701.00    2.19140   1.55310    3.110
 4702.00    1.68815   1.54490    3.110
 4703.00    1.13757   1.54084    3.110
 4704.00    1.13757   1.54007    3.110
 4705.00    1.50877   1.54177    3.110
 4706.00    1.55945   1.54505    3.110
 4707.00    1.45392   1.54915    3.110
 4708.00    1.18554   1.55368    3.110
 4709.00    1.18554   1.55901    3.110
 4710.00    1.55345   1.56584    3.110
 4711.00    1.72220   1.57442    3.110
 4712.00    1.68653   1.58397    3.110
 4713.00    1.31635   1.59382    3.110
 4714.00    1.31635   1.60410    3.110
 4715.00    1.37597   1.61507    3.110
 4716.00    1.43772   1.62724    3.110
 4717.00    1.43772   1.64088    3.110
 4718.00    1.46069   1.65478    3.110
 4719.00    1.46343   1.66725    3.110
 4720.00    1.55493   1.67633    3.110
 4721.00    1.77163   1.68101    3.110
 4722.00    1.77163   1.68113    3.110
 4723.00    1.46116   1.67664    3.110
 4724.00    1.32760   1.66765    3.110
 4725.00    1.30842   1.65470    3.110
 4726.00    1.14053   1.63885    3.110
 4727.00    1.14053   1.62162    3.110
 4728.00    1.43475   1.60534    3.110
 4729.00    1.72329   1.59257    3.110
 4730.00    1.72329   1.58546    3.110
 4731.00    1.47459   1.58499    3.110
 4732.00    1.44915   1.58960    3.110
 4733.00    1.72685   1.59695    3.110
 4734.00    2.34338   1.60504    3.110
 4735.00    2.34338   1.61260    3.110
 4736.00    1.81791   1.61906    3.110
 4737.00    1.60628   1.62468    3.110
 4738.00    1.62206   1.62991    3.110
 4739.00    1.74211   1.63508    3.110
 4740.00    1.74211   1.64035    3.110
 4741.00    1.69777   1.64570    3.110
 4742.00    1.65662   1.65090    3.110
 4743.00    1.65662   1.65611    3.110
 4744.00    2.03137   1.66208    3.110
 4745.00    2.06313   1.66876    3.110
 4746.00    1.75745   1.67552    3.110
 4747.00    1.12032   1.68170    3.110
 4748.00    1.12032   1.68629    3.110
 4749.00    2.00675   1.68850    3.110
 4750.00    2.33872   1.68763    3.110
 4751.00    2.20127   1.68346    3.110
 4752.00    1.28047   1.67683    3.110
 4753.00    1.28047   1.66888    3.110
 4754.00    1.60003   1.66109    3.110
 4755.00    1.88090   1.65479    3.110
 4756.00    1.88090   1.65051    3.110
 4757.00    1.29121   1.64789    3.110
 4758.00    1.25058   1.64521    3.110
 4759.00    1.47388   1.64065    3.110
 4760.00    1.91145   1.63287    3.110
 4761.00    1.91145   1.62169    3.110
 4762.00    1.84840   1.60794    3.110
 4763.00    1.82638   1.59353    3.110
 4764.00    1.74172   1.58114    3.110
 4765.00    1.23661   1.57320    3.110
 4766.00    1.23661   1.57142    3.110
 4767.00    1.71389   1.57569    3.110
 4768.00    2.10935   1.58473    3.110
 4769.00    2.10935   1.59683    3.110
 4770.00    2.30410   1.61000    3.110
 4771.00    2.31452   1.62242    3.110
 4772.00    2.20484   1.63299    3.110
 4773.00    2.00341   1.64180    3.110
 4774.00    2.00341   1.64926    3.110
 4775.00    1.19054   1.65524    3.110
 4776.00    0.92659   1.65896    3.110
 4777.00    1.06511   1.65922    3.110
 4778.00    1.80757   1.65577    3.110
 4779.00    1.80757   1.64907    3.110
 4780.00    1.17045   1.64003    3.110
 4781.00    0.67097   1.62970   -1.000
 4782.00    0.67097   1.61921    3.110
 4783.00    1.27119   1.60975    3.110
 4784.00    1.29433   1.60238    3.110
 4785.00    1.32969   1.59800    3.110
 4786.00    1.39089   1.59733    3.110
 4787.00    1.39089   1.60048    3.110
 4788.00    1.60920   1.60754    3.110
 4789.00    1.67495   1.61844    3.110
 4790.00    1.68189   1.63305    3.110
 4791.00    1.71536   1.65049    3.110
 4792.00    1.71536   1.66922    3.110
 4793.00    1.55222   1.68709    3.110
 4794.00    1.43124   1.70185    3.110
 4795.00    1.43124   1.71185    3.110
 4796.00    1.59347   1.71626    3.110
 4797.00    1.59720   1.71568    3.110
 4798.00    1.58815   1.71169    3.110
 4799.00    1.57336   1.70689    3.110
 4800.00    1.57336   1.70349    3.110
 4801.00    1.71814   1.70242    3.110
 4802.00    1.75844   1.70318    3.110
 4803.00    1.88976   1.70422    3.110
 4804.00    2.46620   1.70370    3.110
 4805.00    2.46620   1.70073    3.110
 4806.00    2.19630   1.69591    3.110
 4807.00    2.00711   1.69116    3.110
 4808.00    2.00711   1.68826    3.110
 4809.00    0.25249   1.68805   -1.000
 4810.00    0.23693   1.69075   -1.000
 4811.00    0.83732   1.69604    3.110
 4812.00    1.76249   1.70288    3.110
 4813.00    1.76249   1.71042    3.110
 4814.00    2.13161   1.71832    3.110
 4815.00    2.22570   1.72624    3.110
 4816.00    2.17126   1.73353    3.110
 4817.00    1.95241   1.73913    3.110
 4818.00    1.95241   1.74163    3.110
 4819.00    1.27478   1.74002    3.110
 4820.00    0.82779   1.73417    3.110
 4821.00    0.82762   1.72502    3.110
 4822.00    0.79294   1.71415    3.110
 4823.00    0.79294   1.70332    3.110
 4824.00    1.45638   1.69440    3.110
 4825.00    2.42209   1.68870    3.110
 4826.00    2.42209   1.68643    3.110
 4827.00    2.30258   1.68644    3.110
 4828.00    2.27465   1.68650    3.110
 4829.00    2.17808   1.68526    3.110
 4830.00    1.82106   1.68285    3.110
 4831.00    1.82106   1.68063    3.110
 4832.00    1.45775   1.67960    3.110
 4833.00    1.23147   1.67990    3.110
 4834.00    1.24056   1.68159    3.110
 4835.00    1.72153   1.68408    3.110
 4836.00    1.72153   1.68577    3.110
 4837.00    1.89201   1.68521    3.110
 4838.00    2.12563   1.68186    3.110
 4839.00    2.12563   1.67665    3.110
 4840.00    1.63883   1.67134    3.110
 4841.00    1.53501   1.66763    3.110
 4842.00    1.51554   1.66676    3.110
 4843.00    1.44946   1.66902    3.110
 4844.00    1.44946   1.67384    3.110
 4845.00    2.12132   1.68005    3.110
 4846.00    2.51611   1.68647    3.110
 4847.00    2.51564   1.69189    3.110
 4848.00    2.50141   1.69468    3.110
 4849.00    2.50141   1.69390    3.110
 4850.00    2.18893   1.68979    3.110
 4851.00    1.78397   1.68269    3.110
 4852.00    1.78397   1.67229    3.110
 4853.00    1.37872   1.65757    3.110
 4854.00    1.30032   1.63788    0.000
 4855.00    1.32232   1.61301    0.000
 4856.00    1.39155   1.58333    0.000
 4857.00    1.39155   1.55030    0.000
 4858.00    1.63900   1.51614    0.000
 4859.00    1.77605   1.48383    0.000
 4860.00    1.77292   1.45646    0.000
 4861.00    1.70937   1.43814    0.000
 4862.00    1.70937   1.43370    0.000
 4863.00    2.00505   1.44540    0.000
 4864.00    2.36758   1.47072    0.000
 4865.00    2.36758   1.50232    0.000
 4866.00    0.50119   1.53205    0.000
 4867.00    0.17836   1.55476    0.000
 4868.00    0.07316   1.56837    0.000
 4869.00   -0.23439   1.57381    0.000
 4870.00   -0.23439   1.57364    0.000
 4871.00   -0.58065   1.57164    0.000
 4872.00   -0.76124   1.57166    0.000
 4873.00   -0.67932   1.57705    0.000
 4874.00    0.59183   1.58966   -1.000
 4875.00    0.59183   1.60777   -1.000
 4876.00    0.96622   1.62729    3.110
 4877.00    1.40063   1.64469    3.110
 4878.00    1.40063   1.65837    3.110
 4879.00    1.61739   1.66810    3.110
 4880.00    1.65087   1.67348    3.110
 4881.00    1.56105   1.67386    3.110
 4882.00    1.31641   1.66920    3.110
 4883.00    1.31641   1.66024    3.110
 4884.00    1.38775   1.64854    3.110
 4885.00    1.42259   1.63517    3.110
 4886.00    1.40635   1.62073    3.110
 4887.00    1.20382   1.60699    3.110
 4888.00    1.20382   1.59668    3.110
 4889.00    1.07392   1.59237    3.110
 4890.00    0.93180   1.59572    3.110
 4891.00    0.93180   1.60759    3.110
 4892.00    1.39462   1.62855    3.110
 4893.00    1.45780   1.65797    3.110
 4894.00    1.40296   1.69271    3.110
 4895.00    1.26347   1.72711    3.110
 4896.00    1.26347   1.75484    3.110
 4897.00    1.48181   1.77214    3.110
 4898.00    1.58196   1.77876    3.110
 4899.00    1.62435   1.77696    3.110
 4900.00    2.06434   1.76987    3.110
 4901.00    2.06434   1.76091    3.110
 4902.00    2.07349   1.75299    3.110
 4903.00    2.08298   1.74738    3.110
 4904.00    2.08298   1.74389    3.110
 4905.00    1.85397   1.74178    3.110
 4906.00    1.82669   1.74060    3.110
 4907.00    2.11655   1.73906    3.110
 4908.00    2.80307   1.73547   -1.000
 4909.00    2.80307   1.72978   -1.000
 4910.00    2.07011   1.72371    3.110
 4911.00    1.75481   1.71944    3.110
 4912.00    1.69820   1.71763    3.110
 4913.00    1.20273   1.71669    3.110
 4914.00    1.20273   1.71313    3.110
 4915.00    1.95313   1.70335    3.110
 4916.00    2.68903   1.68584   -1.000
 4917.00    2.68903   1.66148   -1.000
 4918.00    2.11335   1.63306    3.110
 4919.00    2.05448   1.60543    3.110
 4920.00    2.01701   1.58446    3.110
 4921.00    1.93384   1.57596    3.110
 4922.00    1.93384   1.58270    3.110
 4923.00    2.02553   1.60326    3.110
 4924.00    2.06246   1.63264    3.110
 4925.00    2.02489   1.66513    3.110
 4926.00    1.73914   1.69669    3.110
 4927.00    1.73914   1.72509    3.110
 4928.00    1.89250   1.74831    3.110
 4929.00    2.03488   1.76410    3.110
 4930.00    2.03488   1.77104    3.110
 4931.00    1.14263   1.76905    3.110
 4932.00    1.06702   1.75913    3.110
 4933.00    1.33201   1.74304    3.110
 4934.00    1.88435   1.72360    3.110
 4935.00    1.88435   1.70458    3.110
 4936.00    2.06196   1.68931    3.110
 4937.00    2.12847   1.67959    3.110
 4938.00    2.08807   1.67547    3.110
 4939.00    1.81737   1.67720    3.110
 4940.00    1.81737   1.68641    3.110
 4941.00    1.82722   1.70308    3.110
 4942.00    1.83588   1.72471    3.110
 4943.00    1.83588   1.74705    3.110
 4944.00    1.64474   1.76679    3.110
 4945.00    1.63157   1.78273    3.110
 4946.00    1.70952   1.79526    3.110
 4947.00    1.86226   1.80524    0.000
 4948.00    1.86226   1.81309    0.000
 4949.00    1.12492   1.81823    0.000
 4950.00    0.86748   1.81842    0.000
 4951.00    0.93776   1.81090    0.000
 4952.00    1.35701   1.79417    0.000
 4953.00    1.35701   1.76881    0.000
 4954.00    1.28084   1.73725    0.000
 4955.00    1.21773   1.70346    0.000
 4956.00    1.21773   1.67187    0.000
 4957.00    2.39930   1.64666    0.000
 4958.00    2.46251   1.63177    0.000
 4959.00    2.48268   1.63001    0.000
 4960.00    2.51974   1.64043    0.000
 4961.00    2.51974   1.65753    0.000
 4962.00    1.69851   1.67326    0.000
 4963.00    1.43185   1.68268    0.000
 4964.00    1.42357   1.68525    0.000
 4965.00    1.37921   1.68306    0.000
 4966.00    1.37921   1.67875    0.000
 4967.00    1.65778   1.67565    0.000
 4968.00    1.87618   1.67632    0.000
 4969.00    1.87618   1.68176    3.110
 4970.00    1.67863   1.69135    3.110
 4971.00    1.67101   1.70365    3.110
 4972.00    1.63532   1.71601    3.110
 4973.00    1.57355   1.72596    3.110
 4974.00    1.57355   1.73121    3.110
 4975.00    1.35849   1.73032    3.110
 4976.00    1.29372   1.72225    3.110
 4977.00    1.34951   1.70675    3.110
 4978.00    1.61832   1.68466    3.110
 4979.00    1.61832   1.65806    3.110
 4980.00    1.82795   1.63020    3.110
 4981.00    1.98339   1.60452    3.110
 4982.00    1.98339   1.58410    3.110
 4983.00    1.61534   1.57114    3.110
 4984.00    1.60688   1.56815    3.110
 4985.00    1.46762   1.57570    3.110
 4986.00    1.24030   1.59184    3.110
 4987.00    1.24030   1.61187    3.110
 4988.00    1.88508   1.63120    3.110
 4989.00    2.06458   1.64688    3.110
 4990.00    1.93922   1.65773    3.110
 4991.00    1.38895   1.66448    3.110
 4992.00    1.38895   1.66904    3.110
 4993.00    1.31557   1.67265    3.110
 4994.00    1.26414   1.67473    3.110
 4995.00    1.26414   1.67399    3.110
 4996.00    2.26864   1.66952    3.110
 4997.00    2.27755   1.66139    3.110
 4998.00    2.32772   1.64989    0.000
 4999.00    2.40503   1.63521    0.000
 5000.00    2.40503   1.61809    0.000
 5001.00    1.97242   1.60053    0.000
 5002.00    1.86214   1.58496    0.000
 5003.00    1.78032   1.57339    0.000
 5004.00    1.45145   1.56599    0.000
 5005.00    1.45145   1.56178    0.000
 5006.00    1.41554   1.55963    0.000
 5007.00    1.39186   1.55887    0.000
 5008.00    1.39142   1.55970    0.000
 5009.00    1.30322   1.56132    0.000
 5010.00    1.30322   1.56126    0.000
 5011.00    1.43619   1.55729    0.000
 5012.00    1.62975   1.54911    0.000
 5013.00    1.62975   1.53900    0.000
 5014.00    1.55310   1.53056    0.000
 5015.00    1.53519   1.52713    0.000
 5016.00    1.55281   1.52967    0.000
 5017.00    1.61795   1.53716    0.000
 5018.00    1.61795   1.54721    0.000
 5019.00    1.53388   1.55813    0.000
 5020.00    1.48152   1.56910    0.000
 5021.00    1.49126   1.57921    0.000
 5022.00    2.00656   1.58760    0.000
 5023.00    2.00656   1.59478    3.110
 5024.00    1.98293   1.60183    3.110
 5025.00    1.95054   1.61039    3.110
 5026.00    1.95054   1.62058    3.110
 5027.00    1.67711   1.63103    3.110
 5028.00    1.61880   1.64152    3.110
 5029.00    1.65117   1.65269    3.110
 5030.00    1.76104   1.66404    3.110
 5031.00    1.76104   1.67374    3.110
 5032.00    1.71188   1.67935    3.110
 5033.00    1.68299   1.67866    3.110
 5034.00    1.68296   1.67029    3.110
 5035.00    1.68191   1.65338    3.110
 5036.00    1.68191   1.62940    3.110
 5037.00    1.49697   1.60267    3.110
 5038.00    1.25730   1.57857    3.110
 5039.00    1.25730   1.56113    3.110
 5040.00    1.54935   1.55183    3.110
 5041.00    1.60585   1.55141    3.110
 5042.00    1.55615   1.56221    3.110
 5043.00    1.39978   1.58349    3.110
 5044.00    1.39978   1.61097    3.110
 5045.00    1.43506   1.63708    3.110
 5046.00    1.45460   1.65617    3.110
 5047.00    1.50166   1.66561    3.110
 5048.00    2.45863   1.66647    3.110
 5049.00    2.45863   1.66167    3.110
 5050.00    2.49293   1.65540    3.110
 5051.00    2.53499   1.65208    3.110
 5052.00    2.53499   1.65518    3.110
 5053.00    2.15391   1.66506    3.110
 5054.00    2.08800   1.67978    3.110
 5055.00    1.88228   1.69676    3.110
 5056.00    1.28090   1.71287    3.110
 5057.00    1.28090   1.72666    3.110
 5058.00    1.45201   1.73700    3.110
 5059.00    1.54106   1.74221    3.110
 5060.00    1.54804   1.74156    3.110
 5061.00    1.65643   1.73493    3.110
 5062.00    1.65643   1.72315    3.110
 5063.00    1.34744   1.70757    3.110
 5064.00    0.98891   1.68931    3.110
 5065.00    0.98891   1.67077    3.110
 5066.00    1.81564   1.65569    3.110
 5067.00    1.94334   1.64590    3.110
 5068.00    2.06815   1.64135    3.110
 5069.00    2.40811   1.64014    3.110
 5070.00    2.40811   1.64088    3.110
 5071.00    2.32771   1.64277    3.110
 5072.00    2.28844   1.64447    3.110
 5073.00    2.20443   1.64427    3.110
 5074.00    1.15644   1.64151    3.110
 5075.00    1.15644   1.63623    3.110
 5076.00    1.23373   1.62783    3.110
 5077.00    1.31829   1.61631    3.110
 5078.00    1.31829   1.60274    3.110
 5079.00    1.19079   1.58928    3.110
 5080.00    1.17338   1.57795    3.110
 5081.00    1.55588   1.57239    3.110
 5082.00    2.52634   1.57462   -1.000
 5083.00    2.52634   1.58418    3.110
 5084.00    2.05171   1.59906    3.110
 5085.00    1.83401   1.61707    3.110
 5086.00    1.83679   1.63649    3.110
 5087.00    1.86565   1.65581    3.110
 5088.00    1.86565   1.67294    3.110
 5089.00    1.89552   1.68718    3.110
 5090.00    1.92646   1.69831    3.110
 5091.00    1.92646   1.70553    3.110
 5092.00    1.62441   1.70814    3.110
 5093.00    1.58843   1.70580    3.110
 5094.00    1.58207   1.69822    3.110
 5095.00    1.56701   1.68574    3.110
 5096.00    1.56701   1.66987    3.110
 5097.00    1.66829   1.65293    3.110
 5098.00    1.71185   1.63886    3.110
 5099.00    1.70156   1.62934    3.110
 5100.00    1.61142   1.62472    3.110
 5101.00    1.61142   1.62401    3.110
 5102.00    1.31310   1.62577    3.110
 5103.00    1.02055   1.62694    3.110
 5104.00    1.02055   1.62541    3.110
 5105.00    0.91116   1.62137    3.110
 5106.00    0.90003   1.61634    3.110
 5107.00    1.19265   1.61207    3.110
 5108.00    1.84230   1.61010    3.110
 5109.00    1.84230   1.61196    3.110
 5110.00    1.65062   1.61879    3.110
 5111.00    1.57342   1.63045    3.110
 5112.00    1.53421   1.64575    3.110
 5113.00    1.23600   1.66293    3.110
 5114.00    1.23600   1.67963    3.110
 5115.00    1.23854   1.69420    3.110
 5116.00    1.24090   1.70491    3.110
 5117.00    1.24090   1.71006    3.110
 5118.00    1.46841   1.70848    3.110
 5119.00    1.48769   1.70003    3.110
 5120.00    1.44642   1.68529    3.110
 5121.00    1.36040   1.66572    3.110
 5122.00    1.36040   1.64427    3.110
 5123.00    1.65756   1.62325    3.110
 5124.00    1.76885   1.60464    3.110
 5125.00    1.65989   1.59010    3.110
 5126.00    0.92998   1.58123    3.110
 5127.00    0.92998   1.57886    3.110
 5128.00    0.97694   1.58225    3.110
 5129.00    1.01813   1.58945    3.110
 5130.00    1.01813   1.59941    3.110
 5131.00    1.92519   1.61127    3.110
 5132.00    1.98768   1.62376    3.110
 5133.00    2.06993   1.63493    3.110
 5134.00    2.23109   1.64197    3.110
 5135.00    2.23109   1.64415    3.110
 5136.00    2.05372   1.64215    3.110
 5137.00    1.99180   1.63680    3.110
 5138.00    1.88936   1.62853    3.110
 5139.00    1.27823   1.61897    3.110
 5140.00    1.27823   1.61022    3.110
 5141.00    1.36323   1.60424    3.110
 5142.00    1.43366   1.60030    3.110
 5143.00    1.43366   1.59717    3.110
 5144.00    2.00446   1.59478    3.110
 5145.00    2.03500   1.59333    3.110
 5146.00    2.05645   1.59214    3.110
 5147.00    2.09586   1.58996    3.110
 5148.00    2.09586   1.58667    3.110
 5149.00    1.70760   1.58409    3.110
 5150.00    1.58153   1.58321    3.110
 5151.00    1.60729   1.58330    3.110
 5152.00    1.74483   1.58562    3.110
 5153.00    1.74483   1.59198    3.110
 5154.00    1.60446   1.60331    3.110
 5155.00    1.49441   1.61915    3.110
 5156.00    1.49441   1.63835    0.000
 5157.00    1.82117   1.65838    0.000
 5158.00    1.83377   1.67457    0.000
 5159.00    1.94080   1.68273    0.000
 5160.00    2.12605   1.68020    0.000
 5161.00    2.12605   1.66498    0.000
 5162.00    2.03301   1.63562    0.000
 5163.00    2.00499   1.59272    0.000
 5164.00    1.86587   1.53991    0.000
 5165.00    1.19559   1.48301    3.110
 5166.00    1.19559   1.42571    3.110
 5167.00    1.02438   1.36944    3.110
 5168.00    0.89743   1.32058    3.110
 5169.00    0.89743   1.28484    3.110
 5170.00    1.23626   1.26855    3.110
 5171.00    1.24405   1.26825    3.110
 5172.00    1.29459   1.27780    3.110
 5173.00    1.37709   1.29679    3.110
 5174.00    1.37709   1.32578    3.110
 5175.00    1.56860   1.36456    3.110
 5176.00    1.62177   1.40406    3.110
 5177.00    1.56443   1.43284    3.110
 5178.00    1.31278   1.44444    3.110
 5179.00    1.31278   1.43864    3.110
 5180.00    1.43026   1.42073    3.110
 5181.00    1.51262   1.39748    3.110
 5182.00    1.51262   1.37520    3.110
 5183.00    1.22584   1.36141    3.110
 5184.00    1.22330   1.36087    3.110
 5185.00    1.20713   1.37936    3.110
 5186.00    1.18222   1.41440    3.110
 5187.00    1.18222   1.45726    3.110
 5188.00    1.37377   1.49692    3.110
 5189.00    1.42259   1.52711    3.110
 5190.00    1.44623   1.54797    3.110
 5191.00    1.54124   1.56156    3.110
 5192.00    1.54124   1.56893    3.110
 5193.00    1.58921   1.57412    0.000
 5194.00    1.62086   1.58219    0.000
 5195.00    1.62070   1.59544    0.000
 5196.00    1.58788   1.61247    0.000
 5197.00    1.58788   1.62950    0.000
 5198.00    1.60256   1.64369    0.000
 5199.00    1.62388   1.65212    0.000
 5200.00    1.62388   1.65097    0.000
 5201.00    1.90125   1.63837    0.000
 5202.00    1.96608   1.61569    0.000
 5203.00    1.89934   1.58531    3.110
 5204.00    1.65256   1.55105    3.110
 5205.00    1.65256   1.51764    3.110
 5206.00    1.88602   1.49047    3.110
 5207.00    2.03143   1.47610    3.110
 5208.00    2.02603   1.47732    3.110
 5209.00    1.74065   1.49296    3.110
 5210.00    1.74065   1.51985    3.110
 5211.00    1.63274   1.55509    3.110
 5212.00    1.48485   1.59409    3.110
 5213.00    1.48485   1.63330    3.110
 5214.00    1.63176   1.66719    3.110
 5215.00    1.66309   1.69445    3.110
 5216.00    1.58671   1.71477    3.110
 5217.00    1.32742   1.73099    3.110
 5218.00    1.32742   1.74495    3.110
 5219.00    1.50128   1.75598    3.110
 5220.00    1.60343   1.76161    3.110
 5221.00    1.61000   1.75824    3.110
 5222.00    1.80406   1.74551    3.110
 5223.00    1.80406   1.72524    3.110
 5224.00    1.72329   1.70127    3.110
 5225.00    1.61862   1.67886    3.110
 5226.00    1.61862   1.66114    3.110
 5227.00    2.07522   1.65131    3.110
 5228.00    2.16356   1.65177    3.110
 5229.00    2.08733   1.66183    3.110
 5230.00    1.84750   1.67946    3.110
 5231.00    1.84750   1.69843    3.110
 5232.00    1.71582   1.71639    3.110
 5233.00    1.64288   1.73264    3.110
 5234.00    1.65909   1.74871    3.110
 5235.00    1.98871   1.76596    3.110
 5236.00    1.98871   1.78531    3.110
 5237.00    2.06446   1.80454    3.110
 5238.00    2.15733   1.82092    3.110
 5239.00    2.15733   1.83284    3.110
 5240.00    1.98129   1.83996    3.110
 5241.00    1.95084   1.84282    3.110
 5242.00    2.02373   1.84062    3.110
 5243.00    2.23683   1.83375    3.110
 5244.00    2.23683   1.82326    3.110
 5245.00    2.12995   1.81113    3.110
 5246.00    2.07432   1.79677    3.110
 5247.00    2.05710   1.78012    3.110
 5248.00    1.78984   1.76457    3.110
 5249.00    1.78984   1.75318    3.110
 5250.00    1.80289   1.74784    3.110
 5251.00    1.81804   1.74677    3.110
 5252.00    1.81804   1.74998    3.110
 5253.00    1.70075   1.75835    3.110
 5254.00    1.68263   1.77089    3.110
 5255.00    1.67230   1.78373    3.110
 5256.00    1.64415   1.79392    3.110
 5257.00    1.64415   1.79977    3.110
 5258.00    1.77614   1.79857    3.110
 5259.00    1.84060   1.78727    3.110
 5260.00    1.83385   1.76358    3.110
 5261.00    1.74967   1.72905    3.110
 5262.00    1.74967   1.68755    3.110
 5263.00    1.66464   1.64407    3.110
 5264.00    1.57161   1.60210    3.110
 5265.00    1.57161   1.56499    3.110
 5266.00    1.71199   1.53457    3.110
 5267.00    1.73115   1.51611    0.000
 5268.00    1.77019   1.51046    0.000
 5269.00    1.86922   1.51577    0.000
 5270.00    1.86922   1.52855    0.000
 5271.00    1.63873   1.54931    0.000
 5272.00    1.53301   1.58243    0.000
 5273.00    1.53829   1.62405    0.000
 5274.00    1.59309   1.66794    0.000
 5275.00    1.59309   1.70705    3.110
 5276.00    1.61285   1.73997    3.110
 5277.00    1.63332   1.76661    3.110
 5278.00    1.63332   1.78631    3.110
 5279.00    2.00711   1.79858    3.110
 5280.00    2.05164   1.80313    3.110
 5281.00    1.73648   1.80321    3.110
 5282.00    0.99006   1.80356    3.110
 5283.00    0.99006   1.80820    3.110
 5284.00    1.31462   1.81811    3.110
 5285.00    1.45423   1.83378    3.110
 5286.00    1.52596   1.85537    3.110
 5287.00    2.15376   1.87794    3.110
 5288.00    2.15376   1.89755    3.110
 5289.00    1.99126   1.91032    3.110
 5290.00    1.83189   1.91637    3.110
 5291.00    1.83189   1.91615    3.110
 5292.00    1.86808   1.90829    3.110
 5293.00    1.87176   1.89175    3.110
 5294.00    1.82300   1.86984    3.110
 5295.00    1.71476   1.84582    3.110
 5296.00    1.71476   1.82273    3.110
 5297.00    1.80986   1.80244    3.110
 5298.00    1.84817   1.78647    3.110
 5299.00    1.81079   1.78132    3.110
 5300.00    1.52654   1.78878    3.110
 5301.00    1.52654   1.80597    3.110
 5302.00    1.51446   1.82763    3.110
 5303.00    1.50324   1.84991    3.110
 5304.00    1.50324   1.87278    3.110
 5305.00    1.87002   1.89551    3.110
 5306.00    1.90111   1.91439    3.110
 5307.00    1.94283   1.92786    3.110
 5308.00    2.02979   1.93586    3.110
 5309.00    2.02979   1.94105    3.110
 5310.00    2.30794   1.94459    3.110
 5311.00    2.41211   1.94552    3.110
 5312.00    2.31700   1.94306    3.110
 5313.00    1.67985   1.93744    3.110
 5314.00    1.67985   1.93059    3.110
 5315.00    1.64726   1.92330    3.110
 5316.00    1.61868   1.91602    3.110
 5317.00    1.61868   1.90786    3.110
 5318.00    2.06946   1.89921    3.110
 5319.00    2.10052   1.88903    3.110
 5320.00    2.21386   1.87586    3.110
 5321.00    2.43595   1.85881    3.110
 5322.00    2.43595   1.83725    3.110
 5323.00    2.02126   1.81066    3.110
 5324.00    1.87648   1.77852    3.110
 5325.00    1.74603   1.74584    3.110
 5326.00    0.96774   1.71855    3.110
 5327.00    0.96774   1.70077    3.110
 5328.00    1.32561   1.69079    3.110
 5329.00    1.62213   1.68949    3.110
 5330.00    1.62213   1.70307    3.110
 5331.00    2.36298   1.73040    3.110
 5332.00    2.40261   1.76563    3.110
 5333.00    2.18516   1.79698    3.110
 5334.00    1.78579   1.82199    3.110
 5335.00    1.78579   1.84070    3.110
 5336.00    1.74185   1.85096    3.110
 5337.00    1.72758   1.85207    3.110
 5338.00    1.78648   1.84613    3.110
 5339.00    2.10101   1.83801    3.110
 5340.00    2.10101   1.82936    3.110
 5341.00    1.65947   1.82141    3.110
 5342.00    1.31332   1.81685    3.110
 5343.00    1.31332   1.81737    3.110
 5344.00    1.45023   1.82162    3.110
 5345.00    1.45551   1.82496    3.110
 5346.00    1.61820   1.82763    3.110
 5347.00    1.89977   1.83186    3.110
 5348.00    1.89977   1.83934    3.110
 5349.00    1.89624   1.85030    3.110
 5350.00    1.89518   1.86408    3.110
 5351.00    1.78932   1.88203    3.110
 5352.00    1.27926   1.90396    3.110
 5353.00    1.27926   1.92700    3.110
 5354.00    1.23667   1.94783    3.110
 5355.00    1.20509   1.96442    3.110
 5356.00    1.20509   1.97769    3.110
 5357.00    2.51014   1.98552    3.110
 5358.00    2.54013   1.98693    3.110
 5359.00    2.42873   1.98195    3.110
 5360.00    2.24688   1.97182    3.110
 5361.00    2.24688   1.95750    3.110
 5362.00    1.58858   1.93981    3.110
 5363.00    1.40583   1.92051    3.110
 5364.00    1.45968   1.90096    3.110
 5365.00    1.69606   1.88072    3.110
 5366.00    1.69606   1.85921    3.110
 5367.00    1.48361   1.83784    3.110
 5368.00    1.33468   1.81859    3.110
 5369.00    1.33468   1.80386    3.110
 5370.00    1.80989   1.79562    3.110
 5371.00    1.81410   1.79404    3.110
 5372.00    1.86068   1.80147    3.110
 5373.00    1.93245   1.81813    3.110
 5374.00    1.93245   1.84339    3.110
 5375.00    2.11011   1.87221    3.110
 5376.00    2.15540   1.89788    3.110
 5377.00    1.99102   1.91713    3.110
 5378.00    1.33027   1.92958    3.110
 5379.00    1.33027   1.93680    3.110
 5380.00    1.27726   1.93916    3.110
 5381.00    1.24229   1.93773    3.110
 5382.00    1.24732   1.93458    3.110
 5383.00    2.27102   1.93088    3.110
 5384.00    2.27102   1.92770    3.110
 5385.00    2.20397   1.92452    3.110
 5386.00    2.10657   1.92110    3.110
 5387.00    2.10657   1.91631    3.110
 5388.00    1.74559   1.90846    3.110
 5389.00    1.66121   1.89699    3.110
 5390.00    1.88446   1.88253    3.110
 5391.00    2.70984   1.86676    3.110
 5392.00    2.70984   1.85035    3.110
 5393.00    2.37225   1.83430    3.110
 5394.00    2.16199   1.81928    3.110
 5395.00    2.13386   1.80861    3.110
 5396.00    0.64598   1.80230   -1.000
 5397.00    0.64598   1.79909   -1.000
 5398.00    1.25974   1.79869    3.110
 5399.00    2.10082   1.80088    3.110
 5400.00    2.10082   1.80484    3.110
 5401.00    2.17094   1.80448    3.110
 5402.00    2.18589   1.79839    3.110
 5403.00    2.00255   1.78830    3.110
 5404.00    1.38012   1.77719    3.110
 5405.00    1.38012   1.76479    3.110
 5406.00    1.65542   1.75439    3.110
 5407.00    1.81719   1.75003    3.110
 5408.00    1.83319   1.75604    3.110
 5409.00    2.30641   1.77047    3.110
 5410.00    2.30641   1.78815    3.110
 5411.00    2.36185   1.80801    3.110
 5412.00    2.43371   1.83202    3.110
 5413.00    2.43371   1.85856    3.110
 5414.00    1.93442   1.88408    3.110
 5415.00    1.83782   1.90432    3.110
 5416.00    1.70995   1.91984    3.110
 5417.00    1.30770   1.93232    3.110
 5418.00    1.30770   1.94081    3.110
 5419.00    1.62386   1.94470    3.110
 5420.00    1.79898   1.94380    3.110
 5421.00    1.84266   1.93985    3.110
 5422.00    2.73090   1.93523    3.110
 5423.00    2.73090   1.93148    3.110
 5424.00    2.69010   1.92605    3.110
 5425.00    2.64008   1.91751    3.110
 5426.00    2.64008   1.90650    3.110
 5427.00    2.36804   1.89576    3.110
 5428.00    2.32099   1.88469    3.110
 5429.00    2.22813   1.86989    3.110
 5430.00    1.95665   1.85333    3.110
 5431.00    1.95665   1.83868    3.110
 5432.00    1.90066   1.83167    3.110
 5433.00    1.87152   1.83194    3.110
 5434.00    1.86327   1.83739    3.110
 5435.00    1.73533   1.84841    3.110
 5436.00    1.73533   1.86565    3.110
 5437.00    1.60969   1.88895    3.110
 5438.00    1.46392   1.91494    3.110
 5439.00    1.46392   1.93860    3.110
 5440.00    1.77370   1.95593    3.110
 5441.00    1.82154   1.96418    3.110
 5442.00    1.68985   1.96233    3.110
 5443.00    1.33117   1.95078    3.110
 5444.00    1.33117   1.93191    3.110
 5445.00    1.88080   1.91014    3.110
 5446.00    2.14923   1.88798    3.110
 5447.00    2.13778   1.86941    3.110
 5448.00    1.99507   1.85583    3.110
 5449.00    1.99507   1.84999    3.110
 5450.00    1.72807   1.84879    3.110
 5451.00    1.43596   1.84759    3.110
 5452.00    1.43596   1.84376    3.110
 5453.00    0.55338   1.83923   -1.000
 5454.00    0.43289   1.83607   -1.000
 5455.00    0.72821   1.83426   -1.000
 5456.00    1.47747   1.83368    3.110
 5457.00    1.47747   1.83630    3.110
 5458.00    1.73147   1.84388    3.110
 5459.00    1.84798   1.85270    3.110
 5460.00    1.86224   1.86023    3.110
 5461.00    2.01013   1.86469    3.110
 5462.00    2.01013   1.86815    3.110
 5463.00    2.01714   1.87125    3.110
 5464.00    2.02441   1.87521    3.110
 5465.00    2.02441   1.88046    3.110
 5466.00    1.84508   1.88647    3.110
 5467.00    1.82372   1.89182    3.110
 5468.00    1.95847   1.89493    3.110
 5469.00    2.27761   1.89521    3.110
 5470.00    2.27761   1.89191    3.110
 5471.00    2.23256   1.88428    3.110
 5472.00    2.21318   1.87309    3.110
 5473.00    2.19271   1.86004    3.110
 5474.00    2.01358   1.84699    3.110
 5475.00    2.01358   1.83619    3.110
 5476.00    1.65313   1.82899    3.110
 5477.00    1.29965   1.82468    3.110
 5478.00    1.29965   1.82454    3.110
 5479.00    1.16345   1.82988    3.110
 5480.00    1.14961   1.84071    3.110
 5481.00    1.37962   1.85277    3.110
 5482.00    1.89028   1.86366    3.110
 5483.00    1.89028   1.87444    3.110
 5484.00    2.01790   1.88503    3.110
 5485.00    2.06930   1.89500    3.110
 5486.00    2.04803   1.90228    3.110
 5487.00    1.88622   1.90705    3.110
 5488.00    1.88622   1.90964    3.110
 5489.00    1.55840   1.91142    3.110
 5490.00    1.25403   1.91352    3.110
 5491.00    1.25403   1.91593    3.110
 5492.00    2.01325   1.91737    3.110
 5493.00    2.07759   1.91703    3.110
 5494.00    2.12412   1.91501    3.110
 5495.00    2.22110   1.91207    3.110
 5496.00    2.22110   1.90852    3.110
 5497.00    2.02751   1.90339    3.110
 5498.00    1.95501   1.89645    3.110
 5499.00    1.87566   1.88928    3.110
 5500.00    1.34406   1.88375    3.110
 5501.00    1.34406   1.87872    3.110
 5502.00    1.27428   1.87196    3.110
 5503.00    1.21319   1.86476    3.110
 5504.00    1.21319   1.86010    3.110
 5505.00    1.60404   1.85802    3.110
 5506.00    1.63096   1.85634    3.110
 5507.00    1.73214   1.85375    3.110
 5508.00    1.93039   1.85092    3.110
 5509.00    1.93039   1.84922    3.110
 5510.00    1.85473   1.84696    3.110
 5511.00    1.82832   1.84436    3.110
 5512.00    1.79742   1.84143    3.110
 5513.00    1.61305   1.84085    3.110
 5514.00    1.61305   1.84453    3.110
 5515.00    2.06069   1.85396    3.110
 5516.00    2.43159   1.86792    3.110
 5517.00    2.43159   1.88437    3.110
 5518.00    2.71461   1.90162    3.110
 5519.00    2.72975   1.91799    3.110
 5520.00    2.56406   1.93120    3.110
 5521.00    2.25976   1.93920    3.110
 5522.00    2.25976   1.94103    3.110
 5523.00    2.21263   1.93742    3.110
 5524.00    2.19732   1.92948    3.110
 5525.00    2.21974   1.91873    3.110
 5526.00    2.33902   1.90726    3.110
 5527.00    2.33902   1.89820    3.110
 5528.00    1.94110   1.89170    3.110
 5529.00    1.62915   1.88905    3.110
 5530.00    1.62915   1.89059    3.110
 5531.00    2.07196   1.89713    3.110
 5532.00    2.08903   1.90449    3.110
 5533.00    1.99708   1.91104    3.110
 5534.00    1.83794   1.91672    3.110
 5535.00    1.83794   1.92222    3.110
 5536.00    2.07109   1.92731    3.110
 5537.00    2.14130   1.93257    3.110
 5538.00    2.24071   1.93815    3.110
 5539.00    2.71970   1.94294    3.110
 5540.00    2.71970   1.94679    3.110
 5541.00    2.26507   1.95058    3.110
 5542.00    1.92797   1.95409    3.110
 5543.00    1.92797   1.95612    3.110
 5544.00    2.18317   1.95749    3.110
 5545.00    2.18904   1.96009    3.110
 5546.00    2.02167   1.96475    3.110
 5547.00    1.74846   1.96968    3.110
 5548.00    1.74846   1.97426    3.110
 5549.00    2.54534   1.97868    3.110
 5550.00    2.76593   1.98231    3.110
 5551.00    2.60566   1.98307    3.110
 5552.00    1.90219   1.98179    3.110
 5553.00    1.90219   1.97909    3.110
 5554.00    2.06357   1.97522    3.110
 5555.00    2.17669   1.97068    3.110
 5556.00    2.17669   1.96704    3.110
 5557.00    1.82305   1.96402    3.110
 5558.00    1.81991   1.96037    3.110
 5559.00    1.80865   1.95595    3.110
 5560.00    1.79129   1.95150    3.110
 5561.00    1.79129   1.94644    3.110
 5562.00    1.75894   1.93987    3.110
