 2894.00    0.45346   0.50092    4.005
 2895.00    0.61878   0.50331    4.005
 2896.00    0.69819   0.50479    4.005
 2897.00    0.70650   0.50627    4.005
 2898.00    0.71411   0.50898    4.005
 2899.00    0.69786   0.51466    4.005
 2900.00    0.67009   0.52533    4.005
 2901.00    0.69903   0.54256    4.005
 2902.00    0.80414   0.56631    4.005
 2903.00    0.78116   0.59422    4.005
 2904.00    0.43633   0.62219    4.005
 2905.00    0.43633   0.64607    4.005
 2906.00    0.67110   0.66345    4.005
 2907.00    0.69455   0.67425    4.005
 2908.00    0.98864   0.67998    4.005
 2909.00    1.08351   0.68258    4.005
 2910.00    0.88546   0.68361    4.005
 2911.00    0.75496   0.68396    4.005
 2912.00    0.56140   0.68407    4.005
 2913.00    0.32454   0.68404    4.005
 2914.00    0.42607   0.68378    4.005
 2915.00    0.66708   0.68299    4.005
 2916.00    0.69983   0.68110    4.005
 2917.00    0.89596   0.67729    4.005
 2918.00    0.89596   0.67077    4.005
 2919.00    0.44824   0.66118    4.005
 2920.00    0.44360   0.64911    4.005
 2921.00    0.56058   0.63605    4.005
 2922.00    0.58341   0.62393    4.005
 2923.00    0.69349   0.61426    4.005
 2924.00    0.74449   0.60764    4.005
 2925.00    0.53660   0.60377    4.005
 2926.00    0.35244   0.60183    4.005
 2927.00    0.15956   0.60101    4.005
 2928.00   -0.15924   0.60073    0.000
 2929.00   -0.02014   0.60067    0.000
 2930.00    0.46275   0.60068    4.005
 2931.00    0.49189   0.60071    4.005
 2932.00    0.87722   0.60073    4.005
 2933.00    0.87722   0.60072    4.005
 2934.00    0.24622   0.60061    4.005
 2935.00    0.18928   0.60024    4.005
 2936.00    0.45287   0.59934    4.005
 2937.00    0.53433   0.59753    4.005
 2938.00    0.62939   0.59444    4.005
 2939.00    0.68996   0.58991    4.005
 2940.00    0.55270   0.58421    4.005
 2941.00    0.38995   0.57805    4.005
 2942.00    0.43975   0.57232    4.005
 2943.00    0.55365   0.56773    4.005
 2944.00    0.49236   0.56459    4.005
 2945.00    0.14743   0.56274    4.005
 2946.00    0.14743   0.56181    4.005
 2947.00    0.45802   0.56143    4.005
 2948.00    0.45870   0.56130    4.005
 2949.00    0.48471   0.56129    4.005
 2950.00    0.48950   0.56131    4.005
 2951.00    0.53869   0.56135    4.005
 2952.00    0.56065   0.56140    4.005
 2953.00    0.53529   0.56149    4.005
 2954.00    0.51352   0.56168    4.005
 2955.00    0.51832   0.56212    4.005
 2956.00    0.52600   0.56308    4.005
 2957.00    0.55110   0.56492    4.005
 2958.00    0.63444   0.56799    4.005
 2959.00    0.64532   0.57244    4.005
 2960.00    0.77324   0.57800    4.005
 2961.00    0.77324   0.58400    4.005
 2962.00    0.75691   0.58960    4.005
 2963.00    0.75558   0.59411    4.005
 2964.00    0.25439   0.59724    4.005
 2965.00    0.10635   0.59913    4.005
 2966.00    0.43092   0.60012    4.005
 2967.00    0.63100   0.60058    4.005
 2968.00    0.72554   0.60078    4.005
 2969.00    0.83416   0.60087    4.005
 2970.00    0.70517   0.60092    4.005
 2971.00    0.42075   0.60097    4.005
 2972.00    0.39629   0.60101    4.005
 2973.00    0.26686   0.60106    4.005
 2974.00    0.27008   0.60114    4.005
 2975.00    0.83876   0.60127    4.005
 2976.00    0.83876   0.60153    4.005
 2977.00    0.83076   0.60199    4.005
 2978.00    0.82938   0.60274    4.005
 2979.00    0.43910   0.60380    4.005
 2980.00    0.27122   0.60511    4.005
 2981.00    0.23514   0.60653    4.005
 2982.00    0.20513   0.60786    4.005
 2983.00    0.30024   0.60893    4.005
 2984.00    0.44739   0.60970    4.005
 2985.00    0.44722   0.61017    4.005
 2986.00    0.44666   0.61044    4.005
 2987.00    0.44780   0.61058    4.005
 2988.00    0.45991   0.61065    4.005
 2989.00    0.45991   0.61071    4.005
 2990.00    0.31953   0.61075    4.005
 2991.00    0.30947   0.61079    4.005
 2992.00    0.43540   0.61084    4.005
 2993.00    0.47096   0.61089    4.005
 2994.00    0.66203   0.61099    4.005
 2995.00    0.77597   0.61116    4.005
 2996.00    0.47601   0.61150    4.005
 2997.00    0.14200   0.61212    4.005
 2998.00    0.32107   0.61311    4.005
 2999.00    0.70148   0.61454    4.005
 3000.00    0.71300   0.61630    4.005
 3001.00    0.77055   0.61820    4.005
 3002.00    0.76649   0.61997    4.005
 3003.00    0.47362   0.62142    4.005
 3004.00    0.47362   0.62245    4.005
 3005.00    0.19912   0.62308    4.005
 3006.00    0.15456   0.62343    4.005
 3007.00    0.62728   0.62362    4.005
 3008.00    0.82316   0.62371    4.005
 3009.00    0.68076   0.62377    4.005
 3010.00    0.56598   0.62382    4.005
 3011.00    0.55588   0.62386    4.005
 3012.00    0.54077   0.62391    4.005
 3013.00    0.58973   0.62399    4.005
 3014.00    0.73875   0.62415    4.005
 3015.00    0.73406   0.62449    4.005
 3016.00    0.68892   0.62520    4.005
 3017.00    0.68892   0.62651    4.005
 3018.00    0.96812   0.62866    4.005
 3019.00    0.98565   0.63172    4.005
 3020.00    0.48460   0.63551    4.005
 3021.00    0.34947   0.63960    4.005
 3022.00    0.42441   0.64343    4.005
 3023.00    0.46762   0.64655    4.005
 3024.00    0.52400   0.64876    4.005
 3025.00    0.58478   0.65012    4.005
 3026.00    0.56776   0.65086    4.005
 3027.00    0.53288   0.65122    4.005
 3028.00    0.47698   0.65138    4.005
 3029.00    0.21311   0.65147    4.005
 3030.00    0.22282   0.65152    4.005
 3031.00    0.66511   0.65157    4.005
 3032.00    0.66511   0.65162    4.005
 3033.00    0.55650   0.65168    4.005
 3034.00    0.54001   0.65180    4.005
 3035.00    0.57077   0.65202    4.005
 3036.00    0.58305   0.65245    4.005
 3037.00    0.56078   0.65324    4.005
 3038.00    0.54341   0.65452    4.005
 3039.00    0.46474   0.65631    4.005
 3040.00    0.35079   0.65853    4.005
 3041.00    0.38963   0.66092    4.005
 3042.00    0.50286   0.66317    4.005
 3043.00    0.50462   0.66500    4.005
 3044.00    0.52004   0.66631    4.005
 3045.00    0.52004   0.66714    4.005
 3046.00    0.84218   0.66759    4.005
 3047.00    0.85959   0.66783    4.005
 3048.00    0.54584   0.66794    4.005
 3049.00    0.46513   0.66801    4.005
 3050.00    0.27889   0.66806    4.005
 3051.00    0.17518   0.66812    4.005
 3052.00    0.19791   0.66819    4.005
 3053.00    0.22166   0.66834    4.005
 3054.00    0.27674   0.66870    4.005
 3055.00    0.38562   0.66954    4.005
 3056.00    0.41926   0.67130    4.005
 3057.00    0.56981   0.67459    4.005
 3058.00    0.56751   0.67993    4.005
 3059.00    0.49128   0.68751    4.005
 3060.00    0.49128   0.69687    4.005
 3061.00    0.56525   0.70696    4.005
 3062.00    0.57573   0.71644    4.005
 3063.00    0.85352   0.72420    4.005
 3064.00    0.96000   0.72973    4.005
 3065.00    0.89912   0.73317    4.005
 3066.00    0.85312   0.73503    4.005
 3067.00    0.69295   0.73592    4.005
 3068.00    0.46858   0.73630    4.005
 3069.00    0.45605   0.73647    4.005
 3070.00    0.42099   0.73655    4.005
 3071.00    0.42885   0.73660    4.005
 3072.00    0.49251   0.73665    4.005
 3073.00    0.49251   0.73670    4.005
 3074.00    0.59403   0.73676    4.005
 3075.00    0.59864   0.73684    4.005
 3076.00    0.62816   0.73694    4.005
 3077.00    0.63537   0.73710    4.005
 3078.00    0.56225   0.73733    4.005
 3079.00    0.52290   0.73764    4.005
 3080.00    0.53925   0.73801    4.005
 3081.00    0.55580   0.73840    4.005
 3082.00    0.60349   0.73877    4.005
 3083.00    0.69455   0.73909    4.005
 3084.00    0.69460   0.73932    4.005
 3085.00    0.69483   0.73949    4.005
 3086.00    0.69112   0.73960    4.005
 3087.00    0.59498   0.73968    4.005
 3088.00    0.59498   0.73973    4.005
 3089.00    0.45637   0.73979    4.005
 3090.00    0.43819   0.73984    4.005
 3091.00    0.64041   0.73990    4.005
 3092.00    0.71493   0.73999    4.005
 3093.00    0.61037   0.74018    4.005
 3094.00    0.53392   0.74066    4.005
 3095.00    0.49845   0.74177    4.005
 3096.00    0.45032   0.74410    4.005
 3097.00    0.40621   0.74838    4.005
 3098.00    0.28757   0.75525    4.005
 3099.00    0.36084   0.76493    4.005
 3100.00    0.91025   0.77681    4.005
 3101.00    0.91025   0.78962    4.005
 3102.00    0.81469   0.80168    4.005
 3103.00    0.81118   0.81163    4.005
 3104.00    0.87246   0.81880    4.005
 3105.00    0.88671   0.82331    4.005
 3106.00    0.93612   0.82578    4.005
 3107.00    0.96178   0.82697    4.005
 3108.00    0.63743   0.82748    4.005
 3109.00    0.31934   0.82770    4.005
 3110.00    0.43617   0.82779    4.005
 3111.00    0.65166   0.82785    4.005
 3112.00    0.62172   0.82788    4.005
 3113.00    0.50061   0.82783    4.005
 3114.00    0.51358   0.82760    4.005
 3115.00    0.78783   0.82697    4.005
 3116.00    0.78783   0.82557    4.005
 3117.00    1.23150   0.82295    4.005
 3118.00    1.28530   0.81871    4.005
 3119.00    0.73289   0.81274    4.005
 3120.00    0.53756   0.80540    4.005
 3121.00    0.34656   0.79749    4.005
 3122.00    0.21131   0.79004    4.005
 3123.00    0.36495   0.78388    4.005
 3124.00    0.56684   0.77944    4.005
 3125.00    0.62310   0.77666    4.005
 3126.00    0.76862   0.77517    4.005
 3127.00    0.74277   0.77448    4.005
 3128.00    0.56303   0.77423    4.005
 3129.00    0.56303   0.77417    4.005
 3130.00    0.60676   0.77419    4.005
 3131.00    0.60800   0.77423    4.005
 3132.00    0.52906   0.77429    4.005
 3133.00    0.51166   0.77438    4.005
 3134.00    0.51575   0.77455    4.005
 3135.00    0.51781   0.77490    4.005
 3136.00    0.71293   0.77559    4.005
 3137.00    0.89838   0.77680    4.005
 3138.00    0.78370   0.77870    4.005
 3139.00    0.57926   0.78133    4.005
 3140.00    0.55729   0.78455    4.005
 3141.00    0.47276   0.78801    4.005
 3142.00    0.48285   0.79128    4.005
 3143.00    0.66325   0.79400    4.005
 3144.00    0.66325   0.79599    4.005
 3145.00    0.80959   0.79727    4.005
 3146.00    0.82587   0.79800    4.005
 3147.00    0.51130   0.79837    4.005
 3148.00    0.40453   0.79856    4.005
 3149.00    0.49750   0.79865    4.005
 3150.00    0.56124   0.79872    4.005
 3151.00    0.75269   0.79878    4.005
 3152.00    0.99641   0.79886    4.005
 3153.00    0.86152   0.79901    4.005
 3154.00    0.52617   0.79935    4.005
 3155.00    0.58670   0.80009    4.005
 3156.00    0.97945   0.80158    4.005
 3157.00    0.97945   0.80426    4.005
 3158.00    0.09630   0.80848    4.005
 3159.00    0.07871   0.81433    4.005
 3160.00    0.31580   0.82146    4.005
 3161.00    0.36535   0.82912    4.005
 3162.00    0.44223   0.83638    4.005
 3163.00    0.47945   0.84244    4.005
 3164.00    0.59036   0.84688    4.005
 3165.00    0.69253   0.84973    4.005
 3166.00    0.69628   0.85133    4.005
 3167.00    0.70274   0.85213    4.005
 3168.00    0.75986   0.85249    4.005
 3169.00    0.96956   0.85265    4.005
 3170.00    0.94590   0.85273    4.005
 3171.00    0.58196   0.85277    4.005
 3172.00    0.58196   0.85276    4.005
 3173.00    0.70885   0.85258    4.005
 3174.00    0.72175   0.85197    4.005
 3175.00    0.73361   0.85045    4.005
 3176.00    0.73748   0.84723    4.005
 3177.00    0.83871   0.84138    4.005
 3178.00    0.90590   0.83210    4.005
 3179.00    0.90190   0.81926    4.005
 3180.00    0.89698   0.80360    4.005
 3181.00    0.70208   0.78677    4.005
 3182.00    0.23559   0.77080    4.005
 3183.00    0.29952   0.75746    4.005
 3184.00    0.68708   0.74768    4.005
 3185.00    0.68708   0.74141    4.005
 3186.00    0.63461   0.73794    4.005
 3187.00    0.63399   0.73627    4.005
 3188.00    0.42990   0.73561    4.005
 3189.00    0.38956   0.73542    4.005
 3190.00    0.38883   0.73539    4.005
 3191.00    0.38848   0.73542    4.005
 3192.00    0.47660   0.73550    4.005
 3193.00    0.55519   0.73570    4.005
 3194.00    0.70953   0.73617    4.005
 3195.00    0.96650   0.73724    4.005
 3196.00    0.94369   0.73939    4.005
 3197.00    0.86384   0.74323    4.005
 3198.00    0.86579   0.74922    4.005
 3199.00    0.89223   0.75745    4.005
 3200.00    0.89223   0.76744    4.005
 3201.00    1.16497   0.77817    4.005
 3202.00    1.19013   0.78837    4.005
 3203.00    1.01938   0.79694    4.005
 3204.00    0.96611   0.80328    4.005
 3205.00    0.81471   0.80739    4.005
 3206.00    0.71755   0.80973    4.005
 3207.00    0.88762   0.81089    4.005
 3208.00    1.09067   0.81138    4.005
 3209.00    1.04698   0.81159    4.005
 3210.00    0.94636   0.81169    4.005
 3211.00    0.86670   0.81173    4.005
 3212.00    0.41322   0.81171    4.005
 3213.00    0.41322   0.81153    4.005
 3214.00    0.80820   0.81089    4.005
 3215.00    0.80975   0.80930    4.005
 3216.00    0.83606   0.80600    4.005
 3217.00    0.84096   0.80007    4.005
 3218.00    0.74533   0.79079    4.005
 3219.00    0.70230   0.77805    4.005
 3220.00    0.74902   0.76261    4.005
 3221.00    0.78939   0.74602    4.005
 3222.00    0.84522   0.73023    4.005
 3223.00    0.93505   0.71694    4.005
 3224.00    0.86828   0.70709    4.005
 3225.00    0.64471   0.70070    4.005
 3226.00    0.64902   0.69707    4.005
 3227.00    0.70094   0.69535    4.005
 3228.00    0.70094   0.69471    4.005
 3229.00    0.64086   0.69447    4.005
 3230.00    0.63587   0.69443    4.005
 3231.00    0.57535   0.69450    4.005
 3232.00    0.55729   0.69470    4.005
 3233.00    0.55725   0.69521    4.005
 3234.00    0.55723   0.69665    4.005
 3235.00    0.54090   0.70007    4.005
 3236.00    0.52203   0.70695    4.005
 3237.00    0.58844   0.71911    4.005
 3238.00    0.73587   0.73795    4.005
 3239.00    0.75075   0.76365    4.005
 3240.00    0.83048   0.79468    4.005
 3241.00    0.83113   0.82798    4.005
 3242.00    0.99635   0.85975    4.005
 3243.00    0.99635   0.88662    4.005
 3244.00    0.56715   0.90667    4.005
 3245.00    0.49190   0.91989    4.005
 3246.00    0.60441   0.92741    4.005
 3247.00    0.65320   0.93096    4.005
 3248.00    0.89863   0.93248    4.005
 3249.00    1.10399   0.93313    4.005
 3250.00    1.10161   0.93342    4.005
 3251.00    1.09791   0.93357    4.005
 3252.00    0.96804   0.93376    4.005
 3253.00    0.55177   0.93411    4.005
 3254.00    0.57470   0.93499    4.005
 3255.00    0.82318   0.93707    4.005
 3256.00    0.82318   0.94123    4.005
 3257.00    0.82750   0.94850    4.005
 3258.00    0.82782   0.95967    4.005
 3259.00    0.79270   0.97482    4.005
 3260.00    0.78268   0.99307    4.005
 3261.00    0.95946   1.01263    4.005
 3262.00    1.06553   1.03133    4.005
 3263.00    1.02777   1.04721    4.005
 3264.00    0.98548   1.05913    4.005
 3265.00    0.98408   1.06710    4.005
 3266.00    0.98108   1.07161    4.005
 3267.00    0.96099   1.07371    4.005
 3268.00    0.85935   1.07468    4.005
 3269.00    0.86231   1.07513    4.005
 3270.00    1.10646   1.07533    4.005
 3271.00    1.10646   1.07543    4.005
 3272.00    0.97900   1.07550    4.005
 3273.00    0.95801   1.07554    4.005
 3274.00    0.87257   1.07552    4.005
 3275.00    0.83691   1.07540    4.005
 3276.00    0.95534   1.07508    4.005
 3277.00    1.05136   1.07449    4.005
 3278.00    0.99161   1.07353    4.005
 3279.00    0.90159   1.07222    4.005
 3280.00    0.94434   1.07064    4.005
 3281.00    1.07564   1.06893    4.005
 3282.00    1.07343   1.06730    4.005
 3283.00    1.05177   1.06593    4.005
 3284.00    1.05177   1.06490    4.005
 3285.00    1.12334   1.06423    4.005
 3286.00    1.12797   1.06389    4.005
 3287.00    0.71176   1.06376    4.005
 3288.00    0.59853   1.06374    4.005
 3289.00    0.88469   1.06376    4.005
 3290.00    1.05073   1.06381    4.005
 3291.00    1.04962   1.06385    4.005
 3292.00    1.04842   1.06387    4.005
 3293.00    0.99896   1.06381    4.005
 3294.00    0.89680   1.06358    4.005
 3295.00    0.90056   1.06288    4.005
 3296.00    0.91853   1.06139    4.005
 3297.00    0.92435   1.05878    4.005
 3298.00    1.21320   1.05477    4.005
 3299.00    1.21320   1.04934    4.005
 3300.00    0.97318   1.04284    4.005
 3301.00    0.93627   1.03586    4.005
 3302.00    1.07897   1.02917    4.005
 3303.00    1.13631   1.02346    4.005
 3304.00    1.02627   1.01910    4.005
 3305.00    0.93984   1.01621    4.005
 3306.00    1.10933   1.01465    4.005
 3307.00    1.35654   1.01392    4.005
 3308.00    1.25351   1.01356    4.005
 3309.00    0.95037   1.01331    4.005
 3310.00    0.94966   1.01296    4.005
 3311.00    0.94333   1.01209    4.005
 3312.00    0.94333   1.01027    4.005
 3313.00    0.90867   1.00711    4.005
 3314.00    0.90674   1.00230    4.005
 3315.00    0.87216   0.99586    4.005
 3316.00    0.86319   0.98821    4.005
 3317.00    0.99173   0.98019    4.005
 3318.00    1.06384   0.97288    4.005
 3319.00    1.04084   0.96762    4.005
 3320.00    1.01664   0.96566    4.005
 3321.00    0.98239   0.96789    4.005
 3322.00    0.91417   0.97439    4.005
 3323.00    0.94922   0.98412    4.005
 3324.00    1.10789   0.99563    4.005
 3325.00    1.10486   1.00741    4.005
 3326.00    0.99908   1.01813    4.005
 3327.00    0.99908   1.02698    4.005
 3328.00    0.71049   1.03374    4.005
 3329.00    0.66908   1.03819    4.005
 3330.00    1.03164   1.03970    4.005
 3331.00    1.17181   1.03780    4.005
 3332.00    1.03001   1.03200    4.005
 3333.00    0.92210   1.02197    4.005
 3334.00    0.95521   1.00826    4.005
 3335.00    1.00191   0.99269    4.005
 3336.00    0.97069   0.97848    4.005
 3337.00    0.88249   0.96895    4.005
 3338.00    0.86182   0.96649    4.005
 3339.00    0.69182   0.97167    4.005
 3340.00    0.69182   0.98347    4.005
 3341.00    1.00892   0.99953    4.005
 3342.00    1.02383   1.01678    4.005
 3343.00    1.24523   1.03235    4.005
 3344.00    1.29997   1.04385    4.005
 3345.00    0.87604   1.05003    4.005
 3346.00    0.64620   1.05055    4.005
 3347.00    0.74578   1.04618    4.005
 3348.00    0.84722   1.03908    4.005
 3349.00    0.79564   1.03225    4.005
 3350.00    0.69641   1.02885    4.005
 3351.00    0.70541   1.03052    4.005
 3352.00    0.74402   1.03670    4.005
 3353.00    0.74953   1.04389    4.005
 3354.00    0.89875   1.04716    4.005
 3355.00    0.89875   1.04113    4.005
 3356.00    1.08154   1.02330    4.005
 3357.00    1.10592   0.99472    4.005
 3358.00    0.84904   0.95994    4.005
 3359.00    0.75355   0.92554    4.005
 3360.00    0.75951   0.89792    4.005
 3361.00    0.76390   0.88154    4.005
 3362.00    0.80695   0.87771    4.005
 3363.00    0.86576   0.88360    4.005
 3364.00    0.89105   0.89387    4.005
 3365.00    0.95957   0.90119    4.005
 3366.00    0.95117   0.90047    4.005
 3367.00    0.88727   0.88994    4.005
 3368.00    0.88727   0.87237    4.005
 3369.00    0.99067   0.85371    4.005
 3370.00    0.99466   0.84072    4.005
 3371.00    0.74319   0.83893    4.005
 3372.00    0.68404   0.84966    4.005
 3373.00    0.75810   0.87092    4.005
 3374.00    0.79684   0.89760    4.005
 3375.00    0.92897   0.92398    4.005
 3376.00    1.05942   0.94504    4.005
 3377.00    1.17049   0.95769    4.005
 3378.00    1.37668   0.96141    4.005
 3379.00    1.31239   0.95876    4.005
 3380.00    1.04995   0.95420    4.005
 3381.00    1.04273   0.95271    4.005
 3382.00    0.88363   0.95779    4.005
 3383.00    0.88363   0.97050    4.005
 3384.00    1.00880   0.98847    4.005
 3385.00    1.02425   1.00756    4.005
 3386.00    0.93157   1.02300    4.005
 3387.00    0.89851   1.03166    4.005
 3388.00    0.90786   1.03243    4.005
 3389.00    0.91452   1.02645    4.005
 3390.00    1.15102   1.01615    4.005
 3391.00    1.46367   1.00575    4.005
 3392.00    1.25689   0.99927    4.005
 3393.00    0.71811   1.00028    4.005
 3394.00    0.79005   1.01074    4.005
 3395.00    1.29815   1.03074    4.005
 3396.00    1.29815   1.05823    4.005
 3397.00    1.07545   1.08840    4.005
 3398.00    1.06873   1.11513    4.005
 3399.00    1.15584   1.13341    4.005
 3400.00    1.17528   1.14024    4.005
 3401.00    1.13795   1.13561    4.005
 3402.00    1.11909   1.12124    4.005
 3403.00    0.88037   1.10011    4.005
 3404.00    0.65214   1.07617    4.005
 3405.00    0.87118   1.05312    4.005
 3406.00    1.26414   1.03386    4.005
 3407.00    1.19833   1.01937    4.005
 3408.00    0.94244   1.00888    4.005
 3409.00    0.95989   1.00105    4.005
 3410.00    1.28279   0.99450    4.005
 3411.00    1.28279   0.98905    4.005
 3412.00    0.99796   0.98498    4.005
 3413.00    0.96568   0.98351    4.005
 3414.00    1.15413   0.98599    4.005
 3415.00    1.21868   0.99424    4.005
 3416.00    0.95746   1.00943    4.005
 3417.00    0.77729   1.03073    4.005
 3418.00    0.88174   1.05457    4.005
 3419.00    1.01549   1.07628    4.005
 3420.00    0.98367   1.09169    4.005
 3421.00    0.90391   1.09887    4.005
 3422.00    0.98682   1.09856    4.005
 3423.00    1.53285   1.09369    4.005
 3424.00    1.53285   1.08850    4.005
 3425.00    1.39181   1.08730    4.005
 3426.00    1.38875   1.09220    4.005
 3427.00    1.19931   1.10207    4.005
 3428.00    1.15925   1.11318    4.005
 3429.00    1.29187   1.12205    4.005
 3430.00    1.35650   1.12662    4.005
 3431.00    1.23199   1.12576    4.005
 3432.00    1.11662   1.11899    4.005
 3433.00    1.12793   1.10581    4.005
 3434.00    1.14755   1.08720    4.005
 3435.00    1.20220   1.06432    4.005
 3436.00    1.40484   1.03761    4.005
 3437.00    1.37825   1.00645    4.005
 3438.00    0.95665   0.97020    4.005
 3439.00    0.95665   0.93074    4.005
 3440.00    0.86542   0.89252    4.005
 3441.00    0.85595   0.86114    4.005
 3442.00    0.92798   0.84150    4.005
 3443.00    0.95162   0.83708    4.005
 3444.00    0.88660   0.84851    4.005
 3445.00    0.84317   0.87407    4.005
 3446.00    0.90580   0.90912    4.005
 3447.00    0.98350   0.94752    4.005
 3448.00    0.90037   0.98371    4.005
 3449.00    0.69975   1.01397    4.005
 3450.00    0.74322   1.03625    4.005
 3451.00    1.01051   1.05012    4.005
 3452.00    1.01051   1.05554    4.005
 3453.00    1.00000   1.05301    4.005
 3454.00    0.99986   1.04381    4.005
 3455.00    0.50495   1.03042    4.005
 3456.00    0.40609   1.01451    4.005
 3457.00    0.72536   0.99701    4.005
 3458.00    0.87549   0.97899    4.005
 3459.00    1.19408   0.96277    4.005
 3460.00    1.48019   0.95159    4.005
 3461.00    1.31094   0.94724    4.005
 3462.00    1.02708   0.95101    4.005
 3463.00    1.04141   0.96177    4.005
 3464.00    1.09206   0.97806    4.005
 3465.00    1.08848   0.99746    4.005
 3466.00    1.03876   1.01703    4.005
 3467.00    1.03876   1.03345    4.005
 3468.00    1.16994   1.04524    4.005
 3469.00    1.18227   1.05111    4.005
 3470.00    1.20760   1.04922    4.005
 3471.00    1.21556   1.03845    4.005
 3472.00    1.13240   1.01894    4.005
 3473.00    1.07865   0.99435    4.005
 3474.00    1.08956   0.96976    4.005
 3475.00    1.10267   0.95076    4.005
 3476.00    1.10855   0.94095    4.005
 3477.00    1.12219   0.94212    4.005
 3478.00    1.07371   0.95258    4.005
 3479.00    0.79399   0.96922    4.005
 3480.00    0.79399   0.98715    4.005
 3481.00    0.98371   1.00282    4.005
 3482.00    0.98474   1.01441    4.005
 3483.00    1.03439   1.02203    4.005
 3484.00    1.04376   1.02613    4.005
 3485.00    1.12515   1.02672    4.005
 3486.00    1.16206   1.02395    4.005
 3487.00    1.11512   1.01791    4.005
 3488.00    1.07426   1.00900    4.005
 3489.00    1.15439   0.99696    4.005
 3490.00    1.28426   0.98267    4.005
 3491.00    1.27170   0.96777    4.005
 3492.00    1.22921   0.95557    4.005
 3493.00    1.23539   0.94890    4.005
 3494.00    1.31149   0.94961    4.005
 3495.00    1.31149   0.95806    4.005
 3496.00    1.05966   0.97307    4.005
 3497.00    1.03832   0.99327    4.005
 3498.00    0.87392   1.01788    4.005
 3499.00    0.82442   1.04676    4.005
 3500.00    1.16352   1.07781    4.005
 3501.00    1.37560   1.10717    4.005
 3502.00    1.26633   1.12996    4.005
 3503.00    1.13917   1.14305    4.005
 3504.00    1.16493   1.14778    4.005
 3505.00    1.22258   1.14514    4.005
 3506.00    1.18490   1.13551    4.005
 3507.00    0.98069   1.12034    4.005
 3508.00    0.98063   1.10131    4.005
 3509.00    0.95600   1.08086    4.005
 3510.00    0.95600   1.06075    4.005
 3511.00    0.85376   1.04251    4.005
 3512.00    0.83559   1.02924    4.005
 3513.00    1.15108   1.02460    4.005
 3514.00    1.28901   1.02875    4.005
 3515.00    1.23990   1.04018    4.005
 3516.00    1.19852   1.05500    4.005
 3517.00    1.21769   1.06918    4.005
 3518.00    1.24775   1.07855    4.005
 3519.00    1.23795   1.07883    4.005
 3520.00    1.20627   1.06659    4.005
 3521.00    1.18956   1.04319    4.005
 3522.00    1.00497   1.01345    4.005
 3523.00    1.00497   0.98586    4.005
 3524.00    1.04605   0.96652    4.005
 3525.00    1.04915   0.96018    4.005
 3526.00    1.22071   0.96621    4.005
 3527.00    1.27012   0.98308    4.005
 3528.00    1.10002   1.00802    4.005
 3529.00    0.99721   1.03799    4.005
 3530.00    1.06816   1.06846    4.005
 3531.00    1.14818   1.09602    4.005
 3532.00    1.22258   1.11803    4.005
 3533.00    1.38294   1.13520    4.005
 3534.00    1.37598   1.14982    4.005
 3535.00    1.34038   1.16516    4.005
 3536.00    1.34026   1.18055    4.005
 3537.00    1.32804   1.19429    4.005
 3538.00    1.32804   1.20487    4.005
 3539.00    1.09052   1.21280    4.005
 3540.00    1.05086   1.21985    4.005
 3541.00    1.17747   1.22586    4.005
 3542.00    1.23074   1.22970    4.005
 3543.00    1.39099   1.23128    4.005
 3544.00    1.52182   1.23173    4.005
 3545.00    1.41988   1.23237    4.005
 3546.00    1.26533   1.23257    4.005
 3547.00    1.25742   1.23029    4.005
 3548.00    1.23291   1.22458    4.005
 3549.00    1.22032   1.21524    4.005
 3550.00    1.09431   1.20361    4.005
 3551.00    1.09431   1.19110    4.005
 3552.00    0.98170   1.17853    4.005
 3553.00    0.97419   1.16597    4.005
 3554.00    1.05481   1.15419    4.005
 3555.00    1.07696   1.14419    4.005
 3556.00    1.06977   1.13756    4.005
 3557.00    1.06557   1.13537    4.005
 3558.00    1.05076   1.13596    4.005
 3559.00    1.03458   1.13669    4.005
 3560.00    1.13465   1.13426    4.005
 3561.00    1.34277   1.12608    4.005
 3562.00    1.28993   1.11084    4.005
 3563.00    1.03447   1.08963    4.005
 3564.00    1.03447   1.06272    4.005
 3565.00    1.03447   1.03045    4.005
 3566.00    1.03447   0.99460    4.005
 3567.00    1.03447   0.96047    4.005
 3568.00    1.03447   0.93354    4.005
 3569.00    1.03447   0.91822    4.005
 3570.00    1.03447   0.91171    4.005
 3571.00    1.03447   0.91148    4.005
 3572.00    1.03447   0.91643    4.005
 3573.00    1.03447   0.92494    4.005
 3574.00    1.03447   0.93388    4.005
 3575.00    1.00048   0.93912    4.005
 3576.00    0.89955   0.93580    4.005
 3577.00    0.89955   0.92400    4.005
 3578.00    0.89955   0.90451    4.005
 3579.00    0.89955   0.88015    4.005
 3580.00    0.89955   0.85313    4.005
 3581.00    0.89955   0.82621    4.005
 3582.00    0.89955   0.80198    4.005
 3583.00    0.89955   0.78441    4.005
 3584.00    0.89955   0.77597    4.005
 3585.00    0.89955   0.77715    4.005
 3586.00    0.89955   0.78774    4.005
 3587.00    0.89955   0.80762    4.005
 3588.00    0.85313   0.83713    4.005
 3589.00    0.75994   0.87455    4.005
 3590.00    0.74292   0.91756    4.005
 3591.00    0.66496   0.96320    4.005
 3592.00    0.67470   1.00956    4.005
 3593.00    1.03763   1.05426    4.005
 3594.00    1.03763   1.09479    4.005
 3595.00    1.17389   1.13040    4.005
 3596.00    1.19375   1.16206    4.005
 3597.00    1.77287   1.18841    4.005
 3598.00    1.99839   1.20635   -1.000
 3599.00    1.55767   1.21259    4.005
 3600.00    1.22028   1.20578    4.005
 3601.00    1.03725   1.18829    4.005
 3602.00    0.77720   1.16225    4.005
 3603.00    0.93864   1.12992    4.005
 3604.00    1.39869   1.09448    4.005
 3605.00    1.39878   1.06004    4.005
 3606.00    1.39949   1.03110    4.005
 3607.00    1.39949   1.01075    4.005
 3608.00    1.00303   1.00016    4.005
 3609.00    0.98363   0.99719    4.005
 3610.00    0.95143   1.00103    4.005
 3611.00    0.94339   1.01210    4.005
 3612.00    1.27617   1.02928    4.005
 3613.00    1.45776   1.04788    4.005
 3614.00    1.40789   1.06188    4.005
 3615.00    1.35674   1.06669    4.005
 3616.00    1.21420   1.06620    4.005
 3617.00    0.93793   1.06349    4.005
 3618.00    0.91297   1.06194    4.005
 3619.00    0.80462   1.06422    4.005
 3620.00    0.81097   1.07440    4.005
 3621.00    0.99186   1.09778    4.005
 3622.00    0.99186   1.13612    4.005
 3623.00    1.52147   1.18379    4.005
 3624.00    1.59310   1.23254    4.005
 3625.00    1.30973   1.27329    4.005
 3626.00    1.20361   1.30022    4.005
 3627.00    1.18226   1.30905    4.005
 3628.00    1.16644   1.30018    4.005
 3629.00    1.18829   1.27582    4.005
 3630.00    1.21836   1.24145    4.005
 3631.00    1.21753   1.20395    4.005
 3632.00    1.21528   1.17145    4.005
 3633.00    1.21343   1.15230    4.005
 3634.00    1.19917   1.15163    4.005
 3635.00    1.19917   1.16825    4.005
 3636.00    1.28298   1.19655    4.005
 3637.00    1.28634   1.22909    4.005
 3638.00    1.56858   1.25906    4.005
 3639.00    1.63560   1.28168    4.005
 3640.00    1.43487   1.29435    4.005
 3641.00    1.32903   1.29492    4.005
 3642.00    1.35365   1.28291    4.005
 3643.00    1.37811   1.26013    4.005
 3644.00    1.37891   1.23032    4.005
 3645.00    1.38041   1.20018    4.005
 3646.00    1.36343   1.17572    4.005
 3647.00    1.29334   1.16189    4.005
 3648.00    1.28518   1.16128    4.005
 3649.00    1.09893   1.17489    4.005
 3650.00    1.09893   1.20180    4.005
 3651.00    1.30267   1.23998    4.005
 3652.00    1.32819   1.28596    4.005
 3653.00    1.05916   1.33497    4.005
 3654.00    0.96234   1.38305    4.005
 3655.00    1.23806   1.42585    4.005
 3656.00    1.43605   1.46125    4.005
 3657.00    1.49704   1.48901    4.005
 3658.00    1.57822   1.50873    4.005
 3659.00    1.53780   1.52005    4.005
 3660.00    1.43155   1.52267    4.005
 3661.00    1.45706   1.51755    4.005
 3662.00    1.63972   1.50699    4.005
 3663.00    1.63972   1.49281    4.005
 3664.00    1.44459   1.47623    4.005
 3665.00    1.43839   1.45914    4.005
 3666.00    1.26515   1.44349    4.005
 3667.00    1.22607   1.43159    4.005
 3668.00    1.19339   1.42446    4.005
 3669.00    1.17675   1.42100    4.005
 3670.00    1.29152   1.42032    4.005
 3671.00    1.40200   1.42187    4.005
 3672.00    1.45240   1.42478    4.005
 3673.00    1.54348   1.42565    4.005
 3674.00    1.53332   1.41981    4.005
 3675.00    1.49345   1.40521    4.005
 3676.00    1.47425   1.38308    4.005
 3677.00    1.10802   1.35687    4.005
 3678.00    1.10802   1.33034    4.005
 3679.00    1.09925   1.30659    4.005
 3680.00    1.09823   1.28791    4.005
 3681.00    1.34671   1.27479    4.005
 3682.00    1.43259   1.26645    4.005
 3683.00    1.17453   1.26056    4.005
 3684.00    0.99527   1.25580    4.005
 3685.00    1.19577   1.25278    4.005
 3686.00    1.45433   1.25301    4.005
 3687.00    1.40904   1.25897    4.005
 3688.00    1.29468   1.27219    4.005
 3689.00    1.33200   1.29339    4.005
 3690.00    1.58093   1.32005    4.005
 3691.00    1.58093   1.34931    4.005
 3692.00    1.86180   1.37708    4.005
 3693.00    1.86839   1.40031    4.005
 3694.00    1.47032   1.41745    4.005
 3695.00    1.38513   1.43091    4.005
 3696.00    1.34102   1.44390    4.005
 3697.00    1.31935   1.45573    4.005
 3698.00    1.58245   1.46396    4.005
 3699.00    1.82767   1.46480    4.005
 3700.00    1.68569   1.45451    4.005
 3701.00    1.43789   1.42965    4.005
 3702.00    1.38687   1.39039    4.005
 3703.00    1.19598   1.34082    4.005
 3704.00    1.19837   1.28771    4.005
 3705.00    1.23746   1.23737    4.005
 3706.00    1.23746   1.19852    4.005
 3707.00    1.27911   1.17768    4.005
 3708.00    1.28351   1.17859    4.005
 3709.00    1.28351   1.19897    4.005
 3710.00    1.28351   1.23379    4.005
 3711.00    1.28351   1.27709    4.005
 3712.00    1.28351   1.32176    4.005
 3713.00    1.28351   1.35993    4.005
 3714.00    1.28351   1.38469    4.005
 3715.00    1.28351   1.38962    4.005
 3716.00    1.28351   1.37167    4.005
 3717.00    1.28351   1.33262    4.005
 3718.00    1.28351   1.28011    0.000
 3719.00    1.28351   1.22409    0.000
 3720.00    1.28351   1.17410    0.000
 3721.00    1.28351   1.13935    0.000
 3722.00    1.28351   1.12391    0.000
 3723.00    1.28351   1.12900    0.000
 3724.00    1.28351   1.15024    0.000
 3725.00    1.11512   1.18071    0.000
 3726.00    1.00382   1.21193    0.000
 3727.00    1.00382   1.23325    0.000
 3728.00    1.00382   1.23727    0.000
 3729.00    1.00382   1.22155    0.000
 3730.00    1.00382   1.18994    0.000
 3731.00    1.00382   1.14621    0.000
 3732.00    1.00382   1.09469    0.000
 3733.00    1.00382   1.04304    0.000
 3734.00    1.00382   1.00002    0.000
 3735.00    1.00382   0.97655    0.000
 3736.00    1.00382   0.97668    0.000
 3737.00    1.00382   0.99990    0.000
 3738.00    1.00382   1.03922    4.005
 3739.00    1.00382   1.08536    4.005
 3740.00    1.00382   1.12750    4.005
 3741.00    1.00382   1.15714    4.005
 3742.00    1.00382   1.16715    4.005
 3743.00    1.01403   1.15680    4.005
 3744.00    1.03793   1.12800    4.005
 3745.00    1.07559   1.08833    4.005
 3746.00    1.29540   1.04630    4.005
 3747.00    1.29540   1.01330    4.005
 3748.00    0.88790   0.99678    4.005
 3749.00    0.88500   0.99995    4.005
 3750.00    0.86273   1.02369    4.005
 3751.00    0.85849   1.06738    4.005
 3752.00    1.17166   1.12627    4.005
 3753.00    1.31465   1.18946    4.005
 3754.00    1.32999   1.24418    4.005
 3755.00    1.34342   1.28374    4.005
 3756.00    1.31933   1.30781    4.005
 3757.00    1.28002   1.31640    4.005
 3758.00    1.21565   1.31092    4.005
 3759.00    0.99620   1.29677    4.005
 3760.00    1.02848   1.28095    4.005
 3761.00    1.43547   1.27028    4.005
 3762.00    1.43547   1.26329    4.005
 3763.00    1.26103   1.25710    4.005
 3764.00    1.24595   1.24924    4.005
 3765.00    1.20074   1.24195    4.005
 3766.00    1.18701   1.23696    4.005
 3767.00    1.28197   1.23387    4.005
 3768.00    1.34173   1.23473    4.005
 3769.00    1.41720   1.24332    4.005
 3770.00    1.50564   1.26104    4.005
 3771.00    1.61097   1.28692    4.005
 3772.00    1.84832   1.31921    4.005
 3773.00    1.84580   1.35811    4.005
 3774.00    1.83198   1.40140    4.005
 3775.00    1.83177   1.44695    4.005
 3776.00    1.61275   1.49222    4.005
 3777.00    1.61275   1.53661    4.005
 3778.00    1.92035   1.57921    4.005
 3779.00    1.97563   1.61773    4.005
 3780.00    2.07789   1.64988    4.005
 3781.00    2.12291   1.67264    4.005
 3782.00    1.99111   1.68177    4.005
 3783.00    1.87929   1.67469    4.005
 3784.00    1.81978   1.65261    4.005
 3785.00    1.72590   1.61832    4.005
 3786.00    1.78654   1.57412    4.005
 3787.00    1.98436   1.52413    4.005
 3788.00    1.92798   1.47391    4.005
 3789.00    1.29297   1.42702    4.005
 3790.00    1.29297   1.38379    4.005
 3791.00    1.16020   1.34323    4.005
 3792.00    1.14993   1.30455    4.005
 3793.00    1.24303   1.26590    4.005
 3794.00    1.27008   1.22661    4.005
 3795.00    1.27312   1.18774    4.005
 3796.00    1.27497   1.15655    0.000
 3797.00    1.23448   1.13939    0.000
 3798.00    1.18855   1.13967    0.000
 3799.00    1.25722   1.15747    0.000
 3800.00    1.40640   1.19291    0.000
 3801.00    1.45090   1.24347    0.000
 3802.00    1.68089   1.30352    0.000
 3803.00    1.68071   1.36297    4.005
 3804.00    1.66001   1.41740    4.005
 3805.00    1.66001   1.46365    4.005
 3806.00    1.94763   1.50198    4.005
 3807.00    1.99623   1.52983    4.005
 3808.00    1.76284   1.54809    4.005
 3809.00    1.66384   1.55674    4.005
 3810.00    1.69884   1.55653    4.005
 3811.00    1.72759   1.54629    4.005
 3812.00    1.64375   1.52495    4.005
 3813.00    1.51574   1.49559    4.005
 3814.00    1.36919   1.46128    4.005
 3815.00    0.91186   1.42723    4.005
 3816.00    0.89855   1.39368    4.005
 3817.00    0.76295   1.36321    4.005
 3818.00    0.76295   1.33740    4.005
 3819.00    1.07504   1.31539    4.005
 3820.00    1.09637   1.29273    4.005
 3821.00    1.03849   1.26518    4.005
 3822.00    1.02243   1.23563    4.005
 3823.00    0.95701   1.20671    4.005
 3824.00    0.91853   1.17827    4.005
 3825.00    1.04658   1.14732    4.005
 3826.00    1.18736   1.11450    4.005
 3827.00    1.20815   1.08406    4.005
 3828.00    1.25167   1.05549    4.005
 3829.00    1.25452   1.02723    4.005
 3830.00    1.26843   0.99789    4.005
 3831.00    1.26246   0.96881    4.005
 3832.00    0.90848   0.94094    4.005
 3833.00    0.90848   0.91563    0.000
 3834.00    1.03342   0.89621    0.000
 3835.00    1.05320   0.88536    0.000
 3836.00    1.00904   0.88665    0.000
 3837.00    0.99102   0.90077    0.000
 3838.00    1.01592   0.92964    0.000
 3839.00    1.03572   0.97137    0.000
 3840.00    1.01241   1.02385    0.000
 3841.00    0.97798   1.08506    0.000
 3842.00    1.03530   1.15108    4.005
 3843.00    1.20681   1.21894    4.005
 3844.00    1.19066   1.28346    4.005
 3845.00    1.04062   1.34143    4.005
 3846.00    1.04062   1.38805    4.005
 3847.00    1.21300   1.42447    4.005
 3848.00    1.22325   1.45285    4.005
 3849.00    1.05619   1.47507    4.005
 3850.00    1.01199   1.48937    4.005
 3851.00    1.16953   1.49661    4.005
 3852.00    1.25914   1.49835    4.005
 3853.00    1.38367   1.49712    4.005
 3854.00    1.51624   1.49168    4.005
 3855.00    1.40004   1.48092    4.005
 3856.00    1.16525   1.46619    4.005
 3857.00    1.16421   1.45359    4.005
 3858.00    1.15942   1.44702    4.005
 3859.00    1.15782   1.44781    4.005
 3860.00    1.09401   1.45431    4.005
 3861.00    1.09401   1.46770    4.005
 3862.00    1.27075   1.48537    0.000
 3863.00    1.29685   1.50594    0.000
 3864.00    1.32671   1.52321    0.000
 3865.00    1.33843   1.53397    0.000
 3866.00    1.48316   1.53601    0.000
 3867.00    1.59462   1.53201    0.000
 3868.00    1.48941   1.52217    0.000
 3869.00    1.33902   1.50909    0.000
 3870.00    1.31463   1.49452    0.000
 3871.00    1.24461   1.48290    0.000
 3872.00    1.24814   1.47283    4.005
 3873.00    1.27822   1.46654    4.005
 3874.00    1.27822   1.45979    4.005
 3875.00    1.43347   1.45386    4.005
 3876.00    1.44132   1.44694    4.005
 3877.00    1.46109   1.43772    4.005
 3878.00    1.46607   1.42079    4.005
 3879.00    1.16204   1.39835    4.005
 3880.00    0.99507   1.37523    4.005
 3881.00    1.20513   1.35223    4.005
 3882.00    1.42187   1.32678    0.000
 3883.00    1.48130   1.29600    0.000
 3884.00    1.59726   1.26368    0.000
 3885.00    1.44910   1.23458    0.000
 3886.00    0.79875   1.21150    0.000
 3887.00    0.79964   1.19555    0.000
 3888.00    0.82624   1.19353    0.000
 3889.00    0.82624   1.20787    0.000
 3890.00    1.21296   1.23924    0.000
 3891.00    1.26611   1.28171    0.000
 3892.00    1.52357   1.33146    4.005
 3893.00    1.62070   1.38360    4.005
 3894.00    1.70579   1.43397    4.005
 3895.00    1.76926   1.47683    4.005
 3896.00    1.71829   1.51164    4.005
 3897.00    1.64775   1.54134    4.005
 3898.00    1.65962   1.56746    4.005
 3899.00    1.69235   1.58884    4.005
 3900.00    1.68031   1.60483    4.005
 3901.00    1.58587   1.61794    4.005
 3902.00    1.58587   1.63125    4.005
 3903.00    1.63588   1.64572    4.005
 3904.00    1.63798   1.66166    4.005
 3905.00    1.68907   1.68287    4.005
 3906.00    1.70131   1.70970    4.005
 3907.00    1.68056   1.74370    4.005
 3908.00    1.66954   1.78161    4.005
 3909.00    1.58190   1.82211    4.005
 3910.00    1.49425   1.85893    4.005
 3911.00    1.51507   1.88858    4.005
 3912.00    1.55429   1.90717    4.005
 3913.00    1.55321   1.91497    4.005
 3914.00    1.54872   1.91092    4.005
 3915.00    1.55533   1.89639    4.005
 3916.00    1.71264   1.87300    4.005
 3917.00    1.71264   1.84374    4.005
 3918.00    1.74281   1.81152    4.005
 3919.00    1.74665   1.77816    4.005
 3920.00    1.83614   1.74598    4.005
 3921.00    1.86859   1.71426    4.005
 3922.00    1.96612   1.68186    4.005
 3923.00    2.03658   1.64536    4.005
 3924.00    1.82200   1.60219    4.005
 3925.00    1.53434   1.54791    4.005
 3926.00    1.54981   1.47872    4.005
 3927.00    1.59074   1.39526    4.005
 3928.00    1.58278   1.29950    4.005
 3929.00    1.52488   1.19695    4.005
 3930.00    1.52488   1.09417    4.005
 3931.00    0.94513   1.00183    4.005
 3932.00    0.92583   0.92870    4.005
 3933.00    0.92350   0.88177    4.005
 3934.00    0.92297   0.86642    4.005
 3935.00    0.98702   0.88478    4.005
 3936.00    1.01985   0.93480    4.005
 3937.00    0.99219   1.00862    4.005
 3938.00    0.96538   1.09844    4.005
 3939.00    0.95955   1.19366    4.005
 3940.00    0.94896   1.28629    4.005
 3941.00    1.02297   1.36964    4.005
 3942.00    1.31641   1.44389    4.005
 3943.00    1.32246   1.50788    4.005
 3944.00    1.44166   1.56218    4.005
 3945.00    1.44166   1.60834    4.005
 3946.00    1.68991   1.65122    4.005
 3947.00    1.71903   1.69232    4.005
 3948.00    1.72155   1.73020    4.005
 3949.00    1.72243   1.76056    4.005
 3950.00    1.84819   1.78550    4.005
 3951.00    1.93617   1.80726    4.005
 3952.00    2.04287   1.82323    4.005
 3953.00    2.18128   1.82774    4.005
 3954.00    2.18083   1.82227    4.005
 3955.00    2.17966   1.80974    4.005
 3956.00    2.15106   1.78814    4.005
 3957.00    1.95778   1.75283    4.005
 3958.00    1.95778   1.70074    4.005
 3959.00    1.51692   1.63732    4.005
 3960.00    1.50588   1.56288    4.005
 3961.00    1.55080   1.47681    0.000
 3962.00    1.56051   1.37835    0.000
 3963.00    1.51132   1.27440    0.000
 3964.00    1.48697   1.16981    0.000
 3965.00    1.21171   1.07091    0.000
 3966.00    0.95338   0.98288    0.000
 3967.00    0.94947   0.91119    0.000
 3968.00    0.94261   0.86444    0.000
 3969.00    0.97259   0.84659    0.000
 3970.00    1.08571   0.86167    0.000
 3971.00    1.08865   0.90816    0.000
 3972.00    1.13793   0.98395    0.000
 3973.00    1.13793   1.08125    0.000
 3974.00    1.13944   1.19387    0.000
 3975.00    1.13960   1.31451    4.005
 3976.00    1.38016   1.43643    4.005
 3977.00    1.46055   1.55372    4.005
 3978.00    1.77626   1.66011    4.005
 3979.00    1.98988   1.75426    4.005
 3980.00    2.02177   1.83410    4.005
 3981.00    2.06185   1.90169    4.005
 3982.00    2.08078   1.95654    4.005
 3983.00    2.12709   2.00208    4.005
 3984.00    2.13295   2.04129    4.005
 3985.00    2.16996   2.07898    4.005
 3986.00    2.16996   2.11469    4.005
 3987.00    2.07164   2.14852    4.005
 3988.00    2.06998   2.18148    4.005
 3989.00    2.20926   2.21354    4.005
 3990.00    2.23777   2.24179    4.005
 3991.00    2.45922   2.26496    4.005
 3992.00    2.56487   2.28306    4.005
 3993.00    2.33663   2.29643    4.005
 3994.00    2.12904   2.30495    4.005
 3995.00    2.16738   2.31134    4.005
 3996.00    2.23249   2.31745    4.005
 3997.00    2.28806   2.32602    4.005
 3998.00    2.48824   2.33539    4.005
 3999.00    2.46776   2.34747    4.005
 4000.00    2.16811   2.36019    4.005
 4001.00    2.16811   2.37135    4.005
 4002.00    2.10261   2.37422    4.005
 4003.00    2.09618   2.37268    4.005
 4004.00    2.37189   2.37040    4.005
 4005.00    2.46012   2.37041    4.005
 4006.00    2.73362   2.37281    4.005
 4007.00    2.91274   2.38132    4.005
 4008.00    2.80515   2.39995    4.005
 4009.00    2.67427   2.42726    4.005
 4010.00    2.71478   2.45737    4.005
 4011.00    2.81027   2.48602    4.005
 4012.00    2.79774   2.51438    4.005
 4013.00    2.72361   2.53975    4.005
 4014.00    2.72361   2.55980    4.005
 4015.00    2.72269   2.57633    4.005
 4016.00    2.72268   2.59166    4.005
 4017.00    2.87424   2.60432    4.005
 4018.00    2.90351   2.61419    4.005
 4019.00    2.66437   2.62131    4.005
 4020.00    2.55430   2.62703    4.005
 4021.00    2.54217   2.62979    4.005
 4022.00    2.53149   2.62894    4.005
 4023.00    2.59142   2.62455    4.005
 4024.00    2.68986   2.61854    0.000
 4025.00    2.64638   2.60906    0.000
 4026.00    2.49669   2.59314    0.000
 4027.00    2.48229   2.56933    0.000
 4028.00    2.29619   2.53788    0.000
 4029.00    2.29619   2.50257    0.000
 4030.00    2.50104   2.46472    0.000
 4031.00    2.51917   2.42927    4.005
 4032.00    1.64838   2.40334    4.005
 4033.00    1.38145   2.39666   -1.000
 4034.00    1.65774   2.40782    4.005
 4035.00    1.83268   2.43573    4.005
 4036.00    2.36089   2.47343    4.005
 4037.00    2.98350   2.51437    4.005
 4038.00    2.97108   2.54787    4.005
 4039.00    2.94287   2.57003    4.005
 4040.00    2.97167   2.57349    4.005
 4041.00    3.13193   2.55619    4.005
 4042.00    3.13193   2.52271    4.005
 4043.00    2.32184   2.48230    4.005
 4044.00    2.32125   2.44568    4.005
 4045.00    1.88011   2.41909    4.005
 4046.00    1.79978   2.40459    4.005
 4047.00    2.16666   2.40735    4.005
 4048.00    2.32928   2.42844    4.005
 4049.00    2.57761   2.45993    4.005
 4050.00    2.78954   2.48865    4.005
 4051.00    2.82345   2.51119    4.005
 4052.00    2.87735   2.52348    4.005
 4053.00    2.76266   2.52413    4.005
 4054.00    2.38492   2.51299    4.005
 4055.00    2.37918   2.49352    4.005
 4056.00    2.31302   2.47209    4.005
 4057.00    2.31302   2.45181    4.005
 4058.00    2.48516   2.43252    4.005
 4059.00    2.49881   2.41214    4.005
 4060.00    2.43773   2.38962    4.005
 4061.00    2.41984   2.36990    4.005
 4062.00    2.37401   2.35220    4.005
 4063.00    2.34594   2.33520    4.005
 4064.00    2.37984   2.31975    4.005
 4065.00    2.41856   2.31307    4.005
 4066.00    2.41808   2.31464    4.005
 4067.00    2.41702   2.32089    0.000
 4068.00    2.43696   2.32643    0.000
 4069.00    2.54133   2.32937    0.000
 4070.00    2.54165   2.33211    0.000
 4071.00    2.58718   2.33108    4.005
 4072.00    2.58718   2.32348    4.005
 4073.00    2.50731   2.31002    4.005
 4074.00    2.49365   2.29751    4.005
 4075.00    2.17292   2.28983    4.005
 4076.00    2.03591   2.28676    4.005
 4077.00    1.89864   2.29050    4.005
 4078.00    1.78514   2.30254    4.005
 4079.00    2.03613   2.32586    4.005
 4080.00    2.42211   2.35388    4.005
 4081.00    2.42605   2.38575    4.005
 4082.00    2.43844   2.41755    4.005
 4083.00    2.47155   2.44751    4.005
 4084.00    2.81614   2.47403    4.005
 4085.00    2.81614   2.49586    4.005
 4086.00    2.83679   2.51492    4.005
 4087.00    2.83823   2.52920    4.005
 4088.00    2.64271   2.53772    4.005
 4089.00    2.58796   2.53625    4.005
 4090.00    2.31702   2.52557    4.005
 4091.00    2.15648   2.50184    4.005
 4092.00    2.38628   2.46381    4.005
 4093.00    2.64066   2.41321    4.005
 4094.00    2.69876   2.35188    4.005
 4095.00    2.82136   2.28301    0.000
 4096.00    2.75260   2.20931    0.000
 4097.00    2.41317   2.13334    0.000
 4098.00    2.41192   2.05998    0.000
 4099.00    2.33069   1.99779    0.000
 4100.00    2.33069   1.95013    0.000
 4101.00    2.52426   1.92171    0.000
 4102.00    2.55530   1.91464    0.000
 4103.00    2.55152   1.93016    0.000
 4104.00    2.54997   1.96491    0.000
 4105.00    2.40936   2.01485    0.000
 4106.00    2.29671   2.07123    0.000
 4107.00    2.25111   2.12894    0.000
 4108.00    2.18325   2.18387    4.005
 4109.00    2.28285   2.23362    4.005
 4110.00    2.58321   2.27706    4.005
 4111.00    2.58117   2.31531    4.005
 4112.00    2.56186   2.34964    4.005
 4113.00    2.56186   2.38098    4.005
 4114.00    2.28355   2.40774    4.005
 4115.00    2.26653   2.42943    4.005
 4116.00    2.40177   2.44551    4.005
 4117.00    2.43792   2.45611    4.005
 4118.00    2.52937   2.46244    4.005
 4119.00    2.58176   2.46534    4.005
 4120.00    2.65061   2.46638    4.005
 4121.00    2.72448   2.46815    4.005
 4122.00    2.72383   2.47184    4.005
 4123.00    2.72253   2.47521    4.005
 4124.00    2.68108   2.47610    4.005
 4125.00    2.48737   2.47405    4.005
 4126.00    2.48653   2.46856    4.005
 4127.00    2.45053   2.45796    4.005
 4128.00    2.45053   2.44200    4.005
 4129.00    2.44277   2.42443    4.005
 4130.00    2.44161   2.40809    4.005
 4131.00    2.45346   2.39762    4.005
 4132.00    2.45815   2.39598    4.005
 4133.00    2.58025   2.40449    4.005
 4134.00    2.67503   2.42298    4.005
 4135.00    2.66893   2.45071    4.005
 4136.00    2.66017   2.48158    4.005
 4137.00    2.65627   2.50954    4.005
 4138.00    2.64497   2.53046    4.005
 4139.00    2.65877   2.53922    4.005
 4140.00    2.77834   2.53335    4.005
 4141.00    2.77834   2.51841    4.005
 4142.00    2.41796   2.49767    4.005
 4143.00    2.39907   2.47542    4.005
 4144.00    2.49230   2.45719    4.005
 4145.00    2.51607   2.44621    4.005
 4146.00    2.80727   2.44304    4.005
 4147.00    2.96855   2.44566    4.005
 4148.00    2.64986   2.45150    4.005
 4149.00    2.31847   2.45618    4.005
 4150.00    2.33538   2.45902    4.005
 4151.00    2.36857   2.45952    4.005
 4152.00    2.39562   2.45799    4.005
 4153.00    2.51553   2.45681    4.005
 4154.00    2.51105   2.45934    4.005
 4155.00    2.37000   2.46719    4.005
 4156.00    2.37000   2.48151    4.005
 4157.00    2.27583   2.50315    4.005
 4158.00    2.26268   2.53008    4.005
 4159.00    2.51815   2.55984    4.005
 4160.00    2.61549   2.59016    4.005
 4161.00    2.83383   2.61748    4.005
 4162.00    2.99769   2.63762    4.005
 4163.00    2.94123   2.65003    4.005
 4164.00    2.86262   2.65268    4.005
 4165.00    2.72395   2.64613    4.005
 4166.00    2.33864   2.63060    4.005
 4167.00    2.32302   2.60778    4.005
 4168.00    2.19839   2.57890    4.005
 4169.00    2.19839   2.54533    4.005
 4170.00    2.57278   2.50991    4.005
 4171.00    2.58919   2.47552    4.005
 4172.00    2.67444   2.44541    4.005
 4173.00    2.69513   2.42098    4.005
 4174.00    2.60946   2.40489    4.005
 4175.00    2.56361   2.39816    4.005
 4176.00    2.42382   2.40111    4.005
 4177.00    2.28321   2.41120    4.005
 4178.00    2.30501   2.42617    4.005
 4179.00    2.34635   2.44448    4.005
 4180.00    2.34127   2.46375    4.005
 4181.00    2.31990   2.48255    4.005
 4182.00    2.32905   2.49957    4.005
 4183.00    2.55692   2.51409    4.005
 4184.00    2.55692   2.52552    4.005
 4185.00    2.18090   2.53570    4.005
 4186.00    2.13216   2.54464    4.005
 4187.00    2.37584   2.55262    4.005
 4188.00    2.46487   2.56003    4.005
 4189.00    2.47796   2.56721    4.005
 4190.00    2.48748   2.57424    4.005
 4191.00    2.49362   2.57793    4.005
 4192.00    2.50191   2.57556    4.005
 4193.00    2.52551   2.56544    4.005
 4194.00    2.58852   2.54847    4.005
 4195.00    2.56776   2.52466    4.005
 4196.00    2.41427   2.49501    4.005
 4197.00    2.41427   2.46391    4.005
 4198.00    2.51284   2.43851    4.005
 4199.00    2.51633   2.42071    4.005
 4200.00    2.57171   2.41234    4.005
 4201.00    2.58449   2.41724    4.005
 4202.00    2.51627   2.43544    4.005
 4203.00    2.48107   2.46370    4.005
 4204.00    2.51853   2.49835    4.005
 4205.00    2.55506   2.53864    4.005
 4206.00    2.56935   2.57861    4.005
 4207.00    2.59554   2.61400    4.005
 4208.00    2.56873   2.64297    4.005
 4209.00    2.46132   2.66432    4.005
 4210.00    2.46045   2.67728    4.005
 4211.00    2.44275   2.68119    4.005
 4212.00    2.44275   2.67963    4.005
 4213.00    2.26594   2.67561    4.005
 4214.00    2.24488   2.67232    4.005
 4215.00    2.38712   2.67230    4.005
 4216.00    2.43704   2.67502    4.005
 4217.00    2.54548   2.68012    4.005
 4218.00    2.62181   2.68384    4.005
 4219.00    2.56714   2.67954    4.005
 4220.00    2.49573   2.66092    4.005
 4221.00    2.43058   2.62725    4.005
 4222.00    2.26329   2.57862    4.005
 4223.00    2.30394   2.51697    4.005
 4224.00    2.58352   2.45359    4.005
 4225.00    2.58352   2.39746    4.005
 4226.00    2.41840   2.35796    4.005
 4227.00    2.41401   2.34324    4.005
 4228.00    2.27371   2.35142    4.005
 4229.00    2.24308   2.37894    4.005
 4230.00    2.38143   2.42117    4.005
 4231.00    2.45036   2.46601    4.005
 4232.00    2.47675   2.50556    4.005
 4233.00    2.50169   2.53864    4.005
 4234.00    2.61481   2.56343    4.005
 4235.00    2.81519   2.57885    4.005
 4236.00    2.82181   2.59365    4.005
 4237.00    2.84702   2.61047    4.005
 4238.00    2.83925   2.63068    4.005
 4239.00    2.70492   2.65759    4.005
 4240.00    2.70492   2.68909    4.005
 4241.00    2.55194   2.72019    4.005
 4242.00    2.53520   2.74936    4.005
 4243.00    2.51776   2.77144    4.005
 4244.00    2.51189   2.78140    4.005
 4245.00    2.55846   2.77928    4.005
 4246.00    2.59019   2.76601    4.005
 4247.00    2.70187   2.74155    4.005
 4248.00    2.84321   2.71077    4.005
 4249.00    2.84179   2.67963    4.005
 4250.00    2.83827   2.65154    4.005
 4251.00    2.81618   2.62960    4.005
 4252.00    2.67492   2.61417    4.005
 4253.00    2.67492   2.60606    4.005
 4254.00    2.74608   2.60509    4.005
 4255.00    2.74739   2.60642    4.005
 4256.00    2.95581   2.60930    4.005
 4257.00    2.99892   2.61505    4.005
 4258.00    2.96107   2.62391    4.005
 4259.00    2.94287   2.63518    4.005
 4260.00    2.72649   2.65202    4.005
 4261.00    2.52833   2.67677    4.005
 4262.00    2.61633   2.70498    4.005
 4263.00    2.76671   2.73240    4.005
 4264.00    2.78414   2.75525    4.005
 4265.00    2.84748   2.76573    4.005
 4266.00    2.81734   2.75827    4.005
 4267.00    2.36526   2.73315    4.005
 4268.00    2.36526   2.69161    4.005
 4269.00    2.81934   2.63718    4.005
 4270.00    2.86470   2.58072    4.005
 4271.00    2.81940   2.53173    4.005
 4272.00    2.80477   2.49596    4.005
 4273.00    2.63237   2.47936    4.005
 4274.00    2.51865   2.48502    4.005
 4275.00    2.62374   2.50918    4.005
 4276.00    2.75259   2.54554    4.005
 4277.00    2.70891   2.58789    4.005
 4278.00    2.60520   2.62928    4.005
 4279.00    2.62567   2.66310    4.005
 4280.00    2.74826   2.68544    4.005
 4281.00    2.74826   2.69528    4.005
 4282.00    2.61488   2.69306    4.005
 4283.00    2.61349   2.67981    4.005
 4284.00    2.74355   2.65729    4.005
 4285.00    2.76899   2.62808    4.005
 4286.00    2.70503   2.59493    4.005
 4287.00    2.67535   2.55984    4.005
 4288.00    2.57216   2.52625    4.005
 4289.00    2.48074   2.49740    4.005
 4290.00    2.40183   2.47439    4.005
 4291.00    2.27141   2.45713    4.005
 4292.00    2.35760   2.44374    4.005
 4293.00    2.65683   2.43150    4.005
 4294.00    2.66946   2.41584    4.005
 4295.00    2.83639   2.39211    4.005
 4296.00    2.83639   2.35959    4.005
 4297.00    1.90811   2.31918    4.005
 4298.00    1.82408   2.27229    4.005
 4299.00    2.06228   2.22349    4.005
 4300.00    2.13599   2.17753    4.005
 4301.00    2.30017   2.13684    4.005
 4302.00    2.40498   2.10425    4.005
 4303.00    2.29099   2.08055    4.005
 4304.00    2.15583   2.06388    4.005
 4305.00    2.05259   2.05467    4.005
 4306.00    1.81643   2.05487    4.005
 4307.00    1.86548   2.06452    4.005
 4308.00    2.14152   2.08595    4.005
 4309.00    2.14152   2.12405    4.005
 4310.00    2.36307   2.17895    4.005
 4311.00    2.36361   2.25059    4.005
 4312.00    2.28714   2.33877    4.005
 4313.00    2.27303   2.43673    4.005
 4314.00    2.43024   2.53893    4.005
 4315.00    2.50041   2.63929    4.005
 4316.00    2.52824   2.72625    4.005
 4317.00    2.55213   2.79364    4.005
 4318.00    2.61787   2.83792    4.005
 4319.00    2.72298   2.85207    4.005
 4320.00    2.76765   2.83864    4.005
 4321.00    2.91597   2.80459    4.005
 4322.00    2.91330   2.75427    4.005
 4323.00    2.88183   2.69994    4.005
 4324.00    2.88183   2.65351    4.005
 4325.00    2.64837   2.62115    4.005
 4326.00    2.62939   2.61022    4.005
 4327.00    2.74698   2.62117    4.005
 4328.00    2.78181   2.64856    4.005
 4329.00    2.69698   2.68692    4.005
 4330.00    2.64468   2.72580    4.005
 4331.00    2.80916   2.75484    4.005
 4332.00    2.99814   2.76816    0.000
 4333.00    3.00042   2.75969    0.000
 4334.00    3.00544   2.72770    0.000
 4335.00    3.03900   2.67498    0.000
 4336.00    3.21694   2.60578    0.000
 4337.00    3.21563   2.53035    0.000
 4338.00    2.97170   2.45897    0.000
 4339.00    2.97170   2.39988    0.000
 4340.00    2.51050   2.36417    0.000
 4341.00    2.43073   2.35697    0.000
 4342.00    2.50232   2.37575    0.000
 4343.00    2.53312   2.41904    0.000
 4344.00    2.55318   2.48036    0.000
 4345.00    2.56987   2.54707    0.000
 4346.00    2.64214   2.61218    0.000
 4347.00    2.75395   2.67014    4.005
 4348.00    2.79734   2.71345    4.005
 4349.00    2.93529   2.74181    4.005
 4350.00    2.91970   2.75957    4.005
 4351.00    2.75393   2.77005    4.005
 4352.00    2.75393   2.77779    4.005
 4353.00    3.08145   2.78861    4.005
 4354.00    3.10512   2.80657    4.005
 4355.00    3.09956   2.83245    4.005
 4356.00    3.09799   2.86442    4.005
 4357.00    3.00926   2.90112    4.005
 4358.00    2.95636   2.94148    4.005
 4359.00    2.92862   2.98185    4.005
 4360.00    2.89773   3.01970    4.005
 4361.00    2.93877   3.05424    4.005
 4362.00    3.02604   3.08323    4.005
 4363.00    3.02221   3.10476    4.005
 4364.00    3.00306   3.11633    4.005
 4365.00    3.00324   3.11651    4.005
 4366.00    3.01664   3.10710    4.005
 4367.00    3.01664   3.08755    4.005
 4368.00    3.46754   3.05857    4.005
 4369.00    3.54073   3.02487    4.005
 4370.00    3.04344   2.98861    4.005
 4371.00    2.83739   2.95162    4.005
 4372.00    3.00267   2.91686    4.005
 4373.00    3.13589   2.88610    4.005
 4374.00    3.16810   2.86056    4.005
 4375.00    3.21634   2.83968    4.005
 4376.00    3.05356   2.82046    4.005
 4377.00    2.55751   2.80007    4.005
 4378.00    2.56065   2.77569    4.005
 4379.00    2.59103   2.74303    4.005
 4380.00    2.59103   2.70067    4.005
 4381.00    2.53309   2.65329    4.005
 4382.00    2.52946   2.60532    4.005
 4383.00    2.65255   2.56235    4.005
 4384.00    2.68575   2.53347    4.005
 4385.00    2.85640   2.52171    4.005
 4386.00    2.95480   2.52781    4.005
 4387.00    3.01157   2.55189    4.005
 4388.00    3.07284   2.58760    4.005
 4389.00    2.94157   2.62926    4.005
 4390.00    2.67217   2.67375    4.005
 4391.00    2.68988   2.71713    4.005
 4392.00    2.77349   2.75662    4.005
 4393.00    2.78360   2.79176    4.005
 4394.00    3.24415   2.82302    4.005
 4395.00    3.24415   2.84891    4.005
 4396.00    2.81724   2.86733    4.005
 4397.00    2.75242   2.87756    4.005
 4398.00    2.24736   2.87898    4.005
 4399.00    2.04589   2.86929   -1.000
 4400.00    2.22212   2.84930    4.005
 4401.00    2.35973   2.82382    4.005
 4402.00    2.41422   2.79375    4.005
 4403.00    2.49322   2.76471    4.005
 4404.00    2.48118   2.74496    4.005
 4405.00    2.44598   2.73415    4.005
 4406.00    2.45420   2.73680    4.005
 4407.00    2.52647   2.75569    4.005
 4408.00    2.52647   2.78410    4.005
 4409.00    2.69166   2.81981    4.005
 4410.00    2.70059   2.85753    4.005
 4411.00    2.91427   2.89042    4.005
 4412.00    2.96923   2.91767    4.005
 4413.00    2.81495   2.93589    4.005
 4414.00    2.72896   2.94721    4.005
 4415.00    2.60490   2.95701    4.005
 4416.00    2.47513   2.96561    4.005
 4417.00    2.52421   2.97645    4.005
 4418.00    2.62123   2.99127    4.005
 4419.00    2.65805   3.00734    4.005
 4420.00    2.82287   3.02256    4.005
 4421.00    2.82710   3.03556    4.005
 4422.00    2.96708   3.04502    4.005
 4423.00    2.96708   3.05019    4.005
 4424.00    2.98228   3.05165    4.005
 4425.00    2.98443   3.05143    4.005
 4426.00    3.08428   3.04988    4.005
 4427.00    3.12260   3.04625    4.005
 4428.00    2.92188   3.04164    4.005
 4429.00    2.77005   3.03542    4.005
 4430.00    2.82485   3.02759    4.005
 4431.00    2.90178   3.01913    4.005
 4432.00    2.82497   3.01090    4.005
 4433.00    2.60994   3.00636    4.005
 4434.00    2.66612   3.00631    4.005
 4435.00    3.12125   3.01148    4.005
 4436.00    3.12125   3.02275    4.005
 4437.00    3.51496   3.03761    4.005
 4438.00    3.53284   3.05441    4.005
 4439.00    3.54229   3.07058    4.005
 4440.00    3.54460   3.08452    4.005
 4441.00    3.24576   3.09685    4.005
 4442.00    3.08478   3.10891    4.005
 4443.00    3.12517   3.12168    4.005
 4444.00    3.16604   3.13685    4.005
 4445.00    3.11011   3.15455    4.005
 4446.00    3.00334   3.17175    4.005
 4447.00    3.13439   3.18660    4.005
 4448.00    3.69154   3.19489    4.005
 4449.00    3.68200   3.19261    4.005
 4450.00    3.43436   3.17969    4.005
 4451.00    3.43436   3.15507    4.005
 4452.00    3.17247   3.11881    4.005
 4453.00    3.13804   3.07636    4.005
 4454.00    3.18057   3.03149    4.005
 4455.00    3.19626   2.98611    4.005
 4456.00    3.17047   2.94706    4.005
 4457.00    3.15158   2.91699    4.005
 4458.00    3.06614   2.89675    4.005
 4459.00    2.95023   2.88870    4.005
 4460.00    2.87892   2.89155    4.005
 4461.00    2.68707   2.90469    4.005
 4462.00    2.70743   2.92574    4.005
 4463.00    2.86011   2.95176    4.005
 4464.00    2.86011   2.98121    4.005
 4465.00    2.94213   3.01135    4.005
 4466.00    2.94516   3.04131    4.005
 4467.00    2.74559   3.07094    4.005
 4468.00    2.69909   3.10057    4.005
 4469.00    2.80185   3.13245    0.000
 4470.00    2.85521   3.16592    0.000
 4471.00    3.17682   3.20113    0.000
 4472.00    3.49221   3.23835    0.000
 4473.00    3.58633   3.27275    0.000
 4474.00    3.75994   3.30229    0.000
 4475.00    3.76238   3.32455    0.000
 4476.00    3.77224   3.33600    4.005
 4477.00    3.75647   3.33722    4.005
 4478.00    3.42119   3.32953    4.005
 4479.00    3.42119   3.31658    4.005
 4480.00    3.39894   3.30222    4.005
 4481.00    3.39624   3.29113    4.005
 4482.00    3.60512   3.28654    4.005
 4483.00    3.67917   3.28796    4.005
 4484.00    3.74310   3.29514    4.005
 4485.00    3.78836   3.30438    4.005
 4486.00    3.52345   3.31140    4.005
 4487.00    3.17534   3.31461    4.005
 4488.00    3.25976   3.31226    4.005
 4489.00    3.47813   3.30408    4.005
 4490.00    3.47648   3.29356    4.005
 4491.00    3.46496   3.28236    4.005
 4492.00    3.46496   3.27282    4.005
 4493.00    3.18559   3.26828    4.005
 4494.00    3.17759   3.26896    4.005
 4495.00    3.54011   3.27648    4.005
 4496.00    3.62004   3.29076    4.005
 4497.00    3.64405   3.31159    4.005
 4498.00    3.65609   3.33815    4.005
 4499.00    3.47979   3.36881    4.005
 4500.00    3.31222   3.40331    4.005
 4501.00    3.40072   3.43889    4.005
 4502.00    3.55847   3.47398    4.005
 4503.00    3.59730   3.50787    4.005
 4504.00    3.74690   3.53735    4.005
 4505.00    3.74257   3.56099    4.005
 4506.00    3.66473   3.57885    4.005
 4507.00    3.66473   3.58847    4.005
 4508.00    3.74995   3.58993    4.005
 4509.00    3.75949   3.58553    4.005
 4510.00    3.71626   3.57385    4.005
 4511.00    3.70159   3.55709    4.005
 4512.00    3.52767   3.53831    4.005
 4513.00    3.40843   3.51687    4.005
 4514.00    3.47991   3.49599    4.005
 4515.00    3.57090   3.47755    4.005
 4516.00    3.70561   3.46095    4.005
 4517.00    4.04090   3.44783    4.005
 4518.00    4.04421   3.43691    4.005
 4519.00    4.06568   3.42575    4.005
 4520.00    4.06568   3.41319    4.005
 4521.00    3.61138   3.39606    4.005
 4522.00    3.60233   3.37173    4.005
 4523.00    3.56723   3.34043    4.005
 4524.00    3.55990   3.30138    4.005
 4525.00    3.53297   3.25626    4.005
 4526.00    3.51993   3.20955    4.005
 4527.00    3.21238   3.16323    4.005
 4528.00    2.92907   3.12215    4.005
 4529.00    2.91110   3.09059    4.005
 4530.00    2.88014   3.06914    4.005
 4531.00    2.95797   3.06035    4.005
 4532.00    3.24404   3.06423    4.005
 4533.00    3.24861   3.07894    4.005
 4534.00    3.31952   3.10372    4.005
 4535.00    3.31952   3.13595    4.005
 4536.00    3.38208   3.17266    4.005
 4537.00    3.38844   3.21132    4.005
 4538.00    3.36682   3.24874    4.005
 4539.00    3.35979   3.28142    4.005
 4540.00    3.36797   3.30810    4.005
 4541.00    3.37341   3.32685    4.005
 4542.00    3.28340   3.33699    4.005
 4543.00    3.17239   3.34019    4.005
 4544.00    3.28287   3.33606    4.005
 4545.00    3.54762   3.32721    4.005
 4546.00    3.55697   3.31533    4.005
 4547.00    3.61365   3.30135    4.005
 4548.00    3.61365   3.28823    4.005
 4549.00    3.16583   3.27622    4.005
 4550.00    3.16052   3.26778    4.005
 4551.00    3.62631   3.26389    4.005
 4552.00    3.71838   3.26516    4.005
 4553.00    3.71771   3.27356    4.005
 4554.00    3.71740   3.28762    4.005
 4555.00    3.59085   3.30851    4.005
 4556.00    3.47787   3.33550    4.005
 4557.00    3.52623   3.36430    4.005
 4558.00    3.60683   3.39476    4.005
 4559.00    3.63243   3.42328    4.005
 4560.00    3.72232   3.44548    4.005
 4561.00    3.71441   3.46254    4.005
 4562.00    3.60737   3.47222    4.005
 4563.00    3.60737   3.47551    4.005
 4564.00    3.89012   3.47594    4.005
 4565.00    3.91621   3.47374    4.005
 4566.00    3.78454   3.47275    4.005
 4567.00    3.74346   3.47332    4.005
 4568.00    3.65880   3.47474    4.005
 4569.00    3.60443   3.47931    4.005
 4570.00    3.65813   3.48311    4.005
 4571.00    3.72232   3.48644    4.005
 4572.00    3.64805   3.48968    4.005
 4573.00    3.47698   3.48902    4.005
 4574.00    3.47170   3.48642    4.005
 4575.00    3.44159   3.47992    4.005
 4576.00    3.44159   3.46765    4.005
 4577.00    3.57622   3.45164    4.005
 4578.00    3.57675   3.43097    4.005
 4579.00    3.68799   3.40723    4.005
 4580.00    3.70874   3.38303    4.005
 4581.00    3.67462   3.36041    4.005
 4582.00    3.65925   3.34275    4.005
 4583.00    3.73836   3.33066    4.005
 4584.00    3.80681   3.32565    4.005
 4585.00    3.58097   3.32814    4.005
 4586.00    3.21686   3.33570    4.005
 4587.00    3.29014   3.34711    4.005
 4588.00    3.53549   3.35936    4.005
 4589.00    3.55987   3.37032    4.005
 4590.00    3.85351   3.37798    4.005
 4591.00    3.85351   3.38096    4.005
 4592.00    4.06754   3.38010    4.005
 4593.00    4.08531   3.37512    4.005
 4594.00    3.77580   3.36859    4.005
 4595.00    3.68335   3.36217    4.005
 4596.00    3.49792   3.35618    4.005
 4597.00    3.38266   3.35294    4.005
 4598.00    3.43329   3.35267    4.005
 4599.00    3.49180   3.35483    4.005
 4600.00    3.52756   3.36012    4.005
 4601.00    3.60696   3.36834    4.005
 4602.00    3.60226   3.37964    4.005
 4603.00    3.57707   3.39422    4.005
 4604.00    3.57547   3.41227    4.005
 4605.00    3.16611   3.43438    4.005
 4606.00    3.16611   3.45870    4.005
 4607.00    3.64690   3.48557    4.005
 4608.00    3.73135   3.51261    4.005
 4609.00    3.58989   3.53660    4.005
 4610.00    3.52847   3.55917    4.005
 4611.00    3.40188   3.57596    4.005
 4612.00    3.29574   3.58782    4.005
 4613.00    3.49456   3.59703    4.005
 4614.00    3.80408   3.60178    4.005
 4615.00    3.76544   3.60501    4.005
 4616.00    3.64157   3.60804    4.005
 4617.00    3.66052   3.61104    4.005
 4618.00    3.86592   3.61414    4.005
 4619.00    3.86592   3.61808    4.005
 4620.00    3.93750   3.62190    4.005
 4621.00    3.94279   3.62472    4.005
 4622.00    3.62451   3.62694    4.005
 4623.00    3.53360   3.62741    4.005
 4624.00    3.68680   3.62618    4.005
 4625.00    3.77872   3.62326    4.005
 4626.00    3.92797   3.61889    4.005
 4627.00    4.09514   3.61293    4.005
 4628.00    3.94958   3.60572    4.005
 4629.00    3.63793   3.59739    4.005
 4630.00    3.61938   3.58704    4.005
 4631.00    3.52552   3.57495    4.005
 4632.00    3.53016   3.56070    4.005
 4633.00    3.92122   3.54373    4.005
 4634.00    3.92122   3.52454    4.005
 4635.00    3.11916   3.50383    4.005
 4636.00    2.98686   3.48259    4.005
 4637.00    3.02995   3.46151    4.005
 4638.00    3.04798   3.44108    4.005
 4639.00    3.15786   3.42296    4.005
 4640.00    3.24694   3.40624    4.005
 4641.00    3.56181   3.39028    4.005
 4642.00    4.03623   3.37514    4.005
 4643.00    3.91618   3.35971    4.005
 4644.00    3.54744   3.34520    4.005
 4645.00    3.60641   3.33144    4.005
 4646.00    4.18641   3.32091   -1.000
 4647.00    4.18641   3.31503   -1.000
 4648.00    3.66185   3.31399    4.005
 4649.00    3.62775   3.32115    4.005
 4650.00    3.47409   3.33369    4.005
 4651.00    3.43228   3.35146    4.005
 4652.00    3.27822   3.37356    4.005
 4653.00    3.18883   3.39706    4.005
 4654.00    3.46655   3.42182    4.005
 4655.00    3.76802   3.44541    4.005
 4656.00    3.56443   3.46788    4.005
 4657.00    3.14384   3.48855    4.005
 4658.00    3.16068   3.50486    4.005
 4659.00    3.24127   3.51542    4.005
 4660.00    3.23232   3.51822    4.005
 4661.00    2.78341   3.51114    4.005
 4662.00    2.78341   3.49253    4.005
 4663.00    3.41558   3.46410    4.005
 4664.00    3.51322   3.42826    4.005
 4665.00    3.90194   3.38811    4.005
 4666.00    4.05812   3.35021    4.005
 4667.00    3.61821   3.31826    4.005
 4668.00    3.27265   3.29730    4.005
 4669.00    3.13884   3.28859    4.005
 4670.00    2.94367   3.29241    4.005
 4671.00    3.04715   3.30693    4.005
 4672.00    3.35203   3.32793    4.005
 4673.00    3.35200   3.35369    4.005
 4674.00    3.35169   3.37744    4.005
 4675.00    3.35169   3.39692    4.005
 4676.00    3.17981   3.41121    4.005
 4677.00    3.17025   3.41695    4.005
 4678.00    3.32365   3.41794    4.005
 4679.00    3.36347   3.41433    4.005
 4680.00    3.33144   3.40857    4.005
 4681.00    3.31348   3.40248    4.005
 4682.00    3.42388   3.39714    4.005
 4683.00    3.54003   3.39415    4.005
 4684.00    3.46147   3.39335    4.005
 4685.00    3.30482   3.39515    4.005
 4686.00    3.42442   3.39727    4.005
 4687.00    3.96685   3.39987    4.005
 4688.00    3.95304   3.40270    4.005
 4689.00    3.46163   3.40424    4.005
 4690.00    3.46163   3.40569    4.005
 4691.00    3.03310   3.40670    4.005
 4692.00    2.97161   3.40715    4.005
 4693.00    3.45188   3.40679    4.005
 4694.00    3.63754   3.40463    4.005
 4695.00    3.62282   3.39945    4.005
 4696.00    3.61162   3.39105    4.005
 4697.00    3.50238   3.37886    4.005
 4698.00    3.34811   3.36331    4.005
 4699.00    3.34930   3.34518    4.005
 4700.00    3.35266   3.32652    4.005
 4701.00    3.33595   3.30935    4.005
 4702.00    3.19849   3.29389    4.005
 4703.00    3.19849   3.28235    4.005
 4704.00    3.90594   3.27603    4.005
 4705.00    3.93921   3.27401    4.005
 4706.00    3.53377   3.27629    4.005
 4707.00    3.43351   3.28112    4.005
 4708.00    3.80950   3.28952    4.005
 4709.00    4.01335   3.30046    4.005
 4710.00    3.85155   3.31320    4.005
 4711.00    3.68656   3.32854    4.005
 4712.00    3.53245   3.34653    4.005
 4713.00    3.23568   3.36778    4.005
 4714.00    3.24177   3.39219    4.005
 4715.00    3.26799   3.41911    4.005
 4716.00    3.26490   3.44841    4.005
 4717.00    3.18118   3.47840    4.005
 4718.00    3.18118   3.50701    4.005
 4719.00    3.02931   3.53370    4.005
 4720.00    3.00906   3.55626    4.005
 4721.00    3.71473   3.57196    4.005
 4722.00    3.97705   3.57904    4.005
 4723.00    3.45997   3.57605    4.005
 4724.00    3.07884   3.56351    4.005
 4725.00    3.19373   3.54421    4.005
 4726.00    3.35086   3.51701    4.005
 4727.00    3.38872   3.48652    4.005
 4728.00    3.49132   3.45713    4.005
 4729.00    3.44753   3.42905    4.005
 4730.00    3.11447   3.40851    4.005
 4731.00    3.11447   3.39424    4.005
 4732.00    2.97211   3.38817    4.005
 4733.00    2.96663   3.39175    4.005
 4734.00    3.25255   3.40104    4.005
 4735.00    3.31980   3.41639    4.005
 4736.00    3.33235   3.43340    4.005
 4737.00    3.33893   3.45115    4.005
 4738.00    3.63928   3.46985    4.005
 4739.00    3.93614   3.48717    4.005
 4740.00    3.88693   3.50340    4.005
 4741.00    3.79538   3.51912    4.005
 4742.00    3.71228   3.53360    4.005
 4743.00    3.37309   3.54883    4.005
 4744.00    3.38858   3.56303    4.005
 4745.00    3.72973   3.57544    4.005
 4746.00    3.72973   3.58875    4.005
 4747.00    3.60167   3.59982    4.005
 4748.00    3.58587   3.60806    4.005
 4749.00    4.01186   3.61388    4.005
 4750.00    4.16402   3.61474    4.005
 4751.00    3.96026   3.61296    4.005
 4752.00    3.81483   3.60724    4.005
 4753.00    3.64978   3.59760    4.005
 4754.00    3.43159   3.58776    4.005
 4755.00    3.36776   3.57605    4.005
 4756.00    3.20146   3.56439    4.005
 4757.00    3.28042   3.55281    4.005
 4758.00    3.83817   3.53986    4.005
 4759.00    3.83817   3.52694    4.005
 4760.00    3.45405   3.51154    4.005
 4761.00    3.44246   3.49508    4.005
 4762.00    3.06834   3.47599    4.005
 4763.00    2.98476   3.45682    4.005
 4764.00    3.19052   3.44124    4.005
 4765.00    3.29461   3.42844    4.005
 4766.00    3.30841   3.42279    4.005
 4767.00    3.32162   3.42366    4.005
 4768.00    3.41393   3.43207    4.005
 4769.00    3.57952   3.45044    4.005
 4770.00    3.68862   3.47326    4.005
 4771.00    4.11277   3.50015    4.005
 4772.00    4.10555   3.52921    4.005
 4773.00    3.97183   3.55756    4.005
 4774.00    3.97183   3.58590    4.005
 4775.00    3.78223   3.60915    4.005
 4776.00    3.76068   3.62739    4.005
 4777.00    3.44026   3.64091    4.005
 4778.00    3.33037   3.64773    4.005
 4779.00    3.43254   3.64793    4.005
 4780.00    3.50302   3.64087    4.005
 4781.00    3.62973   3.62861    4.005
 4782.00    3.79200   3.61243    4.005
 4783.00    3.81270   3.59413    4.005
 4784.00    3.86460   3.57605    4.005
 4785.00    3.86202   3.56028    4.005
 4786.00    3.84504   3.54931    4.005
 4787.00    3.84504   3.54374    4.005
 4788.00    3.45577   3.54462    4.005
 4789.00    3.44722   3.55475    4.005
 4790.00    3.18456   3.57067    4.005
 4791.00    3.12892   3.59199    4.005
 4792.00    3.26746   3.61810    4.005
 4793.00    3.33512   3.64416    4.005
 4794.00    3.53861   3.67014    4.005
 4795.00    3.72717   3.69162    4.005
 4796.00    3.58067   3.70755    4.005
 4797.00    3.32660   3.71826    4.005
 4798.00    3.46181   3.72212    4.005
 4799.00    3.96315   3.72162    4.005
 4800.00    3.95097   3.71691    4.005
 4801.00    3.75706   3.70939    4.005
 4802.00    3.75706   3.70207    4.005
 4803.00    3.47852   3.69447    4.005
 4804.00    3.44954   3.68654    4.005
 4805.00    3.43250   3.67896    4.005
 4806.00    3.42691   3.67192    4.005
 4807.00    3.38540   3.66623    4.005
 4808.00    3.35769   3.66212    4.005
 4809.00    3.28698   3.65997    4.005
 4810.00    3.19925   3.66181    4.005
 4811.00    3.28048   3.66802    4.005
 4812.00    3.47651   3.67701    4.005
 4813.00    3.52931   3.68883    4.005
 4814.00    3.85459   3.70243    4.005
 4815.00    3.85459   3.71663    4.005
 4816.00    3.47102   3.72983    4.005
 4817.00    3.46570   3.74028    4.005
 4818.00    3.20210   3.74629    4.005
 4819.00    3.14926   3.74734    4.005
 4820.00    3.21218   3.74262    4.005
 4821.00    3.24176   3.73239    4.005
 4822.00    3.10214   3.71886    4.005
 4823.00    2.97674   3.70034    4.005
 4824.00    3.27320   3.68087    4.005
 4825.00    3.77040   3.66246    4.005
 4826.00    3.73306   3.64522    4.005
 4827.00    3.60081   3.63189    4.005
 4828.00    3.58336   3.61902    4.005
 4829.00    3.33995   3.60942    4.005
 4830.00    3.33995   3.60326    4.005
 4831.00    3.10956   3.59797    4.005
 4832.00    3.08790   3.59393    4.005
 4833.00    3.26910   3.58968    4.005
 4834.00    3.32608   3.58762    4.005
 4835.00    3.37404   3.58485    4.005
 4836.00    3.40503   3.58129    4.005
 4837.00    3.26121   3.57689    4.005
 4838.00    3.08831   3.57009    4.005
 4839.00    3.13802   3.56332    4.005
 4840.00    3.25359   3.55456    4.005
 4841.00    3.28553   3.54656    4.005
 4842.00    3.47016   3.54017    4.005
 4843.00    3.47016   3.53383    4.005
 4844.00    3.32514   3.52902    4.005
 4845.00    3.32429   3.52515    4.005
 4846.00    3.48442   3.52171    4.005
 4847.00    3.51463   3.51688    4.005
 4848.00    3.42164   3.50810    4.005
 4849.00    3.37947   3.49500    4.005
 4850.00    3.25916   3.47640    4.005
 4851.00    3.15446   3.45063    4.005
 4852.00    3.31587   3.41744    4.005
 4853.00    3.57772   3.37585    4.005
 4854.00    3.53532   3.32665    0.000
 4855.00    3.39176   3.27004    0.000
 4856.00    3.36985   3.20518    0.000
 4857.00    3.10042   3.13902    0.000
 4858.00    3.10042   3.07250    0.000
 4859.00    2.95787   3.01108    0.000
 4860.00    2.94579   2.95874    0.000
 4861.00    2.96342   2.91588    0.000
 4862.00    2.96873   2.89390    0.000
 4863.00    3.01666   2.88776    0.000
 4864.00    3.04664   2.89999    0.000
 4865.00    2.88184   2.92692    0.000
 4866.00    2.68986   2.96079    0.000
 4867.00    2.96382   3.00340    0.000
 4868.00    3.57761   3.04450    0.000
 4869.00    3.42468   3.08402    4.005
 4870.00    2.59268   3.12030    4.005
 4871.00    2.59358   3.14993    4.005
 4872.00    2.96329   3.18036    4.005
 4873.00    2.96329   3.20884    4.005
 4874.00    3.40325   3.24134    4.005
 4875.00    3.48142   3.27648    4.005
 4876.00    3.06528   3.31033    4.005
 4877.00    2.88335   3.34726    4.005
 4878.00    3.35235   3.38012    4.005
 4879.00    3.74790   3.41015    4.005
 4880.00    3.92699   3.43328    4.005
 4881.00    4.20809   3.44552    4.005
 4882.00    4.13436   3.45075    4.005
 4883.00    3.89609   3.44711    4.005
 4884.00    3.86158   3.43699    4.005
 4885.00    3.48034   3.42296    4.005
 4886.00    3.48034   3.40461    4.005
 4887.00    3.62013   3.38789    4.005
 4888.00    3.63070   3.37840    4.005
 4889.00    3.37206   3.37511    4.005
 4890.00    3.29756   3.38231    4.005
 4891.00    3.49241   3.40063    4.005
 4892.00    3.61030   3.42835    4.005
 4893.00    3.51858   3.46990    4.005
 4894.00    3.41504   3.51623    4.005
 4895.00    3.57047   3.56549    4.005
 4896.00    3.90627   3.61288    4.005
 4897.00    3.87307   3.65317    4.005
 4898.00    3.70328   3.68683    4.005
 4899.00    3.70037   3.70899    4.005
 4900.00    3.41946   3.72186    4.005
 4901.00    3.41946   3.72578    4.005
 4902.00    3.34286   3.72477    4.005
 4903.00    3.33007   3.71876    4.005
 4904.00    3.10304   3.70980    4.005
 4905.00    3.00741   3.70004    4.005
 4906.00    3.48536   3.68874    4.005
 4907.00    3.87595   3.67842    4.005
 4908.00    3.74461   3.66557    4.005
 4909.00    3.54549   3.65221    4.005
 4910.00    3.45519   3.63889    4.005
 4911.00    3.17562   3.62571    4.005
 4912.00    3.19237   3.61308    4.005
 4913.00    3.36011   3.59880    4.005
 4914.00    3.36011   3.58138    4.005
 4915.00    2.81355   3.55946   -1.000
 4916.00    2.77711   3.53311   -1.000
 4917.00    2.99985   3.50189    4.005
 4918.00    3.06115   3.46784    4.005
 4919.00    2.84124   3.43227    4.005
 4920.00    2.71256   3.40199    4.005
 4921.00    2.65298   3.38106    4.005
 4922.00    2.58778   3.37454   -1.000
 4923.00    2.68739   3.38303    4.005
 4924.00    2.89455   3.40402    4.005
 4925.00    2.88813   3.43871    4.005
 4926.00    2.85710   3.48071    4.005
 4927.00    2.86492   3.52774    4.005
 4928.00    3.29022   3.57357    4.005
 4929.00    3.29022   3.61081    4.005
 4930.00    3.38203   3.63988    4.005
 4931.00    3.39639   3.65689    4.005
 4932.00    3.17439   3.66096    4.005
 4933.00    3.08435   3.65446    4.005
 4934.00    3.08539   3.63799    4.005
 4935.00    3.08621   3.61789    4.005
 4936.00    3.16307   3.59842    4.005
 4937.00    3.27586   3.58036    4.005
 4938.00    3.24777   3.56901    4.005
 4939.00    3.16440   3.56489    4.005
 4940.00    3.16798   3.57217    4.005
 4941.00    3.20068   3.59088    4.005
 4942.00    3.20068   3.61661    4.005
 4943.00    3.39916   3.64803    4.005
 4944.00    3.41064   3.68115    4.005
 4945.00    3.54247   3.71445    4.005
 4946.00    3.57709   3.74520    4.005
 4947.00    3.63790   3.77092    0.000
 4948.00    3.67231   3.78974    0.000
 4949.00    3.35055   3.80007    0.000
 4950.00    3.01003   3.80233    0.000
 4951.00    3.17372   3.79281    0.000
