 2428.00    0.04603   0.96982   -1.000
 2429.00   -0.01305   0.96239    0.000
 2430.00   -0.02093   0.95554    0.000
 2431.00   -0.03734   0.95006    0.000
 2432.00   -0.15493   0.94645    0.000
 2433.00   -0.25548   0.94504    0.000
 2434.00   -0.30984   0.94632    0.000
 2435.00   -0.32759   0.95056    0.000
 2436.00   -0.08223   0.95773    0.000
 2437.00   -0.09835   0.96760    0.000
 2438.00   -0.20462   0.97930    0.000
 2439.00   -0.05299   0.99153    0.000
 2440.00    0.17547   1.00287    3.446
 2441.00   -0.13372   1.01217    0.000
 2442.00   -0.32829   1.01882    0.000
 2443.00   -0.18738   1.02277    0.000
 2444.00   -0.17090   1.02418    0.000
 2445.00   -0.44540   1.02347    0.000
 2446.00   -0.40141   1.02106    0.000
 2447.00   -0.27540   1.01736    0.000
 2448.00   -0.23525   1.01289    0.000
 2449.00   -0.19063   1.00817    0.000
 2450.00   -0.19649   1.00379    0.000
 2451.00   -0.19915   1.00017    0.000
 2452.00   -0.16653   0.99753    0.000
 2453.00   -0.15333   0.99585    0.000
 2454.00   -0.08110   0.99497    0.000
 2455.00   -0.12117   0.99466    0.000
 2456.00   -0.20126   0.99472    0.000
 2457.00   -0.24718   0.99500    0.000
 2458.00   -0.28501   0.99538    0.000
 2459.00   -0.04124   0.99577    0.000
 2460.00    0.03430   0.99609   -1.000
 2461.00   -0.24452   0.99624    0.000
 2462.00   -0.23023   0.99606    0.000
 2463.00   -0.14477   0.99533    0.000
 2464.00   -0.15580   0.99361    0.000
 2465.00   -0.17180   0.99030    0.000
 2466.00   -0.00961   0.98525    0.000
 2467.00    0.08852   0.97867   -1.000
 2468.00   -0.11559   0.97100    0.000
 2469.00   -0.14014   0.96305    0.000
 2470.00    0.12422   0.95572    3.446
 2471.00    0.00455   0.94974   -1.000
 2472.00   -0.32220   0.94558    0.000
 2473.00   -0.36675   0.94336    0.000
 2474.00   -0.41447   0.94312    0.000
 2475.00   -0.39495   0.94500    0.000
 2476.00   -0.38650   0.94879    0.000
 2477.00    0.00033   0.95398    0.000
 2478.00    0.11688   0.96011    3.446
 2479.00    0.65955   0.96647    3.446
 2480.00    0.40739   0.97234    3.446
 2481.00   -0.07610   0.97713    0.000
 2482.00   -0.06298   0.98045    0.000
 2483.00   -0.05258   0.98218    0.000
 2484.00    0.09780   0.98231   -1.000
 2485.00    0.14204   0.98061    3.446
 2486.00    0.06147   0.97724   -1.000
 2487.00    0.08787   0.97271    3.446
 2488.00    0.19571   0.96740    3.446
 2489.00    0.16306   0.96191    3.446
 2490.00    0.11750   0.95693    3.446
 2491.00    0.20055   0.95306    3.446
 2492.00    0.24884   0.95083    3.446
 2493.00    0.19097   0.95069    3.446
 2494.00    0.16437   0.95306    3.446
 2495.00   -0.07836   0.95932    0.000
 2496.00    0.02881   0.96964   -1.000
 2497.00    0.30806   0.98292    3.446
 2498.00    0.35870   0.99824    3.446
 2499.00    0.41095   1.01393    3.446
 2500.00    0.18821   1.02810    3.446
 2501.00    0.09602   1.03906   -1.000
 2502.00    0.67539   1.04552    3.446
 2503.00    0.66440   1.04663    3.446
 2504.00    0.28759   1.04100    3.446
 2505.00    0.42704   1.02850    3.446
 2506.00    0.68369   1.01106    3.446
 2507.00    0.56101   0.99076    3.446
 2508.00    0.46728   0.96984    3.446
 2509.00    0.23390   0.95074    3.446
 2510.00    0.16883   0.93537    3.446
 2511.00    0.37191   0.92514    3.446
 2512.00    0.42834   0.91983    3.446
 2513.00    0.63596   0.91818    3.446
 2514.00    0.55060   0.91887    3.446
 2515.00    0.43595   0.92020    3.446
 2516.00    0.69501   0.92047    3.446
 2517.00    0.83971   0.91812    3.446
 2518.00    0.78644   0.91305    3.446
 2519.00    0.74265   0.90614    3.446
 2520.00    0.29165   0.89810    3.446
 2521.00    0.45778   0.88999    3.446
 2522.00    0.87128   0.88294    3.446
 2523.00    0.49822   0.87767    3.446
 2524.00    0.12735   0.87454    3.446
 2525.00    0.31898   0.87367    3.446
 2526.00    0.39478   0.87492    3.446
 2527.00    0.69218   0.87777    3.446
 2528.00    0.65911   0.88129    3.446
 2529.00    0.33923   0.88503    3.446
 2530.00    0.29799   0.88852    3.446
 2531.00    0.22509   0.89138    3.446
 2532.00    0.16904   0.89335    3.446
 2533.00    0.12782   0.89434    3.446
 2534.00   -0.07736   0.89431    0.000
 2535.00   -0.12945   0.89316    0.000
 2536.00    0.18938   0.89081    3.446
 2537.00    0.20051   0.88760    3.446
 2538.00    0.23969   0.88401    3.446
 2539.00    0.38226   0.88035    3.446
 2540.00    0.56666   0.87706    3.446
 2541.00    0.28733   0.87455    3.446
 2542.00    0.13766   0.87320    3.446
 2543.00    0.54623   0.87338    3.446
 2544.00    0.57095   0.87542    3.446
 2545.00    0.13422   0.87991    3.446
 2546.00    0.22281   0.88772    3.446
 2547.00    0.43361   0.89805    3.446
 2548.00    0.34243   0.90943    3.446
 2549.00    0.25509   0.92105    3.446
 2550.00    0.37814   0.93176    3.446
 2551.00    0.42462   0.94063    3.446
 2552.00    0.28870   0.94708    3.446
 2553.00    0.38952   0.95103    3.446
 2554.00    0.98222   0.95255    3.446
 2555.00    0.78750   0.95188    3.446
 2556.00    0.45681   0.94925    3.446
 2557.00    0.49052   0.94532    3.446
 2558.00    0.51439   0.94089    3.446
 2559.00    0.73592   0.93635    3.446
 2560.00    0.79222   0.93224    3.446
 2561.00    0.86159   0.92903    3.446
 2562.00    0.84655   0.92716    3.446
 2563.00    0.79635   0.92695    3.446
 2564.00    0.88963   0.92874    3.446
 2565.00    1.00581   0.93288    3.446
 2566.00    1.00349   0.94037    3.446
 2567.00    1.00230   0.95044    3.446
 2568.00    0.42838   0.96134    3.446
 2569.00    0.42651   0.97243    3.446
 2570.00    1.23144   0.98266    3.446
 2571.00    1.23383   0.99117    3.446
 2572.00    1.23926   0.99745    3.446
 2573.00    1.14488   1.00145    3.446
 2574.00    1.05777   1.00319    3.446
 2575.00    1.35308   1.00303    3.446
 2576.00    1.45950   1.00130    3.446
 2577.00    1.06879   0.99853    3.446
 2578.00    1.11829   0.99538    3.446
 2579.00    1.47231   0.99213    3.446
 2580.00    1.30801   0.98908    3.446
 2581.00    1.03980   0.98645    3.446
 2582.00    0.87334   0.98432    3.446
 2583.00    0.76002   0.98259    3.446
 2584.00    0.89744   0.98113    3.446
 2585.00    0.91927   0.97970    3.446
 2586.00    0.51025   0.97776    3.446
 2587.00    0.73403   0.97531    3.446
 2588.00    1.44364   0.97273    3.446
 2589.00    1.64775   0.97013    3.446
 2590.00    1.89264   0.96768   -1.000
 2591.00    1.54068   0.96545    3.446
 2592.00    1.36707   0.96340    3.446
 2593.00    0.90000   0.96129    3.446
 2594.00    0.86861   0.95887    3.446
 2595.00    1.13480   0.95577    3.446
 2596.00    0.89298   0.95105    3.446
 2597.00    0.36579   0.94481    3.446
 2598.00    0.49882   0.93810    3.446
 2599.00    0.61713   0.93145    3.446
 2600.00    0.90570   0.92530    3.446
 2601.00    1.00480   0.92006    3.446
 2602.00    1.30044   0.91596    3.446
 2603.00    1.22941   0.91288    3.446
 2604.00    0.83378   0.91074    3.446
 2605.00    0.90352   0.90919    3.446
 2606.00    1.01300   0.90749    3.446
 2607.00    1.18408   0.90551    3.446
 2608.00    1.29613   0.90347    3.446
 2609.00    1.42399   0.90154    3.446
 2610.00    1.44996   0.89986    3.446
 2611.00    1.38582   0.89867    3.446
 2612.00    1.36900   0.89823    3.446
 2613.00    1.31824   0.89879    3.446
 2614.00    1.56247   0.90066    3.446
 2615.00    1.84475   0.90408   -1.000
 2616.00    0.92638   0.90966    3.446
 2617.00    0.49212   0.91741    3.446
 2618.00    0.95963   0.92591    3.446
 2619.00    1.04441   0.93422    3.446
 2620.00    1.28481   0.94193    3.446
 2621.00    1.14160   0.94855    3.446
 2622.00    0.84245   0.95386    3.446
 2623.00    1.17198   0.95804    3.446
 2624.00    1.45403   0.96118    3.446
 2625.00    1.59599   0.96377    3.446
 2626.00    1.64240   0.96688    3.446
 2627.00    1.78976   0.97074    3.446
 2628.00    1.66787   0.97485    3.446
 2629.00    1.10472   0.97880    3.446
 2630.00    0.97943   0.98259    3.446
 2631.00    0.79026   0.98620    3.446
 2632.00    0.97049   0.98983    3.446
 2633.00    1.08402   0.99396    3.446
 2634.00    1.65390   0.99907    3.446
 2635.00    1.74351   1.00583    3.446
 2636.00    1.12144   1.01573    3.446
 2637.00    1.02720   1.02930    3.446
 2638.00    0.75659   1.04419    3.446
 2639.00    1.07486   1.05841    3.446
 2640.00    1.42926   1.07153    3.446
 2641.00    1.42523   1.08270    3.446
 2642.00    1.42340   1.09150    3.446
 2643.00    1.79731   1.09795    3.446
 2644.00    1.69806   1.10198    3.446
 2645.00    0.65877   1.10442    3.446
 2646.00    0.95360   1.10655    3.446
 2647.00    1.54411   1.10874    3.446
 2648.00    1.40987   1.11088    3.446
 2649.00    1.29918   1.11275    3.446
 2650.00    1.40200   1.11428    3.446
 2651.00    1.43395   1.11506    3.446
 2652.00    1.24888   1.11463    3.446
 2653.00    1.27524   1.11250    3.446
 2654.00    1.40293   1.10803    3.446
 2655.00    1.25472   1.10084    3.446
 2656.00    1.03941   1.08999    3.446
 2657.00    1.06928   1.07454    3.446
 2658.00    1.08738   1.05732    3.446
 2659.00    0.74953   1.04115    3.446
 2660.00    0.68995   1.02636    3.446
 2661.00    0.79393   1.01403    3.446
 2662.00    0.87847   1.00486    3.446
 2663.00    1.10988   0.99930    3.446
 2664.00    1.01568   0.99782    3.446
 2665.00    0.91472   0.99964    3.446
 2666.00    0.50737   1.00400    3.446
 2667.00    0.33071   1.01119    3.446
 2668.00    1.23828   1.01956    3.446
 2669.00    1.25802   1.02745    3.446
 2670.00    0.79807   1.03473    3.446
 2671.00    0.75331   1.04088    3.446
 2672.00    0.66729   1.04561    3.446
 2673.00    0.82971   1.04873    3.446
 2674.00    0.95870   1.05006    3.446
 2675.00    1.22883   1.05009    3.446
 2676.00    1.30840   1.04930    3.446
 2677.00    1.00564   1.04767    3.446
 2678.00    0.97793   1.04566    3.446
 2679.00    0.88393   1.04372    3.446
 2680.00    0.91283   1.04185    3.446
 2681.00    0.95323   1.04002    3.446
 2682.00    0.89259   1.03808    3.446
 2683.00    0.85729   1.03589    3.446
 2684.00    0.87589   1.03322    3.446
 2685.00    0.87777   1.02974    3.446
 2686.00    0.85542   1.02503    3.446
 2687.00    0.85894   1.01831    3.446
 2688.00    0.86815   1.01078    3.446
 2689.00    1.07066   1.00394    3.446
 2690.00    1.27981   0.99771    3.446
 2691.00    1.57208   0.99257    3.446
 2692.00    1.69333   0.98884    3.446
 2693.00    1.19075   0.98690    3.446
 2694.00    1.07167   0.98700    3.446
 2695.00    0.58869   0.98878    3.446
 2696.00    0.86775   0.99196    3.446
 2697.00    1.38247   0.99705    3.446
 2698.00    1.16669   1.00296    3.446
 2699.00    1.00167   1.00831    3.446
 2700.00    1.23327   1.01315    3.446
 2701.00    1.29793   1.01702    3.446
 2702.00    1.25044   1.01948    3.446
 2703.00    1.21327   1.02005    3.446
 2704.00    1.07527   1.01841    3.446
 2705.00    1.24158   1.01474    3.446
 2706.00    1.46520   1.00917    3.446
 2707.00    0.98697   1.00056    3.446
 2708.00    0.71955   0.99063    3.446
 2709.00    0.71086   0.98169    3.446
 2710.00    0.73088   0.97347    3.446
 2711.00    1.01073   0.96641    3.446
 2712.00    0.82358   0.96069    3.446
 2713.00    0.35665   0.95666    3.446
 2714.00    0.87159   0.95446    3.446
 2715.00    1.38403   0.95330    3.446
 2716.00    1.43115   0.95264    3.446
 2717.00    1.44981   0.95229    3.446
 2718.00    1.26008   0.95212    3.446
 2719.00    1.17447   0.95209    3.446
 2720.00    0.75573   0.95219    3.446
 2721.00    0.65692   0.95253    3.446
 2722.00    0.48189   0.95347    3.446
 2723.00    0.57580   0.95532    3.446
 2724.00    0.64494   0.95826    3.446
 2725.00    0.91260   0.96253    3.446
 2726.00    0.98631   0.96824    3.446
 2727.00    1.49419   0.97668    3.446
 2728.00    1.53667   0.98634    3.446
 2729.00    1.68669   0.99482    3.446
 2730.00    1.25177   1.00226    3.446
 2731.00    0.68869   1.00806    3.446
 2732.00    0.93289   1.01107    3.446
 2733.00    1.06402   1.01003    3.446
 2734.00    1.02161   1.00443    3.446
 2735.00    1.00638   0.99449    3.446
 2736.00    0.90768   0.98040    3.446
 2737.00    1.02871   0.95908    3.446
 2738.00    1.31738   0.93423    3.446
 2739.00    1.18649   0.91192    3.446
 2740.00    1.06097   0.89177    3.446
 2741.00    1.22310   0.87449    3.446
 2742.00    1.28442   0.86042    3.446
 2743.00    1.49859   0.85100    3.446
 2744.00    1.50693   0.84659    3.446
 2745.00    1.47848   0.84506    3.446
 2746.00    1.16419   0.84525    3.446
 2747.00    0.62986   0.84709    3.446
 2748.00    0.95215   0.84983    3.446
 2749.00    1.18058   0.85253    3.446
 2750.00    1.41243   0.85508    3.446
 2751.00    1.46265   0.85744    3.446
 2752.00    0.96612   0.85985    3.446
 2753.00    0.90124   0.86235    3.446
 2754.00    0.68401   0.86496    3.446
 2755.00    0.56157   0.86809    3.446
 2756.00    0.40892   0.87194    3.446
 2757.00    0.89606   0.87733    3.446
 2758.00    1.14683   0.88357    3.446
 2759.00    1.52077   0.88923    3.446
 2760.00    1.51201   0.89436    3.446
 2761.00    0.88206   0.89898    3.446
 2762.00    1.01453   0.90341    3.446
 2763.00    1.31684   0.90758    3.446
 2764.00    1.32342   0.91150    3.446
 2765.00    1.32949   0.91589    3.446
 2766.00    1.16587   0.92108    3.446
 2767.00    1.10683   0.92815    3.446
 2768.00    1.34649   0.93627    3.446
 2769.00    1.31684   0.94351    3.446
 2770.00    1.10183   0.94980    3.446
 2771.00    0.97130   0.95505    3.446
 2772.00    0.75799   0.95897    3.446
 2773.00    0.67834   0.96065    3.446
 2774.00    0.62400   0.95987    3.446
 2775.00    0.89655   0.95739    3.446
 2776.00    0.96905   0.95344    3.446
 2777.00    1.30457   0.94729    3.446
 2778.00    1.29220   0.93973    3.446
 2779.00    1.25285   0.93255    3.446
 2780.00    1.47584   0.92574    3.446
 2781.00    1.74365   0.91898    3.446
 2782.00    1.27634   0.91107    3.446
 2783.00    1.04558   0.90078    3.446
 2784.00    0.88765   0.88774    3.446
 2785.00    0.89116   0.87116    3.446
 2786.00    1.11097   0.85035    3.446
 2787.00    1.04926   0.82149    3.446
 2788.00    0.91440   0.78741    3.446
 2789.00    0.72315   0.75651    3.446
 2790.00    0.55291   0.72979    3.446
 2791.00    0.96824   0.70686    3.446
 2792.00    1.11105   0.68796    3.446
 2793.00    0.66938   0.67640    3.446
 2794.00    0.60001   0.67288    3.446
 2795.00    0.36009   0.67362    3.446
 2796.00    0.53122   0.67759    3.446
 2797.00    0.80010   0.68529    3.446
 2798.00    0.39649   0.69553    3.446
 2799.00    0.13188   0.70544    3.446
 2800.00    0.64905   0.71454    3.446
 2801.00    0.76098   0.72331    3.446
 2802.00    0.68971   0.73261    3.446
 2803.00    0.74812   0.74350    3.446
 2804.00    0.92472   0.75629    3.446
 2805.00    1.09391   0.77176    3.446
 2806.00    1.28965   0.79064    3.446
 2807.00    1.13269   0.81617    3.446
 2808.00    1.05839   0.84659    3.446
 2809.00    1.38162   0.87444    3.446
 2810.00    1.34180   0.89843    3.446
 2811.00    0.69760   0.91951    3.446
 2812.00    0.82632   0.93808    3.446
 2813.00    1.09550   0.95193    3.446
 2814.00    1.14084   0.96064    3.446
 2815.00    1.17972   0.96763    3.446
 2816.00    0.83020   0.97388    3.446
 2817.00    0.71580   0.98056    3.446
 2818.00    0.85863   0.98771    3.446
 2819.00    0.88098   0.99395    3.446
 2820.00    0.95980   0.99907    3.446
 2821.00    1.21664   1.00328    3.446
 2822.00    1.60482   1.00650    3.446
 2823.00    1.16712   1.00750    3.446
 2824.00    0.89112   1.00601    3.446
 2825.00    0.71760   1.00308    3.446
 2826.00    0.69875   0.99877    3.446
 2827.00    1.08105   0.99246    3.446
 2828.00    1.13606   0.98455    3.446
 2829.00    1.29442   0.97714    3.446
 2830.00    1.17718   0.97077    3.446
 2831.00    1.04652   0.96501    3.446
 2832.00    1.08269   0.95969    3.446
 2833.00    1.09910   0.95512    3.446
 2834.00    0.91140   0.95135    3.446
 2835.00    0.86409   0.94757    3.446
 2836.00    0.66080   0.94349    3.446
 2837.00    0.76157   0.93850    3.446
 2838.00    0.96362   0.93262    3.446
 2839.00    1.11673   0.92719    3.446
 2840.00    1.24309   0.92254    3.446
 2841.00    0.83009   0.91831    3.446
 2842.00    0.70158   0.91433    3.446
 2843.00    0.57313   0.91071    3.446
 2844.00    0.70886   0.90744    3.446
 2845.00    1.29106   0.90402    3.446
 2846.00    1.11931   0.90023    3.446
 2847.00    0.86956   0.89554    3.446
 2848.00    0.84106   0.88997    3.446
 2849.00    0.82378   0.88498    3.446
 2850.00    0.27892   0.88114    3.446
 2851.00    0.21510   0.87822    3.446
 2852.00    0.97651   0.87628    3.446
 2853.00    0.92305   0.87720    3.446
 2854.00    0.77651   0.88146    3.446
 2855.00    0.65366   0.88766    3.446
 2856.00    0.52174   0.89583    3.446
 2857.00    0.99088   0.90704    3.446
 2858.00    1.19457   0.92113    3.446
 2859.00    1.08034   0.93432    3.446
 2860.00    1.03546   0.94519    3.446
 2861.00    0.80253   0.95472    3.446
 2862.00    0.94279   0.96319    3.446
 2863.00    1.21262   0.96885    3.446
 2864.00    0.94053   0.97140    3.446
 2865.00    0.72424   0.97284    3.446
 2866.00    0.96995   0.97342    3.446
 2867.00    1.04253   0.97325    3.446
 2868.00    0.78349   0.97254    3.446
 2869.00    0.86644   0.97177    3.446
 2870.00    1.20855   0.97110    3.446
 2871.00    1.39766   0.97048    3.446
 2872.00    1.66232   0.96990    3.446
 2873.00    1.55258   0.96946    3.446
 2874.00    1.48864   0.96916    3.446
 2875.00    1.20215   0.96889    3.446
 2876.00    1.15324   0.96863    3.446
 2877.00    1.19855   0.96836    3.446
 2878.00    1.24054   0.96805    3.446
 2879.00    1.35035   0.96774    3.446
 2880.00    1.32708   0.96744    3.446
 2881.00    1.30301   0.96710    3.446
 2882.00    1.45763   0.96670    3.446
 2883.00    1.52184   0.96612    3.446
 2884.00    1.48427   0.96526    3.446
 2885.00    1.35951   0.96416    3.446
 2886.00    0.58885   0.96287    3.446
 2887.00    0.62768   0.96123    3.446
 2888.00    0.69940   0.95916    3.446
 2889.00    0.75197   0.95723    3.446
 2890.00    0.79221   0.95570    3.446
 2891.00    1.40478   0.95439    3.446
 2892.00    1.57630   0.95346    3.446
 2893.00    1.48517   0.95331    3.446
 2894.00    1.37692   0.95415    3.446
 2895.00    0.97394   0.95578    3.446
 2896.00    0.92324   0.95987    3.446
 2897.00    0.85495   0.96665    3.446
 2898.00    0.89657   0.97459    3.446
 2899.00    0.91987   0.98403    3.446
 2900.00    0.95331   0.99682    3.446
 2901.00    0.97632   1.01240    3.446
 2902.00    1.20449   1.02367    3.446
 2903.00    1.08765   1.03383    3.446
 2904.00    0.79581   1.04281    3.446
 2905.00    0.93010   1.05111    3.446
 2906.00    1.06386   1.05452    3.446
 2907.00    1.02874   1.05694    3.446
 2908.00    1.01480   1.05845    3.446
 2909.00    0.45834   1.05926    3.446
 2910.00    0.53587   1.05928    3.446
 2911.00    1.23457   1.05894    3.446
 2912.00    1.19211   1.05825    3.446
 2913.00    1.11683   1.05690    3.446
 2914.00    0.80501   1.05437    3.446
 2915.00    0.57517   1.05094    3.446
 2916.00    0.92370   1.04700    3.446
 2917.00    1.01583   1.04204    3.446
 2918.00    0.97644   1.03565    3.446
 2919.00    0.92761   1.02957    3.446
 2920.00    0.75495   1.02478    3.446
 2921.00    0.79636   1.02046    3.446
 2922.00    0.85003   1.01657    3.446
 2923.00    1.11995   1.01394    3.446
 2924.00    1.26504   1.01261    3.446
 2925.00    1.38820   1.01170    3.446
 2926.00    1.36390   1.01113    3.446
 2927.00    0.86432   1.01085    3.446
 2928.00    0.99369   1.01075    3.446
 2929.00    1.30262   1.01067    3.446
 2930.00    1.42863   1.01056    3.446
 2931.00    1.54958   1.01037    3.446
 2932.00    1.14719   1.01007    3.446
 2933.00    0.99464   1.00958    3.446
 2934.00    0.65317   1.00864    3.446
 2935.00    0.74103   1.00734    3.446
 2936.00    1.33887   1.00589    3.446
 2937.00    1.31543   1.00410    3.446
 2938.00    1.27551   1.00177    3.446
 2939.00    0.86365   0.99952    3.446
 2940.00    0.57142   0.99778    3.446
 2941.00    0.85911   0.99620    3.446
 2942.00    0.93179   0.99478    3.446
 2943.00    0.97675   0.99382    3.446
 2944.00    1.03790   0.99332    3.446
 2945.00    1.24293   0.99298    3.446
 2946.00    1.18336   0.99277    3.446
 2947.00    1.10902   0.99267    3.446
 2948.00    0.87802   0.99265    3.446
 2949.00    0.75885   0.99265    3.446
 2950.00    1.28884   0.99269    3.446
 2951.00    1.33728   0.99279    3.446
 2952.00    1.05589   0.99295    3.446
 2953.00    0.89855   0.99320    3.446
 2954.00    0.53908   0.99369    3.446
 2955.00    0.53908   0.99438    3.446
 2956.00    0.53908   0.99513    3.446
 2957.00    0.53908   0.99604    3.446
 2958.00    0.53908   0.99725    3.446
 2959.00    0.53908   0.99842    3.446
 2960.00    0.53908   0.99931    3.446
 2961.00    0.53908   1.00012    3.446
 2962.00    0.53908   1.00086    3.446
 2963.00    0.53908   1.00135    3.446
 2964.00    1.07386   1.00161    3.446
 2965.00    1.43903   1.00179    3.446
 2966.00    1.43903   1.00191    3.446
 2967.00    1.43903   1.00196    3.446
 2968.00    1.43903   1.00198    3.446
 2969.00    1.43903   1.00199    3.446
 2970.00    1.43903   1.00200    3.446
 2971.00    1.43903   1.00202    3.446
 2972.00    1.43903   1.00204    3.446
 2973.00    1.43903   1.00208    3.446
 2974.00    1.43903   1.00216    3.446
 2975.00    1.24818   1.00226    3.446
 2976.00    1.24061   1.00238    3.446
 2977.00    1.40036   1.00251    3.446
 2978.00    1.22663   1.00270    3.446
 2979.00    0.84659   1.00287    3.446
 2980.00    0.74272   1.00301    3.446
 2981.00    0.65018   1.00313    3.446
 2982.00    1.14658   1.00324    3.446
 2983.00    1.31770   1.00332    3.446
 2984.00    1.40404   1.00336    3.446
 2985.00    1.36410   1.00339    3.446
 2986.00    1.15613   1.00341    3.446
 2987.00    1.16017   1.00342    3.446
 2988.00    1.16652   1.00344    3.446
 2989.00    1.42840   1.00347    3.446
 2990.00    1.60044   1.00355    3.446
 2991.00    0.32453   1.00373    3.446
 2992.00    0.04729   1.00401   -1.000
 2993.00    0.22079   1.00439    3.446
 2994.00    0.30994   1.00518    3.446
 2995.00    0.57986   1.00633    3.446
 2996.00    0.78191   1.00753    3.446
 2997.00    1.01589   1.00892    3.446
 2998.00    1.28798   1.01083    3.446
 2999.00    1.41708   1.01269    3.446
 3000.00    1.23832   1.01406    3.446
 3001.00    1.20390   1.01535    3.446
 3002.00    1.09660   1.01652    3.446
 3003.00    1.29593   1.01728    3.446
 3004.00    1.71373   1.01770    3.446
 3005.00    1.58231   1.01800    3.446
 3006.00    1.46950   1.01819    3.446
 3007.00    0.81608   1.01826    3.446
 3008.00    0.60166   1.01828    3.446
 3009.00    0.64196   1.01828    3.446
 3010.00    0.66346   1.01824    3.446
 3011.00    0.75354   1.01814    3.446
 3012.00    0.86674   1.01796    3.446
 3013.00    1.03800   1.01773    3.446
 3014.00    1.09315   1.01727    3.446
 3015.00    1.12800   1.01660    3.446
 3016.00    1.21601   1.01587    3.446
 3017.00    1.24083   1.01507    3.446
 3018.00    1.38645   1.01395    3.446
 3019.00    1.33960   1.01285    3.446
 3020.00    1.20457   1.01206    3.446
 3021.00    1.27048   1.01130    3.446
 3022.00    1.34403   1.01062    3.446
 3023.00    0.84815   1.01017    3.446
 3024.00    0.62275   1.00992    3.446
 3025.00    0.78144   1.00974    3.446
 3026.00    0.89973   1.00963    3.446
 3027.00    1.65966   1.00958    3.446
 3028.00    1.54057   1.00955    3.446
 3029.00    1.30153   1.00953    3.446
 3030.00    1.28224   1.00950    3.446
 3031.00    1.26629   1.00944    3.446
 3032.00    1.31661   1.00934    3.446
 3033.00    1.33231   1.00921    3.446
 3034.00    0.64102   1.00898    3.446
 3035.00    0.77032   1.00862    3.446
 3036.00    1.38223   1.00822    3.446
 3037.00    1.15965   1.00780    3.446
 3038.00    0.83565   1.00721    3.446
 3039.00    0.60903   1.00663    3.446
 3040.00    0.47134   1.00621    3.446
 3041.00    0.66560   1.00581    3.446
 3042.00    0.72910   1.00544    3.446
 3043.00    1.19660   1.00521    3.446
 3044.00    1.20642   1.00508    3.446
 3045.00    1.23340   1.00497    3.446
 3046.00    0.96072   1.00491    3.446
 3047.00    0.66760   1.00489    3.446
 3048.00    0.89259   1.00487    3.446
 3049.00    0.99050   1.00485    3.446
 3050.00    1.19177   1.00482    3.446
 3051.00    1.15162   1.00475    3.446
 3052.00    0.74041   1.00464    3.446
 3053.00    0.75951   1.00449    3.446
 3054.00    0.79627   1.00424    3.446
 3055.00    0.78692   1.00384    3.446
 3056.00    0.77948   1.00340    3.446
 3057.00    0.64802   1.00294    3.446
 3058.00    0.60908   1.00230    3.446
 3059.00    0.64747   1.00165    3.446
 3060.00    0.70253   1.00119    3.446
 3061.00    0.91878   1.00075    3.446
 3062.00    0.83661   1.00036    3.446
 3063.00    0.72151   1.00010    3.446
 3064.00    0.63090   0.99995    3.446
 3065.00    0.57799   0.99984    3.446
 3066.00    1.08135   0.99977    3.446
 3067.00    1.16599   0.99975    3.446
 3068.00    1.06089   0.99974    3.446
 3069.00    1.02468   0.99974    3.446
 3070.00    0.92987   0.99976    3.446
 3071.00    1.05686   0.99980    3.446
 3072.00    1.18840   0.99988    3.446
 3073.00    1.25465   0.99998    3.446
 3074.00    1.28223   1.00014    3.446
 3075.00    1.14776   1.00040    3.446
 3076.00    1.10719   1.00069    3.446
 3077.00    0.92284   1.00098    3.446
 3078.00    0.90019   1.00140    3.446
 3079.00    0.85831   1.00181    3.446
 3080.00    1.11453   1.00211    3.446
 3081.00    1.31106   1.00239    3.446
 3082.00    1.25140   1.00265    3.446
 3083.00    1.23465   1.00281    3.446
 3084.00    1.60227   1.00291    3.446
 3085.00    1.47565   1.00298    3.446
 3086.00    0.99558   1.00302    3.446
 3087.00    0.91341   1.00303    3.446
 3088.00    0.80260   1.00302    3.446
 3089.00    1.18914   1.00299    3.446
 3090.00    1.40598   1.00293    3.446
 3091.00    0.95658   1.00277    3.446
 3092.00    0.84365   1.00248    3.446
 3093.00    0.35618   1.00212    3.446
 3094.00    0.53608   1.00155    3.446
 3095.00    0.98597   1.00062    3.446
 3096.00    1.03747   0.99955    3.446
 3097.00    1.08886   0.99851    3.446
 3098.00    1.14771   0.99704    3.446
 3099.00    1.17113   0.99555    3.446
 3100.00    1.27275   0.99450    3.446
 3101.00    1.22937   0.99348    3.446
 3102.00    0.92940   0.99256    3.446
 3103.00    0.91139   0.99198    3.446
 3104.00    0.87940   0.99163    3.446
 3105.00    1.28268   0.99135    3.446
 3106.00    1.58052   0.99119    3.446
 3107.00    1.37232   0.99112    3.446
 3108.00    1.31532   0.99106    3.446
 3109.00    0.99050   0.99097    3.446
 3110.00    0.93990   0.99087    3.446
 3111.00    0.76073   0.99063    3.446
 3112.00    0.70376   0.99019    3.446
 3113.00    0.62979   0.98963    3.446
 3114.00    1.12525   0.98879    3.446
 3115.00    1.39215   0.98740    3.446
 3116.00    1.13853   0.98579    3.446
 3117.00    1.06446   0.98426    3.446
 3118.00    0.66791   0.98210    3.446
 3119.00    0.66833   0.97989    3.446
 3120.00    0.66932   0.97834    3.446
 3121.00    0.65367   0.97683    3.446
 3122.00    0.63861   0.97546    3.446
 3123.00    1.12802   0.97460    3.446
 3124.00    1.31403   0.97408    3.446
 3125.00    0.87771   0.97366    3.446
 3126.00    0.84841   0.97342    3.446
 3127.00    0.84128   0.97334    3.446
 3128.00    1.12740   0.97328    3.446
 3129.00    1.61536   0.97325    3.446
 3130.00    1.02320   0.97324    3.446
 3131.00    0.60221   0.97324    3.446
 3132.00    0.79093   0.97325    3.446
 3133.00    0.84483   0.97325    3.446
 3134.00    1.29113   0.97326    3.446
 3135.00    1.28931   0.97328    3.446
 3136.00    1.28317   0.97330    3.446
 3137.00    1.02565   0.97332    3.446
 3138.00    0.70362   0.97334    3.446
 3139.00    1.23721   0.97337    3.446
 3140.00    1.51309   0.97338    3.446
 3141.00    1.24992   0.97340    3.446
 3142.00    1.16696   0.97342    3.446
 3143.00    0.70580   0.97343    3.446
 3144.00    0.65796   0.97343    3.446
 3145.00    0.54853   0.97344    3.446
 3146.00    0.69752   0.97344    3.446
 3147.00    0.83557   0.97344    3.446
 3148.00    0.64854   0.97344    3.446
 3149.00    0.58072   0.97344    3.446
 3150.00    0.61320   0.97344    3.446
 3151.00    0.61554   0.97344    3.446
 3152.00    0.61861   0.97344    3.446
 3153.00    0.85582   0.97343    3.446
 3154.00    1.24465   0.97343    3.446
 3155.00    1.02477   0.97342    3.446
 3156.00    0.87432   0.97341    3.446
 3157.00    0.77198   0.97340    3.446
 3158.00    0.76542   0.97339    3.446
 3159.00    1.49356   0.97338    3.446
 3160.00    1.44543   0.97337    3.446
 3161.00    1.29199   0.97336    3.446
 3162.00    1.12302   0.97335    3.446
 3163.00    0.91948   0.97335    3.446
 3164.00    1.15925   0.97334    3.446
 3165.00    1.27816   0.97333    3.446
 3166.00    0.89098   0.97331    3.446
 3167.00    0.82366   0.97328    3.446
 3168.00    0.67440   0.97318    3.446
 3169.00    0.77704   0.97295    3.446
 3170.00    1.00183   0.97259    3.446
 3171.00    0.71455   0.97194    3.446
 3172.00    0.45806   0.97058    3.446
 3173.00    1.12565   0.96866    3.446
 3174.00    1.35637   0.96639    3.446
 3175.00    1.22199   0.96225    3.446
 3176.00    1.23351   0.95724    3.446
 3177.00    1.31637   0.95286    3.446
 3178.00    1.21426   0.94677    3.446
 3179.00    1.05331   0.94040    3.446
 3180.00    1.15008   0.93586    3.446
 3181.00    1.21379   0.93147    3.446
 3182.00    1.21628   0.92748    3.446
 3183.00    1.19609   0.92503    3.446
 3184.00    0.58728   0.92344    3.446
 3185.00    0.63377   0.92217    3.446
 3186.00    0.77471   0.92149    3.446
 3187.00    0.89355   0.92123    3.446
 3188.00    1.03144   0.92109    3.446
 3189.00    0.95148   0.92113    3.446
 3190.00    0.91347   0.92132    3.446
 3191.00    1.09001   0.92166    3.446
 3192.00    1.14863   0.92243    3.446
 3193.00    1.45801   0.92355    3.446
 3194.00    1.40002   0.92480    3.446
 3195.00    1.27832   0.92712    3.446
 3196.00    0.88926   0.92998    3.446
 3197.00    0.55463   0.93241    3.446
 3198.00    0.67396   0.93578    3.446
 3199.00    0.71323   0.93932    3.446
 3200.00    1.45840   0.94186    3.446
 3201.00    1.43373   0.94431    3.446
 3202.00    1.21137   0.94654    3.446
 3203.00    1.23841   0.94790    3.446
 3204.00    1.27942   0.94881    3.446
 3205.00    1.14255   0.94952    3.446
 3206.00    1.05589   0.94988    3.446
 3207.00    0.98698   0.95001    3.446
 3208.00    0.95612   0.95006    3.446
 3209.00    0.58213   0.94993    3.446
 3210.00    0.60354   0.94962    3.446
 3211.00    0.66533   0.94917    3.446
 3212.00    1.04146   0.94812    3.446
 3213.00    1.46192   0.94657    3.446
 3214.00    1.00343   0.94496    3.446
 3215.00    0.79456   0.94185    3.446
 3216.00    0.61166   0.93799    3.446
 3217.00    0.62093   0.93477    3.446
 3218.00    0.84026   0.93036    3.446
 3219.00    0.89611   0.92566    3.446
 3220.00    1.00847   0.92230    3.446
 3221.00    0.87999   0.91904    3.446
 3222.00    0.77354   0.91608    3.446
 3223.00    1.11887   0.91429    3.446
 3224.00    1.22676   0.91306    3.446
 3225.00    1.15540   0.91211    3.446
 3226.00    1.22450   0.91163    3.446
 3227.00    1.52263   0.91145    3.446
 3228.00    1.40934   0.91136    3.446
 3229.00    1.24410   0.91153    3.446
 3230.00    0.85414   0.91192    3.446
 3231.00    0.61674   0.91245    3.446
 3232.00    1.16013   0.91374    3.446
 3233.00    1.27077   0.91569    3.446
 3234.00    1.35434   0.91767    3.446
 3235.00    1.20081   0.92136    3.446
 3236.00    0.77846   0.92602    3.446
 3237.00    0.88164   0.92996    3.446
 3238.00    0.99277   0.93522    3.446
 3239.00    0.65092   0.94086    3.446
 3240.00    0.50181   0.94491    3.446
 3241.00    1.20502   0.94884    3.446
 3242.00    1.27513   0.95240    3.446
 3243.00    1.28707   0.95455    3.446
 3244.00    1.15742   0.95606    3.446
 3245.00    0.90722   0.95724    3.446
 3246.00    0.94059   0.95784    3.446
 3247.00    0.96722   0.95817    3.446
 3248.00    0.82508   0.95842    3.446
 3249.00    0.78292   0.95865    3.446
 3250.00    0.46497   0.95894    3.446
 3251.00    0.59441   0.95928    3.446
 3252.00    1.12621   0.96008    3.446
 3253.00    1.28563   0.96129    3.446
 3254.00    1.50942   0.96249    3.446
 3255.00    1.73930   0.96466    3.446
 3256.00    1.87381   0.96745   -1.000
 3257.00    0.98587   0.96983    3.446
 3258.00    0.85023   0.97294    3.446
 3259.00    1.25121   0.97630    3.446
 3260.00    1.21354   0.97872    3.446
 3261.00    1.11464   0.98106    3.446
 3262.00    1.00377   0.98318    3.446
 3263.00    0.88870   0.98445    3.446
 3264.00    0.78788   0.98537    3.446
 3265.00    0.74580   0.98608    3.446
 3266.00    0.96778   0.98642    3.446
 3267.00    0.96422   0.98660    3.446
 3268.00    0.81979   0.98671    3.446
 3269.00    0.70724   0.98671    3.446
 3270.00    0.49877   0.98664    3.446
 3271.00    0.58557   0.98655    3.446
 3272.00    0.65229   0.98631    3.446
 3273.00    0.97200   0.98593    3.446
 3274.00    1.06191   0.98554    3.446
 3275.00    1.22471   0.98488    3.446
 3276.00    1.11224   0.98402    3.446
 3277.00    0.68760   0.98327    3.446
 3278.00    0.96006   0.98232    3.446
 3279.00    1.32824   0.98128    3.446
 3280.00    1.21832   0.98053    3.446
 3281.00    1.15652   0.97981    3.446
 3282.00    1.40301   0.97915    3.446
 3283.00    1.44043   0.97876    3.446
 3284.00    1.38348   0.97847    3.446
 3285.00    1.35044   0.97824    3.446
 3286.00    1.26762   0.97813    3.446
 3287.00    1.16707   0.97806    3.446
 3288.00    1.06652   0.97800    3.446
 3289.00    0.85623   0.97794    3.446
 3290.00    0.77245   0.97783    3.446
 3291.00    1.19238   0.97770    3.446
 3292.00    1.22717   0.97745    3.446
 3293.00    1.24574   0.97703    3.446
 3294.00    1.28628   0.97659    3.446
 3295.00    1.35840   0.97589    3.446
 3296.00    1.61106   0.97495    3.446
 3297.00    1.79802   0.97412    3.446
 3298.00    1.43946   0.97311    3.446
 3299.00    1.34339   0.97199    3.446
 3300.00    1.21426   0.97117    3.446
 3301.00    1.12423   0.97039    3.446
 3302.00    0.80456   0.96966    3.446
 3303.00    0.83145   0.96922    3.446
 3304.00    0.86643   0.96885    3.446
 3305.00    1.13032   0.96851    3.446
 3306.00    1.27277   0.96818    3.446
 3307.00    1.00545   0.96783    3.446
 3308.00    0.96162   0.96725    3.446
 3309.00    0.93933   0.96634    3.446
 3310.00    0.98572   0.96539    3.446
 3311.00    1.09691   0.96396    3.446
 3312.00    1.12416   0.96206    3.446
 3313.00    1.15043   0.96048    3.446
 3314.00    0.89757   0.95867    3.446
 3315.00    0.80135   0.95683    3.446
 3316.00    1.00995   0.95600    3.446
 3317.00    1.05965   0.95558    3.446
 3318.00    1.25840   0.95574    3.446
 3319.00    1.17009   0.95705    3.446
 3320.00    1.01917   0.95895    3.446
 3321.00    0.93335   0.96128    3.446
 3322.00    0.87221   0.96412    3.446
 3323.00    0.84375   0.96697    3.446
 3324.00    0.84727   0.96959    3.446
 3325.00    1.59091   0.97186    3.446
 3326.00    1.49524   0.97330    3.446
 3327.00    1.17316   0.97365    3.446
 3328.00    0.98546   0.97291    3.446
 3329.00    0.75026   0.97056    3.446
 3330.00    0.47679   0.96689    3.446
 3331.00    0.33524   0.96247    3.446
 3332.00    0.37907   0.95720    3.446
 3333.00    0.45569   0.95251    3.446
 3334.00    1.17629   0.94890    3.446
 3335.00    1.28124   0.94627    3.446
 3336.00    1.52184   0.94600    3.446
 3337.00    0.87363   0.94722    3.446
 3338.00    0.27181   0.94939    3.446
 3339.00    0.61972   0.95295    3.446
 3340.00    0.74604   0.95608    3.446
 3341.00    0.53131   0.95843    3.446
 3342.00    0.48657   0.96024    3.446
 3343.00    0.31712   0.95993    3.446
 3344.00    0.41998   0.95812    3.446
 3345.00    0.58892   0.95587    3.446
 3346.00    0.80774   0.95217    3.446
 3347.00    0.95776   0.94867    3.446
 3348.00    0.70376   0.94596    3.446
 3349.00    0.65211   0.94302    3.446
 3350.00    1.00925   0.94104    3.446
 3351.00    1.07316   0.93881    3.446
 3352.00    1.27746   0.93590    3.446
 3353.00    1.13568   0.93252    3.446
 3354.00    0.96456   0.92772    3.446
 3355.00    0.62225   0.92260    3.446
 3356.00    0.45228   0.91712    3.446
 3357.00    0.71907   0.91185    3.446
 3358.00    0.77232   0.90799    3.446
 3359.00    0.93769   0.90483    3.446
 3360.00    1.00312   0.90278    3.446
 3361.00    1.14675   0.90163    3.446
 3362.00    1.22036   0.90009    3.446
 3363.00    1.28621   0.89823    3.446
 3364.00    1.15504   0.89593    3.446
 3365.00    1.10964   0.89289    3.446
 3366.00    0.95381   0.89006    3.446
 3367.00    0.97468   0.88794    3.446
 3368.00    1.10722   0.88708    3.446
 3369.00    1.00415   0.88810    3.446
 3370.00    0.84135   0.89050    3.446
 3371.00    0.70299   0.89446    3.446
 3372.00    0.61182   0.89925    3.446
 3373.00    0.67780   0.90365    3.446
 3374.00    0.69590   0.90803    3.446
 3375.00    0.79573   0.91176    3.446
 3376.00    0.83277   0.91454    3.446
 3377.00    0.94534   0.91749    3.446
 3378.00    1.13305   0.92078    3.446
 3379.00    1.35129   0.92404    3.446
 3380.00    1.40438   0.92819    3.446
 3381.00    1.42965   0.93281    3.446
 3382.00    1.20218   0.93662    3.446
 3383.00    1.16367   0.94035    3.446
 3384.00    1.07121   0.94318    3.446
 3385.00    0.93273   0.94439    3.446
 3386.00    0.64150   0.94511    3.446
 3387.00    0.64062   0.94521    3.446
 3388.00    0.63986   0.94484    3.446
 3389.00    1.15790   0.94521    3.446
 3390.00    1.32856   0.94637    3.446
 3391.00    1.29833   0.94829    3.446
 3392.00    1.30533   0.95128    3.446
 3393.00    1.34137   0.95456    3.446
 3394.00    1.30186   0.95754    3.446
 3395.00    1.24184   0.95948    3.446
 3396.00    0.65687   0.95978    3.446
 3397.00    0.28610   0.95826    3.446
 3398.00    1.08975   0.95456    3.446
 3399.00    1.24897   0.94958    3.446
 3400.00    1.04980   0.94372    3.446
 3401.00    1.02259   0.93745    3.446
 3402.00    0.94386   0.93185    3.446
 3403.00    1.23763   0.92725    3.446
 3404.00    1.56669   0.92382    3.446
 3405.00    1.14163   0.92171    3.446
 3406.00    0.94776   0.92110    3.446
 3407.00    0.71532   0.92149    3.446
 3408.00    0.68761   0.92262    3.446
 3409.00    0.66932   0.92476    3.446
 3410.00    0.84709   0.92727    3.446
 3411.00    1.20551   0.93015    3.446
 3412.00    0.99432   0.93385    3.446
 3413.00    0.81917   0.93763    3.446
 3414.00    1.26440   0.94169    3.446
 3415.00    1.40387   0.94609    3.446
 3416.00    0.78572   0.94994    3.446
 3417.00    0.80096   0.95343    3.446
 3418.00    0.92800   0.95651    3.446
 3419.00    1.09847   0.95876    3.446
 3420.00    1.34762   0.96050    3.446
 3421.00    1.00000   0.96225    3.446
 3422.00    0.78815   0.96376    3.446
 3423.00    1.45627   0.96519    3.446
 3424.00    1.55759   0.96708    3.446
 3425.00    1.01480   0.96851    3.446
 3426.00    0.97956   0.96952    3.446
 3427.00    0.88237   0.97021    3.446
 3428.00    0.75634   0.96956    3.446
 3429.00    0.62033   0.96795    3.446
 3430.00    0.59929   0.96547    3.446
 3431.00    0.59010   0.96140    3.446
 3432.00    1.09501   0.95636    3.446
 3433.00    1.18943   0.95030    3.446
 3434.00    1.50286   0.94284    3.446
 3435.00    1.47165   0.93511    3.446
 3436.00    1.41129   0.92690    3.446
 3437.00    1.23596   0.91902    3.446
 3438.00    1.09589   0.91284    3.446
 3439.00    1.32985   0.90818    3.446
 3440.00    1.39934   0.90622    3.446
 3441.00    1.06453   0.90705    3.446
 3442.00    1.03743   0.91000    3.446
 3443.00    0.94862   0.91486    3.446
 3444.00    1.02170   0.92045    3.446
 3445.00    1.12449   0.92571    3.446
 3446.00    1.20016   0.92981    3.446
 3447.00    1.24449   0.93218    3.446
 3448.00    0.85209   0.93241    3.446
 3449.00    0.76439   0.93078    3.446
 3450.00    0.51447   0.92767    3.446
 3451.00    0.65645   0.92343    3.446
 3452.00    1.03003   0.91902    3.446
 3453.00    0.96282   0.91441    3.446
 3454.00    0.89300   0.91011    3.446
 3455.00    0.74802   0.90686    3.446
 3456.00    0.68744   0.90410    3.446
 3457.00    1.16880   0.90243    3.446
 3458.00    1.19361   0.90217    3.446
 3459.00    1.08605   0.90263    3.446
 3460.00    1.06737   0.90445    3.446
 3461.00    1.03269   0.90710    3.446
 3462.00    1.04594   0.90979    3.446
 3463.00    1.05613   0.91308    3.446
 3464.00    0.73974   0.91590    3.446
 3465.00    0.65065   0.91769    3.446
 3466.00    1.00664   0.91874    3.446
 3467.00    1.04904   0.91851    3.446
 3468.00    1.20199   0.91687    3.446
 3469.00    1.29592   0.91449    3.446
 3470.00    1.42309   0.91163    3.446
 3471.00    1.31651   0.90855    3.446
 3472.00    1.25652   0.90640    3.446
 3473.00    1.36433   0.90516    3.446
 3474.00    1.34498   0.90504    3.446
 3475.00    0.84346   0.90654    3.446
 3476.00    0.84805   0.90865    3.446
 3477.00    0.85956   0.91148    3.446
 3478.00    0.75113   0.91468    3.446
 3479.00    0.64260   0.91763    3.446
 3480.00    0.80925   0.92009    3.446
 3481.00    0.87581   0.92185    3.446
 3482.00    0.99783   0.92294    3.446
 3483.00    1.03641   0.92292    3.446
 3484.00    1.21012   0.92227    3.446
 3485.00    0.97418   0.92051    3.446
 3486.00    0.55361   0.91796    3.446
 3487.00    0.62915   0.91525    3.446
 3488.00    0.68510   0.91175    3.446
 3489.00    1.00420   0.90867    3.446
 3490.00    1.08935   0.90613    3.446
 3491.00    1.11152   0.90434    3.446
 3492.00    1.10378   0.90367    3.446
 3493.00    1.07621   0.90346    3.446
 3494.00    0.97088   0.90486    3.446
 3495.00    0.83370   0.90688    3.446
 3496.00    0.78947   0.90904    3.446
 3497.00    0.76557   0.91165    3.446
 3498.00    0.72843   0.91345    3.446
 3499.00    0.74702   0.91516    3.446
 3500.00    1.03128   0.91591    3.446
 3501.00    1.07623   0.91538    3.446
 3502.00    1.18418   0.91462    3.446
 3503.00    1.00116   0.91278    3.446
 3504.00    0.82464   0.91048    3.446
 3505.00    0.86328   0.90818    3.446
 3506.00    0.87800   0.90536    3.446
 3507.00    1.06902   0.90319    3.446
 3508.00    1.08136   0.90189    3.446
 3509.00    1.08089   0.90078    3.446
 3510.00    0.99043   0.90104    3.446
 3511.00    0.83549   0.90206    3.446
 3512.00    1.03073   0.90359    3.446
 3513.00    1.16996   0.90578    3.446
 3514.00    1.08733   0.90723    3.446
 3515.00    1.06079   0.90834    3.446
 3516.00    0.64783   0.90822    3.446
 3517.00    0.73442   0.90696    3.446
 3518.00    1.02675   0.90492    3.446
 3519.00    0.87058   0.90193    3.446
 3520.00    0.67471   0.89952    3.446
 3521.00    0.83907   0.89740    3.446
 3522.00    0.92433   0.89664    3.446
 3523.00    0.60213   0.89768    3.446
 3524.00    0.61478   0.89985    3.446
 3525.00    1.22637   0.90381    3.446
 3526.00    1.18029   0.90861    3.446
 3527.00    1.07441   0.91389    3.446
 3528.00    0.84655   0.91947    3.446
 3529.00    0.63479   0.92475    3.446
 3530.00    0.89206   0.92979    3.446
 3531.00    0.98558   0.93436    3.446
 3532.00    1.03670   0.93854    3.446
 3533.00    1.05026   0.94241    3.446
 3534.00    1.10558   0.94590    3.446
 3535.00    1.03346   0.94942    3.446
 3536.00    0.91487   0.95229    3.446
 3537.00    0.79094   0.95500    3.446
 3538.00    0.70588   0.95753    3.446
 3539.00    0.98570   0.95930    3.446
 3540.00    1.04607   0.96128    3.446
 3541.00    0.78737   0.96236    3.446
 3542.00    0.79967   0.96314    3.446
 3543.00    0.83909   0.96371    3.446
 3544.00    0.90214   0.96350    3.446
 3545.00    0.97831   0.96321    3.446
 3546.00    1.14604   0.96205    3.446
 3547.00    1.22941   0.96076    3.446
 3548.00    1.21341   0.95895    3.446
 3549.00    1.20900   0.95688    3.446
 3550.00    1.18785   0.95484    3.446
 3551.00    1.02703   0.95254    3.446
 3552.00    0.67322   0.95075    3.446
 3553.00    0.73485   0.94876    3.446
 3554.00    0.79002   0.94703    3.446
 3555.00    0.98301   0.94508    3.446
 3556.00    1.04988   0.94288    3.446
 3557.00    1.02310   0.94035    3.446
 3558.00    1.01046   0.93661    3.446
 3559.00    0.95550   0.93270    3.446
 3560.00    1.01359   0.92662    3.446
 3561.00    1.10543   0.91997    3.446
 3562.00    0.88064   0.91321    3.446
 3563.00    0.73221   0.90527    3.446
 3564.00    0.67595   0.89832    3.446
 3565.00    0.66954   0.89062    3.446
 3566.00    0.85440   0.88370    3.446
 3567.00    0.84303   0.87849    3.446
 3568.00    0.80838   0.87310    3.446
 3569.00    0.73603   0.86945    3.446
 3570.00    0.65182   0.86599    3.446
 3571.00    0.74325   0.86277    3.446
 3572.00    0.78682   0.86028    3.446
 3573.00    0.73490   0.85696    3.446
 3574.00    0.76339   0.85376    3.446
 3575.00    1.05378   0.84952    3.446
 3576.00    1.03577   0.84480    3.446
 3577.00    0.99784   0.83996    3.446
 3578.00    0.80155   0.83473    3.446
 3579.00    0.63221   0.83052    3.446
 3580.00    0.66317   0.82632    3.446
 3581.00    0.67338   0.82343    3.446
 3582.00    0.91048   0.82250    3.446
 3583.00    0.91509   0.82307    3.446
 3584.00    0.89917   0.82626    3.446
 3585.00    0.79893   0.83094    3.446
 3586.00    0.64650   0.83757    3.446
 3587.00    0.75142   0.84567    3.446
 3588.00    0.81799   0.85453    3.446
 3589.00    0.92178   0.86391    3.446
 3590.00    0.95478   0.87283    3.446
 3591.00    1.21433   0.88173    3.446
 3592.00    1.11169   0.88942    3.446
 3593.00    0.81393   0.89565    3.446
 3594.00    0.62826   0.90053    3.446
 3595.00    0.42009   0.90332    3.446
 3596.00    0.59779   0.90464    3.446
 3597.00    0.67893   0.90383    3.446
 3598.00    0.80097   0.90153    3.446
 3599.00    0.86180   0.89821    3.446
 3600.00    1.22285   0.89388    3.446
 3601.00    1.19878   0.88993    3.446
 3602.00    1.15019   0.88593    3.446
 3603.00    0.96288   0.88245    3.446
 3604.00    0.80721   0.87993    3.446
 3605.00    0.87626   0.87775    3.446
 3606.00    0.89792   0.87758    3.446
 3607.00    1.20776   0.87817    3.446
 3608.00    1.17497   0.87881    3.446
 3609.00    1.00386   0.88053    3.446
 3610.00    0.99399   0.88217    3.446
 3611.00    0.97956   0.88445    3.446
 3612.00    1.02134   0.88714    3.446
 3613.00    1.04683   0.88841    3.446
 3614.00    0.58574   0.89054    3.446
 3615.00    0.52808   0.89322    3.446
 3616.00    1.14183   0.89693    3.446
 3617.00    0.95113   0.90169    3.446
 3618.00    0.42454   0.90685    3.446
 3619.00    0.81679   0.91333    3.446
 3620.00    1.24051   0.91959    3.446
 3621.00    1.21898   0.92655    3.446
 3622.00    1.20957   0.93217    3.446
 3623.00    0.89546   0.93618    3.446
 3624.00    0.83108   0.93913    3.446
 3625.00    0.59721   0.93850    3.446
 3626.00    0.59622   0.93669    3.446
 3627.00    0.59432   0.93327    3.446
 3628.00    0.70875   0.92937    3.446
 3629.00    0.80026   0.92643    3.446
 3630.00    1.11612   0.92347    3.446
 3631.00    1.21019   0.92219    3.446
 3632.00    1.34738   0.92163    3.446
 3633.00    1.46763   0.92277    3.446
 3634.00    1.93990   0.92485   -1.000
 3635.00    1.75250   0.92698    3.446
 3636.00    1.48864   0.92883    3.446
 3637.00    1.05953   0.92918    3.446
 3638.00    0.80792   0.92865    3.446
 3639.00    1.26738   0.92695    3.446
 3640.00    1.29419   0.92445    3.446
 3641.00    0.39689   0.92174    3.446
 3642.00    0.37801   0.91873    3.446
 3643.00    0.32829   0.91645    3.446
 3644.00    0.91358   0.91541    3.446
 3645.00    1.52278   0.91586    3.446
 3646.00    0.82187   0.91782    3.446
 3647.00    0.52869   0.92161    3.446
 3648.00    1.16935   0.92644    3.446
 3649.00    1.15761   0.93230    3.446
 3650.00    0.72416   0.93872    3.446
 3651.00    0.57126   0.94454    3.446
 3652.00    0.28712   0.95067    3.446
 3653.00    0.75656   0.95559    3.446
 3654.00    1.11808   0.95934    3.446
 3655.00    1.33137   0.96201    3.446
 3656.00    1.39161   0.96305    3.446
 3657.00    0.64584   0.96308    3.446
 3658.00    0.61011   0.96204    3.446
 3659.00    0.49064   0.95980    3.446
 3660.00    0.58312   0.95727    3.446
 3661.00    0.70846   0.95461    3.446
 3662.00    0.66703   0.95156    3.446
 3663.00    0.64369   0.94922    3.446
 3664.00    0.95479   0.94644    3.446
 3665.00    1.00071   0.94453    3.446
 3666.00    0.90604   0.94315    3.446
 3667.00    1.07355   0.94155    3.446
 3668.00    1.49497   0.94052    3.446
 3669.00    1.09094   0.93829    3.446
 3670.00    0.68612   0.93623    3.446
 3671.00    0.89111   0.93330    3.446
 3672.00    0.97308   0.92941    3.446
 3673.00    0.70012   0.92555    3.446
 3674.00    0.75749   0.92047    3.446
 3675.00    1.22199   0.91610    3.446
 3676.00    1.25922   0.91144    3.446
 3677.00    1.32567   0.90714    3.446
 3678.00    0.88575   0.90386    3.446
 3679.00    0.55955   0.90062    3.446
 3680.00    1.07252   0.89862    3.446
 3681.00    1.20777   0.89671    3.446
 3682.00    0.72893   0.89591    3.446
 3683.00    0.78655   0.89576    3.446
 3684.00    0.99206   0.89681    3.446
 3685.00    1.04643   0.89867    3.446
 3686.00    1.11738   0.90113    3.446
 3687.00    0.98526   0.90457    3.446
 3688.00    0.91378   0.90755    3.446
 3689.00    1.19897   0.91153    3.446
 3690.00    1.23563   0.91478    3.446
 3691.00    1.13816   0.91774    3.446
 3692.00    1.20581   0.92023    3.446
 3693.00    1.36848   0.92121    3.446
 3694.00    0.81599   0.92198    3.446
 3695.00    0.28259   0.92107    3.446
 3696.00    0.57233   0.91856    3.446
 3697.00    0.68299   0.91464    3.446
 3698.00    1.12937   0.90828    3.446
 3699.00    1.21784   0.90123    3.446
 3700.00    1.54481   0.89326    3.446
 3701.00    1.21358   0.88532    3.446
 3702.00    0.64572   0.87875    3.446
 3703.00    0.65954   0.87319    3.446
 3704.00    0.66940   0.86993    3.446
 3705.00    1.13220   0.86907    3.446
 3706.00    1.24845   0.87064    3.446
 3707.00    1.19980   0.87487    3.446
 3708.00    1.07673   0.88072    3.446
 3709.00    0.66065   0.88772    3.446
 3710.00    0.76137   0.89419    3.446
 3711.00    0.88784   0.89978    3.446
 3712.00    1.18476   0.90350    3.446
 3713.00    1.33895   0.90418    3.446
 3714.00    0.77172   0.90281    3.446
 3715.00    0.66458   0.89821    3.446
 3716.00    0.40868   0.89264    3.446
 3717.00    0.70244   0.88782    3.446
 3718.00    1.37825   0.88450    0.000
 3719.00    1.24601   0.88491    0.000
 3720.00    1.12300   0.88794    0.000
 3721.00    1.43089   0.89434    0.000
 3722.00    1.54309   0.90181    0.000
 3723.00    2.81816   0.90983    0.000
 3724.00    3.16327   0.91608    0.000
 3725.00    4.57608   0.91809    0.000
 3726.00    4.86003   0.91609    0.000
 3727.00    5.32790   0.90878    0.000
 3728.00    5.23935   0.89830    0.000
 3729.00    5.17852   0.88738    0.000
 3730.00    3.31186   0.87740    0.000
 3731.00    2.83790   0.87166    0.000
 3732.00    1.56278   0.87149    0.000
 3733.00    1.41518   0.87773    0.000
 3734.00    0.94144   0.89017    0.000
 3735.00    0.98875   0.90746    0.000
 3736.00    1.04597   0.92652    0.000
 3737.00    0.86470   0.94445    0.000
 3738.00    0.77440   0.95880    3.446
 3739.00    0.71174   0.96640    3.446
 3740.00    0.70212   0.96692    3.446
 3741.00    0.69041   0.95999    3.446
 3742.00    0.76992   0.94651    3.446
 3743.00    0.94503   0.92944    3.446
 3744.00    1.08391   0.91168    3.446
 3745.00    1.20840   0.89618    3.446
 3746.00    1.25177   0.88691    3.446
 3747.00    1.26684   0.88488    3.446
 3748.00    1.29458   0.89157    3.446
 3749.00    1.15175   0.90632    3.446
 3750.00    0.45876   0.92837    3.446
 3751.00    0.42679   0.95478    3.446
 3752.00    0.37618   0.98406    3.446
 3753.00    0.78178   1.01210    3.446
 3754.00    1.04988   1.03736    3.446
 3755.00    1.06309   1.05793    3.446
 3756.00    1.08167   1.07192    3.446
 3757.00    1.55825   1.07918    3.446
 3758.00    1.40327   1.07893    3.446
 3759.00    0.93034   1.07185    3.446
 3760.00    0.97300   1.05798    3.446
 3761.00    1.02269   1.03959    3.446
 3762.00    1.08275   1.01576    3.446
 3763.00    1.11144   0.99119    3.446
 3764.00    0.99407   0.96584    3.446
 3765.00    0.96330   0.94376    3.446
 3766.00    0.82518   0.92762    3.446
 3767.00    1.02268   0.91858    3.446
 3768.00    1.43942   0.91935    3.446
 3769.00    0.99778   0.92988    3.446
 3770.00    0.61643   0.94963    3.446
 3771.00    0.94127   0.97816    3.446
 3772.00    1.04870   1.01410    3.446
 3773.00    1.29799   1.05341    3.446
 3774.00    1.29449   1.09632    3.446
 3775.00    1.23949   1.13647    3.446
 3776.00    1.27003   1.17489    3.446
 3777.00    1.31653   1.20840    3.446
 3778.00    1.20180   1.23523    3.446
 3779.00    1.12886   1.25589    3.446
 3780.00    1.29288   1.26771    3.446
 3781.00    1.33502   1.27219    3.446
 3782.00    1.51364   1.26844    3.446
 3783.00    1.40944   1.25775    3.446
 3784.00    1.10675   1.23944    3.446
 3785.00    1.17659   1.21586    3.446
 3786.00    1.25496   1.18515    3.446
 3787.00    1.38311   1.15042    3.446
 3788.00    1.44176   1.11212    3.446
 3789.00    1.43156   1.07044    3.446
 3790.00    1.36509   1.03049    3.446
 3791.00    0.86698   0.98987    3.446
 3792.00    0.77327   0.95563    3.446
 3793.00    0.58392   0.92778    3.446
 3794.00    0.84763   0.90927    3.446
 3795.00    1.06699   0.90282    3.446
 3796.00    1.20493   0.90745    0.000
 3797.00    1.24832   0.92394    0.000
 3798.00    1.18811   0.95089    0.000
 3799.00    1.10504   0.98592    0.000
 3800.00    0.75885   1.02639    0.000
 3801.00    0.96000   1.07120    0.000
 3802.00    1.25457   1.11428    0.000
 3803.00    1.15648   1.15748    3.446
 3804.00    1.09652   1.19548    3.446
 3805.00    1.16297   1.22864    3.446
 3806.00    1.20617   1.25695    3.446
 3807.00    1.77193   1.27740    3.446
 3808.00    1.62945   1.29397    3.446
 3809.00    1.23504   1.30372    3.446
 3810.00    1.34972   1.30954    3.446
 3811.00    1.47372   1.31071    3.446
 3812.00    1.47643   1.30780    3.446
 3813.00    1.47762   1.30227    3.446
 3814.00    1.09485   1.29351    3.446
 3815.00    1.08066   1.28403    3.446
 3816.00    1.24543   1.27188    3.446
 3817.00    1.02144   1.25876    3.446
 3818.00    0.58728   1.24240    3.446
 3819.00    0.78702   1.22373    3.446
 3820.00    0.94706   1.20229    3.446
 3821.00    1.10035   1.17713    3.446
 3822.00    1.14613   1.14998    3.446
 3823.00    1.44291   1.11766    3.446
 3824.00    1.46653   1.08351    3.446
 3825.00    1.54278   1.04435    3.446
 3826.00    1.27417   1.00458    3.446
 3827.00    0.89557   0.96350    3.446
 3828.00    1.07790   0.92343    3.446
 3829.00    1.18504   0.88796    3.446
 3830.00    0.89373   0.85680    3.446
 3831.00    0.86696   0.83528    3.446
 3832.00    1.28785   0.82219    3.446
 3833.00    1.07336   0.82121    0.000
 3834.00    0.50759   0.83119    0.000
 3835.00    0.60425   0.85338    0.000
 3836.00    0.70494   0.88492    0.000
 3837.00    0.91055   0.92575    0.000
 3838.00    0.99675   0.97135    0.000
 3839.00    0.47172   1.02053    0.000
 3840.00    0.47589   1.07082    0.000
 3841.00    0.79870   1.11897    0.000
 3842.00    0.71304   1.16531    3.446
 3843.00    0.55369   1.20582    3.446
 3844.00    0.96902   1.24251    3.446
 3845.00    1.28949   1.27309    3.446
 3846.00    1.30295   1.29885    3.446
 3847.00    1.30676   1.31968    3.446
 3848.00    1.47022   1.33558    3.446
 3849.00    1.49749   1.34776    3.446
 3850.00    1.59708   1.35648    3.446
 3851.00    1.89146   1.36237    3.446
 3852.00    2.29085   1.36673   -1.000
 3853.00    1.54915   1.36873    3.446
 3854.00    1.13043   1.37084    3.446
 3855.00    2.03223   1.37164    3.446
 3856.00    2.14997   1.37280    3.446
 3857.00    1.65919   1.37388    3.446
 3858.00    1.59301   1.37430    3.446
 3859.00    1.42629   1.37562    3.446
 3860.00    1.10375   1.37548    3.446
 3861.00    0.77995   1.37575    3.446
 3862.00    0.78279   1.37457    0.000
 3863.00    0.78393   1.37228    0.000
 3864.00    1.14643   1.36859    0.000
 3865.00    1.09010   1.36262    0.000
 3866.00    0.58900   1.35641    0.000
 3867.00    1.22462   1.34793    0.000
 3868.00    2.36007   1.33930    0.000
 3869.00    2.41731   1.32876    0.000
 3870.00    2.45984   1.31651    0.000
 3871.00    2.28660   1.30259    0.000
 3872.00    2.23867   1.28593   -1.000
 3873.00    1.83599   1.26819    3.446
 3874.00    1.60437   1.24637    3.446
 3875.00    0.77713   1.22268    3.446
 3876.00    0.69390   1.19377    3.446
 3877.00    0.58517   1.16219    3.446
 3878.00    0.84841   1.12638    3.446
 3879.00    0.99112   1.08813    3.446
 3880.00    0.44252   1.04875    3.446
 3881.00    0.36436   1.00842    3.446
 3882.00    0.46697   0.97163    0.000
 3883.00    0.46885   0.93815    0.000
 3884.00    0.47337   0.91284    0.000
 3885.00    0.73698   0.89555    0.000
 3886.00    0.99198   0.88899    0.000
 3887.00    1.27289   0.89218    0.000
 3888.00    1.38043   0.90653    0.000
 3889.00    1.67107   0.93011    0.000
 3890.00    1.60557   0.96195    0.000
 3891.00    1.13730   0.99998    0.000
 3892.00    1.10667   1.04026    3.446
 3893.00    1.05410   1.08314    3.446
 3894.00    0.90474   1.12360    3.446
 3895.00    0.79792   1.16332    3.446
 3896.00    1.49681   1.19943    3.446
 3897.00    1.66926   1.23203    3.446
 3898.00    1.31668   1.26167    3.446
 3899.00    1.45546   1.28703    3.446
 3900.00    1.92529   1.31063    3.446
 3901.00    1.94246   1.33123    3.446
 3902.00    1.96405   1.35038    3.446
 3903.00    1.53143   1.36771    3.446
 3904.00    1.30629   1.38313    3.446
 3905.00    1.02529   1.39735    3.446
 3906.00    0.99778   1.40958    3.446
 3907.00    1.13863   1.42031    3.446
 3908.00    1.20623   1.42883    3.446
 3909.00    1.36192   1.43521    3.446
 3910.00    1.03931   1.43913    3.446
 3911.00    0.73862   1.44081    3.446
 3912.00    1.51867   1.44014    3.446
 3913.00    1.80365   1.43834    3.446
 3914.00    2.01981   1.43465    3.446
 3915.00    2.03253   1.43049    3.446
 3916.00    2.03639   1.42508    3.446
 3917.00    1.78468   1.41847    3.446
 3918.00    1.36950   1.41076    3.446
 3919.00    1.36515   1.40043    3.446
 3920.00    1.36215   1.38849    3.446
 3921.00    1.39791   1.37333    3.446
 3922.00    1.40487   1.35546    3.446
 3923.00    1.33512   1.33480    3.446
 3924.00    1.35488   1.31108    3.446
 3925.00    1.41840   1.28622    3.446
 3926.00    1.11931   1.26010    3.446
 3927.00    0.75690   1.23633    3.446
 3928.00    0.77040   1.21499    3.446
 3929.00    0.77713   1.19937    3.446
 3930.00    0.98167   1.18942    3.446
 3931.00    1.05459   1.18659    3.446
 3932.00    1.47919   1.19082    3.446
 3933.00    1.28451   1.20108    3.446
 3934.00    0.85526   1.21765    3.446
 3935.00    1.13961   1.23716    3.446
 3936.00    1.39497   1.26009    3.446
 3937.00    1.35504   1.28209    3.446
 3938.00    1.34114   1.30376    3.446
 3939.00    1.18251   1.32249    3.446
 3940.00    1.16630   1.33850    3.446
 3941.00    1.12269   1.35144    3.446
 3942.00    1.36854   1.36106    3.446
 3943.00    1.75841   1.36809    3.446
 3944.00    1.46387   1.37252    3.446
 3945.00    1.26879   1.37479    3.446
 3946.00    1.22114   1.37521    3.446
 3947.00    1.21929   1.37342    3.446
 3948.00    1.49169   1.36971    3.446
 3949.00    1.48924   1.36324    3.446
 3950.00    1.48177   1.35443    3.446
 3951.00    1.71775   1.34226    3.446
 3952.00    1.99319   1.32626    3.446
 3953.00    1.72663   1.30619    3.446
 3954.00    1.59903   1.28072    3.446
 3955.00    1.19039   1.25101    3.446
 3956.00    1.18408   1.21472    3.446
 3957.00    1.55013   1.17415    3.446
 3958.00    1.49443   1.12771    3.446
 3959.00    1.37676   1.07775    3.446
 3960.00    1.41676   1.02521    3.446
 3961.00    1.45137   0.97141    0.000
 3962.00    0.91435   0.92083    0.000
 3963.00    0.73627   0.87386    0.000
 3964.00    0.67348   0.83611    0.000
 3965.00    0.58692   0.80719    0.000
 3966.00    0.20563   0.79144    0.000
 3967.00    0.48686   0.78810    0.000
 3968.00    0.91581   0.79891    0.000
 3969.00    0.93962   0.82253    0.000
 3970.00    0.95480   0.85775    0.000
 3971.00    0.70030   0.90223    0.000
 3972.00    0.64079   0.95241    0.000
 3973.00    0.50267   1.00676    0.000
 3974.00    0.91452   1.06033    0.000
 3975.00    2.11233   1.11370   -1.000
 3976.00    1.64242   1.16278    3.446
 3977.00    1.11402   1.20834    3.446
 3978.00    1.30850   1.24912    3.446
 3979.00    1.39770   1.28493    3.446
 3980.00    1.17549   1.31688    3.446
 3981.00    1.19835   1.34427    3.446
 3982.00    1.56036   1.36835    3.446
 3983.00    1.53131   1.38951    3.446
 3984.00    1.47247   1.40790    3.446
 3985.00    1.48393   1.42441    3.446
 3986.00    1.49348   1.43833    3.446
 3987.00    1.59386   1.45033    3.446
 3988.00    1.62552   1.46027    3.446
 3989.00    1.53004   1.46840    3.446
 3990.00    1.51483   1.47503    3.446
 3991.00    1.46044   1.48014    3.446
 3992.00    1.40727   1.48431    3.446
 3993.00    1.32926   1.48729    3.446
 3994.00    1.01503   1.48975    3.446
 3995.00    0.82253   1.49113    3.446
 3996.00    1.48268   1.49230    3.446
 3997.00    1.63676   1.49279    3.446
 3998.00    2.08889   1.49332    3.446
 3999.00    2.03216   1.49407    3.446
 4000.00    1.87490   1.49441    3.446
 4001.00    1.55706   1.49560    3.446
 4002.00    1.21269   1.49627    3.446
 4003.00    1.52879   1.49835    3.446
 4004.00    1.66763   1.50022    3.446
 4005.00    1.81706   1.50361    3.446
 4006.00    1.73116   1.50712    3.446
 4007.00    1.02628   1.51166    3.446
 4008.00    1.06417   1.51665    3.446
 4009.00    1.13777   1.52142    3.446
 4010.00    0.97405   1.52638    3.446
 4011.00    0.84260   1.53051    3.446
 4012.00    1.21042   1.53450    3.446
 4013.00    1.32043   1.53751    3.446
 4014.00    1.29520   1.53994    3.446
 4015.00    1.28557   1.54150    3.446
 4016.00    1.24855   1.54178    3.446
 4017.00    1.13559   1.54171    3.446
 4018.00    0.97605   1.54011    3.446
 4019.00    1.38359   1.53865    3.446
 4020.00    1.62357   1.53591    3.446
 4021.00    1.46885   1.53297    3.446
 4022.00    1.43942   1.52985    3.446
 4023.00    1.42458   1.52630    3.446
 4024.00    1.49590   1.52390    0.000
 4025.00    1.68451   1.52107    0.000
 4026.00    1.68340   1.52021    0.000
 4027.00    1.68224   1.51952    0.000
 4028.00    1.39311   1.52074    0.000
 4029.00    1.27160   1.52267    0.000
 4030.00    2.19154   1.52537    0.000
 4031.00    2.19619   1.52941    3.446
 4032.00    1.70474   1.53310    3.446
 4033.00    1.66497   1.53801    3.446
 4034.00    1.59083   1.54107    3.446
 4035.00    1.70112   1.54441    3.446
 4036.00    1.78638   1.54491    3.446
 4037.00    1.23452   1.54511    3.446
 4038.00    1.07800   1.54310    3.446
 4039.00    1.11722   1.54053    3.446
 4040.00    1.53763   1.53735    3.446
 4041.00    3.12799   1.53373   -1.000
 4042.00    2.38613   1.53178    3.446
 4043.00    1.37762   1.52938    3.446
 4044.00    1.06187   1.52938    3.446
 4045.00    0.88323   1.52884    3.446
 4046.00    0.49649   1.52981   -1.000
 4047.00    0.46917   1.53118   -1.000
 4048.00    0.99558   1.53213    3.446
 4049.00    1.32272   1.53308    3.446
 4050.00    2.14874   1.53264    3.446
 4051.00    2.22784   1.53159    3.446
 4052.00    2.30742   1.52957    3.446
 4053.00    1.48784   1.52660    3.446
 4054.00    1.15894   1.52322    3.446
 4055.00    1.14393   1.51892    3.446
 4056.00    1.12008   1.51455    3.446
 4057.00    0.98472   1.50932    3.446
 4058.00    1.13651   1.50367    3.446
 4059.00    1.40825   1.49806    3.446
 4060.00    1.52550   1.49151    3.446
 4061.00    1.61278   1.48592    3.446
 4062.00    1.59646   1.47908    3.446
 4063.00    1.59097   1.47346    3.446
 4064.00    1.26738   1.46733    3.446
 4065.00    1.31382   1.46205    3.446
 4066.00    1.48012   1.45677    3.446
 4067.00    1.47410   1.45133    0.000
 4068.00    1.46622   1.44639    0.000
 4069.00    1.80387   1.44095    0.000
 4070.00    1.98733   1.43641    0.000
 4071.00    1.95227   1.43113    3.446
 4072.00    1.95530   1.42702    3.446
 4073.00    2.05670   1.42313    3.446
 4074.00    1.94073   1.42028    3.446
 4075.00    1.66083   1.41844    3.446
 4076.00    1.47663   1.41622    3.446
 4077.00    1.29809   1.41559    3.446
 4078.00    1.35050   1.41358    3.446
 4079.00    1.37059   1.41304    3.446
 4080.00    1.29432   1.41025    3.446
 4081.00    1.28758   1.40743    3.446
 4082.00    1.27824   1.40205    3.446
 4083.00    1.31995   1.39431    3.446
 4084.00    1.39168   1.38433    3.446
 4085.00    1.40170   1.37030    3.446
 4086.00    1.40887   1.35385    3.446
 4087.00    1.16242   1.33241    3.446
 4088.00    1.09552   1.30747    3.446
 4089.00    0.75674   1.27787    3.446
 4090.00    0.84899   1.24392    3.446
 4091.00    1.16215   1.20743    3.446
 4092.00    0.99645   1.16748    3.446
 4093.00    0.78760   1.12850    3.446
 4094.00    0.44001   1.08908    3.446
 4095.00    0.25891   1.05407    0.000
 4096.00    0.97662   1.02343    0.000
 4097.00    1.10895   1.00008    0.000
 4098.00    1.39614   0.98588    0.000
 4099.00    1.40565   0.98031    0.000
 4100.00    1.42762   0.98579    0.000
 4101.00    0.91229   0.99922    0.000
 4102.00    0.43103   1.02222    0.000
 4103.00    1.22041   1.05097    0.000
 4104.00    1.50880   1.08546    0.000
 4105.00    1.86640   1.12169    0.000
 4106.00    1.86781   1.15920    0.000
 4107.00    1.77216   1.19510    0.000
 4108.00    1.66408   1.22910    3.446
 4109.00    1.48544   1.26056    3.446
 4110.00    1.20604   1.28794    3.446
 4111.00    1.01331   1.31297    3.446
 4112.00    0.65775   1.33350    3.446
 4113.00    0.58303   1.35188    3.446
 4114.00    1.05074   1.36645    3.446
 4115.00    1.23653   1.37905    3.446
 4116.00    1.83529   1.38903    3.446
 4117.00    1.72700   1.39720    3.446
 4118.00    1.59552   1.40371    3.446
 4119.00    1.73622   1.40874    3.446
 4120.00    1.80646   1.41273    3.446
 4121.00    1.50732   1.41558    3.446
 4122.00    1.43475   1.41777    3.446
 4123.00    1.13129   1.41899    3.446
 4124.00    1.35554   1.42014    3.446
 4125.00    1.85115   1.42077    3.446
 4126.00    1.27365   1.42200    3.446
 4127.00    0.75401   1.42335    3.446
 4128.00    1.00371   1.42561    3.446
 4129.00    1.09089   1.42888    3.446
 4130.00    0.72964   1.43288    3.446
 4131.00    0.76721   1.43798    3.446
 4132.00    1.02824   1.44275    3.446
 4133.00    0.70705   1.44825    3.446
 4134.00    0.19665   1.45235   -1.000
 4135.00    0.44197   1.45665   -1.000
 4136.00    0.60478   1.45873    3.446
 4137.00    0.75040   1.46074    3.446
 4138.00    0.79190   1.46061    3.446
 4139.00    1.06308   1.46078    3.446
 4140.00    1.30918   1.45963    3.446
 4141.00    2.06311   1.45942    3.446
 4142.00    1.82698   1.45846    3.446
 4143.00    1.55083   1.45878    3.446
 4144.00    1.68192   1.45908    3.446
 4145.00    1.74482   1.46020    3.446
 4146.00    1.22267   1.46179    3.446
 4147.00    1.19178   1.46324    3.446
 4148.00    1.46950   1.46501    3.446
 4149.00    1.55950   1.46645    3.446
 4150.00    1.75005   1.46824    3.446
 4151.00    1.36827   1.47017    3.446
 4152.00    1.03730   1.47240    3.446
 4153.00    1.02791   1.47500    3.446
 4154.00    1.02480   1.47766    3.446
 4155.00    1.89331   1.48079    3.446
 4156.00    2.12841   1.48353    3.446
 4157.00    3.05525   1.48650   -1.000
 4158.00    2.40490   1.48838   -1.000
 4159.00    1.41090   1.48989    3.446
 4160.00    1.20886   1.48981    3.446
 4161.00    1.07988   1.48888    3.446
 4162.00    1.25940   1.48620    3.446
 4163.00    1.27626   1.48255    3.446
 4164.00    0.77799   1.47757    3.446
 4165.00    0.85305   1.47178    3.446
 4166.00    1.07191   1.46561    3.446
 4167.00    0.92261   1.45901    3.446
 4168.00    0.75440   1.45342    3.446
 4169.00    1.49181   1.44791    3.446
 4170.00    1.83006   1.44455    3.446
 4171.00    1.08130   1.44144    3.446
 4172.00    0.95131   1.44076    3.446
 4173.00    0.58924   1.44045    3.446
 4174.00    0.82311   1.44221    3.446
 4175.00    1.29777   1.44427    3.446
 4176.00    1.33094   1.44735    3.446
 4177.00    1.35864   1.45021    3.446
 4178.00    1.29156   1.45314    3.446
 4179.00    1.27035   1.45567    3.446
 4180.00    1.64654   1.45788    3.446
 4181.00    1.61961   1.45954    3.446
 4182.00    1.46380   1.46058    3.446
 4183.00    1.10669   1.46108    3.446
 4184.00    0.58158   1.46102   -1.000
 4185.00    1.15152   1.46044    3.446
 4186.00    1.50067   1.45933    3.446
 4187.00    1.84386   1.45736    3.446
 4188.00    1.91367   1.45504    3.446
 4189.00    1.95123   1.45167    3.446
 4190.00    1.82459   1.44817    3.446
 4191.00    1.47270   1.44358    3.446
 4192.00    1.72501   1.43916    3.446
 4193.00    1.99889   1.43420    3.446
 4194.00    1.95213   1.42997    3.446
 4195.00    1.93154   1.42593    3.446
 4196.00    1.33228   1.42326    3.446
 4197.00    1.25092   1.42155    3.446
 4198.00    1.09722   1.42159    3.446
 4199.00    1.11610   1.42295    3.446
 4200.00    1.15285   1.42579    3.446
 4201.00    0.56911   1.42965    3.446
 4202.00    0.10047   1.43426   -1.000
 4203.00    0.86702   1.43917    3.446
 4204.00    1.09660   1.44388    3.446
 4205.00    2.01432   1.44829    3.446
 4206.00    1.88072   1.45175    3.446
 4207.00    1.28512   1.45444    3.446
 4208.00    1.31799   1.45603    3.446
 4209.00    1.36450   1.45662    3.446
 4210.00    1.09224   1.45642    3.446
 4211.00    0.93159   1.45524    3.446
 4212.00    1.69004   1.45365    3.446
 4213.00    1.79870   1.45112    3.446
 4214.00    1.30051   1.44806    3.446
 4215.00    1.22417   1.44407    3.446
 4216.00    1.02183   1.43920    3.446
 4217.00    1.20860   1.43377    3.446
 4218.00    1.40395   1.42716    3.446
 4219.00    1.19623   1.42088    3.446
 4220.00    1.10894   1.41353    3.446
 4221.00    1.65688   1.40781    3.446
 4222.00    1.52799   1.40152    3.446
 4223.00    0.38056   1.39829   -1.000
 4224.00    0.72109   1.39463    3.446
 4225.00    1.35731   1.39478    3.446
 4226.00    1.21353   1.39406    3.446
 4227.00    1.10214   1.39695    3.446
 4228.00    1.67532   1.39832    3.446
 4229.00    1.83810   1.40240    3.446
 4230.00    2.08885   1.40464    3.446
 4231.00    1.97822   1.40841    3.446
 4232.00    1.55216   1.41071    3.446
 4233.00    1.68770   1.41390    3.446
 4234.00    1.87232   1.41621    3.446
 4235.00    1.63137   1.41924    3.446
 4236.00    1.49505   1.42148    3.446
 4237.00    1.29380   1.42424    3.446
 4238.00    1.28075   1.42584    3.446
 4239.00    1.57372   1.42766    3.446
 4240.00    1.59983   1.42797    3.446
 4241.00    1.66591   1.42825    3.446
 4242.00    1.34377   1.42699    3.446
 4243.00    1.01909   1.42578    3.446
 4244.00    1.48722   1.42326    3.446
 4245.00    1.67576   1.42127    3.446
 4246.00    1.29010   1.41822    3.446
 4247.00    1.39904   1.41622    3.446
 4248.00    2.23023   1.41334    3.446
 4249.00    1.82882   1.41186    3.446
 4250.00    1.10871   1.40969    3.446
 4251.00    1.10638   1.40889    3.446
 4252.00    1.10464   1.40763    3.446
 4253.00    0.88293   1.40754    3.446
 4254.00    0.82440   1.40714    3.446
 4255.00    1.19613   1.40785    3.446
 4256.00    1.09852   1.40815    3.446
 4257.00    0.74791   1.40973    3.446
 4258.00    0.88162   1.41010    3.446
 4259.00    1.05699   1.41181    3.446
 4260.00    0.36605   1.41115   -1.000
 4261.00   -0.01016   1.41168    0.000
 4262.00    1.68852   1.40913    3.446
 4263.00    1.97942   1.40758    3.446
 4264.00    2.22609   1.40304    3.446
 4265.00    1.94945   1.39957    3.446
 4266.00    1.28027   1.39401    3.446
 4267.00    1.45008   1.39014    3.446
 4268.00    1.61466   1.38543    3.446
 4269.00    1.75107   1.38317    3.446
 4270.00    1.80342   1.38078    3.446
 4271.00    1.27005   1.38110    3.446
 4272.00    1.23346   1.38107    3.446
 4273.00    1.22769   1.38330    3.446
 4274.00    1.08727   1.38433    3.446
 4275.00    0.84526   1.38671    3.446
 4276.00    1.11341   1.38695    3.446
 4277.00    1.30598   1.38760    3.446
 4278.00    1.35488   1.38575    3.446
 4279.00    1.36603   1.38362    3.446
 4280.00    1.26293   1.37948    3.446
 4281.00    1.23914   1.37467    3.446
 4282.00    1.15816   1.36891    3.446
 4283.00    1.09067   1.36241    3.446
 4284.00    1.00542   1.35613    3.446
 4285.00    1.50816   1.34900    3.446
 4286.00    1.77037   1.34293    3.446
 4287.00    1.13599   1.33570    3.446
 4288.00    1.09357   1.32988    3.446
 4289.00    1.62568   1.32242    3.446
 4290.00    1.68443   1.31636    3.446
 4291.00    1.82037   1.30806    3.446
 4292.00    1.59257   1.30126    3.446
 4293.00    1.37942   1.29193    3.446
 4294.00    1.26053   1.28447    3.446
 4295.00    1.21699   1.27480    3.446
 4296.00    1.41737   1.26744    3.446
 4297.00    1.32948   1.25872    3.446
 4298.00    0.81510   1.25276    3.446
 4299.00    0.91590   1.24640    3.446
 4300.00    1.08285   1.24296    3.446
 4301.00    0.91140   1.23985    3.446
 4302.00    0.79315   1.23958    3.446
 4303.00    0.72572   1.24018    3.446
 4304.00    0.72722   1.24360    3.446
 4305.00    1.53208   1.24801    3.446
 4306.00    1.49619   1.25531    3.446
 4307.00    1.38020   1.26321    3.446
 4308.00    1.31351   1.27397    3.446
 4309.00    1.23238   1.28414    3.446
 4310.00    1.42718   1.29666    3.446
 4311.00    1.52466   1.30683    3.446
 4312.00    1.57602   1.31829    3.446
 4313.00    1.56503   1.32550    3.446
 4314.00    1.39676   1.33277    3.446
 4315.00    1.40646   1.33446    3.446
 4316.00    1.42794   1.33568    3.446
 4317.00    1.53983   1.33127    3.446
 4318.00    1.64052   1.32674    3.446
 4319.00    1.56848   1.31749    3.446
 4320.00    1.54333   1.30912    3.446
 4321.00    0.84397   1.29706    3.446
 4322.00    0.85606   1.28682    3.446
 4323.00    1.07066   1.27335    3.446
 4324.00    1.14558   1.26159    3.446
 4325.00    1.26488   1.24614    3.446
 4326.00    1.34751   1.23099    3.446
 4327.00    1.40247   1.21174    3.446
 4328.00    1.19714   1.19087    3.446
 4329.00    1.16274   1.16656    3.446
 4330.00    1.53833   1.13941    3.446
 4331.00    1.58780   1.11129    3.446
 4332.00    1.73974   1.08081    0.000
 4333.00    1.39035   1.05352    0.000
 4334.00    0.98175   1.02625    0.000
 4335.00    0.90034   1.00657    0.000
 4336.00    0.86128   0.98992    0.000
 4337.00    1.15269   0.98364    0.000
 4338.00    1.30980   0.98231    0.000
 4339.00    2.33882   0.99141    0.000
 4340.00    2.04528   1.00521    0.000
 4341.00    1.42239   1.02691    0.000
 4342.00    0.98484   1.05124    0.000
 4343.00    0.60478   1.07972    0.000
 4344.00    0.81604   1.10804    0.000
 4345.00    0.88628   1.13742    0.000
 4346.00    1.04601   1.16441    0.000
 4347.00    0.98927   1.19086    3.446
 4348.00    0.70494   1.21399    3.446
 4349.00    0.78454   1.23646    3.446
 4350.00    0.90620   1.25557    3.446
 4351.00    1.51991   1.27449    3.446
 4352.00    1.91170   1.29041    3.446
 4353.00    1.77057   1.30632    3.446
 4354.00    1.71785   1.31968    3.446
 4355.00    1.17051   1.33270    3.446
 4356.00    1.24454   1.34357    3.446
 4357.00    1.46098   1.35341    3.446
 4358.00    1.58943   1.36137    3.446
 4359.00    1.73443   1.36760    3.446
 4360.00    1.81996   1.37214    3.446
 4361.00    1.85928   1.37460    3.446
 4362.00    1.77540   1.37558    3.446
 4363.00    1.76205   1.37462    3.446
 4364.00    1.73107   1.37249    3.446
 4365.00    1.62861   1.36903    3.446
 4366.00    1.42020   1.36475    3.446
 4367.00    1.48500   1.36013    3.446
 4368.00    1.53911   1.35488    3.446
 4369.00    1.74532   1.35031    3.446
 4370.00    1.81053   1.34494    3.446
 4371.00    1.20366   1.34098    3.446
 4372.00    1.23576   1.33561    3.446
 4373.00    1.44075   1.33200    3.446
 4374.00    1.32982   1.32625    3.446
 4375.00    1.16636   1.32231    3.446
 4376.00    0.82440   1.31593    3.446
 4377.00    0.61447   1.31151    3.446
 4378.00    1.11563   1.30513    3.446
 4379.00    1.21012   1.30108    3.446
 4380.00    1.11535   1.29620    3.446
 4381.00    1.00881   1.29396    3.446
 4382.00    0.71205   1.29204    3.446
 4383.00    1.20415   1.29263    3.446
 4384.00    1.73834   1.29409    3.446
 4385.00    1.59556   1.29739    3.446
 4386.00    1.53270   1.30140    3.446
 4387.00    1.37807   1.30627    3.446
 4388.00    1.38145   1.31129    3.446
 4389.00    1.51442   1.31622    3.446
 4390.00    1.44178   1.32080    3.446
 4391.00    1.30004   1.32457    3.446
 4392.00    1.21717   1.32779    3.446
 4393.00    1.15050   1.32978    3.446
 4394.00    0.79788   1.33134    3.446
 4395.00    0.69197   1.33156    3.446
 4396.00    0.60627   1.33176    3.446
 4397.00    0.59115   1.33079    3.446
 4398.00    0.53588   1.33038    3.446
 4399.00    1.04936   1.32917    3.446
 4400.00    1.77599   1.32909    3.446
 4401.00    1.96949   1.32853    3.446
 4402.00    2.08366   1.32953    3.446
 4403.00    2.65578   1.33009   -1.000
 4404.00    2.77150   1.33230   -1.000
 4405.00    2.92853   1.33374   -1.000
 4406.00    2.70189   1.33667   -1.000
 4407.00    2.09967   1.33828    3.446
 4408.00    1.60661   1.34129    3.446
 4409.00    1.08988   1.34251    3.446
 4410.00    1.46577   1.34532    3.446
 4411.00    1.62411   1.34610    3.446
 4412.00    1.86701   1.34892    3.446
 4413.00    1.85621   1.34966    3.446
 4414.00    1.64575   1.35279    3.446
 4415.00    1.78693   1.35383    3.446
 4416.00    2.05069   1.35719    3.446
 4417.00    2.36471   1.35842   -1.000
 4418.00    2.60797   1.36152   -1.000
 4419.00    2.17259   1.36252    3.446
 4420.00    2.04858   1.36482    3.446
 4421.00    1.57922   1.36520    3.446
 4422.00    1.50677   1.36643    3.446
 4423.00    1.24324   1.36610    3.446
 4424.00    1.26234   1.36636    3.446
 4425.00    1.28840   1.36551    3.446
 4426.00    1.28232   1.36513    3.446
 4427.00    1.27887   1.36414    3.446
 4428.00    0.95937   1.36354    3.446
 4429.00    0.89397   1.36286    3.446
 4430.00    0.75174   1.36242    3.446
 4431.00    0.89543   1.36242    3.446
 4432.00    1.25910   1.36229    3.446
 4433.00    1.53572   1.36307    3.446
 4434.00    1.81451   1.36319    3.446
 4435.00    1.99647   1.36458    3.446
 4436.00    2.06975   1.36477    3.446
 4437.00    1.44540   1.36650    3.446
 4438.00    1.41622   1.36667    3.446
 4439.00    1.53325   1.36854    3.446
 4440.00    1.42979   1.36863    3.446
 4441.00    1.24379   1.37034    3.446
 4442.00    1.36054   1.37011    3.446
 4443.00    1.44762   1.37117    3.446
 4444.00    1.49525   1.37004    3.446
 4445.00    1.50840   1.36984    3.446
 4446.00    1.63411   1.36729    3.446
 4447.00    1.36445   1.36550    3.446
 4448.00    0.39306   1.36155   -1.000
 4449.00    0.76566   1.35851    3.446
 4450.00    1.25434   1.35393    3.446
 4451.00    1.21979   1.35057    3.446
 4452.00    1.20097   1.34659    3.446
 4453.00    0.93689   1.34397    3.446
 4454.00    0.88620   1.34159    3.446
 4455.00    0.78432   1.34031    3.446
 4456.00    0.73242   1.33986    3.446
 4457.00    0.60658   1.33988    3.446
 4458.00    0.58486   1.34098    3.446
 4459.00    0.56377   1.34184    3.446
 4460.00    2.10914   1.34381    3.446
 4461.00    2.70368   1.34509   -1.000
 4462.00    2.18113   1.34749    3.446
 4463.00    2.07445   1.34912    3.446
 4464.00    1.67482   1.35193    3.446
 4465.00    1.78790   1.35404    3.446
 4466.00    1.98280   1.35737    3.446
 4467.00    1.79181   1.35990    3.446
 4468.00    1.65466   1.36352    3.446
 4469.00    2.05342   1.36592    0.000
 4470.00    2.14820   1.36914    0.000
 4471.00    1.56919   1.37059    0.000
 4472.00    1.27376   1.37261    0.000
 4473.00    0.26524   1.37263    0.000
 4474.00    0.86948   1.37320    0.000
 4475.00    1.63263   1.37219    0.000
 4476.00    1.59122   1.37181    3.446
 4477.00    1.56958   1.37084    3.446
 4478.00    0.81584   1.37042    3.446
 4479.00    0.82929   1.37048    3.446
 4480.00    2.14530   1.37067    3.446
 4481.00    2.06314   1.37199    3.446
 4482.00    1.87303   1.37277    3.446
 4483.00    1.71881   1.37479    3.446
 4484.00    1.57450   1.37580    3.446
 4485.00    0.98550   1.37774    3.446
 4486.00    0.76924   1.37868    3.446
 4487.00    1.68924   1.38016    3.446
 4488.00    1.54159   1.38109    3.446
 4489.00    0.50103   1.38222   -1.000
 4490.00    0.49240   1.38334   -1.000
 4491.00    0.47806   1.38452   -1.000
 4492.00    0.76786   1.38603    3.446
 4493.00    0.96816   1.38768    3.446
 4494.00    1.49872   1.38969    3.446
 4495.00    1.63200   1.39202    3.446
 4496.00    1.89779   1.39451    3.446
 4497.00    1.75284   1.39741    3.446
 4498.00    1.28442   1.40011    3.446
 4499.00    1.11487   1.40310    3.446
 4500.00    0.90862   1.40551    3.446
 4501.00    1.68684   1.40791    3.446
 4502.00    2.07710   1.40947    3.446
 4503.00    2.06856   1.41067    3.446
 4504.00    2.01387   1.41093    3.446
 4505.00    1.50794   1.41056    3.446
 4506.00    1.35460   1.40937    3.446
 4507.00    1.01417   1.40750    3.446
 4508.00    1.12165   1.40507    3.446
 4509.00    1.21855   1.40209    3.446
 4510.00    0.99778   1.39884    3.446
 4511.00    0.92050   1.39520    3.446
 4512.00    0.78716   1.39152    3.446
 4513.00    0.91292   1.38756    3.446
 4514.00    1.55310   1.38361    3.446
 4515.00    1.20983   1.37942    3.446
 4516.00    0.66322   1.37515    3.446
 4517.00    1.11940   1.37057    3.446
 4518.00    1.42278   1.36584    3.446
 4519.00    1.87676   1.36068    3.446
 4520.00    1.97039   1.35554    3.446
 4521.00    1.67818   1.34991    3.446
 4522.00    1.67829   1.34470    3.446
 4523.00    1.67865   1.33917    3.446
 4524.00    1.81765   1.33458    3.446
 4525.00    1.98053   1.33015    3.446
 4526.00    1.84093   1.32700    3.446
 4527.00    1.77381   1.32467    3.446
 4528.00    1.20577   1.32351    3.446
 4529.00    1.12606   1.32379    3.446
 4530.00    1.04425   1.32492    3.446
 4531.00    1.05792   1.32780    3.446
 4532.00    1.08691   1.33088    3.446
 4533.00    0.99844   1.33537    3.446
 4534.00    0.92159   1.33926    3.446
 4535.00    0.77100   1.34381    3.446
 4536.00    0.72080   1.34713    3.446
 4537.00    1.81119   1.35038    3.446
 4538.00    1.74866   1.35203    3.446
 4539.00    1.28184   1.35311    3.446
 4540.00    1.39880   1.35257    3.446
 4541.00    1.57794   1.35144    3.446
 4542.00    1.93696   1.34912    3.446
 4543.00    2.16663   1.34656    3.446
 4544.00    1.53113   1.34346    3.446
 4545.00    1.38692   1.34074    3.446
 4546.00    1.16496   1.33814    3.446
 4547.00    1.22139   1.33654    3.446
 4548.00    1.38637   1.33540    3.446
 4549.00    1.41727   1.33558    3.446
 4550.00    1.45215   1.33634    3.446
 4551.00    1.71759   1.33836    3.446
 4552.00    1.83990   1.34093    3.446
 4553.00    1.11466   1.34428    3.446
 4554.00    1.07540   1.34789    3.446
 4555.00    1.39981   1.35162    3.446
 4556.00    1.54638   1.35522    3.446
 4557.00    1.84451   1.35834    3.446
 4558.00    1.91452   1.36119    3.446
 4559.00    1.97311   1.36309    3.446
 4560.00    1.39325   1.36493    3.446
 4561.00    1.20941   1.36558    3.446
 4562.00    0.63809   1.36656    3.446
 4563.00    0.80207   1.36637    3.446
 4564.00    1.56856   1.36667    3.446
 4565.00    1.44923   1.36600    3.446
 4566.00    1.27340   1.36558    3.446
 4567.00    1.25216   1.36458    3.446
 4568.00    1.23910   1.36342    3.446
 4569.00    0.75355   1.36214    3.446
 4570.00    0.66673   1.36023    3.446
 4571.00    0.85839   1.35855    3.446
 4572.00    0.72438   1.35575    3.446
 4573.00    0.35017   1.35339   -1.000
 4574.00    0.64289   1.34983    3.446
 4575.00    0.96128   1.34694    3.446
 4576.00    0.43432   1.34308   -1.000
 4577.00    0.20180   1.34018   -1.000
 4578.00    0.27642   1.33677   -1.000
 4579.00    0.41034   1.33465   -1.000
 4580.00    1.30324   1.33238    3.446
 4581.00    1.42307   1.33151    3.446
 4582.00    1.65685   1.33062    3.446
 4583.00    0.80610   1.33094    3.446
 4584.00    0.12039   1.33129   -1.000
 4585.00    0.40801   1.33240   -1.000
 4586.00    0.49462   1.33346    3.446
 4587.00    1.90608   1.33480    3.446
 4588.00    1.68471   1.33593    3.446
 4589.00    0.69307   1.33719    3.446
 4590.00    0.71485   1.33809    3.446
 4591.00    0.74573   1.33923    3.446
 4592.00    0.63600   1.33985    3.446
 4593.00    0.57111   1.34082    3.446
 4594.00    0.07304   1.34126   -1.000
 4595.00    0.12056   1.34214   -1.000
 4596.00    2.37140   1.34254   -1.000
 4597.00    2.30214   1.34345   -1.000
 4598.00    2.11811   1.34405    3.446
 4599.00    1.53345   1.34520    3.446
 4600.00    0.92073   1.34620    3.446
 4601.00    1.35185   1.34769    3.446
 4602.00    1.53388   1.34906    3.446
 4603.00    1.98793   1.35078    3.446
 4604.00    2.05800   1.35221    3.446
 4605.00    2.25062   1.35389   -1.000
 4606.00    1.88761   1.35499    3.446
 4607.00    1.20793   1.35627    3.446
 4608.00    1.52919   1.35663    3.446
 4609.00    1.77857   1.35722    3.446
 4610.00    2.03399   1.35699    3.446
 4611.00    2.10694   1.35703    3.446
 4612.00    1.75158   1.35653    3.446
 4613.00    1.68774   1.35635    3.446
 4614.00    1.45465   1.35587    3.446
 4615.00    1.62628   1.35571    3.446
 4616.00    1.86053   1.35546    3.446
 4617.00    1.87697   1.35543    3.446
 4618.00    1.88631   1.35542    3.446
 4619.00    1.56287   1.35530    3.446
 4620.00    1.48433   1.35527    3.446
 4621.00    1.17160   1.35467    3.446
 4622.00    1.05199   1.35445    3.446
 4623.00    0.74854   1.35325    3.446
 4624.00    1.22073   1.35267    3.446
 4625.00    1.69755   1.35111    3.446
 4626.00    1.88685   1.35008    3.446
 4627.00    1.96326   1.34848    3.446
 4628.00    1.38944   1.34704    3.446
 4629.00    1.34336   1.34569    3.446
 4630.00    1.33699   1.34397    3.446
 4631.00    1.23504   1.34287    3.446
 4632.00    1.05175   1.34114    3.446
 4633.00    1.26028   1.34033    3.446
 4634.00    1.41614   1.33881    3.446
 4635.00    1.36934   1.33818    3.446
 4636.00    1.35766   1.33696    3.446
 4637.00    1.85560   1.33627    3.446
 4638.00    1.80301   1.33527    3.446
 4639.00    1.61357   1.33436    3.446
 4640.00    1.51097   1.33342    3.446
 4641.00    1.37614   1.33229    3.446
 4642.00    1.27206   1.33138    3.446
 4643.00    1.21527   1.33039    3.446
 4644.00    1.42791   1.32968    3.446
 4645.00    1.41479   1.32930    3.446
 4646.00    0.85010   1.32928    3.446
 4647.00    0.74895   1.32965    3.446
 4648.00    0.50369   1.33050    3.446
 4649.00    0.18176   1.33137   -1.000
 4650.00   -0.13149   1.33283    0.000
 4651.00   -0.96376   1.33387    0.000
 4652.00   -1.28473   1.33549    0.000
 4653.00    0.90483   1.33627    3.446
 4654.00    1.12218   1.33752    3.446
 4655.00    1.50872   1.33750    3.446
 4656.00    1.11665   1.33778    3.446
 4657.00    0.43954   1.33642   -1.000
 4658.00    1.17386   1.33513    3.446
 4659.00    1.70224   1.33227    3.446
 4660.00    1.89935   1.32952    3.446
 4661.00    1.96662   1.32575    3.446
 4662.00    3.38909   1.32255   -1.000
 4663.00    2.94223   1.31892   -1.000
 4664.00    1.41676   1.31638    3.446
 4665.00    0.84530   1.31390    3.446
 4666.00    0.12211   1.31283   -1.000
 4667.00    0.66082   1.31200    3.446
 4668.00    0.94300   1.31238    3.446
 4669.00    1.44335   1.31284    3.446
 4670.00    1.53666   1.31376    3.446
 4671.00    1.74162   1.31459    3.446
 4672.00    1.86665   1.31516    3.446
 4673.00    2.15663   1.31564    3.446
 4674.00    1.44042   1.31550    3.446
 4675.00    0.76893   1.31525    3.446
 4676.00    1.83890   1.31455    3.446
 4677.00    2.23273   1.31372   -1.000
 4678.00    1.58028   1.31295    3.446
 4679.00    1.45786   1.31215    3.446
 4680.00    1.01331   1.31169    3.446
 4681.00    0.88724   1.31135    3.446
 4682.00    0.67799   1.31114    3.446
 4683.00   -0.21284   1.31129    0.000
 4684.00   -0.82979   1.31110    0.000
 4685.00   -0.71536   1.31141    0.000
 4686.00   -0.64648   1.31099    0.000
 4687.00    1.32512   1.31110    3.446
 4688.00    1.57821   1.31023    3.446
 4689.00    2.39828   1.30971   -1.000
 4690.00    2.20715   1.30827   -1.000
 4691.00    1.97420   1.30688    3.446
 4692.00    1.24418   1.30483    3.446
 4693.00    0.87729   1.30254    3.446
 4694.00    1.77220   1.29998    3.446
 4695.00    2.02638   1.29692    3.446
 4696.00    3.27909   1.29417   -1.000
 4697.00    3.14011   1.29083   -1.000
 4698.00    2.83157   1.28834   -1.000
 4699.00    2.47183   1.28543   -1.000
 4700.00    2.14686   1.28360    3.446
 4701.00    2.12067   1.28162    3.446
 4702.00    2.11147   1.28068    3.446
 4703.00    0.69269   1.27991    3.446
 4704.00    0.61018   1.27989    3.446
 4705.00    0.53338   1.28028    3.446
 4706.00    0.94004   1.28101    3.446
 4707.00    1.58896   1.28248    3.446
 4708.00    1.37854   1.28403    3.446
 4709.00    1.23832   1.28639    3.446
 4710.00    1.56800   1.28866    3.446
 4711.00    1.62439   1.29129    3.446
 4712.00    1.03269   1.29405    3.446
 4713.00    0.93393   1.29645    3.446
 4714.00    0.62979   1.29927    3.446
 4715.00    0.16467   1.30119   -1.000
 4716.00   -0.38142   1.30335    0.000
 4717.00    0.49280   1.30435    3.446
 4718.00    0.91409   1.30510    3.446
 4719.00    1.63084   1.30493    3.446
 4720.00    1.77874   1.30409    3.446
 4721.00    2.28437   1.30283   -1.000
 4722.00    2.47667   1.30072   -1.000
 4723.00    2.88564   1.29866   -1.000
 4724.00    1.75123   1.29595    3.446
 4725.00    0.76393   1.29350    3.446
 4726.00    0.35614   1.29100   -1.000
 4727.00    0.21985   1.28880   -1.000
 4728.00    2.35788   1.28721   -1.000
 4729.00    2.32781   1.28594   -1.000
 4730.00    1.83490   1.28547    3.446
 4731.00    1.31962   1.28520    3.446
 4732.00    0.52884   1.28567    3.446
 4733.00    0.70147   1.28627    3.446
 4734.00    0.81213   1.28734    3.446
 4735.00    0.94685   1.28861    3.446
 4736.00    1.01380   1.29008    3.446
 4737.00    1.95412   1.29185    3.446
 4738.00    2.24857   1.29353   -1.000
 4739.00    3.11158   1.29556   -1.000
 4740.00    3.03962   1.29730   -1.000
 4741.00    2.95822   1.29926   -1.000
 4742.00    2.57779   1.30096   -1.000
 4743.00    2.40211   1.30270   -1.000
 4744.00    1.28863   1.30400    3.446
 4745.00    1.12444   1.30526    3.446
 4746.00    0.81698   1.30592    3.446
 4747.00    0.76406   1.30641    3.446
 4748.00    0.65619   1.30635    3.446
 4749.00    0.66286   1.30577    3.446
 4750.00    0.66846   1.30498    3.446
 4751.00    0.21679   1.30333   -1.000
 4752.00    0.07321   1.30183   -1.000
 4753.00    0.18685   1.29947   -1.000
 4754.00    0.25235   1.29743   -1.000
 4755.00    0.52025   1.29488    3.446
 4756.00    0.52744   1.29247    3.446
 4757.00    0.53806   1.29005    3.446
 4758.00    1.39299   1.28754    3.446
 4759.00    1.91998   1.28567    3.446
 4760.00    2.82898   1.28348   -1.000
 4761.00    2.92051   1.28257   -1.000
 4762.00    1.16629   1.28136    3.446
 4763.00    1.36135   1.28171    3.446
 4764.00    1.90608   1.28195    3.446
 4765.00    1.66554   1.28349    3.446
 4766.00    1.40340   1.28481    3.446
 4767.00    0.95065   1.28711    3.446
 4768.00    0.75041   1.28889    3.446
 4769.00    0.54017   1.29123    3.446
 4770.00    0.54426   1.29265    3.446
 4771.00    0.72401   1.29442    3.446
 4772.00    0.87279   1.29523    3.446
 4773.00    1.16371   1.29608    3.446
 4774.00    1.15247   1.29620    3.446
 4775.00    1.14340   1.29583    3.446
 4776.00    0.80574   1.29516    3.446
 4777.00    0.70377   1.29399    3.446
 4778.00   -0.59512   1.29279    0.000
 4779.00   -0.19092   1.29154    0.000
 4780.00    1.53247   1.29024    3.446
 4781.00    1.45130   1.28954    3.446
 4782.00    1.33598   1.28861    3.446
 4783.00    1.33627   1.28881    3.446
 4784.00    1.33645   1.28882    3.446
 4785.00    1.23795   1.29000    3.446
 4786.00    1.21853   1.29115    3.446
 4787.00    1.20160   1.29305    3.446
 4788.00    1.25860   1.29511    3.446
 4789.00    1.41043   1.29719    3.446
 4790.00    1.40003   1.29954    3.446
 4791.00    1.38911   1.30129    3.446
 4792.00    1.09102   1.30325    3.446
 4793.00    0.96487   1.30432    3.446
 4794.00    0.94128   1.30535    3.446
 4795.00    0.89943   1.30564    3.446
 4796.00    0.63994   1.30557    3.446
 4797.00    0.66653   1.30527    3.446
 4798.00    0.71643   1.30458    3.446
 4799.00    0.35690   1.30403   -1.000
 4800.00    0.07727   1.30318   -1.000
 4801.00   -0.04936   1.30265    0.000
 4802.00   -0.08563   1.30185    0.000
 4803.00    0.07196   1.30134   -1.000
 4804.00    0.30539   1.30075   -1.000
 4805.00    1.19207   1.30055    3.446
 4806.00    1.56105   1.30049    3.446
 4807.00    2.06569   1.30067    3.446
 4808.00    2.09795   1.30096    3.446
 4809.00    2.11632   1.30131    3.446
 4810.00    2.25313   1.30164   -1.000
 4811.00    2.20618   1.30172   -1.000
 4812.00    1.22894   1.30177    3.446
 4813.00    1.22989   1.30138    3.446
 4814.00    1.23230   1.30069    3.446
 4815.00    1.48302   1.29956    3.446
 4816.00    1.73669   1.29794    3.446
 4817.00    1.70221   1.29600    3.446
 4818.00    1.68826   1.29353    3.446
 4819.00    1.70440   1.29099    3.446
 4820.00    1.63334   1.28813    3.446
 4821.00    1.19660   1.28519    3.446
 4822.00    1.12906   1.28228    3.446
 4823.00    1.00738   1.27949    3.446
 4824.00    0.52787   1.27694    3.446
 4825.00    0.16876   1.27477   -1.000
 4826.00    0.29002   1.27238   -1.000
 4827.00    0.32324   1.27019   -1.000
 4828.00    0.53408   1.26777    3.446
 4829.00    0.46335   1.26534    3.446
 4830.00    0.20782   1.26299   -1.000
 4831.00    0.50802   1.26001    3.446
 4832.00    0.90331   1.25742    3.446
 4833.00    1.79049   1.25416    3.446
 4834.00    2.27562   1.25091   -1.000
 4835.00    1.18473   1.24725    3.446
 4836.00    1.01211   1.24296    3.446
 4837.00    1.04839   1.23870    3.446
 4838.00    1.02587   1.23332    3.446
 4839.00    0.97112   1.22814    3.446
 4840.00    1.01689   1.22159    3.446
 4841.00    1.06152   1.21484    3.446
 4842.00    0.99886   1.20679    3.446
 4843.00    0.97464   1.19755    3.446
 4844.00    1.90885   1.18720    3.446
 4845.00    1.88589   1.17492    3.446
 4846.00    1.40215   1.16135    3.446
 4847.00    1.41634   1.14519    3.446
 4848.00    1.44090   1.12770    3.446
 4849.00    1.32750   1.10839    3.446
 4850.00    1.24574   1.08756    3.446
 4851.00    1.07866   1.06654    3.446
 4852.00    1.03859   1.04395    3.446
 4853.00    1.28340   1.02350    3.446
 4854.00    1.22049   1.00241    0.000
 4855.00    1.00511   0.98543    0.000
 4856.00    0.82388   0.97020    0.000
 4857.00    0.59408   0.95963    0.000
 4858.00    1.68171   0.95304    0.000
 4859.00    2.25265   0.95012    0.000
 4860.00    3.21251   0.95338    0.000
 4861.00    3.35732   0.95968    0.000
 4862.00    3.38667   0.97255    0.000
 4863.00    2.77660   0.98644    0.000
 4864.00    1.35840   1.00432    0.000
 4865.00    0.88546   1.02190    0.000
 4866.00    0.44119   1.04112    0.000
 4867.00    1.02769   1.05981    0.000
 4868.00    1.24410   1.07798    0.000
 4869.00    1.07703   1.09544    3.446
 4870.00    1.16164   1.11144    3.446
 4871.00    1.65372   1.12642    3.446
 4872.00    1.57862   1.14039    3.446
 4873.00    1.45372   1.15288    3.446
 4874.00    1.27827   1.16425    3.446
 4875.00    1.15652   1.17362    3.446
 4876.00    0.86477   1.18210    3.446
 4877.00    0.78585   1.18880    3.446
 4878.00    0.37759   1.19499    3.446
 4879.00    0.38927   1.19934    3.446
 4880.00    0.42720   1.20341    3.446
 4881.00    0.83643   1.20609    3.446
 4882.00    1.33621   1.20900    3.446
 4883.00    1.69046   1.21140    3.446
 4884.00    1.86889   1.21404    3.446
 4885.00    1.24889   1.21679    3.446
 4886.00    1.12110   1.22009    3.446
 4887.00    0.71104   1.22374    3.446
 4888.00    0.76050   1.22801    3.446
 4889.00    0.87057   1.23230    3.446
 4890.00    0.24588   1.23706   -1.000
 4891.00   -0.31954   1.24202    0.000
 4892.00    0.34594   1.24678   -1.000
 4893.00    0.57947   1.25191    3.446
 4894.00    1.15410   1.25547    3.446
 4895.00    1.10348   1.25908    3.446
 4896.00    0.72416   1.26110    3.446
 4897.00    1.13717   1.26286    3.446
 4898.00    1.79756   1.26343    3.446
 4899.00    1.80678   1.26342    3.446
 4900.00    1.81295   1.26308    3.446
 4901.00    1.19757   1.26197    3.446
 4902.00    1.05848   1.26098    3.446
 4903.00    1.09425   1.25904    3.446
 4904.00    1.26515   1.25746    3.446
 4905.00    1.79287   1.25534    3.446
 4906.00    1.59924   1.25271    3.446
 4907.00    1.37145   1.24987    3.446
 4908.00    1.01200   1.24597    3.446
 4909.00    0.83878   1.24243    3.446
 4910.00    1.18923   1.23798    3.446
 4911.00    1.17915   1.23425    3.446
 4912.00    0.72026   1.22980    3.446
 4913.00    1.02059   1.22586    3.446
