 4065.00    0.93288   1.03699    7.620
 4066.00    1.01595   1.03658    7.620
 4067.00    1.10334   1.04049    0.000
 4068.00    1.06703   1.04634    0.000
 4069.00    1.08636   1.05155    0.000
 4070.00    1.11644   1.05435    0.000
 4071.00    1.11219   1.05385    7.620
 4072.00    1.01798   1.05101    7.620
 4073.00    0.99761   1.04841    7.620
 4074.00    0.98126   1.04742    7.620
 4075.00    0.96972   1.04764    7.620
 4076.00    1.04605   1.04839    7.620
 4077.00    1.03365   1.05065    7.620
 4078.00    0.98802   1.05704    7.620
 4079.00    0.91053   1.06860    7.620
 4080.00    0.78233   1.08470    7.620
 4081.00    1.05478   1.10231    7.620
 4082.00    1.07816   1.11864    7.620
 4083.00    1.11842   1.13136    7.620
 4084.00    1.18401   1.14102    7.620
 4085.00    1.16043   1.14923    7.620
 4086.00    1.18902   1.15746    7.620
 4087.00    1.22575   1.16621    7.620
 4088.00    1.19686   1.17405    7.620
 4089.00    1.00090   1.17925    7.620
 4090.00    1.03377   1.17999    7.620
 4091.00    1.18356   1.17494    7.620
 4092.00    1.23373   1.16423    7.620
 4093.00    1.18178   1.14840    7.620
 4094.00    1.11385   1.12692    7.620
 4095.00    1.02644   1.10028    0.000
 4096.00    0.95616   1.06929    0.000
 4097.00    0.88925   1.03566    0.000
 4098.00    0.81902   1.00301    0.000
 4099.00    1.01692   0.97362    0.000
 4100.00    0.96665   0.94909    0.000
 4101.00    0.87175   0.93198    0.000
 4102.00    0.78407   0.92515    0.000
 4103.00    0.93661   0.93013    0.000
 4104.00    1.00287   0.94711    0.000
 4105.00    1.09563   0.97206    0.000
 4106.00    1.20864   1.00021    0.000
 4107.00    1.34438   1.02740    0.000
 4108.00    0.91473   1.05095    7.620
 4109.00    0.95841   1.06942    7.620
 4110.00    1.06303   1.08303    7.620
 4111.00    1.18515   1.09319    7.620
 4112.00    1.22957   1.10164    7.620
 4113.00    1.00369   1.10904    7.620
 4114.00    0.98954   1.11568    7.620
 4115.00    1.01794   1.12102    7.620
 4116.00    1.01625   1.12424    7.620
 4117.00    0.96000   1.12483    7.620
 4118.00    1.04255   1.12352    7.620
 4119.00    1.11039   1.12144    7.620
 4120.00    1.13057   1.12033    7.620
 4121.00    0.95544   1.12114    7.620
 4122.00    0.94035   1.12393    7.620
 4123.00    0.90931   1.12793    7.620
 4124.00    0.93845   1.13228    7.620
 4125.00    1.08200   1.13569    7.620
 4126.00    1.00145   1.13650    7.620
 4127.00    1.06244   1.13291    7.620
 4128.00    1.03264   1.12515    7.620
 4129.00    0.93609   1.11457    7.620
 4130.00    0.83028   1.10323    7.620
 4131.00    0.97805   1.09255    7.620
 4132.00    0.97874   1.08432    7.620
 4133.00    0.93981   1.08011    7.620
 4134.00    0.89210   1.08228    7.620
 4135.00    1.02601   1.09065    7.620
 4136.00    0.94587   1.10272    7.620
 4137.00    0.98236   1.11458    7.620
 4138.00    1.09127   1.12277    7.620
 4139.00    1.17484   1.12482    7.620
 4140.00    1.06310   1.12081    7.620
 4141.00    0.84347   1.11074    7.620
 4142.00    0.77778   1.09602    7.620
 4143.00    0.99121   1.07965    7.620
 4144.00    1.12315   1.06683    7.620
 4145.00    1.20044   1.06105    7.620
 4146.00    1.17269   1.06306    7.620
 4147.00    1.10745   1.07003    7.620
 4148.00    1.16868   1.07800    7.620
 4149.00    0.91469   1.08477    7.620
 4150.00    0.82379   1.08950    7.620
 4151.00    0.78749   1.09254    7.620
 4152.00    0.79172   1.09430    7.620
 4153.00    1.01308   1.09528    7.620
 4154.00    0.93711   1.09667    7.620
 4155.00    0.94296   1.09964    7.620
 4156.00    0.98073   1.10536    7.620
 4157.00    0.95274   1.11466    7.620
 4158.00    1.09098   1.12687    7.620
 4159.00    1.10843   1.14068    7.620
 4160.00    1.07360   1.15449    7.620
 4161.00    1.00000   1.16614    7.620
 4162.00    1.07772   1.17487    7.620
 4163.00    1.16677   1.17973    7.620
 4164.00    1.17721   1.17995    7.620
 4165.00    1.13533   1.17520    7.620
 4166.00    1.05492   1.16662    7.620
 4167.00    0.89063   1.15547    7.620
 4168.00    1.00476   1.14395    7.620
 4169.00    1.02223   1.13247    7.620
 4170.00    0.86743   1.12123    7.620
 4171.00    0.93286   1.10960    7.620
 4172.00    1.06902   1.09762    7.620
 4173.00    0.94943   1.08732    7.620
 4174.00    0.79305   1.08060    7.620
 4175.00    0.95259   1.07894    7.620
 4176.00    1.00749   1.08120    7.620
 4177.00    1.03863   1.08584    7.620
 4178.00    1.04883   1.09215    7.620
 4179.00    1.03741   1.10027    7.620
 4180.00    1.03719   1.10886    7.620
 4181.00    1.12579   1.11639    7.620
 4182.00    1.09634   1.12210    7.620
 4183.00    1.07451   1.12623    7.620
 4184.00    1.25585   1.12994    7.620
 4185.00    1.00232   1.13262    7.620
 4186.00    1.05325   1.13324    7.620
 4187.00    1.16356   1.13166    7.620
 4188.00    1.26995   1.12977    7.620
 4189.00    0.94385   1.12948    7.620
 4190.00    0.96758   1.13035    7.620
 4191.00    0.97569   1.13065    7.620
 4192.00    1.02977   1.12963    7.620
 4193.00    1.24311   1.12657    7.620
 4194.00    1.17350   1.12051    7.620
 4195.00    1.14517   1.11002    7.620
 4196.00    1.12264   1.09500    7.620
 4197.00    1.10270   1.07861    7.620
 4198.00    1.07856   1.06352    7.620
 4199.00    1.12516   1.05213    7.620
 4200.00    1.11358   1.04577    7.620
 4201.00    1.06876   1.04580    7.620
 4202.00    0.99581   1.05275    7.620
 4203.00    0.97139   1.06589    7.620
 4204.00    1.06704   1.08425    7.620
 4205.00    1.05230   1.10549    7.620
 4206.00    0.93349   1.12703    7.620
 4207.00    1.01307   1.14619    7.620
 4208.00    1.15830   1.16146    7.620
 4209.00    1.10309   1.17112    7.620
 4210.00    0.97363   1.17486    7.620
 4211.00    0.84341   1.17366    7.620
 4212.00    1.13605   1.16964    7.620
 4213.00    1.12176   1.16429    7.620
 4214.00    1.10891   1.15850    7.620
 4215.00    1.13246   1.15348    7.620
 4216.00    1.28716   1.15209    7.620
 4217.00    1.16423   1.15477    7.620
 4218.00    1.17491   1.16032    7.620
 4219.00    1.17149   1.16352    7.620
 4220.00    1.02761   1.16031    7.620
 4221.00    1.28623   1.14793    7.620
 4222.00    1.22668   1.12610    7.620
 4223.00    1.19714   1.09552    7.620
 4224.00    1.19521   1.06061    7.620
 4225.00    1.03635   1.02556    7.620
 4226.00    0.99492   0.99758    7.620
 4227.00    0.94984   0.98136    7.620
 4228.00    0.93702   0.98084    7.620
 4229.00    0.99798   0.99395    7.620
 4230.00    1.05100   1.01648    7.620
 4231.00    1.13247   1.04112    7.620
 4232.00    1.21241   1.06389    7.620
 4233.00    1.25999   1.08200    7.620
 4234.00    1.10478   1.09523    7.620
 4235.00    1.10879   1.10470    7.620
 4236.00    1.01296   1.11250    7.620
 4237.00    0.98722   1.12060    7.620
 4238.00    1.16302   1.13133    7.620
 4239.00    1.35906   1.14551    7.620
 4240.00    1.14111   1.16255    7.620
 4241.00    1.06869   1.18097    7.620
 4242.00    1.13731   1.19912    7.620
 4243.00    1.28726   1.21472    7.620
 4244.00    1.17289   1.22588    7.620
 4245.00    1.21786   1.22996    7.620
 4246.00    1.22447   1.22607    7.620
 4247.00    1.07968   1.21427    7.620
 4248.00    1.13327   1.19659    7.620
 4249.00    1.28367   1.17670    7.620
 4250.00    1.31355   1.15784    7.620
 4251.00    1.23947   1.14303    7.620
 4252.00    1.09162   1.13355    7.620
 4253.00    1.13005   1.12850    7.620
 4254.00    1.11213   1.12623    7.620
 4255.00    1.08050   1.12601    7.620
 4256.00    1.05001   1.12898    7.620
 4257.00    1.21851   1.13429    7.620
 4258.00    1.15028   1.13946    7.620
 4259.00    1.13540   1.14324    7.620
 4260.00    1.17563   1.14761    7.620
 4261.00    1.30023   1.15639    7.620
 4262.00    1.13997   1.17059    7.620
 4263.00    1.09918   1.18782    7.620
 4264.00    1.17327   1.20359    7.620
 4265.00    1.38774   1.21339    7.620
 4266.00    1.32749   1.21457    7.620
 4267.00    1.31875   1.20604    7.620
 4268.00    1.25592   1.18810    7.620
 4269.00    1.17182   1.16231    7.620
 4270.00    1.14486   1.13249    7.620
 4271.00    1.21072   1.10372    7.620
 4272.00    1.24963   1.08145    7.620
 4273.00    1.21963   1.06989    7.620
 4274.00    1.09446   1.06988    7.620
 4275.00    0.94828   1.07983    7.620
 4276.00    1.01559   1.09756    7.620
 4277.00    1.09867   1.12069    7.620
 4278.00    1.16145   1.14436    7.620
 4279.00    1.10252   1.16356    7.620
 4280.00    1.17149   1.17619    7.620
 4281.00    1.13061   1.18271    7.620
 4282.00    1.10636   1.18525    7.620
 4283.00    1.13408   1.18405    7.620
 4284.00    1.09084   1.17821    7.620
 4285.00    1.13505   1.16851    7.620
 4286.00    1.15064   1.15657    7.620
 4287.00    1.14133   1.14375    7.620
 4288.00    1.09734   1.13078    7.620
 4289.00    1.09256   1.11764    7.620
 4290.00    1.13523   1.10595    7.620
 4291.00    1.20073   1.09838    7.620
 4292.00    1.27386   1.09569    7.620
 4293.00    1.02498   1.09498    7.620
 4294.00    1.13522   1.09242    7.620
 4295.00    1.08950   1.08577    7.620
 4296.00    1.00967   1.07497    7.620
 4297.00    1.10399   1.06045    7.620
 4298.00    1.06626   1.04171    7.620
 4299.00    0.96366   1.02026    7.620
 4300.00    0.89166   0.99960    7.620
 4301.00    0.87647   0.98250    7.620
 4302.00    0.92829   0.96956    7.620
 4303.00    0.87197   0.95932    7.620
 4304.00    0.84226   0.95094    7.620
 4305.00    0.83967   0.94474    7.620
 4306.00    0.88449   0.94012    7.620
 4307.00    0.76141   0.93734    7.620
 4308.00    0.82292   0.93828    7.620
 4309.00    0.87009   0.94662    7.620
 4310.00    0.87009   0.96522    7.620
 4311.00    0.87009   0.99439    7.620
 4312.00    0.87009   1.03283    7.620
 4313.00    0.87009   1.07865    7.620
 4314.00    0.87009   1.12896    7.620
 4315.00    1.18015   1.18036    7.620
 4316.00    1.43254   1.22826    7.620
 4317.00    1.43254   1.26762    7.620
 4318.00    1.43254   1.29404    7.620
 4319.00    1.43254   1.30450    7.620
 4320.00    1.43254   1.29992    7.620
 4321.00    1.43254   1.28317    7.620
 4322.00    1.44244   1.25723    7.620
 4323.00    1.38512   1.22703    7.620
 4324.00    1.12028   1.19761    7.620
 4325.00    1.09019   1.17560    7.620
 4326.00    1.19003   1.16714    7.620
 4327.00    1.23296   1.17427    7.620
 4328.00    1.21211   1.19510    7.620
 4329.00    1.33350   1.22274    7.620
 4330.00    1.39446   1.25103    7.620
 4331.00    1.40673   1.27540    7.620
 4332.00    1.35525   1.29251    0.000
 4333.00    1.18344   1.29996    0.000
 4334.00    1.49637   1.29482    0.000
 4335.00    1.37306   1.27683    0.000
 4336.00    1.37300   1.24797    0.000
 4337.00    1.49351   1.21199    0.000
 4338.00    1.22045   1.17395    0.000
 4339.00    1.21968   1.14032    0.000
 4340.00    1.12346   1.11773    0.000
 4341.00    1.05839   1.10969    0.000
 4342.00    1.15558   1.11761    0.000
 4343.00    1.26838   1.13851    0.000
 4344.00    1.24039   1.16784    0.000
 4345.00    1.21582   1.20025    0.000
 4346.00    1.20515   1.23102    0.000
 4347.00    1.20032   1.25673    7.620
 4348.00    1.25147   1.27457    7.620
 4349.00    1.32255   1.28405    7.620
 4350.00    1.36006   1.28506    7.620
 4351.00    1.30462   1.27935    7.620
 4352.00    1.26117   1.27121    7.620
 4353.00    1.21159   1.26620    7.620
 4354.00    1.19065   1.26702    7.620
 4355.00    1.19165   1.27320    7.620
 4356.00    1.15799   1.28321    7.620
 4357.00    1.22955   1.29586    7.620
 4358.00    1.39818   1.31051    7.620
 4359.00    1.48056   1.32539    7.620
 4360.00    1.31514   1.33990    7.620
 4361.00    1.37613   1.35393    7.620
 4362.00    1.33453   1.36610    7.620
 4363.00    1.31645   1.37484    7.620
 4364.00    1.33599   1.37986    7.620
 4365.00    1.45841   1.38142    7.620
 4366.00    1.46582   1.37860    7.620
 4367.00    1.51183   1.36996    7.620
 4368.00    1.52014   1.35656    7.620
 4369.00    1.43253   1.34109    7.620
 4370.00    1.50128   1.32484    7.620
 4371.00    1.44475   1.30776    7.620
 4372.00    1.32585   1.29058    7.620
 4373.00    1.20180   1.27455    7.620
 4374.00    1.30082   1.26060    7.620
 4375.00    1.42840   1.24891    7.620
 4376.00    1.30825   1.23978    7.620
 4377.00    1.22240   1.23249    7.620
 4378.00    1.31786   1.22307    7.620
 4379.00    1.19495   1.20877    7.620
 4380.00    1.19594   1.18877    7.620
 4381.00    1.18920   1.16450    7.620
 4382.00    1.17110   1.13805    7.620
 4383.00    1.12803   1.11200    7.620
 4384.00    1.36896   1.09237    7.620
 4385.00    1.25275   1.08393    7.620
 4386.00    1.13738   1.08836    7.620
 4387.00    1.16904   1.10187    7.620
 4388.00    1.26080   1.12026    7.620
 4389.00    1.15333   1.14083    7.620
 4390.00    1.12821   1.16269    7.620
 4391.00    1.16082   1.18449    7.620
 4392.00    1.19222   1.20490    7.620
 4393.00    1.23952   1.22384    7.620
 4394.00    1.34545   1.24070    7.620
 4395.00    1.37280   1.25538    7.620
 4396.00    1.25466   1.26827    7.620
 4397.00    1.44667   1.27857    7.620
 4398.00    1.42234   1.28344    7.620
 4399.00    1.43312   1.27985    7.620
 4400.00    1.45446   1.26816    7.620
 4401.00    1.42222   1.25182    7.620
 4402.00    1.33054   1.23274    7.620
 4403.00    1.29732   1.21234    7.620
 4404.00    1.29134   1.19274    7.620
 4405.00    1.30872   1.17847    7.620
 4406.00    1.22846   1.17520    7.620
 4407.00    1.47658   1.18342    7.620
 4408.00    1.51157   1.19986    7.620
 4409.00    1.42642   1.22056    7.620
 4410.00    1.36768   1.24370    7.620
 4411.00    1.40826   1.26603    7.620
 4412.00    1.34726   1.28342    7.620
 4413.00    1.32063   1.29311    7.620
 4414.00    1.36740   1.29683    7.620
 4415.00    1.41299   1.29736    7.620
 4416.00    1.27323   1.29846    7.620
 4417.00    1.27148   1.30297    7.620
 4418.00    1.36033   1.31088    7.620
 4419.00    1.50983   1.31984    7.620
 4420.00    1.58375   1.32764    7.620
 4421.00    1.41491   1.33266    7.620
 4422.00    1.34150   1.33377    7.620
 4423.00    1.44301   1.33172    7.620
 4424.00    1.45933   1.32835    7.620
 4425.00    1.38018   1.32507    7.620
 4426.00    1.38026   1.32157    7.620
 4427.00    1.40981   1.31871    7.620
 4428.00    1.40092   1.31754    7.620
 4429.00    1.25793   1.31684    7.620
 4430.00    1.29767   1.31489    7.620
 4431.00    1.33939   1.31149    7.620
 4432.00    1.35382   1.30815    7.620
 4433.00    1.43934   1.30576    7.620
 4434.00    1.49019   1.30392    7.620
 4435.00    1.49417   1.30365    7.620
 4436.00    1.45758   1.30714    7.620
 4437.00    1.35927   1.31576    7.620
 4438.00    1.54806   1.32713    7.620
 4439.00    1.46389   1.33851    7.620
 4440.00    1.37849   1.34784    7.620
 4441.00    1.36042   1.35550    7.620
 4442.00    1.80921   1.36220   -1.000
 4443.00    1.59627   1.36915    7.620
 4444.00    1.49579   1.37786    7.620
 4445.00    1.43238   1.38888    7.620
 4446.00    1.32981   1.40051    7.620
 4447.00    1.50091   1.41001    7.620
 4448.00    1.46519   1.41597    7.620
 4449.00    1.44486   1.41757    7.620
 4450.00    1.46838   1.41339    7.620
 4451.00    1.53000   1.40207    7.620
 4452.00    1.56565   1.38436    7.620
 4453.00    1.51839   1.36236    7.620
 4454.00    1.46821   1.33755    7.620
 4455.00    1.50311   1.31246    7.620
 4456.00    1.39742   1.29052    7.620
 4457.00    1.24718   1.27429    7.620
 4458.00    1.30102   1.26440    7.620
 4459.00    1.53471   1.26043    7.620
 4460.00    1.41332   1.26246    7.620
 4461.00    1.45509   1.27011    7.620
 4462.00    1.37592   1.28222    7.620
 4463.00    1.28736   1.29746    7.620
 4464.00    1.29187   1.31397    7.620
 4465.00    1.44662   1.32933    7.620
 4466.00    1.51537   1.34217    7.620
 4467.00    1.53192   1.35289    7.620
 4468.00    1.49516   1.36270    7.620
 4469.00    1.36652   1.37208    0.000
 4470.00    1.48003   1.38141    0.000
 4471.00    1.45814   1.39247    0.000
 4472.00    1.45337   1.40651    0.000
 4473.00    1.60136   1.42263    0.000
 4474.00    1.63107   1.43821    0.000
 4475.00    1.58552   1.45094    0.000
 4476.00    1.61221   1.45950    7.620
 4477.00    1.68731   1.46349    7.620
 4478.00    1.58570   1.46319    7.620
 4479.00    1.65273   1.45818    7.620
 4480.00    1.66715   1.44987    7.620
 4481.00    1.65334   1.44213    7.620
 4482.00    1.61399   1.43914    7.620
 4483.00    1.66069   1.44125    7.620
 4484.00    1.58918   1.44662    7.620
 4485.00    1.58128   1.45374    7.620
 4486.00    1.63951   1.46061    7.620
 4487.00    1.75231   1.46493    7.620
 4488.00    1.63062   1.46482    7.620
 4489.00    1.58715   1.46058    7.620
 4490.00    1.56100   1.45356    7.620
 4491.00    1.52462   1.44617    7.620
 4492.00    1.73244   1.43980    7.620
 4493.00    1.69539   1.43450    7.620
 4494.00    1.64947   1.43057    7.620
 4495.00    1.60418   1.42941    7.620
 4496.00    1.54507   1.43255    7.620
 4497.00    1.48836   1.43994    7.620
 4498.00    1.41125   1.45058    7.620
 4499.00    1.41232   1.46389    7.620
 4500.00    1.57334   1.47952    7.620
 4501.00    1.62087   1.49681    7.620
 4502.00    1.54837   1.51541    7.620
 4503.00    1.60264   1.53421    7.620
 4504.00    1.72727   1.55251    7.620
 4505.00    1.69985   1.56755    7.620
 4506.00    1.55606   1.57914    7.620
 4507.00    1.67773   1.58562    7.620
 4508.00    1.73641   1.58794    7.620
 4509.00    1.56628   1.58604    7.620
 4510.00    1.82028   1.58060    7.620
 4511.00    1.85736   1.57248    7.620
 4512.00    1.80681   1.56289    7.620
 4513.00    1.73229   1.55220    7.620
 4514.00    1.84123   1.54156    7.620
 4515.00    1.62936   1.53298    7.620
 4516.00    1.66207   1.52753    7.620
 4517.00    1.69717   1.52421    7.620
 4518.00    1.64486   1.52226    7.620
 4519.00    1.71215   1.52126    7.620
 4520.00    1.51905   1.52075    7.620
 4521.00    1.54422   1.51904    7.620
 4522.00    1.67679   1.51312    7.620
 4523.00    1.62822   1.50117    7.620
 4524.00    1.55316   1.48323    7.620
 4525.00    1.57273   1.46112    7.620
 4526.00    1.57274   1.43619    7.620
 4527.00    1.51310   1.40982    7.620
 4528.00    1.37455   1.38484    7.620
 4529.00    1.35967   1.36436    7.620
 4530.00    1.34406   1.35007    7.620
 4531.00    1.33720   1.34258    7.620
 4532.00    1.37009   1.34133    7.620
 4533.00    1.44893   1.34571    7.620
 4534.00    1.52371   1.35448    7.620
 4535.00    1.49678   1.36678    7.620
 4536.00    1.33339   1.38181    7.620
 4537.00    1.68342   1.39942    7.620
 4538.00    1.67102   1.41870    7.620
 4539.00    1.64067   1.43658    7.620
 4540.00    1.57692   1.45080    7.620
 4541.00    1.41235   1.46090    7.620
 4542.00    1.63508   1.46810    7.620
 4543.00    1.66637   1.47254    7.620
 4544.00    1.58552   1.47379    7.620
 4545.00    1.40641   1.47228    7.620
 4546.00    1.49048   1.46935    7.620
 4547.00    1.59353   1.46707    7.620
 4548.00    1.57543   1.46599    7.620
 4549.00    1.52090   1.46490    7.620
 4550.00    1.57019   1.46343    7.620
 4551.00    1.69322   1.46303    7.620
 4552.00    1.70171   1.46494    7.620
 4553.00    1.76655   1.46808    7.620
 4554.00    1.91351   1.47273   -1.000
 4555.00    1.86882   1.48000    7.620
 4556.00    1.68337   1.49102    7.620
 4557.00    1.85507   1.50564    7.620
 4558.00    2.06932   1.52238   -1.000
 4559.00    1.82814   1.53866    7.620
 4560.00    1.66466   1.55171    7.620
 4561.00    1.70148   1.56165    7.620
 4562.00    1.75468   1.56727    7.620
 4563.00    1.79183   1.56902    7.620
 4564.00    1.79218   1.56708    7.620
 4565.00    1.77711   1.56453    7.620
 4566.00    1.67537   1.56250    7.620
 4567.00    1.60228   1.56281    7.620
 4568.00    1.74398   1.56471    7.620
 4569.00    1.75763   1.56797    7.620
 4570.00    1.61022   1.57068    7.620
 4571.00    1.59514   1.57283    7.620
 4572.00    1.74881   1.57385    7.620
 4573.00    1.87711   1.57481    7.620
 4574.00    1.80599   1.57550    7.620
 4575.00    1.74574   1.57458    7.620
 4576.00    1.72572   1.57076    7.620
 4577.00    1.80988   1.56428    7.620
 4578.00    1.72861   1.55641    7.620
 4579.00    1.56174   1.54608    7.620
 4580.00    1.56727   1.53371    7.620
 4581.00    1.73471   1.52118    7.620
 4582.00    1.51737   1.51191    7.620
 4583.00    1.50504   1.50616    7.620
 4584.00    1.56039   1.50433    7.620
 4585.00    1.61291   1.50553    7.620
 4586.00    1.58603   1.50956    7.620
 4587.00    1.73704   1.51586    7.620
 4588.00    1.79080   1.52346    7.620
 4589.00    1.72785   1.53031    7.620
 4590.00    1.57577   1.53455    7.620
 4591.00    1.59563   1.53542    7.620
 4592.00    1.74097   1.53295    7.620
 4593.00    1.70682   1.52784    7.620
 4594.00    1.65366   1.52186    7.620
 4595.00    1.71556   1.51564    7.620
 4596.00    1.65683   1.51008    7.620
 4597.00    1.49176   1.50616    7.620
 4598.00    1.38627   1.50504    7.620
 4599.00    1.38006   1.50573    7.620
 4600.00    1.68060   1.50724    7.620
 4601.00    1.69324   1.50897    7.620
 4602.00    1.64702   1.51187    7.620
 4603.00    1.60703   1.51645    7.620
 4604.00    1.62755   1.52235    7.620
 4605.00    1.75591   1.53000    7.620
 4606.00    1.73065   1.54084    7.620
 4607.00    1.72462   1.55415    7.620
 4608.00    1.73154   1.56882    7.620
 4609.00    1.63565   1.58405    7.620
 4610.00    1.66834   1.59873    7.620
 4611.00    1.68416   1.61000    7.620
 4612.00    1.68521   1.61868    7.620
 4613.00    1.66549   1.62479    7.620
 4614.00    1.77457   1.62905    7.620
 4615.00    1.83325   1.63231    7.620
 4616.00    1.86504   1.63578    7.620
 4617.00    1.85765   1.63893    7.620
 4618.00    1.71857   1.64196    7.620
 4619.00    1.61950   1.64527    7.620
 4620.00    1.61627   1.64779    7.620
 4621.00    1.68161   1.64906    7.620
 4622.00    1.82806   1.64919    7.620
 4623.00    1.73169   1.64800    7.620
 4624.00    1.75719   1.64539    7.620
 4625.00    1.76740   1.64197    7.620
 4626.00    1.75231   1.63790    7.620
 4627.00    1.67192   1.63308    7.620
 4628.00    1.75112   1.62867    7.620
 4629.00    1.73676   1.62500    7.620
 4630.00    1.69712   1.62114    7.620
 4631.00    1.65660   1.61615    7.620
 4632.00    1.65841   1.61088    7.620
 4633.00    1.78249   1.60470    7.620
 4634.00    1.91157   1.59603    7.620
 4635.00    1.96667   1.58476    7.620
 4636.00    1.60242   1.57275    7.620
 4637.00    1.49404   1.56043    7.620
 4638.00    1.59074   1.54819    7.620
 4639.00    1.66567   1.53665    7.620
 4640.00    1.61646   1.52691    7.620
 4641.00    1.66821   1.51864    7.620
 4642.00    1.60782   1.51191    7.620
 4643.00    1.61967   1.50491    7.620
 4644.00    1.66988   1.49724    7.620
 4645.00    1.65988   1.48892    7.620
 4646.00    1.65477   1.48132    7.620
 4647.00    1.63705   1.47480    7.620
 4648.00    1.60368   1.47146    7.620
 4649.00    1.55167   1.47309    7.620
 4650.00    1.47900   1.47948    7.620
 4651.00    1.41318   1.48953    7.620
 4652.00    1.42121   1.50170    7.620
 4653.00    1.47966   1.51546    7.620
 4654.00    1.55515   1.52927    7.620
 4655.00    1.57937   1.54273    7.620
 4656.00    1.74702   1.55583    7.620
 4657.00    1.81174   1.56966    7.620
 4658.00    1.67869   1.58295    7.620
 4659.00    1.75248   1.59527    7.620
 4660.00    1.69850   1.60456    7.620
 4661.00    1.57569   1.60852    7.620
 4662.00    1.46828   1.60465    7.620
 4663.00    1.59200   1.59365    7.620
 4664.00    1.71811   1.57594    7.620
 4665.00    1.67546   1.55377    7.620
 4666.00    1.60242   1.53020    7.620
 4667.00    1.53484   1.50885    7.620
 4668.00    1.60082   1.49201    7.620
 4669.00    1.45330   1.48277    7.620
 4670.00    1.40472   1.48117    7.620
 4671.00    1.42078   1.48666    7.620
 4672.00    1.47239   1.49687    7.620
 4673.00    1.61028   1.50945    7.620
 4674.00    1.58519   1.52149    7.620
 4675.00    1.50695   1.53191    7.620
 4676.00    1.40446   1.53940    7.620
 4677.00    1.56191   1.54290    7.620
 4678.00    1.54102   1.54244    7.620
 4679.00    1.49572   1.53858    7.620
 4680.00    1.47293   1.53309    7.620
 4681.00    1.57592   1.52723    7.620
 4682.00    1.56967   1.52145    7.620
 4683.00    1.62275   1.51706    7.620
 4684.00    1.64832   1.51507    7.620
 4685.00    1.62563   1.51501    7.620
 4686.00    1.54281   1.51604    7.620
 4687.00    1.56610   1.51830    7.620
 4688.00    1.58463   1.52087    7.620
 4689.00    1.61065   1.52372    7.620
 4690.00    1.67072   1.52726    7.620
 4691.00    1.61080   1.53123    7.620
 4692.00    1.56983   1.53488    7.620
 4693.00    1.47874   1.53895    7.620
 4694.00    1.35546   1.54289    7.620
 4695.00    1.67516   1.54522    7.620
 4696.00    1.61016   1.54469    7.620
 4697.00    1.56485   1.54206    7.620
 4698.00    1.54863   1.53647    7.620
 4699.00    1.59462   1.52773    7.620
 4700.00    1.66321   1.51758    7.620
 4701.00    1.65963   1.50837    7.620
 4702.00    1.62242   1.50027    7.620
 4703.00    1.56466   1.49374    7.620
 4704.00    1.59393   1.48985    7.620
 4705.00    1.49611   1.48846    7.620
 4706.00    1.48886   1.48916    7.620
 4707.00    1.50421   1.49091    7.620
 4708.00    1.47819   1.49303    7.620
 4709.00    1.51879   1.49560    7.620
 4710.00    1.41278   1.49933    7.620
 4711.00    1.40818   1.50366    7.620
 4712.00    1.52359   1.50883    7.620
 4713.00    1.65748   1.51538    7.620
 4714.00    1.70252   1.52373    7.620
 4715.00    1.67395   1.53411    7.620
 4716.00    1.59420   1.54639    7.620
 4717.00    1.45287   1.56100    7.620
 4718.00    1.72630   1.57696    7.620
 4719.00    1.66107   1.59261    7.620
 4720.00    1.66187   1.60631    7.620
 4721.00    1.73707   1.61805    7.620
 4722.00    1.64845   1.62565    7.620
 4723.00    1.77008   1.62734    7.620
 4724.00    1.82595   1.62362    7.620
 4725.00    1.83337   1.61483    7.620
 4726.00    1.77828   1.60190    7.620
 4727.00    1.75720   1.58522    7.620
 4728.00    1.66623   1.56707    7.620
 4729.00    1.57140   1.54964    7.620
 4730.00    1.48983   1.53627    7.620
 4731.00    1.48183   1.52733    7.620
 4732.00    1.62438   1.52366    7.620
 4733.00    1.58372   1.52540    7.620
 4734.00    1.53837   1.53137    7.620
 4735.00    1.61584   1.53997    7.620
 4736.00    1.60334   1.54981    7.620
 4737.00    1.61833   1.55954    7.620
 4738.00    1.60102   1.56805    7.620
 4739.00    1.57620   1.57583    7.620
 4740.00    1.71741   1.58303    7.620
 4741.00    1.70444   1.58878    7.620
 4742.00    1.67351   1.59356    7.620
 4743.00    1.66831   1.59873    7.620
 4744.00    1.72821   1.60455    7.620
 4745.00    1.81142   1.61006    7.620
 4746.00    1.78337   1.61620    7.620
 4747.00    1.75108   1.62285    7.620
 4748.00    1.71369   1.62900    7.620
 4749.00    1.62733   1.63347    7.620
 4750.00    1.70480   1.63617    7.620
 4751.00    1.75171   1.63643    7.620
 4752.00    1.75675   1.63398    7.620
 4753.00    1.69617   1.62920    7.620
 4754.00    1.62850   1.62308    7.620
 4755.00    1.58350   1.61593    7.620
 4756.00    1.67674   1.60906    7.620
 4757.00    1.84697   1.60289    7.620
 4758.00    1.87464   1.59657    7.620
 4759.00    1.47064   1.59008    7.620
 4760.00    1.44811   1.58272    7.620
 4761.00    1.53941   1.57368    7.620
 4762.00    1.66195   1.56279    7.620
 4763.00    1.67452   1.55048    7.620
 4764.00    1.63020   1.53778    7.620
 4765.00    1.59817   1.52648    7.620
 4766.00    1.57446   1.51892    7.620
 4767.00    1.53681   1.51463    7.620
 4768.00    1.67035   1.51484    7.620
 4769.00    1.68307   1.52006    7.620
 4770.00    1.63573   1.52927    7.620
 4771.00    1.53582   1.54060    7.620
 4772.00    1.55719   1.55271    7.620
 4773.00    1.65361   1.56508    7.620
 4774.00    1.75552   1.57673    7.620
 4775.00    1.81408   1.58750    7.620
 4776.00    1.65391   1.59547    7.620
 4777.00    1.55740   1.60092    7.620
 4778.00    1.53001   1.60351    7.620
 4779.00    1.52847   1.60287    7.620
 4780.00    1.54568   1.59820    7.620
 4781.00    1.67890   1.59059    7.620
 4782.00    1.78595   1.58139    7.620
 4783.00    1.77715   1.57136    7.620
 4784.00    1.70745   1.56108    7.620
 4785.00    1.68836   1.55276    7.620
 4786.00    1.60994   1.54762    7.620
 4787.00    1.56777   1.54541    7.620
 4788.00    1.54556   1.54676    7.620
 4789.00    1.54665   1.55248    7.620
 4790.00    1.74445   1.56260    7.620
 4791.00    1.76656   1.57549    7.620
 4792.00    1.70720   1.59137    7.620
 4793.00    1.62046   1.60870    7.620
 4794.00    1.60971   1.62591    7.620
 4795.00    1.64333   1.64056    7.620
 4796.00    1.63839   1.65230    7.620
 4797.00    1.66107   1.65972    7.620
 4798.00    1.73110   1.66275    7.620
 4799.00    1.88536   1.66269    7.620
 4800.00    1.79931   1.66147    7.620
 4801.00    1.70263   1.65860    7.620
 4802.00    1.62557   1.65552    7.620
 4803.00    1.63777   1.65371    7.620
 4804.00    1.75266   1.65171    7.620
 4805.00    1.73316   1.64746    7.620
 4806.00    1.66745   1.64270    7.620
 4807.00    1.57461   1.63876    7.620
 4808.00    1.56600   1.63351    7.620
 4809.00    1.57918   1.62888    7.620
 4810.00    1.66167   1.62732    7.620
 4811.00    1.74016   1.62838    7.620
 4812.00    1.68661   1.63101    7.620
 4813.00    1.64183   1.63624    7.620
 4814.00    1.65188   1.64330    7.620
 4815.00    1.68364   1.65099    7.620
 4816.00    1.72565   1.65901    7.620
 4817.00    1.65092   1.66663    7.620
 4818.00    1.80865   1.67249    7.620
 4819.00    1.77022   1.67591    7.620
 4820.00    1.67761   1.67629    7.620
 4821.00    1.70159   1.67318    7.620
 4822.00    1.64370   1.66706    7.620
 4823.00    1.55330   1.65891    7.620
 4824.00    1.54242   1.65008    7.620
 4825.00    1.63018   1.64065    7.620
 4826.00    1.77482   1.63283    7.620
 4827.00    1.79670   1.62739    7.620
 4828.00    1.74631   1.62290    7.620
 4829.00    1.68251   1.61839    7.620
 4830.00    1.66998   1.61574    7.620
 4831.00    1.66847   1.61463    7.620
 4832.00    1.64434   1.61298    7.620
 4833.00    1.64938   1.61203    7.620
 4834.00    1.68383   1.61333    7.620
 4835.00    1.66332   1.61556    7.620
 4836.00    1.61435   1.61729    7.620
 4837.00    1.71031   1.61871    7.620
 4838.00    1.77980   1.61932    7.620
 4839.00    1.61806   1.61872    7.620
 4840.00    1.63939   1.61634    7.620
 4841.00    1.68525   1.61335    7.620
 4842.00    1.71146   1.61130    7.620
 4843.00    1.70854   1.61053    7.620
 4844.00    1.63644   1.61057    7.620
 4845.00    1.58986   1.61217    7.620
 4846.00    1.55249   1.61534    7.620
 4847.00    1.57270   1.61881    7.620
 4848.00    1.73080   1.62078    7.620
 4849.00    1.78120   1.62125    7.620
 4850.00    1.70420   1.61959    7.620
 4851.00    1.62128   1.61496    7.620
 4852.00    1.56468   1.60675    7.620
 4853.00    1.69987   1.59418    7.620
 4854.00    1.58742   1.57900    0.000
 4855.00    1.50614   1.56018    0.000
 4856.00    1.47426   1.53741    0.000
 4857.00    1.53460   1.51125    0.000
 4858.00    1.40126   1.48332    0.000
 4859.00    1.32213   1.45598    0.000
 4860.00    1.33172   1.43003    0.000
 4861.00    1.40559   1.40829    0.000
 4862.00    1.38314   1.39322    0.000
 4863.00    1.50206   1.38812    0.000
 4864.00    1.52877   1.39167    0.000
 4865.00    1.51469   1.40207    0.000
 4866.00    1.47404   1.41915    0.000
 4867.00    1.36261   1.43931    0.000
 4868.00    1.41725   1.45765    0.000
 4869.00    1.42067   1.47213    7.620
 4870.00    1.39760   1.48367    7.620
 4871.00    1.55023   1.49202    7.620
 4872.00    1.48424   1.49774    7.620
 4873.00    1.49868   1.50401    7.620
 4874.00    1.49748   1.51366    7.620
 4875.00    1.41821   1.52577    7.620
 4876.00    1.68619   1.54003    7.620
 4877.00    1.66805   1.55630    7.620
 4878.00    1.65068   1.57279    7.620
 4879.00    1.63535   1.58681    7.620
 4880.00    1.56948   1.59671    7.620
 4881.00    1.56679   1.60269    7.620
 4882.00    1.55530   1.60342    7.620
 4883.00    1.52475   1.59928    7.620
 4884.00    1.46402   1.59237    7.620
 4885.00    1.57393   1.58250    7.620
 4886.00    1.60820   1.57028    7.620
 4887.00    1.59449   1.55821    7.620
 4888.00    1.53835   1.54804    7.620
 4889.00    1.42648   1.54075    7.620
 4890.00    1.47851   1.53806    7.620
 4891.00    1.48535   1.54158    7.620
 4892.00    1.50783   1.55283    7.620
 4893.00    1.57519   1.57091    7.620
 4894.00    1.71283   1.59519    7.620
 4895.00    1.70904   1.62278    7.620
 4896.00    1.73462   1.65097    7.620
 4897.00    1.76935   1.67589    7.620
 4898.00    1.74169   1.69601    7.620
 4899.00    1.57857   1.71015    7.620
 4900.00    1.64019   1.71522    7.620
 4901.00    1.69166   1.71496    7.620
 4902.00    1.64476   1.71231    7.620
 4903.00    1.69850   1.70777    7.620
 4904.00    1.69482   1.70225    7.620
 4905.00    1.70090   1.69784    7.620
 4906.00    1.69766   1.69487    7.620
 4907.00    1.61725   1.69191    7.620
 4908.00    1.67272   1.68799    7.620
 4909.00    1.67003   1.68401    7.620
 4910.00    1.67077   1.68003    7.620
 4911.00    1.69251   1.67594    7.620
 4912.00    1.51024   1.67151    7.620
 4913.00    1.67134   1.66777    7.620
 4914.00    1.73543   1.66318    7.620
 4915.00    1.74634   1.65600    7.620
 4916.00    1.79146   1.64516    7.620
 4917.00    1.55722   1.62964    7.620
 4918.00    1.53808   1.60962    7.620
 4919.00    1.54058   1.58693    7.620
 4920.00    1.51999   1.56492    7.620
 4921.00    1.51693   1.54835    7.620
 4922.00    1.44061   1.53873    7.620
 4923.00    1.46073   1.53920    7.620
 4924.00    1.50484   1.55110    7.620
 4925.00    1.42854   1.57100    7.620
 4926.00    1.39763   1.59799    7.620
 4927.00    1.57231   1.62824    7.620
 4928.00    1.71060   1.65785    7.620
 4929.00    1.74662   1.68233    7.620
 4930.00    1.71837   1.70212    7.620
 4931.00    1.68943   1.71431    7.620
 4932.00    1.61423   1.71807    7.620
 4933.00    1.53436   1.71536    7.620
 4934.00    1.52119   1.70554    7.620
 4935.00    1.77693   1.69105    7.620
 4936.00    1.79658   1.67560    7.620
 4937.00    1.75111   1.66121    7.620
 4938.00    1.67093   1.64870    7.620
 4939.00    1.65170   1.64139    7.620
 4940.00    1.67937   1.64131    7.620
 4941.00    1.68157   1.64732    7.620
 4942.00    1.67626   1.65862    7.620
 4943.00    1.68748   1.67377    7.620
 4944.00    1.78865   1.69262    7.620
 4945.00    1.77120   1.71276    7.620
 4946.00    1.71779   1.73061    7.620
 4947.00    1.64707   1.74628    0.000
 4948.00    1.66624   1.75933    0.000
 4949.00    1.64927   1.76873    0.000
 4950.00    1.72645   1.77250    0.000
 4951.00    1.76717   1.77102    0.000
 4952.00    1.56345   1.76333    0.000
 4953.00    1.63777   1.74801    0.000
 4954.00    1.59054   1.72556    0.000
 4955.00    1.59001   1.69734    0.000
 4956.00    1.64922   1.66678    0.000
 4957.00    1.60201   1.63747    0.000
 4958.00    1.58598   1.61138    0.000
 4959.00    1.61792   1.59156    0.000
 4960.00    1.65302   1.58218    0.000
 4961.00    1.64002   1.57972    0.000
 4962.00    1.51268   1.58057    0.000
 4963.00    1.55976   1.58640    0.000
 4964.00    1.56772   1.59300    0.000
 4965.00    1.53009   1.59666    0.000
 4966.00    1.65676   1.59767    0.000
 4967.00    1.70128   1.59852    0.000
 4968.00    1.73589   1.60021    0.000
 4969.00    1.74102   1.60278    7.620
 4970.00    1.67776   1.60865    7.620
 4971.00    1.63084   1.61780    7.620
 4972.00    1.77077   1.62820    7.620
 4973.00    1.74725   1.63893    7.620
 4974.00    1.57714   1.64804    7.620
 4975.00    1.70514   1.65275    7.620
 4976.00    1.71165   1.65257    7.620
 4977.00    1.71169   1.64635    7.620
 4978.00    1.71079   1.63410    7.620
 4979.00    1.71318   1.61659    7.620
 4980.00    1.57185   1.59538    7.620
 4981.00    1.53417   1.57344    7.620
 4982.00    1.50460   1.55268    7.620
 4983.00    1.48352   1.53478    7.620
 4984.00    1.51999   1.52347    7.620
 4985.00    1.44192   1.51981    7.620
 4986.00    1.47503   1.52245    7.620
 4987.00    1.52206   1.53096    7.620
 4988.00    1.51708   1.54429    7.620
 4989.00    1.54956   1.55988    7.620
 4990.00    1.54670   1.57440    7.620
 4991.00    1.54157   1.58745    7.620
 4992.00    1.53748   1.59812    7.620
 4993.00    1.54205   1.60544    7.620
 4994.00    1.52963   1.60970    7.620
 4995.00    1.56083   1.61104    7.620
 4996.00    1.56904   1.60900    7.620
 4997.00    1.50068   1.60373    7.620
 4998.00    1.52063   1.59512    0.000
 4999.00    1.56394   1.58266    0.000
 5000.00    1.56267   1.56772    0.000
 5001.00    1.52063   1.55150    0.000
 5002.00    1.45086   1.53443    0.000
 5003.00    1.54110   1.51853    0.000
 5004.00    1.53488   1.50462    0.000
 5005.00    1.51715   1.49349    0.000
 5006.00    1.52934   1.48611    0.000
 5007.00    1.58194   1.48128    0.000
 5008.00    1.52809   1.47890    0.000
 5009.00    1.49060   1.47834    0.000
 5010.00    1.47561   1.47761    0.000
 5011.00    1.49840   1.47523    0.000
 5012.00    1.47232   1.47184    0.000
 5013.00    1.47467   1.46733    0.000
 5014.00    1.47148   1.46126    0.000
 5015.00    1.44528   1.45613    0.000
 5016.00    1.55688   1.45352    0.000
 5017.00    1.50760   1.45367    0.000
 5018.00    1.47481   1.45689    0.000
 5019.00    1.46477   1.46318    0.000
 5020.00    1.49683   1.47160    0.000
 5021.00    1.51599   1.48125    0.000
 5022.00    1.48296   1.49126    0.000
 5023.00    1.48306   1.50112    7.620
 5024.00    1.55947   1.51131    7.620
 5025.00    1.37109   1.52157    7.620
 5026.00    1.52521   1.53201    7.620
 5027.00    1.58331   1.54333    7.620
 5028.00    1.57828   1.55515    7.620
 5029.00    1.60507   1.56750    7.620
 5030.00    1.43461   1.58044    7.620
 5031.00    1.48543   1.59213    7.620
 5032.00    1.56773   1.60148    7.620
 5033.00    1.62218   1.60738    7.620
 5034.00    1.55936   1.60791    7.620
 5035.00    1.51193   1.60241    7.620
 5036.00    1.50189   1.59067    7.620
 5037.00    1.51631   1.57369    7.620
 5038.00    1.53316   1.55399    7.620
 5039.00    1.59809   1.53459    7.620
 5040.00    1.50608   1.51780    7.620
 5041.00    1.41765   1.50655    7.620
 5042.00    1.38487   1.50391    7.620
 5043.00    1.46518   1.50961    7.620
 5044.00    1.43081   1.52162    7.620
 5045.00    1.44422   1.53829    7.620
 5046.00    1.47796   1.55685    7.620
 5047.00    1.48069   1.57237    7.620
 5048.00    1.60481   1.58337    7.620
 5049.00    1.59367   1.59036    7.620
 5050.00    1.56658   1.59221    7.620
 5051.00    1.55436   1.59202    7.620
 5052.00    1.70768   1.59336    7.620
 5053.00    1.66290   1.59596    7.620
 5054.00    1.63303   1.60202    7.620
 5055.00    1.61474   1.61309    7.620
 5056.00    1.60716   1.62635    7.620
 5057.00    1.57536   1.64043    7.620
 5058.00    1.53452   1.65515    7.620
 5059.00    1.52419   1.66742    7.620
 5060.00    1.55938   1.67555    7.620
 5061.00    1.70035   1.67911    7.620
 5062.00    1.65902   1.67701    7.620
 5063.00    1.64274   1.66942    7.620
 5064.00    1.65105   1.65745    7.620
 5065.00    1.70139   1.64218    7.620
 5066.00    1.57359   1.62569    7.620
 5067.00    1.55795   1.61070    7.620
 5068.00    1.55739   1.59821    7.620
 5069.00    1.55675   1.58820    7.620
 5070.00    1.55624   1.58224    7.620
 5071.00    1.57927   1.58003    7.620
 5072.00    1.55422   1.57879    7.620
 5073.00    1.54287   1.57784    7.620
 5074.00    1.65019   1.57736    7.620
 5075.00    1.44198   1.57535    7.620
 5076.00    1.42594   1.56992    7.620
 5077.00    1.42538   1.56209    7.620
 5078.00    1.41995   1.55284    7.620
 5079.00    1.47777   1.54168    7.620
 5080.00    1.53048   1.52998    7.620
 5081.00    1.45954   1.52076    7.620
 5082.00    1.37662   1.51530    7.620
 5083.00    1.41872   1.51414    7.620
 5084.00    1.50083   1.51819    7.620
 5085.00    1.42708   1.52744    7.620
 5086.00    1.46886   1.54089    7.620
 5087.00    1.63106   1.55691    7.620
 5088.00    1.51571   1.57373    7.620
 5089.00    1.52816   1.59065    7.620
 5090.00    1.47523   1.60614    7.620
 5091.00    1.44849   1.61848    7.620
 5092.00    1.56784   1.62775    7.620
 5093.00    1.49774   1.63260    7.620
 5094.00    1.53313   1.63236    7.620
 5095.00    1.57456   1.62828    7.620
 5096.00    1.60353   1.61943    7.620
 5097.00    1.55041   1.60711    7.620
 5098.00    1.48942   1.59491    7.620
 5099.00    1.43745   1.58258    7.620
 5100.00    1.41303   1.57127    7.620
 5101.00    1.45113   1.56381    7.620
 5102.00    1.32197   1.55907    7.620
 5103.00    1.33000   1.55567    7.620
 5104.00    1.38338   1.55373    7.620
 5105.00    1.45032   1.55212    7.620
 5106.00    1.34121   1.55003    7.620
 5107.00    1.27419   1.54764    7.620
 5108.00    1.30985   1.54543    7.620
 5109.00    1.38663   1.54475    7.620
 5110.00    1.47659   1.54647    7.620
 5111.00    1.43169   1.55076    7.620
 5112.00    1.41608   1.55880    7.620
 5113.00    1.44696   1.57012    7.620
 5114.00    1.51131   1.58286    7.620
 5115.00    1.53150   1.59690    7.620
 5116.00    1.53729   1.61044    7.620
 5117.00    1.51359   1.62031    7.620
 5118.00    1.50719   1.62631    7.620
 5119.00    1.55972   1.62756    7.620
 5120.00    1.61033   1.62169    7.620
 5121.00    1.55093   1.61034    7.620
 5122.00    1.49497   1.59522    7.620
 5123.00    1.44326   1.57617    7.620
 5124.00    1.34496   1.55649    7.620
 5125.00    1.38487   1.53873    7.620
 5126.00    1.42523   1.52354    7.620
 5127.00    1.41967   1.51315    7.620
 5128.00    1.31962   1.50813    7.620
 5129.00    1.44281   1.50835    7.620
 5130.00    1.38404   1.51362    7.620
 5131.00    1.37659   1.52239    7.620
 5132.00    1.42073   1.53394    7.620
 5133.00    1.50131   1.54644    7.620
 5134.00    1.50015   1.55778    7.620
 5135.00    1.47984   1.56716    7.620
 5136.00    1.48274   1.57320    7.620
 5137.00    1.53945   1.57566    7.620
 5138.00    1.52435   1.57437    7.620
 5139.00    1.50241   1.56978    7.620
 5140.00    1.48531   1.56376    7.620
 5141.00    1.46184   1.55645    7.620
 5142.00    1.37070   1.54873    7.620
 5143.00    1.41376   1.54187    7.620
 5144.00    1.36777   1.53502    7.620
 5145.00    1.37011   1.52907    7.620
 5146.00    1.49573   1.52411    7.620
 5147.00    1.38154   1.51862    7.620
 5148.00    1.43322   1.51402    7.620
 5149.00    1.41756   1.51060    7.620
 5150.00    1.36193   1.50755    7.620
 5151.00    1.35216   1.50610    7.620
 5152.00    1.37439   1.50693    7.620
 5153.00    1.27546   1.51083    7.620
 5154.00    1.23421   1.51825    7.620
 5155.00    1.33375   1.52876    7.620
 5156.00    1.29599   1.54263    0.000
 5157.00    1.36238   1.55843    0.000
 5158.00    1.40456   1.57317    0.000
 5159.00    1.43792   1.58470    0.000
 5160.00    1.51750   1.59054    0.000
 5161.00    1.52221   1.58743    0.000
 5162.00    1.46708   1.57397    0.000
 5163.00    1.42494   1.54966    0.000
 5164.00    1.42324   1.51432    0.000
 5165.00    1.33890   1.47067    7.620
 5166.00    1.33887   1.42152    7.620
 5167.00    1.32884   1.36974    7.620
 5168.00    1.31481   1.32057    7.620
 5169.00    1.30868   1.27720    7.620
 5170.00    1.16387   1.24204    7.620
 5171.00    1.07500   1.21873    7.620
 5172.00    1.04035   1.20663    7.620
 5173.00    1.07209   1.20585    7.620
 5174.00    1.15637   1.21665    7.620
 5175.00    1.10202   1.23425    7.620
 5176.00    1.08441   1.25677    7.620
 5177.00    1.09883   1.28031    7.620
 5178.00    1.15772   1.29942    7.620
 5179.00    1.13104   1.31319    7.620
 5180.00    1.14910   1.31866    7.620
 5181.00    1.17548   1.31640    7.620
 5182.00    1.20023   1.31032    7.620
 5183.00    1.16349   1.30381    7.620
 5184.00    1.21052   1.30090    7.620
 5185.00    1.25333   1.30496    7.620
 5186.00    1.27606   1.31894    7.620
 5187.00    1.23446   1.34030    7.620
 5188.00    1.19948   1.36636    7.620
 5189.00    1.22352   1.39571    7.620
 5190.00    1.28763   1.42213    7.620
 5191.00    1.38387   1.44415    7.620
 5192.00    1.36895   1.46258    7.620
 5193.00    1.36280   1.47529    0.000
 5194.00    1.39730   1.48585    0.000
 5195.00    1.45924   1.49732    0.000
 5196.00    1.54957   1.50776    0.000
 5197.00    1.37967   1.51923    0.000
 5198.00    1.49028   1.53213    0.000
 5199.00    1.56834   1.54160    0.000
 5200.00    1.55673   1.54618    0.000
 5201.00    1.46976   1.54581    0.000
 5202.00    1.47559   1.53666    0.000
 5203.00    1.51108   1.51896    7.620
 5204.00    1.54151   1.49660    7.620
 5205.00    1.51409   1.46948    7.620
 5206.00    1.46821   1.44197    7.620
 5207.00    1.35651   1.41996    7.620
 5208.00    1.33189   1.40469    7.620
 5209.00    1.41105   1.39987    7.620
 5210.00    1.43728   1.40716    7.620
 5211.00    1.46146   1.42479    7.620
 5212.00    1.47459   1.45159    7.620
 5213.00    1.48870   1.48405    7.620
 5214.00    1.51962   1.51855    7.620
 5215.00    1.50862   1.55275    7.620
 5216.00    1.51494   1.58370    7.620
 5217.00    1.52669   1.61013    7.620
 5218.00    1.53420   1.63163    7.620
 5219.00    1.44150   1.64736    7.620
 5220.00    1.57387   1.65703    7.620
 5221.00    1.52524   1.66033    7.620
 5222.00    1.43719   1.65683    7.620
 5223.00    1.43276   1.64735    7.620
 5224.00    1.60243   1.63322    7.620
 5225.00    1.51557   1.61605    7.620
 5226.00    1.45517   1.60007    7.620
 5227.00    1.45561   1.58788    7.620
 5228.00    1.57337   1.58037    7.620
 5229.00    1.59303   1.58077    7.620
 5230.00    1.50649   1.58802    7.620
 5231.00    1.45762   1.59935    7.620
 5232.00    1.59861   1.61512    7.620
 5233.00    1.57819   1.63309    7.620
 5234.00    1.57053   1.65059    7.620
 5235.00    1.63420   1.66890    7.620
 5236.00    1.73740   1.68717    7.620
 5237.00    1.61900   1.70390    7.620
 5238.00    1.66765   1.72034    7.620
 5239.00    1.70145   1.73470    7.620
 5240.00    1.71398   1.74587    7.620
 5241.00    1.68833   1.75397    7.620
 5242.00    1.71687   1.75759    7.620
 5243.00    1.66956   1.75655    7.620
 5244.00    1.70722   1.75137    7.620
 5245.00    1.79674   1.74198    7.620
 5246.00    1.68039   1.72911    7.620
 5247.00    1.58086   1.71485    7.620
 5248.00    1.58739   1.69929    7.620
 5249.00    1.58129   1.68490    7.620
 5250.00    1.47915   1.67401    7.620
 5251.00    1.70329   1.66574    7.620
 5252.00    1.64284   1.66287    7.620
 5253.00    1.64465   1.66526    7.620
 5254.00    1.70220   1.67083    7.620
 5255.00    1.71603   1.68042    7.620
 5256.00    1.68505   1.69099    7.620
 5257.00    1.63799   1.70012    7.620
 5258.00    1.61285   1.70634    7.620
 5259.00    1.64124   1.70579    7.620
 5260.00    1.64018   1.69746    7.620
 5261.00    1.63929   1.68017    7.620
 5262.00    1.56775   1.65394    7.620
 5263.00    1.46706   1.62097    7.620
 5264.00    1.51349   1.58286    7.620
 5265.00    1.51866   1.54447    7.620
 5266.00    1.42562   1.50856    7.620
 5267.00    1.35929   1.47690    0.000
 5268.00    1.39149   1.45520    0.000
 5269.00    1.48389   1.44249    0.000
 5270.00    1.41700   1.43965    0.000
 5271.00    1.41996   1.45010    0.000
 5272.00    1.45233   1.46797    0.000
 5273.00    1.34470   1.49587    0.000
 5274.00    1.32910   1.53036    0.000
 5275.00    1.44770   1.56560    7.620
 5276.00    1.55481   1.60464    7.620
 5277.00    1.58281   1.63891    7.620
 5278.00    1.55801   1.66834    7.620
 5279.00    1.47387   1.69419    7.620
 5280.00    1.50997   1.71159    7.620
 5281.00    1.62175   1.72455    7.620
 5282.00    1.70670   1.73474    7.620
 5283.00    1.79628   1.74262    7.620
 5284.00    1.81829   1.75154    7.620
 5285.00    1.78758   1.76356    7.620
 5286.00    1.69753   1.77764    7.620
 5287.00    1.75316   1.79404    7.620
 5288.00    1.86454   1.81187    7.620
 5289.00    1.86796   1.82740    7.620
 5290.00    1.81322   1.84005    7.620
 5291.00    1.81065   1.84758    7.620
 5292.00    1.80765   1.84817    7.620
 5293.00    1.81009   1.84291    7.620
 5294.00    1.82773   1.83100    7.620
 5295.00    1.86443   1.81385    7.620
 5296.00    1.78587   1.79467    7.620
 5297.00    1.71543   1.77411    7.620
 5298.00    1.73301   1.75653    7.620
 5299.00    1.76980   1.74435    7.620
 5300.00    1.66422   1.73837    7.620
 5301.00    1.72356   1.74146    7.620
 5302.00    1.70865   1.75179    7.620
 5303.00    1.67504   1.76890    7.620
 5304.00    1.63797   1.79056    7.620
 5305.00    1.74456   1.81350    7.620
 5306.00    1.74277   1.83690    7.620
 5307.00    1.80262   1.85708    7.620
 5308.00    1.85797   1.87390    7.620
 5309.00    1.76489   1.88684    7.620
 5310.00    1.96076   1.89461    7.620
 5311.00    1.97241   1.89929    7.620
 5312.00    1.82270   1.89994    7.620
 5313.00    1.51023   1.89775    7.620
 5314.00    1.30688   1.89355   -1.000
 5315.00    1.35235   1.88693   -1.000
 5316.00    1.37043   1.87967   -1.000
 5317.00    1.36855   1.87067   -1.000
 5318.00    1.34596   1.86074   -1.000
 5319.00    1.37912   1.84963   -1.000
 5320.00    1.51027   1.83615    7.620
 5321.00    1.60752   1.82085    7.620
 5322.00    1.63995   1.80181    7.620
 5323.00    1.65240   1.78001    7.620
 5324.00    1.61802   1.75514    7.620
 5325.00    1.62009   1.72792    7.620
 5326.00    1.60526   1.70199    7.620
 5327.00    1.47572   1.67672    7.620
 5328.00    1.45475   1.65787    7.620
 5329.00    1.50883   1.64780    7.620
 5330.00    1.50855   1.64444    7.620
 5331.00    1.43966   1.65383    7.620
 5332.00    1.46604   1.67093    7.620
 5333.00    1.56260   1.69268    7.620
 5334.00    1.56641   1.72051    7.620
 5335.00    1.53046   1.74470    7.620
 5336.00    1.49766   1.76520    7.620
 5337.00    1.52260   1.78166    7.620
 5338.00    1.53673   1.78920    7.620
 5339.00    1.54146   1.79075    7.620
 5340.00    1.53797   1.78878    7.620
 5341.00    1.54994   1.78303    7.620
 5342.00    1.52502   1.77655    7.620
 5343.00    1.62845   1.77235    7.620
 5344.00    1.71084   1.76862    7.620
 5345.00    1.58615   1.76776    7.620
 5346.00    1.60017   1.77043    7.620
 5347.00    1.65063   1.77350    7.620
 5348.00    1.63034   1.78029    7.620
 5349.00    1.55408   1.79011    7.620
 5350.00    1.71429   1.80186    7.620
 5351.00    1.66123   1.81838    7.620
 5352.00    1.61254   1.83697    7.620
 5353.00    1.61857   1.85812    7.620
 5354.00    1.76337   1.88099    7.620
 5355.00    1.78986   1.90192    7.620
 5356.00    1.82898   1.92151    7.620
 5357.00    1.85223   1.93665    7.620
 5358.00    1.85211   1.94640    7.620
 5359.00    1.78930   1.95103    7.620
 5360.00    1.80848   1.94900    7.620
 5361.00    1.82656   1.94189    7.620
 5362.00    1.83165   1.92999    7.620
 5363.00    1.80598   1.91411    7.620
 5364.00    1.84129   1.89564    7.620
 5365.00    1.70836   1.87463    7.620
 5366.00    1.59868   1.85339    7.620
 5367.00    1.54301   1.83141    7.620
 5368.00    1.64954   1.80994    7.620
 5369.00    1.71855   1.79175    7.620
 5370.00    1.73648   1.77594    7.620
 5371.00    1.70794   1.76645    7.620
 5372.00    1.61233   1.76338    7.620
 5373.00    1.71072   1.76715    7.620
 5374.00    1.77778   1.77874    7.620
 5375.00    1.82376   1.79489    7.620
 5376.00    1.85695   1.81557    7.620
 5377.00    1.93724   1.83632    7.620
 5378.00    1.80908   1.85592    7.620
 5379.00    1.76870   1.87260    7.620
 5380.00    1.75837   1.88356    7.620
 5381.00    1.75745   1.89151    7.620
 5382.00    1.72082   1.89420    7.620
 5383.00    1.77982   1.89319    7.620
 5384.00    1.73904   1.89055    7.620
 5385.00    1.63783   1.88477    7.620
 5386.00    1.68289   1.87804    7.620
 5387.00    1.59974   1.86978    7.620
 5388.00    1.58699   1.85945    7.620
 5389.00    1.60658   1.84798    7.620
 5390.00    1.65149   1.83481    7.620
 5391.00    1.78021   1.82015    7.620
 5392.00    1.73560   1.80478    7.620
 5393.00    1.66191   1.78929    7.620
 5394.00    1.59794   1.77508    7.620
 5395.00    1.68920   1.76172    7.620
 5396.00    1.72070   1.75085    7.620
 5397.00    1.79342   1.74374    7.620
 5398.00    1.79924   1.73779    7.620
 5399.00    1.66663   1.73553    7.620
 5400.00    1.65240   1.73448    7.620
 5401.00    1.67206   1.73172    7.620
 5402.00    1.65401   1.73047    7.620
 5403.00    1.60515   1.72563    7.620
 5404.00    1.53046   1.71696    7.620
 5405.00    1.56675   1.70999    7.620
 5406.00    1.54374   1.70083    7.620
 5407.00    1.58577   1.69340    7.620
 5408.00    1.75559   1.69225    7.620
 5409.00    1.64178   1.69331    7.620
 5410.00    1.59224   1.70282    7.620
 5411.00    1.57652   1.71894    7.620
 5412.00    1.58258   1.73744    7.620
 5413.00    1.58364   1.76255    7.620
 5414.00    1.65404   1.78839    7.620
 5415.00    1.60295   1.81372    7.620
 5416.00    1.56312   1.83849    7.620
 5417.00    1.58209   1.85844    7.620
 5418.00    1.79173   1.87549    7.620
 5419.00    1.74360   1.88779    7.620
 5420.00    1.71853   1.89493    7.620
 5421.00    1.70756   1.89930    7.620
 5422.00    1.69144   1.89917    7.620
 5423.00    1.72670   1.89735    7.620
 5424.00    1.73631   1.89346    7.620
 5425.00    1.73816   1.88668    7.620
 5426.00    1.73589   1.88011    7.620
 5427.00    1.76641   1.87003    7.620
 5428.00    1.61605   1.85775    7.620
 5429.00    1.57589   1.84580    7.620
 5430.00    1.61135   1.83046    7.620
 5431.00    1.69318   1.81635    7.620
 5432.00    1.65707   1.80424    7.620
 5433.00    1.66531   1.79391    7.620
 5434.00    1.68135   1.79025    7.620
 5435.00    1.69412   1.79128    7.620
 5436.00    1.58622   1.79826    7.620
 5437.00    1.56207   1.81192    7.620
 5438.00    1.61621   1.82997    7.620
 5439.00    1.69501   1.85056    7.620
 5440.00    1.71250   1.87022    7.620
 5441.00    1.74695   1.88737    7.620
 5442.00    1.78449   1.89808    7.620
 5443.00    1.82933   1.90238    7.620
 5444.00    1.87446   1.89887    7.620
 5445.00    1.75371   1.88685    7.620
 5446.00    1.67029   1.87113    7.620
 5447.00    1.65252   1.85135    7.620
 5448.00    1.67953   1.83132    7.620
 5449.00    1.74887   1.81366    7.620
 5450.00    1.74195   1.79724    7.620
 5451.00    1.67036   1.78537    7.620
 5452.00    1.65037   1.77597    7.620
 5453.00    1.70185   1.76820    7.620
 5454.00    1.70957   1.76351    7.620
 5455.00    1.67897   1.75915    7.620
 5456.00    1.67356   1.75801    7.620
 5457.00    1.65776   1.75860    7.620
 5458.00    1.57029   1.75989    7.620
 5459.00    1.79181   1.76506    7.620
 5460.00    1.84022   1.77078    7.620
 5461.00    1.82497   1.77705    7.620
 5462.00    1.75547   1.78417    7.620
 5463.00    1.59211   1.78952    7.620
 5464.00    1.60383   1.79584    7.620
 5465.00    1.66413   1.80076    7.620
 5466.00    1.69268   1.80453    7.620
 5467.00    1.56613   1.80853    7.620
 5468.00    1.59696   1.81052    7.620
 5469.00    1.59746   1.81122    7.620
 5470.00    1.62685   1.80996    7.620
 5471.00    1.68494   1.80583    7.620
 5472.00    1.69082   1.79928    7.620
 5473.00    1.70480   1.79064    7.620
 5474.00    1.72868   1.78128    7.620
 5475.00    1.72958   1.77091    7.620
 5476.00    1.65695   1.76175    7.620
 5477.00    1.65624   1.75531    7.620
 5478.00    1.64445   1.75021    7.620
 5479.00    1.62444   1.75053    7.620
 5480.00    1.60213   1.75240    7.620
 5481.00    1.62543   1.75715    7.620
 5482.00    1.55343   1.76719    7.620
 5483.00    1.54610   1.77513    7.620
 5484.00    1.56694   1.78604    7.620
 5485.00    1.59927   1.79706    7.620
 5486.00    1.69495   1.80594    7.620
 5487.00    1.75535   1.81583    7.620
 5488.00    1.75639   1.82201    7.620
 5489.00    1.70545   1.82810    7.620
 5490.00    1.66842   1.83293    7.620
 5491.00    1.72291   1.83572    7.620
 5492.00    1.70688   1.83846    7.620
 5493.00    1.67819   1.83967    7.620
 5494.00    1.67578   1.84061    7.620
 5495.00    1.78750   1.84048    7.620
 5496.00    1.74889   1.83904    7.620
 5497.00    1.69068   1.83740    7.620
 5498.00    1.64971   1.83438    7.620
 5499.00    1.81540   1.83040    7.620
 5500.00    1.72336   1.82612    7.620
 5501.00    1.65787   1.81985    7.620
 5502.00    1.63394   1.81456    7.620
 5503.00    1.68326   1.80906    7.620
 5504.00    1.69735   1.80184    7.620
 5505.00    1.69001   1.79682    7.620
 5506.00    1.65125   1.79114    7.620
 5507.00    1.60174   1.78656    7.620
 5508.00    1.64872   1.78325    7.620
 5509.00    1.66462   1.77814    7.620
 5510.00    1.73240   1.77513    7.620
 5511.00    1.75323   1.77182    7.620
 5512.00    1.64883   1.76871    7.620
 5513.00    1.63009   1.76794    7.620
 5514.00    1.65589   1.76758    7.620
 5515.00    1.72925   1.77163    7.620
 5516.00    1.78936   1.77865    7.620
 5517.00    1.53949   1.78887    7.620
 5518.00    1.71810   1.80339    7.620
 5519.00    1.81152   1.81806    7.620
 5520.00    1.86001   1.83386    7.620
 5521.00    1.86339   1.84861    7.620
 5522.00    1.71772   1.85909    7.620
 5523.00    1.73819   1.86687    7.620
 5524.00    1.72073   1.86897    7.620
 5525.00    1.67078   1.86782    7.620
 5526.00    1.60541   1.86349    7.620
 5527.00    1.64802   1.85626    7.620
 5528.00    1.68746   1.85033    7.620
 5529.00    1.73631   1.84347    7.620
 5530.00    1.80022   1.83952    7.620
 5531.00    1.76153   1.83744    7.620
 5532.00    1.74198   1.83681    7.620
 5533.00    1.69466   1.84051    7.620
 5534.00    1.63499   1.84364    7.620
 5535.00    1.60223   1.84854    7.620
 5536.00    1.70453   1.85414    7.620
 5537.00    1.75664   1.85934    7.620
 5538.00    1.77422   1.86580    7.620
 5539.00    1.75239   1.87141    7.620
 5540.00    1.78657   1.87728    7.620
 5541.00    1.70709   1.88310    7.620
 5542.00    1.68495   1.88783    7.620
 5543.00    1.71022   1.89285    7.620
 5544.00    1.78185   1.89730    7.620
 5545.00    1.87865   1.90085    7.620
 5546.00    1.81657   1.90477    7.620
 5547.00    1.78885   1.90905    7.620
 5548.00    1.85939   1.91305    7.620
 5549.00    1.64934   1.91750    7.620
 5550.00    1.59833   1.92101    7.620
 5551.00    1.65314   1.92355    7.620
 5552.00    1.73356   1.92545    7.620
 5553.00    1.65214   1.92468    7.620
 5554.00    1.57378   1.92251    7.620
 5555.00    1.58751   1.91900    7.620
 5556.00    1.66383   1.91412    7.620
 5557.00    1.79865   1.90846    7.620
 5558.00    1.78821   1.90280    7.620
 5559.00    1.60926   1.89711    7.620
 5560.00    1.57090   1.89112    7.620
 5561.00    1.63319   1.88518    7.620
 5562.00    1.78191   1.87935    7.620
 5563.00    1.81809   1.87362    7.620
 5564.00    1.70929   1.86771    7.620
 5565.00    1.64221   1.86196    7.620
 5566.00    1.66555   1.85698    7.620
 5567.00    1.70107   1.85279    7.620
 5568.00    1.67592   1.84971    7.620
 5569.00    1.66201   1.84774    7.620
 5570.00    1.64149   1.84721    7.620
 5571.00    1.57337   1.84849    7.620
 5572.00    1.52075   1.85060    7.620
 5573.00    1.64139   1.85441    7.620
 5574.00    1.73295   1.86017    7.620
 5575.00    1.75342   1.86566    7.620
 5576.00    1.79824   1.87214    7.620
 5577.00    1.70438   1.87872    7.620
 5578.00    1.71353   1.88402    7.620
 5579.00    1.74745   1.88872    7.620
 5580.00    1.69724   1.88990    7.620
 5581.00    1.73203   1.88705    7.620
 5582.00    1.74774   1.88302    7.620
 5583.00    1.69121   1.87260    7.620
 5584.00    1.56302   1.85926    7.620
 5585.00    1.57092   1.84441    7.620
 5586.00    1.62479   1.82477    7.620
 5587.00    1.68289   1.80907    7.620
 5588.00    1.72301   1.79272    7.620
 5589.00    1.70274   1.77951    7.620
 5590.00    1.66184   1.77229    7.620
 5591.00    1.66270   1.76680    7.620
 5592.00    1.66373   1.76895    7.620
 5593.00    1.66124   1.77301    7.620
 5594.00    1.68007   1.77970    7.620
 5595.00    1.56406   1.78838    7.620
 5596.00    1.60599   1.79339    7.620
 5597.00    1.69360   1.79889    7.620
 5598.00    1.72609   1.80139    7.620
 5599.00    1.77978   1.80226    7.620
 5600.00    1.77284   1.80408    7.620
 5601.00    1.85203   1.80299    7.620
 5602.00    1.98042   1.80619    7.620
 5603.00    1.57154   1.81265    7.620
 5604.00    1.67224   1.82141    7.620
 5605.00    1.71190   1.83512    7.620
 5606.00    1.71238   1.84955    7.620
 5607.00    1.67089   1.86580    7.620
 5608.00    1.73852   1.88231    7.620
 5609.00    1.75875   1.89442    7.620
 5610.00    1.75454   1.90370    7.620
 5611.00    1.73283   1.90709    7.620
 5612.00    1.73673   1.90608    7.620
 5613.00    1.69544   1.89845    7.620
 5614.00    1.73034   1.88827    7.620
 5615.00    1.78699   1.87626    7.620
 5616.00    1.83058   1.86244    7.620
 5617.00    1.81151   1.85141    7.620
 5618.00    1.79170   1.83910    7.620
 5619.00    1.72882   1.83168    7.620
 5620.00    1.64684   1.82896    7.620
 5621.00    1.72673   1.82623    7.620
 5622.00    1.71237   1.82712    7.620
 5623.00    1.69964   1.82739    7.620
 5624.00    1.68648   1.82831    7.620
 5625.00    1.67142   1.83347    7.620
 5626.00    1.71364   1.83537    7.620
 5627.00    1.69917   1.83958    7.620
 5628.00    1.78666   1.84524    7.620
 5629.00    1.93201   1.85041    7.620
 5630.00    1.84455   1.85945    7.620
 5631.00    1.79622   1.86501    7.620
 5632.00    1.83936   1.87026    7.620
 5633.00    1.85340   1.87463    7.620
 5634.00    1.74815   1.87519    7.620
 5635.00    1.74143   1.87520    7.620
 5636.00    1.74346   1.87181    7.620
 5637.00    1.72917   1.86759    7.620
 5638.00    1.69434   1.86294    7.620
 5639.00    1.60327   1.85713    7.620
 5640.00    1.65842   1.85256    7.620
 5641.00    1.67922   1.84900    7.620
 5642.00    1.67593   1.84740    7.620
 5643.00    1.64393   1.84690    7.620
 5644.00    1.82446   1.84820    7.620
 5645.00    1.76614   1.85067    7.620
 5646.00    1.69405   1.85490    7.620
 5647.00    1.65045   1.86030    7.620
 5648.00    1.80137   1.86515    7.620
 5649.00    1.79654   1.87134    7.620
 5650.00    1.77474   1.87618    7.620
 5651.00    1.77095   1.88056    7.620
 5652.00    1.80769   1.88278    7.620
 5653.00    1.62955   1.88232    7.620
 5654.00    1.73574   1.88109    7.620
 5655.00    1.76645   1.87643    7.620
 5656.00    1.75168   1.86920    7.620
 5657.00    1.81612   1.86045    7.620
 5658.00    1.75986   1.85044    7.620
 5659.00    1.85844   1.84310    7.620
 5660.00    1.91774   1.83595    7.620
 5661.00    1.84802   1.82937    7.620
 5662.00    1.80488   1.82828    7.620
 5663.00    1.69322   1.82856    7.620
 5664.00    1.70350   1.83393    7.620
 5665.00    1.76249   1.83911    7.620
 5666.00    1.64941   1.84386    7.620
 5667.00    1.78386   1.85278    7.620
 5668.00    1.85537   1.86019    7.620
 5669.00    1.90069   1.86839    7.620
 5670.00    1.92245   1.87621    7.620
 5671.00    1.94327   1.88374    7.620
 5672.00    1.82139   1.89261    7.620
 5673.00    1.78472   1.90127    7.620
 5674.00    1.79530   1.90957    7.620
 5675.00    1.76964   1.91728    7.620
 5676.00    1.74297   1.92463    7.620
 5677.00    1.80203   1.92905    7.620
 5678.00    1.80944   1.93149    7.620
 5679.00    1.71720   1.93165    7.620
 5680.00    1.65506   1.92944    7.620
 5681.00    1.82751   1.92563    7.620
 5682.00    1.78427   1.92011    7.620
 5683.00    1.65539   1.91483    7.620
 5684.00    1.69240   1.90910    7.620
 5685.00    1.80732   1.90447    7.620
 5686.00    1.79427   1.90091    7.620
 5687.00    1.77067   1.89897    7.620
 5688.00    1.76395   1.90200    7.620
 5689.00    1.76863   1.90380    7.620
 5690.00    1.87803   1.90887    7.620
 5691.00    1.82854   1.91425    7.620
 5692.00    1.73104   1.91984    7.620
 5693.00    1.77789   1.92707    7.620
 5694.00    1.77754   1.93062    7.620
 5695.00    1.85085   1.93340    7.620
 5696.00    1.83504   1.93254    7.620
 5697.00    1.69732   1.92836    7.620
 5698.00    1.77022   1.92261    7.620
 5699.00    1.85778   1.91465    7.620
 5700.00    1.87969   1.90432    7.620
 5701.00    1.87502   1.89490    7.620
 5702.00    1.89478   1.88385    7.620
 5703.00    1.83162   1.87451    7.620
 5704.00    1.69833   1.86588    7.620
 5705.00    1.65625   1.85509    7.620
 5706.00    1.73847   1.84839    7.620
 5707.00    1.80741   1.84105    7.620
 5708.00    1.86378   1.83546    7.620
 5709.00    1.86080   1.83265    7.620
 5710.00    1.81273   1.82998    7.620
 5711.00    1.70660   1.83303    7.620
 5712.00    1.64825   1.83987    7.620
 5713.00    1.74481   1.84906    7.620
 5714.00    1.80246   1.86336    7.620
 5715.00    1.79395   1.87862    7.620
 5716.00    1.82930   1.89549    7.620
 5717.00    1.84386   1.91517    7.620
 5718.00    1.87081   1.93124    7.620
 5719.00    1.89890   1.94815    7.620
 5720.00    1.91491   1.96209    7.620
 5721.00    2.00294   1.97365    7.620
 5722.00    1.95938   1.98342    7.620
 5723.00    1.92923   1.98976    7.620
 5724.00    1.92234   1.99326    7.620
 5725.00    1.81124   1.99478    7.620
 5726.00    1.99206   1.99349    7.620
 5727.00    2.03992   1.99201    7.620
 5728.00    2.03006   1.99010    7.620
 5729.00    2.00798   1.98625    7.620
 5730.00    1.91469   1.98505    7.620
 5731.00    1.91899   1.98367    7.620
 5732.00    1.92335   1.98590    7.620
 5733.00    1.91861   1.98861    7.620
 5734.00    1.91129   1.99046    7.620
 5735.00    1.81521   1.99386    7.620
 5736.00    1.78973   1.99606    7.620
 5737.00    1.83003   2.00034    7.620
 5738.00    1.97240   2.00263    7.620
 5739.00    1.98731   2.00397    7.620
 5740.00    2.00139   2.00563    7.620
 5741.00    1.97477   2.00551    7.620
 5742.00    1.91177   2.00793    7.620
 5743.00    1.85828   2.00910    7.620
 5744.00    1.82783   2.01040    7.620
 5745.00    1.88807   2.01213    7.620
 5746.00    1.95341   2.01063    7.620
 5747.00    1.95635   2.01207    7.620
 5748.00    1.95339   2.01154    7.620
 5749.00    1.92505   2.01028    7.620
 5750.00    1.87042   2.00931    7.620
 5751.00    1.81317   2.00346    7.620
 5752.00    1.90621   2.00246    7.620
 5753.00    1.94444   1.99994    7.620
 5754.00    1.88264   1.99907    7.620
 5755.00    1.82251   1.99913    7.620
 5756.00    1.83659   1.99620    7.620
 5757.00    1.80853   1.99726    7.620
 5758.00    1.76568   1.99613    7.620
 5759.00    1.78165   1.99685    7.620
 5760.00    1.84047   1.99580    7.620
 5761.00    1.84985   1.99431    7.620
 5762.00    1.86219   1.99390    7.620
 5763.00    1.82171   1.99439    7.620
 5764.00    1.80181   1.99650    7.620
 5765.00    1.85569   1.99940    7.620
 5766.00    1.90117   2.00511    7.620
 5767.00    1.86625   2.01063    7.620
 5768.00    1.88194   2.01794    7.620
 5769.00    1.92738   2.02259    7.620
 5770.00    1.89133   2.02570    7.620
 5771.00    1.92000   2.02753    7.620
 5772.00    1.96230   2.02681    7.620
 5773.00    1.97593   2.02366    7.620
 5774.00    1.92767   2.01886    7.620
 5775.00    1.93504   2.01159    7.620
 5776.00    1.94148   2.00313    7.620
 5777.00    1.95423   1.99302    7.620
 5778.00    1.96568   1.97988    7.620
 5779.00    1.94341   1.96645    7.620
 5780.00    1.82114   1.95161    7.620
 5781.00    1.88418   1.93753    7.620
 5782.00    1.94243   1.92446    7.620
 5783.00    1.91093   1.91166    7.620
 5784.00    1.82777   1.90276    7.620
 5785.00    1.83785   1.89831    7.620
 5786.00    1.90590   1.89816    7.620
 5787.00    1.96396   1.90357    7.620
 5788.00    1.76373   1.91063    7.620
 5789.00    1.93425   1.92133    7.620
 5790.00    2.00975   1.93627    7.620
 5791.00    2.04209   1.95054    7.620
 5792.00    2.03582   1.96883    7.620
 5793.00    1.89980   1.98312    7.620
 5794.00    1.92347   1.99870    7.620
 5795.00    1.94351   2.01259    7.620
 5796.00    1.94438   2.02429    7.620
 5797.00    1.86769   2.03804    7.620
 5798.00    1.91998   2.04640    7.620
 5799.00    1.96152   2.05718    7.620
 5800.00    1.96346   2.06299    7.620
 5801.00    1.90832   2.06884    7.620
 5802.00    1.93106   2.07376    7.620
 5803.00    1.94620   2.07609    7.620
 5804.00    1.97617   2.07956    7.620
 5805.00    1.98376   2.07869    7.620
 5806.00    1.85284   2.07845    7.620
 5807.00    1.84561   2.07592    7.620
 5808.00    1.88461   2.07368    7.620
 5809.00    1.89598   2.07141    7.620
 5810.00    1.85647   2.06800    7.620
 5811.00    1.89649   2.06523    7.620
 5812.00    1.99480   2.06111    7.620
 5813.00    2.00985   2.05755    7.620
 5814.00    1.98356   2.05359    7.620
 5815.00    1.98236   2.05039    7.620
 5816.00    1.89050   2.04900    7.620
 5817.00    1.89078   2.04797    7.620
 5818.00    1.95833   2.04893    7.620
 5819.00    2.09007   2.05035    7.620
 5820.00    2.12349   2.05369    7.620
 5821.00    2.13591   2.05776    7.620
 5822.00    2.03649   2.06230    7.620
 5823.00    1.90668   2.06649    7.620
 5824.00    1.87538   2.07016    7.620
 5825.00    2.11835   2.07385    7.620
 5826.00    2.21962   2.07624    7.620
 5827.00    2.18970   2.07934    7.620
 5828.00    2.01741   2.08146    7.620
 5829.00    1.75008   2.08341    7.620
 5830.00    1.83729   2.08508    7.620
 5831.00    1.98175   2.08540    7.620
 5832.00    2.09801   2.08566    7.620
 5833.00    2.02730   2.08484    7.620
 5834.00    2.04038   2.08393    7.620
 5835.00    2.07470   2.08322    7.620
 5836.00    2.03304   2.08146    7.620
 5837.00    1.91076   2.08076    7.620
 5838.00    1.99645   2.08005    7.620
 5839.00    2.04121   2.08030    7.620
 5840.00    2.01712   2.08176    7.620
 5841.00    2.00208   2.08148    7.620
 5842.00    2.11411   2.08180    7.620
 5843.00    1.95563   2.08029    7.620
 5844.00    1.88639   2.07768    7.620
 5845.00    1.92396   2.07336    7.620
 5846.00    2.05909   2.06632    7.620
 5847.00    2.05657   2.05792    7.620
 5848.00    2.05080   2.04721    7.620
 5849.00    1.95367   2.03620    7.620
 5850.00    1.85037   2.02222    7.620
 5851.00    1.83895   2.00984    7.620
 5852.00    1.89894   1.99596    7.620
 5853.00    1.95615   1.98377    7.620
 5854.00    2.00401   1.97216    7.620
 5855.00    2.02782   1.95868    7.620
 5856.00    1.89332   1.94976    7.620
 5857.00    2.08811   1.94027    7.620
 5858.00    2.05376   1.93572    7.620
 5859.00    1.95245   1.93241    7.620
 5860.00    1.90979   1.92901    7.620
 5861.00    1.88146   1.93029    7.620
 5862.00    1.83986   1.93114    7.620
 5863.00    1.83769   1.93571    7.620
 5864.00    1.87091   1.94008    7.620
 5865.00    1.85234   1.94352    7.620
 5866.00    1.87108   1.94859    7.620
 5867.00    1.87569   1.95364    7.620
 5868.00    1.90494   1.95825    0.000
 5869.00    2.00790   1.96362    0.000
 5870.00    2.01192   1.96643    0.000
 5871.00    2.04921   1.96993    0.000
 5872.00    2.03816   1.97246    0.000
 5873.00    1.99358   1.97254    0.000
 5874.00    2.07276   1.97251    0.000
 5875.00    2.15227   1.96803    0.000
 5876.00    2.12361   1.96350    0.000
 5877.00    2.13771   1.95544    0.000
 5878.00    2.33191   1.94689    0.000
 5879.00    2.34551   1.93610    0.000
 5880.00    2.43945   1.92345    0.000
 5881.00    2.31791   1.90908    0.000
 5882.00    2.02812   1.88955    0.000
 5883.00    1.88565   1.86838    0.000
 5884.00    1.88010   1.84159    0.000
 5885.00    1.69844   1.81003    0.000
 5886.00    1.54981   1.77292    0.000
 5887.00    1.59042   1.72730    0.000
 5888.00    1.68592   1.68088    0.000
 5889.00    1.59543   1.63473    0.000
 5890.00    1.51570   1.59021    0.000
 5891.00    1.46310   1.55464    0.000
 5892.00    1.46884   1.51814    0.000
 5893.00    1.65845   1.49590    0.000
 5894.00    1.63743   1.48197    0.000
 5895.00    1.59773   1.48113    0.000
 5896.00    1.63826   1.49789    0.000
 5897.00    1.57004   1.51384    0.000
 5898.00    1.72888   1.54482    0.000
 5899.00    1.71170   1.57651    0.000
 5900.00    1.58280   1.61498    0.000
 5901.00    1.64112   1.65990    0.000
 5902.00    1.66910   1.69879    0.000
 5903.00    1.77763   1.74049    0.000
 5904.00    1.88032   1.77505    0.000
 5905.00    1.92999   1.80546    0.000
 5906.00    1.83579   1.83306    0.000
 5907.00    1.99076   1.85240    7.620
 5908.00    2.02358   1.86963    7.620
 5909.00    1.97341   1.88066    7.620
 5910.00    1.98486   1.88857    7.620
 5911.00    1.87925   1.89339    7.620
 5912.00    1.85791   1.89506    7.620
 5913.00    1.93165   1.89545    7.620
 5914.00    2.13087   1.89482    7.620
 5915.00    1.91190   1.89394    7.620
 5916.00    1.89404   1.89317    7.620
 5917.00    1.96763   1.89334    7.620
 5918.00    2.05209   1.89404    7.620
 5919.00    1.88977   1.89670    7.620
 5920.00    2.04297   1.89954    7.620
 5921.00    1.99999   1.90384    7.620
 5922.00    1.86070   1.90799    7.620
 5923.00    1.64269   1.91274    7.620
 5924.00    1.82948   1.91652    7.620
 5925.00    1.94491   1.92057    7.620
 5926.00    1.98541   1.92283    7.620
 5927.00    1.95267   1.92521    7.620
 5928.00    1.80436   1.92697    7.620
 5929.00    2.02204   1.92795    7.620
 5930.00    2.02008   1.93069    7.620
 5931.00    1.97603   1.93026    7.620
 5932.00    1.93609   1.93177    7.620
 5933.00    2.09144   1.93186    7.620
 5934.00    2.04228   1.93303    7.620
 5935.00    1.95945   1.93624    7.620
 5936.00    1.90073   1.93695    7.620
 5937.00    2.02278   1.94045    7.620
 5938.00    2.06647   1.94117    7.620
 5939.00    1.98579   1.94323    7.620
 5940.00    1.90850   1.94509    7.620
 5941.00    1.87335   1.94619    7.620
 5942.00    1.98025   1.94929    7.620
 5943.00    1.92487   1.94928    7.620
 5944.00    1.96114   1.95110    7.620
 5945.00    2.02971   1.95036    7.620
 5946.00    2.03066   1.95080    7.620
 5947.00    1.99789   1.94949    7.620
 5948.00    1.99039   1.94854    7.620
 5949.00    1.97236   1.94687    7.620
 5950.00    1.93871   1.94349    7.620
 5951.00    1.97567   1.94067    7.620
 5952.00    1.93830   1.93657    7.620
 5953.00    1.95864   1.93478    7.620
 5954.00    1.99859   1.93188    7.620
 5955.00    2.00427   1.93101    7.620
 5956.00    1.86883   1.93034    7.620
 5957.00    1.93349   1.93265    7.620
 5958.00    1.99281   1.93513    7.620
 5959.00    2.00550   1.94000    7.620
 5960.00    1.94910   1.94484    7.620
 5961.00    1.87656   1.95071    7.620
 5962.00    1.88633   1.95726    7.620
 5963.00    1.93349   1.96304    7.620
 5964.00    1.97627   1.96968    7.620
 5965.00    2.03271   1.97472    7.620
 5966.00    2.15552   1.98044    7.620
 5967.00    2.22511   1.98410    7.620
 5968.00    2.21758   1.98787    7.620
 5969.00    2.16962   1.99064    7.620
 5970.00    2.27352   1.99277    7.620
 5971.00    2.15938   1.99396    7.620
 5972.00    2.03546   1.99351    7.620
 5973.00    2.17089   1.99214    7.620
 5974.00    2.03627   1.98830    7.620
 5975.00    2.01010   1.98441    7.620
 5976.00    2.00221   1.97838    7.620
 5977.00    2.00028   1.97328    7.620
 5978.00    1.97133   1.96765    7.620
 5979.00    1.98061   1.96201    7.620
 5980.00    2.01166   1.95825    7.620
 5981.00    2.03247   1.95275    7.620
 5982.00    1.99973   1.95144    7.620
 5983.00    2.05690   1.94883    7.620
 5984.00    2.00739   1.95038    7.620
 5985.00    1.96488   1.95223    7.620
 5986.00    1.94718   1.95461    7.620
 5987.00    1.99766   1.96012    7.620
 5988.00    2.09549   1.96466    7.620
 5989.00    2.05614   1.97307    7.620
 5990.00    1.98462   1.97999    7.620
 5991.00    1.96350   1.98912    7.620
 5992.00    1.89393   1.99653    7.620
 5993.00    1.92112   2.00296    7.620
 5994.00    2.01641   2.00766    7.620
 5995.00    2.13972   2.00998    7.620
 5996.00    1.99555   2.01186    7.620
 5997.00    1.99677   2.01098    7.620
 5998.00    2.09395   2.00949    7.620
 5999.00    2.12847   2.00590    7.620
 6000.00    1.93185   2.00157    7.620
 6001.00    2.00165   1.99687    7.620
 6002.00    2.08880   1.99207    7.620
 6003.00    2.13904   1.98819    7.620
 6004.00    2.14356   1.98421    7.620
 6005.00    2.06663   1.97958    7.620
 6006.00    1.97861   1.97675    7.620
 6007.00    1.97996   1.97324    7.620
 6008.00    2.02430   1.97271    7.620
 6009.00    2.10024   1.97121    7.620
 6010.00    2.03076   1.96985    7.620
 6011.00    1.99043   1.97010    7.620
 6012.00    1.93042   1.96856    7.620
 6013.00    1.88127   1.97036    7.620
 6014.00    2.03938   1.97022    7.620
 6015.00    1.98650   1.97018    7.620
 6016.00    2.04473   1.97068    7.620
 6017.00    2.12059   1.96992    7.620
 6018.00    2.16332   1.97069    7.620
 6019.00    2.06392   1.97163    7.620
 6020.00    2.02843   1.97386    7.620
 6021.00    1.96341   1.97762    7.620
 6022.00    1.89331   1.98206    7.620
 6023.00    1.94701   1.98841    7.620
 6024.00    1.93110   1.99635    7.620
 6025.00    1.99042   2.00536    7.620
 6026.00    2.03493   2.01521    7.620
 6027.00    2.01060   2.02622    7.620
 6028.00    2.19290   2.03671    7.620
 6029.00    2.28371   2.04722    7.620
 6030.00    2.32766   2.05749    7.620
 6031.00    2.30699   2.06639    7.620
 6032.00    2.10024   2.07540    7.620
 6033.00    2.04130   2.08201    7.620
 6034.00    2.01338   2.08806    7.620
 6035.00    2.05061   2.09275    7.620
 6036.00    2.18888   2.09581    7.620
 6037.00    2.21149   2.09905    7.620
 6038.00    2.24832   2.10053    7.620
 6039.00    2.21412   2.10262    7.620
 6040.00    2.16023   2.10415    7.620
 6041.00    2.26961   2.10603    7.620
 6042.00    2.25279   2.10911    7.620
 6043.00    2.14524   2.11188    7.620
 6044.00    2.05663   2.11612    7.620
 6045.00    2.03797   2.11994    7.620
 6046.00    1.99365   2.12422    7.620
 6047.00    1.96499   2.12794    7.620
 6048.00    2.07455   2.13062    7.620
 6049.00    2.24675   2.13257    7.620
 6050.00    2.29607   2.13239    7.620
 6051.00    2.38641   2.13053    7.620
 6052.00    2.35295   2.12726    7.620
 6053.00    2.32721   2.12276    7.620
 6054.00    2.35227   2.11698    7.620
 6055.00    2.03913   2.11110    7.620
 6056.00    2.10632   2.10496    7.620
 6057.00    2.10901   2.09914    7.620
 6058.00    2.04499   2.09431    7.620
 6059.00    1.85668   2.08886    7.620
 6060.00    2.00027   2.08590    7.620
 6061.00    2.10530   2.08122    7.620
 6062.00    2.12687   2.07973    7.620
 6063.00    2.03784   2.07784    7.620
 6064.00    2.06360   2.07833    7.620
 6065.00    2.02120   2.08111    7.620
 6066.00    2.08045   2.08429    7.620
 6067.00    2.17619   2.09094    7.620
 6068.00    2.18849   2.09710    7.620
 6069.00    2.11082   2.10663    7.620
 6070.00    2.07272   2.11525    7.620
 6071.00    2.06981   2.12467    7.620
 6072.00    2.10863   2.13212    7.620
 6073.00    2.24860   2.13768    7.620
 6074.00    2.37006   2.13986    7.620
 6075.00    2.35406   2.13935    7.620
 6076.00    2.31556   2.13564    7.620
 6077.00    2.47063   2.12989    7.620
 6078.00    2.17354   2.12206    7.620
 6079.00    2.17424   2.11336    7.620
 6080.00    2.23363   2.10381    7.620
 6081.00    2.30955   2.09514    7.620
 6082.00    2.40573   2.08737    7.620
 6083.00    2.26120   2.08068    7.620
 6084.00    2.13019   2.07586    7.620
 6085.00    2.03505   2.07233    7.620
 6086.00    2.03457   2.07022    7.620
 6087.00    2.17916   2.06864    7.620
 6088.00    2.21916   2.06800    7.620
 6089.00    2.27889   2.06795    7.620
 6090.00    2.36704   2.06884    7.620
 6091.00    2.28151   2.06929    7.620
 6092.00    2.02322   2.07165    7.620
 6093.00    1.99272   2.07283    7.620
 6094.00    2.08125   2.07517    7.620
 6095.00    2.21734   2.07716    7.620
 6096.00    2.04439   2.07809    7.620
 6097.00    2.16059   2.08046    7.620
 6098.00    2.26583   2.07843    7.620
 6099.00    2.29420   2.07733    7.620
 6100.00    1.96693   2.07261    7.620
 6101.00    1.99162   2.06735    7.620
 6102.00    2.09130   2.06415    7.620
 6103.00    2.16559   2.05857    7.620
 6104.00    2.07196   2.05806    7.620
 6105.00    2.10029   2.05580    7.620
 6106.00    2.06124   2.05778    7.620
 6107.00    2.03635   2.06138    7.620
 6108.00    2.03936   2.06649    7.620
 6109.00    2.10346   2.07521    7.620
 6110.00    2.01192   2.08239    7.620
 6111.00    2.01748   2.09083    7.620
 6112.00    2.07848   2.09624    7.620
 6113.00    2.18677   2.10126    7.620
 6114.00    2.18854   2.10254    7.620
 6115.00    2.18996   2.10233    7.620
 6116.00    2.18898   2.09912    7.620
 6117.00    2.18125   2.09205    7.620
 6118.00    2.12263   2.08491    7.620
 6119.00    1.98407   2.07329    7.620
 6120.00    2.29336   2.06367    7.620
 6121.00    2.55352   2.05353   -1.000
 6122.00    2.27912   2.04476    7.620
 6123.00    2.13127   2.04068    7.620
 6124.00    2.09637   2.03508    7.620
 6125.00    2.12321   2.03674    7.620
 6126.00    2.19482   2.03747    7.620
 6127.00    2.22633   2.04294    7.620
 6128.00    2.17150   2.05002    7.620
 6129.00    2.18096   2.05529    7.620
 6130.00    2.19729   2.06148    7.620
 6131.00    2.17923   2.06132    7.620
 6132.00    2.12120   2.06177    7.620
 6133.00    2.00325   2.05542    7.620
 6134.00    2.01081   2.05045    7.620
 6135.00    2.11281   2.04113    7.620
 6136.00    2.05594   2.03565    7.620
 6137.00    2.06821   2.02805    7.620
 6138.00    2.04855   2.02466    7.620
 6139.00    2.01997   2.02373    7.620
 6140.00    1.99403   2.02454    7.620
 6141.00    1.98809   2.03293    7.620
 6142.00    1.97952   2.03868    7.620
 6143.00    1.95633   2.05318    7.620
 6144.00    1.93149   2.06074    7.620
 6145.00    1.97678   2.07185    7.620
 6146.00    2.02413   2.07633    7.620
 6147.00    2.12091   2.07974    7.620
 6148.00    2.14570   2.08140    7.620
 6149.00    1.99698   2.07872    7.620
 6150.00    2.07183   2.07606    7.620
 6151.00    2.10640   2.06794    7.620
 6152.00    2.11237   2.06080    7.620
 6153.00    2.08106   2.04869    7.620
 6154.00    1.94218   2.03653    7.620
 6155.00    1.94014   2.02170    7.620
 6156.00    1.96371   2.00284    7.620
 6157.00    1.98008   1.98414    7.620
 6158.00    1.96993   1.95770    7.620
 6159.00    1.97502   1.93428    7.620
 6160.00    2.14184   1.90511    7.620
 6161.00    2.09791   1.88155    7.620
 6162.00    1.91836   1.85797    7.620
 6163.00    1.85293   1.83851    7.620
 6164.00    1.88579   1.82468    7.620
 6165.00    1.88539   1.81238    7.620
 6166.00    1.82247   1.80953    7.620
 6167.00    1.66821   1.80601    7.620
 6168.00    1.86311   1.81311    7.620
 6169.00    1.89743   1.81891    7.620
 6170.00    1.83898   1.83103    7.620
 6171.00    1.77228   1.84097    7.620
 6172.00    1.98410   1.85299    7.620
 6173.00    2.11152   1.86533    7.620
 6174.00    2.16986   1.87584    7.620
 6175.00    2.19237   1.88955    7.620
 6176.00    2.17958   1.90007    7.620
 6177.00    2.12676   1.91334    7.620
 6178.00    2.11212   1.92228    7.620
 6179.00    2.02957   1.93131    7.620
 6180.00    1.95576   1.93779    7.620
 6181.00    2.12279   1.94202    7.620
 6182.00    2.40664   1.94371   -1.000
 6183.00    2.54397   1.94223   -1.000
 6184.00    2.53036   1.93825   -1.000
 6185.00    2.33236   1.93036   -1.000
 6186.00    2.04787   1.92142    7.620
 6187.00    2.08516   1.90888    7.620
 6188.00    2.07555   1.89788    7.620
 6189.00    2.03944   1.88416    7.620
 6190.00    2.00873   1.87525    7.620
 6191.00    1.96308   1.86599    7.620
 6192.00    1.96007   1.86197    7.620
 6193.00    1.97166   1.86007    7.620
 6194.00    1.99299   1.86159    7.620
 6195.00    2.03348   1.86637    7.620
 6196.00    1.99836   1.87142    7.620
 6197.00    1.98623   1.88068    7.620
 6198.00    2.01712   1.88832    7.620
 6199.00    2.16950   1.89948    7.620
 6200.00    2.08646   1.90701    7.620
 6201.00    2.09835   1.91720    7.620
 6202.00    2.12655   1.92420    7.620
 6203.00    2.15666   1.93189    7.620
 6204.00    2.24028   1.93804    7.620
 6205.00    2.17694   1.94244    7.620
 6206.00    2.07875   1.94704    7.620
 6207.00    2.00620   1.94669    7.620
 6208.00    2.08773   1.94610    7.620
 6209.00    2.30105   1.93944    7.620
 6210.00    2.29018   1.93210    7.620
 6211.00    2.27801   1.91944    7.620
 6212.00    2.28864   1.90653    7.620
 6213.00    1.92639   1.89070    7.620
 6214.00    1.90343   1.87541    7.620
 6215.00    1.93101   1.85995    7.620
 6216.00    2.00063   1.84557    7.620
 6217.00    2.13251   1.83394    7.620
 6218.00    1.95713   1.82286    7.620
 6219.00    1.90352   1.81628    7.620
 6220.00    1.93632   1.81016    7.620
 6221.00    2.04336   1.80757    7.620
 6222.00    2.01131   1.80507    7.620
 6223.00    1.99989   1.80460    7.620
 6224.00    2.02540   1.80276    7.620
 6225.00    2.05158   1.80221    7.620
 6226.00    2.02956   1.79910    7.620
 6227.00    2.04892   1.79809    7.620
 6228.00    2.16372   1.79362    7.620
 6229.00    2.15291   1.79260    7.620
 6230.00    2.00656   1.78976    7.620
 6231.00    2.06331   1.78975    7.620
 6232.00    1.98054   1.79013    7.620
 6233.00    1.94958   1.79140    7.620
 6234.00    1.93739   1.79446    7.620
 6235.00    1.91754   1.79600    7.620
 6236.00    2.10844   1.79981    7.620
 6237.00    2.18033   1.80108    7.620
 6238.00    2.23139   1.80331   -1.000
 6239.00    2.25329   1.80252   -1.000
 6240.00    2.06638   1.80198    7.620
 6241.00    2.04623   1.79939    7.620
 6242.00    2.00278   1.79690    7.620
 6243.00    1.94834   1.79557    7.620
 6244.00    1.88833   1.79414    7.620
 6245.00    2.00360   1.79592    7.620
 6246.00    2.04355   1.79716    7.620
 6247.00    2.02253   1.80118    7.620
 6248.00    1.96064   1.80354    7.620
 6249.00    2.02295   1.80674    7.620
 6250.00    1.96625   1.80856    7.620
 6251.00    1.99354   1.80829    7.620
 6252.00    2.00714   1.80823    7.620
 6253.00    1.91516   1.80389    7.620
 6254.00    1.99692   1.80152    7.620
 6255.00    2.01977   1.79552    7.620
 6256.00    1.99067   1.79329    7.620
 6257.00    1.91864   1.79017    7.620
 6258.00    1.84214   1.79131    7.620
 6259.00    2.08261   1.79463    7.620
 6260.00    2.05924   1.80046    7.620
 6261.00    2.01068   1.80981    7.620
 6262.00    2.09858   1.81923    7.620
 6263.00    2.06157   1.83174    7.620
 6264.00    2.05658   1.84308    7.620
 6265.00    2.08624   1.85541    7.620
 6266.00    2.13649   1.86587    7.620
 6267.00    2.13598   1.87558    7.620
 6268.00    2.08105   1.88302    7.620
 6269.00    2.15888   1.88913    7.620
 6270.00    2.18665   1.89316    7.620
 6271.00    2.02563   1.89578    7.620
 6272.00    1.98911   1.89706    7.620
 6273.00    2.04298   1.89666    7.620
 6274.00    2.10288   1.89557    7.620
 6275.00    2.14075   1.89257    7.620
 6276.00    2.02561   1.88987    7.620
 6277.00    2.08587   1.88581    7.620
 6278.00    2.15776   1.88310    7.620
 6279.00    2.17576   1.88064    7.620
 6280.00    2.08188   1.88021    7.620
 6281.00    2.09132   1.88165    7.620
 6282.00    2.01398   1.88568    7.620
 6283.00    2.06948   1.89164    7.620
 6284.00    2.19357   1.90042    7.620
 6285.00    2.11578   1.90937    7.620
 6286.00    2.09463   1.92034    7.620
 6287.00    2.15358   1.92922    7.620
 6288.00    2.22427   1.93838    7.620
 6289.00    2.27706   1.94418    7.620
 6290.00    1.99827   1.94817    7.620
 6291.00    2.10191   1.94938    7.620
 6292.00    2.08896   1.94718    7.620
 6293.00    2.00824   1.94369    7.620
 6294.00    2.04112   1.93769    7.620
 6295.00    2.05506   1.93117    7.620
 6296.00    2.15579   1.92441    0.000
 6297.00    2.23517   1.91779    0.000
 6298.00    2.24114   1.91257    0.000
 6299.00    2.25102   1.90883    0.000
 6300.00    2.21126   1.90697    0.000
 6301.00    2.17058   1.90733    0.000
 6302.00    2.11751   1.90938    0.000
 6303.00    1.99312   1.91415    0.000
 6304.00    2.15229   1.91979    0.000
 6305.00    2.09068   1.92766    0.000
 6306.00    2.05670   1.93513    0.000
 6307.00    2.13865   1.94355    0.000
 6308.00    2.12237   1.95037    0.000
 6309.00    2.03911   1.95747    0.000
 6310.00    2.04326   1.96163    0.000
 6311.00    2.09208   1.96550    0.000
 6312.00    2.09517   1.96628    0.000
 6313.00    2.02239   1.96634    0.000
 6314.00    2.02769   1.96487    0.000
 6315.00    2.00286   1.96237    0.000
 6316.00    1.91488   1.96126    7.620
 6317.00    1.89477   1.95903    7.620
 6318.00    2.11298   1.96027    7.620
 6319.00    2.14743   1.96140    7.620
 6320.00    2.07702   1.96586    7.620
 6321.00    2.01857   1.97122    7.620
 6322.00    2.02975   1.97841    7.620
 6323.00    2.08250   1.98714    7.620
 6324.00    2.08512   1.99587    7.620
 6325.00    2.01456   2.00604    7.620
 6326.00    2.19063   2.01460    7.620
 6327.00    2.07298   2.02369    7.620
 6328.00    2.00992   2.03121    7.620
 6329.00    2.01732   2.03717    7.620
 6330.00    2.17987   2.04203    7.620
 6331.00    2.11111   2.04463    7.620
 6332.00    2.12158   2.04572    7.620
 6333.00    2.08486   2.04601    7.620
 6334.00    1.97918   2.04408    7.620
 6335.00    2.02572   2.04333    7.620
 6336.00    2.12758   2.03995    7.620
 6337.00    2.11171   2.03942    7.620
 6338.00    2.05128   2.03614    7.620
 6339.00    2.04113   2.03661    7.620
 6340.00    2.08057   2.03490    7.620
 6341.00    2.06810   2.03625    7.620
 6342.00    2.04247   2.03745    7.620
 6343.00    2.01413   2.03991    7.620
 6344.00    2.06240   2.04400    7.620
 6345.00    2.16822   2.04754    7.620
 6346.00    2.18792   2.05300    7.620
 6347.00    2.14290   2.05674    7.620
 6348.00    2.01747   2.06210    7.620
 6349.00    2.07079   2.06460    7.620
 6350.00    2.14169   2.06739    7.620
 6351.00    2.14095   2.06699    7.620
 6352.00    2.06770   2.06552    7.620
 6353.00    2.19433   2.06085    7.620
 6354.00    2.03041   2.05378    7.620
 6355.00    1.94663   2.04392    0.000
 6356.00    1.93017   2.03273    0.000
 6357.00    2.01131   2.01976    0.000
 6358.00    2.17326   2.00756    0.000
 6359.00    2.12935   1.99523    0.000
 6360.00    2.02758   1.98603    0.000
 6361.00    1.90776   1.97827    0.000
 6362.00    2.01227   1.97532    0.000
 6363.00    1.96725   1.97501    0.000
 6364.00    1.94496   1.98005    0.000
 6365.00    1.89656   1.98714    0.000
 6366.00    1.75041   1.99880    0.000
 6367.00    1.84198   2.01214    0.000
 6368.00    1.94736   2.02741    0.000
 6369.00    2.03639   2.04360    0.000
 6370.00    2.10760   2.05854    0.000
 6371.00    2.22962   2.07377    0.000
 6372.00    2.15491   2.08517    0.000
 6373.00    2.10681   2.09664    7.620
 6374.00    2.11080   2.10235    7.620
 6375.00    2.22287   2.10871    7.620
 6376.00    2.15243   2.10949    7.620
 6377.00    2.17140   2.11079    7.620
 6378.00    2.17707   2.10858    7.620
 6379.00    2.16061   2.10672    7.620
 6380.00    2.11405   2.10368    7.620
 6381.00    2.21934   2.10053    7.620
 6382.00    2.26801   2.09868    7.620
 6383.00    2.27701   2.09599    7.620
 6384.00    2.23706   2.09596    7.620
 6385.00    2.22454   2.09404    7.620
 6386.00    2.18324   2.09486    7.620
 6387.00    2.15564   2.09364    7.620
 6388.00    2.13627   2.09330    7.620
 6389.00    2.05666   2.09182    7.620
 6390.00    2.13030   2.08938    7.620
 6391.00    2.11223   2.08833    7.620
 6392.00    2.07708   2.08442    7.620
 6393.00    2.06806   2.08382    7.620
 6394.00    2.06947   2.08002    7.620
 6395.00    2.21279   2.07977    7.620
 6396.00    2.20665   2.07797    7.620
 6397.00    2.08751   2.07863    7.620
 6398.00    2.10522   2.08098    7.620
 6399.00    2.18014   2.08217    7.620
 6400.00    2.18418   2.08780    7.620
 6401.00    2.13112   2.08960    7.620
 6402.00    2.00487   2.09707    7.620
 6403.00    2.15753   2.09941    7.620
 6404.00    2.30255   2.10583    7.620
 6405.00    2.45099   2.10866    7.620
 6406.00    2.53789   2.11180   -1.000
 6407.00    2.22867   2.11411    7.620
 6408.00    2.34544   2.11375    7.620
 6409.00    2.26757   2.11524    7.620
 6410.00    2.21150   2.11266    7.620
 6411.00    2.29545   2.11244    7.620
 6412.00    2.11346   2.10957    7.620
 6413.00    2.17976   2.10791    7.620
 6414.00    2.16647   2.10610    7.620
 6415.00    2.10566   2.10359    7.620
 6416.00    2.13822   2.10348    7.620
 6417.00    2.25066   2.10084    7.620
 6418.00    2.33020   2.10230    7.620
 6419.00    2.31070   2.10088    7.620
 6420.00    2.13216   2.10334    7.620
 6421.00    2.68028   2.10419   -1.000
 6422.00    2.26619   2.10769    7.620
 6423.00    2.14247   2.11073    7.620
 6424.00    2.22403   2.11493    7.620
 6425.00    2.24434   2.11819    7.620
 6426.00    2.15671   2.12178    7.620
 6427.00    2.22582   2.12381    7.620
 6428.00    2.28738   2.12583    7.620
 6429.00    2.27754   2.12638    7.620
 6430.00    2.23999   2.12634    7.620
 6431.00    2.16365   2.12558    7.620
 6432.00    2.09340   2.12416    7.620
 6433.00    2.05493   2.12375    7.620
 6434.00    2.14045   2.12191    7.620
 6435.00    2.19004   2.12370    7.620
 6436.00    2.11284   2.12268    7.620
 6437.00    2.03729   2.12729    7.620
 6438.00    2.00827   2.12808    7.620
 6439.00    2.17610   2.13436    7.620
 6440.00    2.23503   2.13719    7.620
 6441.00    2.24540   2.14357    7.620
 6442.00    2.21696   2.14685    7.620
 6443.00    2.14763   2.15106    7.620
 6444.00    2.08232   2.15184    7.620
 6445.00    2.18804   2.15172    7.620
 6446.00    2.23847   2.14833    7.620
 6447.00    2.16364   2.14417    7.620
 6448.00    2.11244   2.13743    7.620
 6449.00    2.09369   2.13117    7.620
 6450.00    2.16610   2.12387    7.620
 6451.00    2.25593   2.11841    7.620
 6452.00    2.21395   2.11521    7.620
 6453.00    2.50525   2.11339    7.620
 6454.00    2.68754   2.11655   -1.000
 6455.00    2.77677   2.11839   -1.000
 6456.00    2.74354   2.12591   -1.000
 6457.00    2.14305   2.12934    7.620
 6458.00    2.16601   2.13703    7.620
 6459.00    2.28393   2.14060    7.620
 6460.00    2.46120   2.14552    7.620
 6461.00    2.68495   2.14830   -1.000
 6462.00    2.87501   2.14969   -1.000
 6463.00    2.47328   2.15198    7.620
 6464.00    2.18073   2.15181    7.620
 6465.00    2.15594   2.15468    7.620
 6466.00    2.29837   2.15530    7.620
 6467.00    2.21449   2.15867    7.620
 6468.00    2.20111   2.16065    7.620
 6469.00    2.27045   2.16344    7.620
 6470.00    2.50653   2.16586    7.620
 6471.00    2.28050   2.16732    7.620
 6472.00    2.27906   2.16910    7.620
 6473.00    2.28565   2.16933    7.620
 6474.00    2.26019   2.16915    7.620
 6475.00    2.08751   2.16823    7.620
 6476.00    2.14335   2.16561    7.620
 6477.00    2.17824   2.16379    7.620
 6478.00    2.17011   2.15916    7.620
 6479.00    2.05670   2.15651    7.620
 6480.00    2.18437   2.15079    7.620
 6481.00    2.19963   2.14733    7.620
 6482.00    2.18325   2.14142    7.620
 6483.00    2.15375   2.13705    7.620
 6484.00    2.23920   2.13163    7.620
 6485.00    2.48477   2.12629    7.620
 6486.00    2.51460   2.12062    7.620
 6487.00    2.38515   2.11314    7.620
 6488.00    2.05420   2.10471    7.620
 6489.00    2.10186   2.09362    7.620
 6490.00    2.07505   2.08044    7.620
 6491.00    2.05865   2.06560    7.620
 6492.00    2.06955   2.04866    7.620
 6493.00    2.18530   2.03229    7.620
 6494.00    2.12485   2.01556    7.620
 6495.00    2.28839   2.00192    7.620
 6496.00    2.50102   1.99124   -1.000
 6497.00    2.61445   1.98527   -1.000
 6498.00    2.24219   1.98504    7.620
 6499.00    2.26614   1.98921    7.620
 6500.00    2.18488   1.99993    7.620
 6501.00    1.99967   2.01290    7.620
 6502.00    2.11688   2.03085    7.620
 6503.00    2.08246   2.04847    7.620
 6504.00    2.05519   2.06829    7.620
 6505.00    2.06647   2.08634    7.620
 6506.00    2.16696   2.10348    7.620
 6507.00    2.27448   2.11842    7.620
 6508.00    2.39769   2.13057    7.620
 6509.00    2.45519   2.14106    7.620
 6510.00    2.44576   2.14837    7.620
 6511.00    2.41204   2.15464    7.620
 6512.00    2.26227   2.15820    7.620
 6513.00    2.18779   2.16140    7.620
 6514.00    2.15662   2.16270    7.620
 6515.00    2.16893   2.16444    7.620
 6516.00    2.25532   2.16493    7.620
 6517.00    2.19618   2.16663    7.620
 6518.00    2.18192   2.16775    7.620
 6519.00    2.24055   2.17047    7.620
 6520.00    2.51743   2.17287    7.620
 6521.00    2.73323   2.17670   -1.000
 6522.00    2.74415   2.18027   -1.000
 6523.00    2.61800   2.18437   -1.000
 6524.00    2.33495   2.18841    7.620
 6525.00    2.09806   2.19162    7.620
 6526.00    2.27695   2.19521    7.620
 6527.00    2.29009   2.19706    7.620
 6528.00    2.16341   2.19993    7.620
 6529.00    2.11557   2.20107    7.620
 6530.00    2.14674   2.20356    7.620
 6531.00    2.16967   2.20500    7.620
 6532.00    2.22644   2.20780    7.620
 6533.00    2.35241   2.21034    7.620
 6534.00    2.20040   2.21401    7.620
 6535.00    2.13091   2.21740    7.620
 6536.00    2.13511   2.22150    7.620
 6537.00    2.21479   2.22447    7.620
 6538.00    2.43517   2.22761    0.000
 6539.00    2.37884   2.22824    0.000
 6540.00    2.33017   2.22866    0.000
 6541.00    2.26211   2.22563    0.000
 6542.00    2.15819   2.22224    0.000
 6543.00    2.13920   2.21558    0.000
 6544.00    2.10548   2.20843    0.000
 6545.00    2.08481   2.19937    0.000
 6546.00    2.14212   2.18983    0.000
 6547.00    2.59593   2.17991    0.000
 6548.00    2.44804   2.16954    0.000
 6549.00    2.22283   2.15951    0.000
 6550.00    2.08913   2.14903    0.000
 6551.00    2.14853   2.13866    0.000
 6552.00    2.02671   2.12755    0.000
 6553.00    2.06181   2.11580    0.000
 6554.00    2.06214   2.10253    0.000
 6555.00    2.14685   2.08845    0.000
 6556.00    2.80767   2.07095    0.000
 6557.00    4.33843   2.05511    0.000
