 3068.00    1.53928   1.05660    3.693
 3069.00    0.80084   1.05683    3.693
 3070.00    0.40441   1.05706    3.693
 3071.00    0.67986   1.05729    3.693
 3072.00    0.90423   1.05752    3.693
 3073.00    1.16977   1.05776    3.693
 3074.00    1.17140   1.05799    3.693
 3075.00    2.79786   1.05822   -1.000
 3076.00    2.55390   1.05845   -1.000
 3077.00    1.42733   1.05868    3.693
 3078.00    0.33576   1.05891    3.693
 3079.00    0.55569   1.05909    3.693
 3080.00   -0.17734   1.05739    0.000
 3081.00    0.08924   1.05000   -1.000
 3082.00    0.96259   1.04240    3.693
 3083.00    0.95415   1.04047    3.693
 3084.00    1.37332   1.04062    3.693
 3085.00    1.13662   1.04085    3.693
 3086.00    0.81785   1.04107    3.693
 3087.00    0.52917   1.04130    3.693
 3088.00    0.61985   1.04153    3.693
 3089.00    1.09624   1.04175    3.693
 3090.00    1.00882   1.04198    3.693
 3091.00    0.87689   1.04221    3.693
 3092.00    1.32026   1.04243    3.693
 3093.00    1.08002   1.04266    3.693
 3094.00    0.71702   1.04289    3.693
 3095.00    1.15052   1.04311    3.693
 3096.00    1.16204   1.04334    3.693
 3097.00    1.16362   1.04357    3.693
 3098.00    0.79232   1.04379    3.693
 3099.00    0.94347   1.04401    3.693
 3100.00    1.13229   1.04401    3.693
 3101.00    1.06319   1.04333    3.693
 3102.00    0.75908   1.04261    3.693
 3103.00    0.74502   1.04257    3.693
 3104.00    0.32306   1.04279    3.693
 3105.00    0.65281   1.04301    3.693
 3106.00    1.24780   1.04324    3.693
 3107.00    1.27702   1.04347    3.693
 3108.00    1.16604   1.04369    3.693
 3109.00    1.01435   1.04392    3.693
 3110.00    0.67227   1.04414    3.693
 3111.00    0.54570   1.04437    3.693
 3112.00    0.15452   1.04460   -1.000
 3113.00    0.77680   1.04482    3.693
 3114.00    1.04889   1.04505    3.693
 3115.00    0.59050   1.04527    3.693
 3116.00    0.75488   1.04550    3.693
 3117.00    0.98479   1.04572    3.693
 3118.00    1.24466   1.04595    3.693
 3119.00    0.92867   1.04609    3.693
 3120.00   -0.15883   1.04369    0.000
 3121.00    1.15777   1.03350    3.693
 3122.00    0.98190   1.02286    3.693
 3123.00    0.49142   1.01996    3.693
 3124.00    0.58867   1.02006    3.693
 3125.00    0.29018   1.02028    3.693
 3126.00    0.67467   1.02050    3.693
 3127.00    0.74183   1.02072    3.693
 3128.00    0.93435   1.02094    3.693
 3129.00    1.21502   1.02115    3.693
 3130.00    0.72594   1.02137    3.693
 3131.00    1.51859   1.02159    3.693
 3132.00    1.36474   1.02181    3.693
 3133.00    0.88373   1.02203    3.693
 3134.00    1.31941   1.02225    3.693
 3135.00    1.23515   1.02247    3.693
 3136.00    0.82499   1.02269    3.693
 3137.00    1.13124   1.02291    3.693
 3138.00    0.92775   1.02313    3.693
 3139.00    0.86719   1.02332    3.693
 3140.00    1.26624   1.02260    3.693
 3141.00    1.21511   1.01911    3.693
 3142.00    0.91066   1.01544    3.693
 3143.00    0.88893   1.01451    3.693
 3144.00    1.15142   1.01468    3.693
 3145.00    1.22192   1.01490    3.693
 3146.00    1.15326   1.01512    3.693
 3147.00    0.94417   1.01533    3.693
 3148.00    0.64346   1.01555    3.693
 3149.00    0.57838   1.01577    3.693
 3150.00    0.82734   1.01598    3.693
 3151.00    0.74156   1.01620    3.693
 3152.00    0.65893   1.01642    3.693
 3153.00    0.83100   1.01664    3.693
 3154.00    0.88213   1.01685    3.693
 3155.00    0.80849   1.01707    3.693
 3156.00    0.57456   1.01729    3.693
 3157.00    0.55678   1.01750    3.693
 3158.00    0.57151   1.01772    3.693
 3159.00    0.78849   1.01792    3.693
 3160.00    0.45077   1.01751    3.693
 3161.00    0.39722   1.01523    3.693
 3162.00    0.41849   1.01281    3.693
 3163.00    0.46722   1.01224    3.693
 3164.00    0.79446   1.01243    3.693
 3165.00    0.96364   1.01264    3.693
 3166.00    0.75683   1.01286    3.693
 3167.00    1.39016   1.01307    3.693
 3168.00    1.19761   1.01329    3.693
 3169.00    0.99248   1.01350    3.693
 3170.00    1.22219   1.01372    3.693
 3171.00    1.13874   1.01393    3.693
 3172.00    0.97054   1.01415    3.693
 3173.00    1.27267   1.01436    3.693
 3174.00    0.67171   1.01458    3.693
 3175.00    1.78889   1.01479    3.693
 3176.00    1.20310   1.01501    3.693
 3177.00    0.94085   1.01522    3.693
 3178.00    1.08686   1.01544    3.693
 3179.00    1.50520   1.01553    3.693
 3180.00    0.99588   1.01217    3.693
 3181.00    0.87000   0.99816    3.693
 3182.00    0.72592   0.98318    3.693
 3183.00    0.89392   0.97878    3.693
 3184.00    0.80734   0.97879    3.693
 3185.00    0.67146   0.97899    3.693
 3186.00    0.77338   0.97920    3.693
 3187.00    0.74709   0.97941    3.693
 3188.00    0.94304   0.97961    3.693
 3189.00    1.06778   0.97982    3.693
 3190.00    0.54859   0.98003    3.693
 3191.00    0.24304   0.98023    3.693
 3192.00    0.91114   0.98044    3.693
 3193.00    1.21678   0.98065    3.693
 3194.00    1.32839   0.98085    3.693
 3195.00    0.99647   0.98106    3.693
 3196.00    1.14810   0.98127    3.693
 3197.00    0.66301   0.98147    3.693
 3198.00    0.68406   0.98168    3.693
 3199.00    0.75713   0.98191    3.693
 3200.00    1.20756   0.98290    3.693
 3201.00    1.09647   0.98622    3.693
 3202.00    1.01675   0.98978    3.693
 3203.00    0.94448   0.99102    3.693
 3204.00    0.58310   0.99128    3.693
 3205.00    0.78413   0.99149    3.693
 3206.00    1.09189   0.99169    3.693
 3207.00    0.96558   0.99190    3.693
 3208.00    0.71902   0.99211    3.693
 3209.00    0.84337   0.99232    3.693
 3210.00    1.10665   0.99253    3.693
 3211.00    1.22175   0.99273    3.693
 3212.00    0.95357   0.99294    3.693
 3213.00    0.74027   0.99315    3.693
 3214.00    0.96781   0.99336    3.693
 3215.00    1.06978   0.99357    3.693
 3216.00    0.96420   0.99377    3.693
 3217.00    0.88721   0.99398    3.693
 3218.00    0.87578   0.99419    3.693
 3219.00    0.64974   0.99428    3.693
 3220.00    1.01658   0.99117    3.693
 3221.00    1.48595   0.97815    3.693
 3222.00    1.45590   0.96402    3.693
 3223.00    1.28798   0.95971    3.693
 3224.00    1.29341   0.95971    3.693
 3225.00    0.96162   0.95991    3.693
 3226.00    0.58814   0.96011    3.693
 3227.00    0.46132   0.96031    3.693
 3228.00    0.97130   0.96051    3.693
 3229.00    1.02998   0.96071    3.693
 3230.00    0.93865   0.96091    3.693
 3231.00    1.00763   0.96111    3.693
 3232.00    1.07122   0.96131    3.693
 3233.00    0.61040   0.96151    3.693
 3234.00    1.29236   0.96171    3.693
 3235.00    1.06067   0.96191    3.693
 3236.00    0.98993   0.96211    3.693
 3237.00    0.99885   0.96231    3.693
 3238.00    1.44059   0.96251    3.693
 3239.00    1.86582   0.96281   -1.000
 3240.00    1.27977   0.96599    3.693
 3241.00    0.94640   0.97810    3.693
 3242.00    1.14999   0.99130    3.693
 3243.00    1.05953   0.99568    3.693
 3244.00    0.67623   0.99608    3.693
 3245.00    1.31803   0.99628    3.693
 3246.00    0.61426   0.99649    3.693
 3247.00    0.83506   0.99670    3.693
 3248.00    1.18656   0.99690    3.693
 3249.00    1.25647   0.99711    3.693
 3250.00    1.18797   0.99732    3.693
 3251.00    1.05070   0.99752    3.693
 3252.00    1.12414   0.99773    3.693
 3253.00    1.02109   0.99794    3.693
 3254.00    0.62728   0.99814    3.693
 3255.00    0.98776   0.99835    3.693
 3256.00    1.35446   0.99856    3.693
 3257.00    1.20958   0.99876    3.693
 3258.00    0.94263   0.99897    3.693
 3259.00    1.06980   0.99921    3.693
 3260.00    1.14012   1.00035    3.693
 3261.00    1.04193   1.00430    3.693
 3262.00    0.47827   1.00862    3.693
 3263.00    0.61831   1.01017    3.693
 3264.00    0.88032   1.01044    3.693
 3265.00    1.22142   1.01065    3.693
 3266.00    1.06237   1.01086    3.693
 3267.00    0.50717   1.01107    3.693
 3268.00    0.84234   1.01128    3.693
 3269.00    1.24855   1.01148    3.693
 3270.00    1.00126   1.01169    3.693
 3271.00    0.83342   1.01190    3.693
 3272.00    0.64864   1.01211    3.693
 3273.00    1.06415   1.01232    3.693
 3274.00    0.97163   1.01253    3.693
 3275.00    1.31096   1.01273    3.693
 3276.00    1.52678   1.01294    3.693
 3277.00    0.82108   1.01315    3.693
 3278.00    0.43687   1.01336    3.693
 3279.00    0.67531   1.01352    3.693
 3280.00    0.98108   1.01243    3.693
 3281.00    1.30388   1.00745    3.693
 3282.00    1.10084   1.00191    3.693
 3283.00    0.95352   1.00022    3.693
 3284.00    0.92223   1.00033    3.693
 3285.00    1.50229   1.00053    3.693
 3286.00    1.18090   1.00073    3.693
 3287.00    0.76515   1.00094    3.693
 3288.00    0.43628   1.00114    3.693
 3289.00    0.77996   1.00135    3.693
 3290.00    1.20778   1.00155    3.693
 3291.00    0.91414   1.00176    3.693
 3292.00    0.91552   1.00196    3.693
 3293.00    1.09921   1.00217    3.693
 3294.00    1.27530   1.00237    3.693
 3295.00    1.03785   1.00258    3.693
 3296.00    1.81409   1.00278    3.693
 3297.00    0.94255   1.00299    3.693
 3298.00    0.94255   1.00319    3.693
 3299.00    0.94255   1.00334    3.693
 3300.00    0.94255   1.00201    3.693
 3301.00    0.95086   0.99602    3.693
 3302.00    0.97907   0.98933    3.693
 3303.00    0.97907   0.98722    3.693
 3304.00    0.97907   0.98730    3.693
 3305.00    0.97907   0.98750    3.693
 3306.00    1.13317   0.98770    3.693
 3307.00    1.61724   0.98790    3.693
 3308.00    1.78908   0.98810    3.693
 3309.00    1.39873   0.98830    3.693
 3310.00    1.04743   0.98850    3.693
 3311.00    0.86674   0.98870    3.693
 3312.00    0.73192   0.98890    3.693
 3313.00    0.91514   0.98911    3.693
 3314.00    1.26658   0.98931    3.693
 3315.00    1.02782   0.98964    3.693
 3316.00    0.92451   0.99350    3.693
 3317.00    1.22021   1.00841    3.693
 3318.00    1.27732   1.02508    3.693
 3319.00    1.39171   1.03089    3.693
 3320.00    1.32762   1.03141    3.693
 3321.00    1.13058   1.03162    3.693
 3322.00    1.43726   1.03183    3.693
 3323.00    1.22103   1.03193    3.693
 3324.00    0.90553   1.03146    3.693
 3325.00    1.28858   1.03111    3.693
 3326.00    1.29650   1.03451    3.693
 3327.00    1.24842   1.03910    3.693
 3328.00    1.05948   1.04140    3.693
 3329.00    0.86114   1.04114    3.693
 3330.00    0.91840   1.04256    3.693
 3331.00    1.05018   1.04745    3.693
 3332.00    0.91659   1.05290    3.693
 3333.00    1.28347   1.05265    3.693
 3334.00    0.83000   1.04218    3.693
 3335.00    1.06261   1.02355    3.693
 3336.00    0.96921   1.00267    3.693
 3337.00    0.81198   0.98806    3.693
 3338.00    0.90846   0.98605    3.693
 3339.00    0.78569   0.98880    3.693
 3340.00    0.88613   0.99025    3.693
 3341.00    0.59717   0.99076    3.693
 3342.00    0.92689   0.99619    3.693
 3343.00    0.99408   1.00738    3.693
 3344.00    0.49861   1.02305    3.693
 3345.00    0.74230   1.03524    3.693
 3346.00    1.21184   1.04275    3.693
 3347.00    1.48010   1.04566    3.693
 3348.00    0.94243   1.03546    3.693
 3349.00    1.00249   1.00910    3.693
 3350.00    1.12129   0.98800    3.693
 3351.00    0.98876   0.98069    3.693
 3352.00    0.86788   0.98922    3.693
 3353.00    0.81684   1.00192    3.693
 3354.00    1.73317   1.00533    3.693
 3355.00    0.84554   1.00133    3.693
 3356.00    0.89039   0.99816    3.693
 3357.00    1.17510   1.00007    3.693
 3358.00    1.31571   1.00000    3.693
 3359.00    1.18279   0.98849    3.693
 3360.00    0.99402   0.96766    3.693
 3361.00    1.20481   0.94598    3.693
 3362.00    1.05617   0.93675    3.693
 3363.00    1.01860   0.94829    3.693
 3364.00    0.84346   0.97279    3.693
 3365.00    0.85523   0.99426    3.693
 3366.00    0.97699   0.99935    3.693
 3367.00    1.31632   0.98328    3.693
 3368.00    1.25191   0.95649    3.693
 3369.00    0.96246   0.93571    3.693
 3370.00    0.78133   0.93180    3.693
 3371.00    0.77266   0.93926    3.693
 3372.00    0.87942   0.93954    3.693
 3373.00    0.85696   0.93029    3.693
 3374.00    1.21548   0.92663    3.693
 3375.00    1.18330   0.94219    3.693
 3376.00    1.05257   0.97602    3.693
 3377.00    0.75079   0.99863    3.693
 3378.00    0.70916   0.99338    3.693
 3379.00    0.68945   0.97440    3.693
 3380.00    0.71311   0.95701    3.693
 3381.00    0.94292   0.95499    3.693
 3382.00    0.79826   0.96658    3.693
 3383.00    1.34746   0.98466    3.693
 3384.00    1.55553   0.99836    3.693
 3385.00    1.51331   1.00651    3.693
 3386.00    1.13282   1.01290    3.693
 3387.00    0.76311   1.01513    3.693
 3388.00    0.59434   1.01044    3.693
 3389.00    0.89571   1.00573    3.693
 3390.00    1.06622   1.00702    3.693
 3391.00    1.09707   1.01177    3.693
 3392.00    0.93459   1.01266    3.693
 3393.00    0.29570   1.00582    3.693
 3394.00    0.71067   0.99935    3.693
 3395.00    1.16657   1.00158    3.693
 3396.00    0.66345   1.01293    3.693
 3397.00    0.48412   1.02629    3.693
 3398.00    1.32189   1.03351    3.693
 3399.00    0.86056   1.03219    3.693
 3400.00    0.64438   1.02185    3.693
 3401.00    0.60939   1.00944    3.693
 3402.00    1.07178   1.00120    3.693
 3403.00    0.84827   0.99111    3.693
 3404.00    0.61585   0.98050    3.693
 3405.00    0.32994   0.97437    3.693
 3406.00    1.30731   0.97189    3.693
 3407.00    0.98248   0.96879    3.693
 3408.00    0.86986   0.96724    3.693
 3409.00    1.33889   0.96833    3.693
 3410.00    0.97268   0.97338    3.693
 3411.00    1.23266   0.98057    3.693
 3412.00    0.85280   0.98391    3.693
 3413.00    0.71993   0.98437    3.693
 3414.00    0.65156   0.98387    3.693
 3415.00    0.20444   0.98440    3.693
 3416.00    0.47257   0.98635    3.693
 3417.00    1.08829   0.99135    3.693
 3418.00    1.24709   1.00072    3.693
 3419.00    1.00388   1.01456    3.693
 3420.00    0.88904   1.02863    3.693
 3421.00    1.22662   1.03553    3.693
 3422.00    1.19348   1.03205    3.693
 3423.00    0.89226   1.02341    3.693
 3424.00    1.06500   1.01550    3.693
 3425.00    1.11042   1.01226    3.693
 3426.00    0.85183   1.01146    3.693
 3427.00    0.78372   1.01319    3.693
 3428.00    1.13630   1.02012    3.693
 3429.00    1.18285   1.03362    3.693
 3430.00    1.03788   1.04398    3.693
 3431.00    1.00019   1.04368    3.693
 3432.00    0.96032   1.03540    3.693
 3433.00    1.04212   1.02439    3.693
 3434.00    0.92805   1.01884    3.693
 3435.00    0.87185   1.02045    3.693
 3436.00    0.98811   1.02629    3.693
 3437.00    1.10793   1.02879    3.693
 3438.00    1.00798   1.02256    3.693
 3439.00    0.87748   1.00879    3.693
 3440.00    0.95347   0.98801    3.693
 3441.00    1.30233   0.96061    3.693
 3442.00    0.75609   0.93843    3.693
 3443.00    1.20034   0.93244    3.693
 3444.00    1.05525   0.94299    3.693
 3445.00    0.91739   0.95497    3.693
 3446.00    0.49762   0.96191    3.693
 3447.00    0.66444   0.96996    3.693
 3448.00    0.85926   0.98509    3.693
 3449.00    1.17592   1.00586    3.693
 3450.00    1.61991   1.01878    3.693
 3451.00    1.41031   1.01208    3.693
 3452.00    1.55682   0.99215    3.693
 3453.00    1.27194   0.97006    3.693
 3454.00    0.84975   0.95748    3.693
 3455.00    1.00000   0.95860    3.693
 3456.00    0.32531   0.96833    3.693
 3457.00    0.95595   0.97688    3.693
 3458.00    1.35555   0.97534    3.693
 3459.00    1.22525   0.96582    3.693
 3460.00    1.37764   0.95535    3.693
 3461.00    1.16056   0.94600    3.693
 3462.00    0.84921   0.94138    3.693
 3463.00    0.86981   0.94716    3.693
 3464.00    0.92809   0.96010    3.693
 3465.00    0.53514   0.97026    3.693
 3466.00    1.07826   0.97652    3.693
 3467.00    1.04515   0.97950    3.693
 3468.00    1.47256   0.98195    3.693
 3469.00    1.32778   0.98423    3.693
 3470.00    0.96435   0.98591    3.693
 3471.00    1.09834   0.98976    3.693
 3472.00    0.89104   0.99173    3.693
 3473.00    0.59588   0.98682    3.693
 3474.00    1.06404   0.97486    3.693
 3475.00    1.22018   0.95881    3.693
 3476.00    1.15635   0.94553    3.693
 3477.00    1.27121   0.94156    3.693
 3478.00    1.10098   0.94691    3.693
 3479.00    0.72275   0.95456    3.693
 3480.00    0.79261   0.96089    3.693
 3481.00    0.91283   0.96529    3.693
 3482.00    1.02881   0.96702    3.693
 3483.00    0.78901   0.96393    3.693
 3484.00    1.00573   0.95808    3.693
 3485.00    1.62343   0.95568    3.693
 3486.00    1.27675   0.96407    3.693
 3487.00    1.18845   0.98257    3.693
 3488.00    1.12109   0.99797    3.693
 3489.00    1.07287   1.00014    3.693
 3490.00    1.15009   0.98702    3.693
 3491.00    1.28042   0.97086    3.693
 3492.00    0.89733   0.96367    3.693
 3493.00    0.89783   0.96714    3.693
 3494.00    1.60963   0.97044    3.693
 3495.00    1.30775   0.96452    3.693
 3496.00    1.05738   0.95448    3.693
 3497.00    1.27523   0.94976    3.693
 3498.00    0.96856   0.95753    3.693
 3499.00    1.56337   0.97388    3.693
 3500.00    1.43146   0.98070    3.693
 3501.00    1.10986   0.97504    3.693
 3502.00    1.36186   0.97143    3.693
 3503.00    0.85695   0.97509    3.693
 3504.00    0.47977   0.98044    3.693
 3505.00    0.54733   0.97826    3.693
 3506.00    0.97833   0.96821    3.693
 3507.00    0.63866   0.95779    3.693
 3508.00    1.03131   0.95371    3.693
 3509.00    1.22912   0.95694    3.693
 3510.00    1.04209   0.96195    3.693
 3511.00    0.48661   0.96175    3.693
 3512.00    0.80410   0.95452    3.693
 3513.00    0.78976   0.94409    3.693
 3514.00    1.13311   0.93343    3.693
 3515.00    0.80165   0.93406    3.693
 3516.00    0.98804   0.94890    3.693
 3517.00    0.63549   0.96786    3.693
 3518.00    1.09703   0.98488    3.693
 3519.00    1.23675   0.99376    3.693
 3520.00    0.61286   0.99123    3.693
 3521.00    1.29949   0.97885    3.693
 3522.00    1.04822   0.96400    3.693
 3523.00    0.86541   0.95243    3.693
 3524.00    0.97462   0.94393    3.693
 3525.00    1.12403   0.93785    3.693
 3526.00    1.18493   0.93403    3.693
 3527.00    0.66052   0.93334    3.693
 3528.00    0.98658   0.94088    3.693
 3529.00    1.26965   0.95684    3.693
 3530.00    0.85682   0.97287    3.693
 3531.00    1.11065   0.98105    3.693
 3532.00    1.22595   0.98016    3.693
 3533.00    0.95365   0.97775    3.693
 3534.00    1.04489   0.98100    3.693
 3535.00    1.12357   0.98881    3.693
 3536.00    0.88941   0.99648    3.693
 3537.00    0.80173   0.99876    3.693
 3538.00    0.67527   0.99808    3.693
 3539.00    0.74362   1.00115    3.693
 3540.00    1.10693   1.00680    3.693
 3541.00    1.17683   1.00883    3.693
 3542.00    0.92710   1.00654    3.693
 3543.00    0.94945   1.00861    3.693
 3544.00    0.91082   1.01593    3.693
 3545.00    1.03791   1.02336    3.693
 3546.00    1.42029   1.02541    3.693
 3547.00    1.49569   1.02174    3.693
 3548.00    1.16108   1.01680    3.693
 3549.00    0.90811   1.01259    3.693
 3550.00    1.22025   1.01113    3.693
 3551.00    1.31383   1.01346    3.693
 3552.00    1.39574   1.01605    3.693
 3553.00    1.11900   1.01345    3.693
 3554.00    1.24701   1.00415    3.693
 3555.00    1.07447   0.99401    3.693
 3556.00    0.51882   0.99167    3.693
 3557.00    0.52087   0.99558    3.693
 3558.00    0.67423   0.99840    3.693
 3559.00    1.10891   0.99626    3.693
 3560.00    1.04675   0.99238    3.693
 3561.00    1.02382   0.99341    3.693
 3562.00    1.55229   1.00280    3.693
 3563.00    1.21686   1.01362    3.693
 3564.00    0.65763   1.01306    3.693
 3565.00    0.74975   0.99081    3.693
 3566.00    1.16657   0.95964    3.693
 3567.00    0.59580   0.93995    3.693
 3568.00    0.79897   0.93890    3.693
 3569.00    0.65327   0.94387    3.693
 3570.00    1.09887   0.93825    3.693
 3571.00    0.98014   0.92355    3.693
 3572.00    1.16504   0.91082    3.693
 3573.00    0.66583   0.90868    3.693
 3574.00    0.49266   0.91465    3.693
 3575.00    0.65554   0.92005    3.693
 3576.00    0.64601   0.92225    3.693
 3577.00    1.04540   0.92433    3.693
 3578.00    0.91416   0.92526    3.693
 3579.00    1.14628   0.92138    3.693
 3580.00    1.39869   0.91031    3.693
 3581.00    1.17783   0.89500    3.693
 3582.00    0.95586   0.88222    3.693
 3583.00    1.42309   0.87816    3.693
 3584.00    1.13205   0.88140    3.693
 3585.00    1.09210   0.88239    3.693
 3586.00    1.08732   0.87558    3.693
 3587.00    0.93822   0.86599    3.693
 3588.00    1.06871   0.86258    3.693
 3589.00    0.77473   0.87068    3.693
 3590.00    0.54593   0.88941    3.693
 3591.00    0.92737   0.91079    3.693
 3592.00    1.22373   0.92546    3.693
 3593.00    1.08375   0.93151    3.693
 3594.00    1.21526   0.93254    3.693
 3595.00    1.39588   0.93583    3.693
 3596.00    1.19965   0.94630    3.693
 3597.00    1.20920   0.95956    3.693
 3598.00    1.32694   0.97100    3.693
 3599.00    1.33034   0.97879    3.693
 3600.00    1.13202   0.98096    3.693
 3601.00    1.27953   0.97735    3.693
 3602.00    1.36056   0.96869    3.693
 3603.00    1.32315   0.95656    3.693
 3604.00    1.29704   0.94391    3.693
 3605.00    1.23500   0.93591    3.693
 3606.00    1.11006   0.93463    3.693
 3607.00    1.01298   0.93626    3.693
 3608.00    1.06205   0.93555    3.693
 3609.00    0.76731   0.93082    3.693
 3610.00    0.54180   0.92732    3.693
 3611.00    1.03500   0.93229    3.693
 3612.00    0.95443   0.94150    3.693
 3613.00    1.06638   0.94693    3.693
 3614.00    0.84502   0.94878    3.693
 3615.00    0.71488   0.95167    3.693
 3616.00    0.87821   0.95749    3.693
 3617.00    1.19805   0.95917    3.693
 3618.00    1.05228   0.94640    3.693
 3619.00    0.73848   0.92936    3.693
 3620.00    1.16154   0.92477    3.693
 3621.00    0.94698   0.93614    3.693
 3622.00    1.13748   0.95603    3.693
 3623.00    0.80029   0.97488    3.693
 3624.00    1.04717   0.98501    3.693
 3625.00    1.41012   0.99117    3.693
 3626.00    1.10954   1.00234    3.693
 3627.00    1.33604   1.01827    3.693
 3628.00    0.95643   1.03319    3.693
 3629.00    1.04128   1.03550    3.693
 3630.00    1.00497   1.01670    3.693
 3631.00    1.11184   0.98531    3.693
 3632.00    1.12074   0.95834    3.693
 3633.00    0.89695   0.94877    3.693
 3634.00    0.79560   0.95448    3.693
 3635.00    0.93086   0.96541    3.693
 3636.00    0.58441   0.96881    3.693
 3637.00    0.71050   0.96475    3.693
 3638.00    0.62803   0.96721    3.693
 3639.00    0.86683   0.97962    3.693
 3640.00    0.93113   0.99554    3.693
 3641.00    1.05924   1.00285    3.693
 3642.00    1.00278   0.99766    3.693
 3643.00    1.20567   0.98601    3.693
 3644.00    1.17820   0.97354    3.693
 3645.00    0.81639   0.96447    3.693
 3646.00    0.73912   0.95943    3.693
 3647.00    0.90252   0.95344    3.693
 3648.00    0.96982   0.94687    3.693
 3649.00    0.88444   0.94416    3.693
 3650.00    0.87369   0.94735    3.693
 3651.00    1.36931   0.95708    3.693
 3652.00    1.48726   0.97145    3.693
 3653.00    1.01954   0.98414    3.693
 3654.00    0.73176   0.99356    3.693
 3655.00    1.14904   0.99957    3.693
 3656.00    1.28789   1.00250    3.693
 3657.00    1.09091   1.00777    3.693
 3658.00    0.96475   1.01501    3.693
 3659.00    1.08169   1.01918    3.693
 3660.00    1.15034   1.01902    3.693
 3661.00    0.84269   1.01540    3.693
 3662.00    0.70887   1.00942    3.693
 3663.00    0.81952   1.00141    3.693
 3664.00    0.95218   0.99290    3.693
 3665.00    0.63993   0.98744    3.693
 3666.00    0.56525   0.98601    3.693
 3667.00    0.91099   0.98731    3.693
 3668.00    1.03104   0.98657    3.693
 3669.00    1.00023   0.98123    3.693
 3670.00    0.98464   0.97800    3.693
 3671.00    0.74434   0.98126    3.693
 3672.00    1.09622   0.98895    3.693
 3673.00    0.98404   0.99567    3.693
 3674.00    1.21044   0.99664    3.693
 3675.00    1.14573   0.99316    3.693
 3676.00    1.12063   0.98547    3.693
 3677.00    1.21416   0.97436    3.693
 3678.00    1.03082   0.96359    3.693
 3679.00    0.92622   0.95446    3.693
 3680.00    0.96908   0.94965    3.693
 3681.00    0.95167   0.95002    3.693
 3682.00    0.82438   0.95379    3.693
 3683.00    0.93387   0.95851    3.693
 3684.00    1.14044   0.96289    3.693
 3685.00    1.22170   0.96227    3.693
 3686.00    1.01904   0.94994    3.693
 3687.00    0.97660   0.93214    3.693
 3688.00    0.65097   0.92458    3.693
 3689.00    0.76043   0.93648    3.693
 3690.00    1.23096   0.95939    3.693
 3691.00    1.15204   0.97694    3.693
 3692.00    1.40906   0.98017    3.693
 3693.00    0.80927   0.97926    3.693
 3694.00    0.70511   0.98511    3.693
 3695.00    0.75916   0.99349    3.693
 3696.00    0.65423   0.99086    3.693
 3697.00    0.72994   0.97592    3.693
 3698.00    1.12599   0.96740    3.693
 3699.00    1.06838   0.98078    3.693
 3700.00    0.93340   1.01382    3.693
 3701.00    1.11027   1.04448    3.693
 3702.00    1.17806   1.04692    3.693
 3703.00    1.11631   1.00829    3.693
 3704.00    1.20150   0.94195    3.693
 3705.00    1.10582   0.88468    3.693
 3706.00    1.07814   0.86644    3.693
 3707.00    1.07344   0.88769    3.693
 3708.00    1.07956   0.92451    3.693
 3709.00    0.68248   0.95753    3.693
 3710.00    0.76576   0.96656    3.693
 3711.00    0.85559   0.94646    3.693
 3712.00    0.79352   0.91876    3.693
 3713.00    0.96520   0.91173    3.693
 3714.00    0.97436   0.93800    3.693
 3715.00    1.01962   0.98884    3.693
 3716.00    1.15293   1.04388    3.693
 3717.00    1.15655   1.08162    3.693
 3718.00    1.22667   1.09225    0.000
 3719.00    0.98342   1.06984    0.000
 3720.00    1.02081   1.00748    0.000
 3721.00    0.95206   0.92164    0.000
 3722.00    0.71202   0.85290    0.000
 3723.00    0.64831   0.83061    0.000
 3724.00    0.64831   0.86280    0.000
 3725.00    0.64831   0.93375    0.000
 3726.00    0.64831   1.00859    0.000
 3727.00    0.64831   1.05685    0.000
 3728.00    0.64831   1.08388    0.000
 3729.00    0.76164   1.10121    0.000
 3730.00    0.94474   1.10871    0.000
 3731.00    0.94474   1.09544    0.000
 3732.00    0.94474   1.04829    0.000
 3733.00    0.94474   0.96819    0.000
 3734.00    0.94474   0.87702    0.000
 3735.00    0.94474   0.80492    0.000
 3736.00    0.94816   0.77918    0.000
 3737.00    1.17838   0.81001    0.000
 3738.00    0.94217   0.88583    3.693
 3739.00    1.11861   0.97727    3.693
 3740.00    1.50259   1.06156    3.693
 3741.00    1.12653   1.12207    3.693
 3742.00    1.05929   1.15292    3.693
 3743.00    1.12653   1.15720    3.693
 3744.00    1.16370   1.14009    3.693
 3745.00    1.28091   1.11041    3.693
 3746.00    1.46776   1.07385    3.693
 3747.00    1.05862   1.02861    3.693
 3748.00    0.63770   0.96645    3.693
 3749.00    0.82967   0.88751    3.693
 3750.00    0.99182   0.81332    3.693
 3751.00    1.19174   0.78271    3.693
 3752.00    1.02950   0.81264    3.693
 3753.00    0.96752   0.88860    3.693
 3754.00    1.03045   0.98168    3.693
 3755.00    0.99195   1.06556    3.693
 3756.00    1.05625   1.12065    3.693
 3757.00    1.13457   1.14158    3.693
 3758.00    1.12243   1.13402    3.693
 3759.00    0.96347   1.11210    3.693
 3760.00    0.99621   1.09494    3.693
 3761.00    1.25264   1.09266    3.693
 3762.00    1.23613   1.10255    3.693
 3763.00    1.23613   1.11767    3.693
 3764.00    1.23613   1.12731    3.693
 3765.00    1.23613   1.12399    3.693
 3766.00    1.14100   1.10504    3.693
 3767.00    1.06044   1.07113    3.693
 3768.00    1.06044   1.02408    3.693
 3769.00    1.06044   0.96200    3.693
 3770.00    1.06044   0.89001    3.693
 3771.00    1.22775   0.83145    3.693
 3772.00    1.04624   0.81622    3.693
 3773.00    1.00121   0.85828    3.693
 3774.00    1.26882   0.93421    3.693
 3775.00    0.88960   1.00918    3.693
 3776.00    0.89446   1.06831    3.693
 3777.00    1.30475   1.11531    3.693
 3778.00    1.41998   1.15544    3.693
 3779.00    1.16929   1.19034    3.693
 3780.00    1.42561   1.22073    3.693
 3781.00    1.30999   1.24525    3.693
 3782.00    1.27191   1.26226    3.693
 3783.00    1.61091   1.27241    3.693
 3784.00    1.63956   1.27549    3.693
 3785.00    1.30917   1.27050    3.693
 3786.00    1.16689   1.25455    3.693
 3787.00    1.13999   1.23097    3.693
 3788.00    1.40022   1.20865    3.693
 3789.00    1.37052   1.19262    3.693
 3790.00    1.26627   1.18027    3.693
 3791.00    1.22057   1.16822    3.693
 3792.00    1.10919   1.15165    3.693
 3793.00    0.89875   1.12537    3.693
 3794.00    1.05209   1.08644    3.693
 3795.00    1.41123   1.03433    3.693
 3796.00    0.85811   0.96632    0.000
 3797.00    1.18715   0.88649    0.000
 3798.00    0.83719   0.80883    0.000
 3799.00    0.94820   0.76464    0.000
 3800.00    1.25890   0.78463    0.000
 3801.00    1.05347   0.86237    0.000
 3802.00    0.91879   0.96110    0.000
 3803.00    1.43523   1.05061    3.693
 3804.00    1.22434   1.11676    3.693
 3805.00    0.85101   1.15852    3.693
 3806.00    0.87194   1.18110    3.693
 3807.00    1.20764   1.19061    3.693
 3808.00    1.05769   1.19963    3.693
 3809.00    1.06185   1.21803    3.693
 3810.00    1.28710   1.24421    3.693
 3811.00    1.14885   1.27409    3.693
 3812.00    1.23327   1.29469    3.693
 3813.00    1.37742   1.28984    3.693
 3814.00    1.43339   1.26075    3.693
 3815.00    1.36926   1.22265    3.693
 3816.00    1.13366   1.19832    3.693
 3817.00    1.26435   1.19646    3.693
 3818.00    1.49112   1.20096    3.693
 3819.00    1.35760   1.19279    3.693
 3820.00    1.45862   1.16506    3.693
 3821.00    1.28404   1.13720    3.693
 3822.00    1.14109   1.13412    3.693
 3823.00    1.21798   1.15228    3.693
 3824.00    0.80982   1.16287    3.693
 3825.00    0.83309   1.14993    3.693
 3826.00    1.00056   1.12182    3.693
 3827.00    1.27748   1.09514    3.693
 3828.00    1.09547   1.07633    3.693
 3829.00    0.88209   1.06125    3.693
 3830.00    1.21918   1.04245    3.693
 3831.00    1.02985   1.01434    3.693
 3832.00    0.71813   0.97256    3.693
 3833.00    0.61674   0.91443    0.000
 3834.00    0.91084   0.84040    0.000
 3835.00    0.77610   0.76186    0.000
 3836.00    1.01267   0.71172    0.000
 3837.00    0.79440   0.70810    0.000
 3838.00    0.86099   0.74571    0.000
 3839.00    1.00900   0.80766    0.000
 3840.00    0.88225   0.88010    0.000
 3841.00    0.77604   0.95200    0.000
 3842.00    0.80793   1.02012    3.693
 3843.00    0.83593   1.08268    3.693
 3844.00    1.77346   1.13479    3.693
 3845.00    1.37028   1.17143    3.693
 3846.00    1.14053   1.19596    3.693
 3847.00    1.24025   1.21727    3.693
 3848.00    1.23540   1.23684    3.693
 3849.00    1.33463   1.24662    3.693
 3850.00    1.66064   1.24684    3.693
 3851.00    1.24240   1.24739    3.693
 3852.00    1.02514   1.25714    3.693
 3853.00    1.61961   1.27250    3.693
 3854.00    1.32319   1.27940    3.693
 3855.00    1.31149   1.27121    3.693
 3856.00    1.65652   1.25479    3.693
 3857.00    1.46499   1.24101    3.693
 3858.00    1.41886   1.23368    3.693
 3859.00    1.40139   1.22967    3.693
 3860.00    1.26257   1.22678    3.693
 3861.00    1.06093   1.23048    3.693
 3862.00    1.17524   1.24068    0.000
 3863.00    1.32167   1.25248    0.000
 3864.00    1.43478   1.25608    0.000
 3865.00    1.72786   1.25490    0.000
 3866.00    1.62130   1.25517    0.000
 3867.00    1.04421   1.25527    0.000
 3868.00    1.31570   1.25631    0.000
 3869.00    1.37161   1.25735    0.000
 3870.00    1.53641   1.25301    0.000
 3871.00    1.41527   1.23866    0.000
 3872.00    1.52923   1.21415    3.693
 3873.00    1.41951   1.19141    3.693
 3874.00    1.17186   1.18610    3.693
 3875.00    1.25194   1.20195    3.693
 3876.00    1.41671   1.22123    3.693
 3877.00    1.34611   1.22159    3.693
 3878.00    0.97996   1.20029    3.693
 3879.00    0.70897   1.17438    3.693
 3880.00    1.27853   1.15964    3.693
 3881.00    1.46831   1.15408    3.693
 3882.00    1.18739   1.14467    0.000
 3883.00    1.07350   1.12429    0.000
 3884.00    0.89577   1.09578    0.000
 3885.00    0.81415   1.06024    0.000
 3886.00    0.89837   1.00877    0.000
 3887.00    0.94232   0.93513    0.000
 3888.00    1.04932   0.84943    0.000
 3889.00    0.93960   0.77538    0.000
 3890.00    0.99261   0.74297    0.000
 3891.00    1.11407   0.76836    0.000
 3892.00    1.10111   0.84214    3.693
 3893.00    1.15118   0.93283    3.693
 3894.00    0.87477   1.00679    3.693
 3895.00    0.95419   1.05664    3.693
 3896.00    1.13420   1.09495    3.693
 3897.00    1.59198   1.13099    3.693
 3898.00    1.31035   1.16235    3.693
 3899.00    1.22251   1.18310    3.693
 3900.00    1.01588   1.19445    3.693
 3901.00    1.09618   1.20538    3.693
 3902.00    1.40843   1.22029    3.693
 3903.00    1.17791   1.23563    3.693
 3904.00    1.09213   1.24314    3.693
 3905.00    1.03107   1.23966    3.693
 3906.00    0.92287   1.23306    3.693
 3907.00    1.53907   1.23439    3.693
 3908.00    1.49628   1.25122    3.693
 3909.00    1.40881   1.28057    3.693
 3910.00    1.67257   1.30658    3.693
 3911.00    1.54909   1.32110    3.693
 3912.00    1.22995   1.32690    3.693
 3913.00    1.40269   1.32769    3.693
 3914.00    1.28512   1.32506    3.693
 3915.00    1.46584   1.32020    3.693
 3916.00    1.28456   1.31616    3.693
 3917.00    1.27883   1.31446    3.693
 3918.00    0.96464   1.31191    3.693
 3919.00    1.02104   1.30363    3.693
 3920.00    1.28254   1.29014    3.693
 3921.00    1.24390   1.27719    3.693
 3922.00    1.21983   1.27056    3.693
 3923.00    1.38265   1.27087    3.693
 3924.00    1.36752   1.27373    3.693
 3925.00    1.55448   1.27314    3.693
 3926.00    1.36728   1.26396    3.693
 3927.00    1.37216   1.24419    3.693
 3928.00    1.49187   1.21727    3.693
 3929.00    1.11621   1.18714    3.693
 3930.00    1.23797   1.15483    3.693
 3931.00    1.18348   1.11364    3.693
 3932.00    0.78236   1.05370    3.693
 3933.00    0.91060   0.97556    3.693
 3934.00    1.06394   0.90720    3.693
 3935.00    1.11856   0.88599    3.693
 3936.00    1.04466   0.92423    3.693
 3937.00    0.83511   0.99992    3.693
 3938.00    0.88146   1.08079    3.693
 3939.00    1.15706   1.14514    3.693
 3940.00    1.24301   1.19310    3.693
 3941.00    1.24135   1.22952    3.693
 3942.00    1.43618   1.25181    3.693
 3943.00    1.66161   1.25941    3.693
 3944.00    1.26720   1.25415    3.693
 3945.00    1.41119   1.24590    3.693
 3946.00    1.44329   1.24695    3.693
 3947.00    1.33917   1.25531    3.693
 3948.00    1.30332   1.26358    3.693
 3949.00    1.40099   1.26925    3.693
 3950.00    1.46290   1.27381    3.693
 3951.00    1.36992   1.27607    3.693
 3952.00    1.52248   1.27268    3.693
 3953.00    1.53573   1.26618    3.693
 3954.00    1.40486   1.26280    3.693
 3955.00    1.63625   1.26202    3.693
 3956.00    1.66541   1.25461    3.693
 3957.00    1.53690   1.23960    3.693
 3958.00    1.34625   1.22793    3.693
 3959.00    1.00910   1.22322    3.693
 3960.00    1.28785   1.21468    3.693
 3961.00    1.53261   1.18814    0.000
 3962.00    1.27346   1.14402    0.000
 3963.00    0.91584   1.09725    0.000
 3964.00    1.02420   1.05448    0.000
 3965.00    0.99031   1.01006    0.000
 3966.00    0.97078   0.95302    0.000
 3967.00    1.08218   0.87234    0.000
 3968.00    0.98251   0.77197    0.000
 3969.00    1.07142   0.67258    0.000
 3970.00    1.13536   0.60411    0.000
 3971.00    0.96236   0.59050    0.000
 3972.00    0.94125   0.63913    0.000
 3973.00    1.20099   0.73125    0.000
 3974.00    1.29340   0.83596    0.000
 3975.00    1.08798   0.93173    3.693
 3976.00    0.79418   1.00930    3.693
 3977.00    0.96339   1.06945    3.693
 3978.00    0.94440   1.11849    3.693
 3979.00    0.89485   1.16175    3.693
 3980.00    1.17901   1.19914    3.693
 3981.00    1.18384   1.22666    3.693
 3982.00    1.02609   1.24130    3.693
 3983.00    1.28318   1.24795    3.693
 3984.00    1.36173   1.25518    3.693
 3985.00    1.32550   1.26632    3.693
 3986.00    1.38512   1.27942    3.693
 3987.00    1.53580   1.29221    3.693
 3988.00    1.38441   1.30513    3.693
 3989.00    1.30800   1.31856    3.693
 3990.00    1.35875   1.32953    3.693
 3991.00    1.61622   1.33825    3.693
 3992.00    1.71230   1.34659    3.693
 3993.00    1.58786   1.35427    3.693
 3994.00    1.68135   1.35803    3.693
 3995.00    1.45546   1.35474    3.693
 3996.00    1.38128   1.34683    3.693
 3997.00    1.30091   1.33812    3.693
 3998.00    1.19605   1.33376    3.693
 3999.00    1.28162   1.33843    3.693
 4000.00    1.57357   1.34862    3.693
 4001.00    1.43744   1.35827    3.693
 4002.00    1.40953   1.36411    3.693
 4003.00    1.32427   1.36474    3.693
 4004.00    1.37777   1.35780    3.693
 4005.00    1.44435   1.34320    3.693
 4006.00    1.39976   1.32604    3.693
 4007.00    1.36335   1.32032    3.693
 4008.00    1.13258   1.33121    3.693
 4009.00    1.40719   1.34819    3.693
 4010.00    1.45393   1.36132    3.693
 4011.00    1.51616   1.36941    3.693
 4012.00    1.55258   1.37575    3.693
 4013.00    1.53915   1.38086    3.693
 4014.00    1.45188   1.38445    3.693
 4015.00    1.29677   1.38743    3.693
 4016.00    1.46070   1.39034    3.693
 4017.00    1.47243   1.39381    3.693
 4018.00    1.36189   1.39759    3.693
 4019.00    1.23687   1.40142    3.693
 4020.00    1.26698   1.40555    3.693
 4021.00    1.66410   1.40896    3.693
 4022.00    1.67618   1.40935    3.693
 4023.00    1.64055   1.40442    3.693
 4024.00    1.63939   1.38982    0.000
 4025.00    1.65093   1.36696    0.000
 4026.00    1.44983   1.34758    0.000
 4027.00    1.65359   1.34394    0.000
 4028.00    1.55885   1.35848    0.000
 4029.00    1.58464   1.37783    0.000
 4030.00    1.83631   1.38516    0.000
 4031.00    1.50712   1.37987    3.693
 4032.00    1.24979   1.37019    3.693
 4033.00    1.23956   1.36454    3.693
 4034.00    1.48065   1.36623    3.693
 4035.00    1.53674   1.37467    3.693
 4036.00    1.36998   1.38746    3.693
 4037.00    1.27164   1.40386    3.693
 4038.00    1.34472   1.42193    3.693
 4039.00    1.30078   1.43341    3.693
 4040.00    1.36527   1.43245    3.693
 4041.00    1.46891   1.42473    3.693
 4042.00    1.21859   1.41835    3.693
 4043.00    1.15209   1.41191    3.693
 4044.00    1.43619   1.39600    3.693
 4045.00    1.55238   1.36452    3.693
 4046.00    1.46288   1.33453    3.693
 4047.00    1.31309   1.32795    3.693
 4048.00    1.28640   1.34810    3.693
 4049.00    1.34579   1.38128    3.693
 4050.00    1.41656   1.40942    3.693
 4051.00    1.68347   1.42298    3.693
 4052.00    1.64735   1.42271    3.693
 4053.00    1.44699   1.41397    3.693
 4054.00    1.28381   1.40150    3.693
 4055.00    1.33998   1.39231    3.693
 4056.00    1.18268   1.38913    3.693
 4057.00    1.38478   1.38636    3.693
 4058.00    1.35116   1.38223    3.693
 4059.00    1.40202   1.38148    3.693
 4060.00    0.91770   1.38824    3.693
 4061.00    0.98263   1.39694    3.693
 4062.00    0.84778   1.39350    3.693
 4063.00    1.60254   1.37239    3.693
 4064.00    1.39636   1.34351    3.693
 4065.00    0.97072   1.32309    3.693
 4066.00    1.17428   1.31564    3.693
 4067.00    1.10094   1.31783    0.000
 4068.00    1.10822   1.32462    0.000
 4069.00    1.35059   1.33250    0.000
 4070.00    1.28267   1.33614    0.000
 4071.00    1.17537   1.32769    3.693
 4072.00    1.16155   1.31056    3.693
 4073.00    1.21223   1.29962    3.693
 4074.00    1.38981   1.30324    3.693
 4075.00    1.53987   1.31049    3.693
 4076.00    1.10508   1.30520    3.693
 4077.00    0.82213   1.28594    3.693
 4078.00    1.08622   1.26517    3.693
 4079.00    0.92630   1.25834    3.693
 4080.00    0.98184   1.27117    3.693
 4081.00    1.10869   1.29667    3.693
 4082.00    0.91108   1.31829    3.693
 4083.00    1.24107   1.32302    3.693
 4084.00    1.07890   1.31118    3.693
 4085.00    1.46307   1.29408    3.693
 4086.00    1.17710   1.28502    3.693
 4087.00    1.18090   1.28802    3.693
 4088.00    1.31511   1.29741    3.693
 4089.00    1.42707   1.30174    3.693
 4090.00    1.21775   1.29517    3.693
 4091.00    0.95964   1.28136    3.693
 4092.00    1.06717   1.26840    3.693
 4093.00    1.35791   1.25831    3.693
 4094.00    1.30404   1.24450    3.693
 4095.00    1.09617   1.22125    0.000
 4096.00    1.21352   1.18689    0.000
 4097.00    1.22025   1.14479    0.000
 4098.00    1.02449   1.09939    0.000
 4099.00    1.06198   1.04684    0.000
 4100.00    1.18319   0.97758    0.000
 4101.00    1.04794   0.89044    0.000
 4102.00    1.16279   0.80847    0.000
 4103.00    1.27413   0.77192    0.000
 4104.00    1.17605   0.80396    0.000
 4105.00    1.01923   0.88915    0.000
 4106.00    1.06847   0.98671    0.000
 4107.00    1.21756   1.06519    0.000
 4108.00    1.20890   1.11789    3.693
 4109.00    1.19635   1.15172    3.693
 4110.00    0.78599   1.17452    3.693
 4111.00    1.07442   1.19406    3.693
 4112.00    1.09421   1.21491    3.693
 4113.00    0.98757   1.23564    3.693
 4114.00    1.73057   1.25428    3.693
 4115.00    1.81141   1.27131    3.693
 4116.00    1.46891   1.28543    3.693
 4117.00    1.27381   1.29428    3.693
 4118.00    1.23260   1.29555    3.693
 4119.00    1.23154   1.29061    3.693
 4120.00    1.53635   1.28399    3.693
 4121.00    1.54068   1.28080    3.693
 4122.00    1.20523   1.28486    3.693
 4123.00    1.11658   1.29441    3.693
 4124.00    1.34278   1.30635    3.693
 4125.00    1.46823   1.31810    3.693
 4126.00    1.27408   1.32558    3.693
 4127.00    1.80890   1.32338    3.693
 4128.00    1.05103   1.31287    3.693
 4129.00    1.25607   1.30346    3.693
 4130.00    1.16067   1.30039    3.693
 4131.00    1.54628   1.29927    3.693
 4132.00    1.64017   1.29432    3.693
 4133.00    1.38151   1.28761    3.693
 4134.00    1.04609   1.28688    3.693
 4135.00    1.30154   1.29832    3.693
 4136.00    1.47039   1.31879    3.693
 4137.00    1.43789   1.34112    3.693
 4138.00    1.48169   1.35905    3.693
 4139.00    1.93058   1.37098    3.693
 4140.00    1.78698   1.37661    3.693
 4141.00    1.59620   1.37298    3.693
 4142.00    1.54138   1.35608    3.693
 4143.00    1.52911   1.32755    3.693
 4144.00    1.17817   1.29904    3.693
 4145.00    1.17055   1.28651    3.693
 4146.00    1.44454   1.29821    3.693
 4147.00    1.69578   1.32356    3.693
 4148.00    1.62656   1.34383    3.693
 4149.00    1.46033   1.35070    3.693
 4150.00    1.27053   1.35017    3.693
 4151.00    1.32510   1.35107    3.693
 4152.00    1.38304   1.35348    3.693
 4153.00    1.50095   1.35202    3.693
 4154.00    1.56211   1.34451    3.693
 4155.00    1.42170   1.33537    3.693
 4156.00    1.26559   1.33118    3.693
 4157.00    1.33238   1.33434    3.693
 4158.00    1.28328   1.34282    3.693
 4159.00    1.20038   1.35364    3.693
 4160.00    1.18947   1.36299    3.693
 4161.00    1.20771   1.36829    3.693
 4162.00    1.35586   1.37066    3.693
 4163.00    1.38120   1.37336    3.693
 4164.00    1.37831   1.37826    3.693
 4165.00    1.51290   1.38326    3.693
 4166.00    1.29574   1.38386    3.693
 4167.00    1.33427   1.37691    3.693
 4168.00    1.19388   1.36481    3.693
 4169.00    1.22748   1.35570    3.693
 4170.00    1.25904   1.35181    3.693
 4171.00    1.28295   1.34398    3.693
 4172.00    1.24778   1.32526    3.693
 4173.00    1.22085   1.30112    3.693
 4174.00    1.12155   1.28760    3.693
 4175.00    1.03843   1.29344    3.693
 4176.00    1.37663   1.30984    3.693
 4177.00    1.27086   1.32189    3.693
 4178.00    1.20320   1.32419    3.693
 4179.00    1.25342   1.32444    3.693
 4180.00    1.10513   1.32996    3.693
 4181.00    1.22040   1.33742    3.693
 4182.00    1.21756   1.34097    3.693
 4183.00    1.54021   1.34062    3.693
 4184.00    1.14957   1.34165    3.693
 4185.00    1.06064   1.34616    3.693
 4186.00    1.43172   1.34761    3.693
 4187.00    1.20496   1.34168    3.693
 4188.00    1.16152   1.33169    3.693
 4189.00    1.36210   1.32465    3.693
 4190.00    1.35873   1.32415    3.693
 4191.00    1.37954   1.32771    3.693
 4192.00    1.43196   1.33356    3.693
 4193.00    1.26305   1.34138    3.693
 4194.00    1.21685   1.34743    3.693
 4195.00    1.15132   1.34626    3.693
 4196.00    1.31505   1.33556    3.693
 4197.00    1.59999   1.31728    3.693
 4198.00    1.38765   1.29720    3.693
 4199.00    1.41137   1.28027    3.693
 4200.00    1.25681   1.26883    3.693
 4201.00    1.07681   1.26490    3.693
 4202.00    1.07691   1.26849    3.693
 4203.00    1.07800   1.27716    3.693
 4204.00    1.24134   1.28938    3.693
 4205.00    1.29525   1.30424    3.693
 4206.00    1.31458   1.31950    3.693
 4207.00    1.47870   1.33367    3.693
 4208.00    1.45243   1.34453    3.693
 4209.00    1.56236   1.34903    3.693
 4210.00    1.58797   1.34763    3.693
 4211.00    1.43806   1.34507    3.693
 4212.00    1.25504   1.34692    3.693
 4213.00    1.16305   1.35248    3.693
 4214.00    1.23995   1.35310    3.693
 4215.00    1.30844   1.34152    3.693
 4216.00    1.27779   1.32256    3.693
 4217.00    1.14057   1.30877    3.693
 4218.00    1.25260   1.30987    3.693
 4219.00    1.46079   1.32514    3.693
 4220.00    1.46416   1.34201    3.693
 4221.00    1.34342   1.35108    3.693
 4222.00    1.25606   1.35176    3.693
 4223.00    1.31515   1.34339    3.693
 4224.00    1.26816   1.32262    3.693
 4225.00    1.23448   1.28963    3.693
 4226.00    1.32614   1.25082    3.693
 4227.00    1.24653   1.21908    3.693
 4228.00    1.16935   1.21174    3.693
 4229.00    1.32416   1.23701    3.693
 4230.00    1.21961   1.28021    3.693
 4231.00    1.11449   1.31618    3.693
 4232.00    1.20729   1.32941    3.693
 4233.00    1.24031   1.32073    3.693
 4234.00    1.33636   1.30375    3.693
 4235.00    1.30451   1.29145    3.693
 4236.00    1.50401   1.28755    3.693
 4237.00    1.26109   1.28828    3.693
 4238.00    1.61228   1.29072    3.693
 4239.00    1.40013   1.29623    3.693
 4240.00    1.41465   1.30494    3.693
 4241.00    1.09640   1.31316    3.693
 4242.00    1.06185   1.31807    3.693
 4243.00    1.49650   1.32122    3.693
 4244.00    1.32759   1.32576    3.693
 4245.00    1.06207   1.33065    3.693
 4246.00    1.17199   1.33040    3.693
 4247.00    1.33183   1.31996    3.693
 4248.00    1.14616   1.30297    3.693
 4249.00    1.10359   1.28930    3.693
 4250.00    1.35896   1.28422    3.693
 4251.00    1.07480   1.28762    3.693
 4252.00    0.94056   1.29598    3.693
 4253.00    0.99366   1.30379    3.693
 4254.00    1.35433   1.30456    3.693
 4255.00    1.36630   1.29739    3.693
 4256.00    1.04214   1.29270    3.693
 4257.00    1.05463   1.29721    3.693
 4258.00    1.20063   1.30308    3.693
 4259.00    1.29677   1.29794    3.693
 4260.00    1.32003   1.28082    3.693
 4261.00    1.35103   1.26522    3.693
 4262.00    1.36926   1.26577    3.693
 4263.00    1.18477   1.28502    3.693
 4264.00    1.02948   1.31027    3.693
 4265.00    1.04499   1.32823    3.693
 4266.00    1.15371   1.33415    3.693
 4267.00    1.26831   1.32938    3.693
 4268.00    1.38913   1.31915    3.693
 4269.00    1.41819   1.30536    3.693
 4270.00    1.40111   1.28643    3.693
 4271.00    1.48161   1.26358    3.693
 4272.00    1.31117   1.24063    3.693
 4273.00    1.15552   1.22460    3.693
 4274.00    1.08038   1.22218    3.693
 4275.00    1.09247   1.23158    3.693
 4276.00    1.23151   1.24765    3.693
 4277.00    1.21638   1.26967    3.693
 4278.00    1.16614   1.29342    3.693
 4279.00    1.15544   1.30715    3.693
 4280.00    1.20869   1.30507    3.693
 4281.00    1.20956   1.29470    3.693
 4282.00    1.18510   1.28658    3.693
 4283.00    0.60540   1.28511    3.693
 4284.00    0.94626   1.28609    3.693
 4285.00    0.82735   1.28297    3.693
 4286.00    0.84291   1.27604    3.693
 4287.00    0.73731   1.26687    3.693
 4288.00    0.99033   1.25541    3.693
 4289.00    2.04646   1.23958    3.693
 4290.00    1.77464   1.21877    3.693
 4291.00    1.28179   1.20292    3.693
 4292.00    1.20530   1.20383    3.693
 4293.00    1.18227   1.21861    3.693
 4294.00    1.39685   1.23347    3.693
 4295.00    1.25932   1.23751    3.693
 4296.00    1.05528   1.23059    3.693
 4297.00    1.23198   1.21803    3.693
 4298.00    1.08714   1.20121    3.693
 4299.00    0.96483   1.17804    3.693
 4300.00    1.06376   1.15209    3.693
 4301.00    1.04179   1.13208    3.693
 4302.00    0.93184   1.12324    3.693
 4303.00    0.98272   1.12562    3.693
 4304.00    0.48474   1.13552    3.693
 4305.00    0.82389   1.14826    3.693
 4306.00    1.50290   1.15757    3.693
 4307.00    1.37373   1.15583    3.693
 4308.00    2.09191   1.14212   -1.000
 4309.00    1.54380   1.12661    3.693
 4310.00    1.09049   1.12311    3.693
 4311.00    0.95391   1.13535    3.693
 4312.00    1.09161   1.15312    3.693
 4313.00    1.11813   1.16658    3.693
 4314.00    1.10153   1.17798    3.693
 4315.00    1.18248   1.19517    3.693
 4316.00    1.14873   1.22397    3.693
 4317.00    1.17683   1.25949    3.693
 4318.00    1.41026   1.28845    3.693
 4319.00    1.38967   1.30257    3.693
 4320.00    1.08694   1.30102    3.693
 4321.00    1.24970   1.28937    3.693
 4322.00    1.23578   1.27128    3.693
 4323.00    1.14848   1.24615    3.693
 4324.00    1.33317   1.21496    3.693
 4325.00    1.23765   1.18196    3.693
 4326.00    0.94461   1.15699    3.693
 4327.00    0.91284   1.15228    3.693
 4328.00    0.90069   1.17188    3.693
 4329.00    0.82175   1.20089    3.693
 4330.00    0.45527   1.21883    3.693
 4331.00    0.76189   1.22026    3.693
 4332.00    1.39862   1.21174    0.000
 4333.00    1.14326   1.20230    0.000
 4334.00    0.90268   1.19228    0.000
 4335.00    1.10586   1.17532    0.000
 4336.00    1.02658   1.14455    0.000
 4337.00    0.94726   1.09274    0.000
 4338.00    1.10470   1.01713    0.000
 4339.00    1.08601   0.92456    0.000
 4340.00    1.41310   0.83402    0.000
 4341.00    1.39816   0.77435    0.000
 4342.00    1.30204   0.77014    0.000
 4343.00    1.13137   0.82415    0.000
 4344.00    1.43243   0.91154    0.000
 4345.00    1.43770   0.99610    0.000
 4346.00    0.82709   1.06039    0.000
 4347.00    1.30342   1.10813    3.693
 4348.00    1.07059   1.14514    3.693
 4349.00    1.07310   1.17334    3.693
 4350.00    1.04243   1.18848    3.693
 4351.00    1.24617   1.18531    3.693
 4352.00    1.32598   1.17060    3.693
 4353.00    1.17081   1.16196    3.693
 4354.00    1.36591   1.17235    3.693
 4355.00    0.75907   1.19862    3.693
 4356.00    1.06804   1.22641    3.693
 4357.00    1.35752   1.24580    3.693
 4358.00    1.16405   1.25644    3.693
 4359.00    1.16953   1.26076    3.693
 4360.00    1.44059   1.26213    3.693
 4361.00    1.88383   1.26634    3.693
 4362.00    1.78800   1.27621    3.693
 4363.00    0.98404   1.28736    3.693
 4364.00    0.95193   1.29709    3.693
 4365.00    1.07920   1.30601    3.693
 4366.00    1.01394   1.31027    3.693
 4367.00    1.24464   1.30426    3.693
 4368.00    1.49415   1.28913    3.693
 4369.00    1.11445   1.27259    3.693
 4370.00    0.98800   1.26041    3.693
 4371.00    1.19963   1.25301    3.693
 4372.00    1.24398   1.24851    3.693
 4373.00    1.20463   1.24303    3.693
 4374.00    1.19311   1.23266    3.693
 4375.00    1.24733   1.21936    3.693
 4376.00    1.36585   1.21151    3.693
 4377.00    1.19408   1.21698    3.693
 4378.00    1.22452   1.23380    3.693
 4379.00    1.36785   1.25222    3.693
 4380.00    1.03756   1.26305    3.693
 4381.00    1.04693   1.26098    3.693
 4382.00    1.13308   1.24203    3.693
 4383.00    1.05314   1.20623    3.693
 4384.00    1.05348   1.16343    3.693
 4385.00    1.06729   1.13481    3.693
 4386.00    0.93389   1.13667    3.693
 4387.00    1.10909   1.16034    3.693
 4388.00    1.23104   1.18419    3.693
 4389.00    1.21284   1.19736    3.693
 4390.00    1.09170   1.20368    3.693
 4391.00    1.13067   1.20984    3.693
 4392.00    1.19156   1.21872    3.693
 4393.00    0.94552   1.22850    3.693
 4394.00    1.20459   1.23290    3.693
 4395.00    1.25594   1.22860    3.693
 4396.00    1.15340   1.22430    3.693
 4397.00    1.12447   1.23114    3.693
 4398.00    1.38527   1.24571    3.693
 4399.00    1.30287   1.25359    3.693
 4400.00    1.46967   1.24786    3.693
 4401.00    1.41900   1.23593    3.693
 4402.00    1.24894   1.22924    3.693
 4403.00    1.54473   1.22900    3.693
 4404.00    0.79696   1.22571    3.693
 4405.00    1.07785   1.21516    3.693
 4406.00    1.18084   1.20577    3.693
 4407.00    1.24990   1.20656    3.693
 4408.00    1.18859   1.21534    3.693
 4409.00    1.04472   1.22459    3.693
 4410.00    1.11336   1.23467    3.693
 4411.00    1.27670   1.25044    3.693
 4412.00    1.21138   1.26774    3.693
 4413.00    1.08479   1.27605    3.693
 4414.00    1.23113   1.26904    3.693
 4415.00    1.51294   1.24768    3.693
 4416.00    1.33465   1.22147    3.693
 4417.00    1.14406   1.20570    3.693
 4418.00    1.32419   1.20925    3.693
 4419.00    1.33128   1.22774    3.693
 4420.00    1.19600   1.25194    3.693
 4421.00    1.24445   1.27077    3.693
 4422.00    1.34418   1.27554    3.693
 4423.00    0.98404   1.26926    3.693
 4424.00    1.09610   1.26124    3.693
 4425.00    1.63019   1.25687    3.693
 4426.00    1.26711   1.25514    3.693
 4427.00    1.19725   1.25296    3.693
 4428.00    1.03733   1.25158    3.693
 4429.00    1.02199   1.25355    3.693
 4430.00    0.95594   1.25718    3.693
 4431.00    1.09037   1.26006    3.693
 4432.00    1.20034   1.26116    3.693
 4433.00    1.10124   1.25919    3.693
 4434.00    0.96140   1.25205    3.693
 4435.00    1.08812   1.23928    3.693
 4436.00    1.17261   1.22797    3.693
 4437.00    1.01792   1.22960    3.693
 4438.00    1.03999   1.24704    3.693
 4439.00    1.24751   1.27051    3.693
 4440.00    1.43770   1.28650    3.693
 4441.00    1.28281   1.28672    3.693
 4442.00    1.09852   1.27054    3.693
 4443.00    1.05035   1.24777    3.693
 4444.00    1.06457   1.23393    3.693
 4445.00    1.18582   1.23836    3.693
 4446.00    1.23390   1.25701    3.693
 4447.00    1.09579   1.27631    3.693
 4448.00    1.28545   1.28599    3.693
 4449.00    1.63909   1.28726    3.693
 4450.00    1.36096   1.28625    3.693
 4451.00    1.93763   1.28462    3.693
 4452.00    1.43926   1.28194    3.693
 4453.00    0.90959   1.27767    3.693
 4454.00    0.30111   1.26745   -1.000
 4455.00    0.11239   1.24989   -1.000
 4456.00    1.14979   1.23277    3.693
 4457.00    1.43682   1.22554    3.693
 4458.00    0.91110   1.23040    3.693
 4459.00    1.27327   1.24110    3.693
 4460.00    1.22797   1.25116    3.693
 4461.00    1.49566   1.25794    3.693
 4462.00    1.09119   1.26063    3.693
 4463.00    1.06090   1.25964    3.693
 4464.00    1.00480   1.25885    3.693
 4465.00    1.24928   1.26231    3.693
 4466.00    0.88564   1.26636    3.693
 4467.00    1.06250   1.26402    3.693
 4468.00    1.02456   1.25428    3.693
 4469.00    1.28907   1.24117    0.000
 4470.00    1.29644   1.22973    0.000
 4471.00    1.69769   1.22438    0.000
 4472.00    1.68019   1.22747    0.000
 4473.00    1.31804   1.24001    0.000
 4474.00    1.27770   1.26035    0.000
 4475.00    1.21082   1.28154    0.000
 4476.00    1.33786   1.29575    3.693
 4477.00    1.52890   1.30131    3.693
 4478.00    1.68237   1.30228    3.693
 4479.00    2.17129   1.29797   -1.000
 4480.00    2.56683   1.28104   -1.000
 4481.00    2.14625   1.25131   -1.000
 4482.00    1.30629   1.22336    3.693
 4483.00    0.41793   1.21571   -1.000
 4484.00    0.64794   1.23277    3.693
 4485.00    1.19371   1.26382    3.693
 4486.00    1.27429   1.29341    3.693
 4487.00    1.28604   1.30936    3.693
 4488.00    1.55848   1.30791    3.693
 4489.00    1.67320   1.29374    3.693
 4490.00    1.56070   1.27669    3.693
 4491.00    1.37369   1.26700    3.693
 4492.00    1.06848   1.26880    3.693
 4493.00    1.18743   1.27753    3.693
 4494.00    1.58387   1.28516    3.693
 4495.00    1.84091   1.28613    3.693
 4496.00    1.84994   1.28298    3.693
 4497.00    2.06570   1.28263    3.693
 4498.00    2.14405   1.28644   -1.000
 4499.00    0.99006   1.28998    3.693
 4500.00    0.30583   1.28917   -1.000
 4501.00    1.26259   1.28346    3.693
 4502.00    1.61987   1.27703    3.693
 4503.00    1.60448   1.27794    3.693
 4504.00    1.10626   1.28927    3.693
 4505.00    1.26668   1.30498    3.693
 4506.00    1.55501   1.31588    3.693
 4507.00    1.75467   1.31732    3.693
 4508.00    1.54756   1.31124    3.693
 4509.00    1.33087   1.30313    3.693
 4510.00    1.34032   1.29921    3.693
