 2372.00    1.98688   1.85371    2.524
 2373.00    4.55512   1.85305   -1.000
 2374.00    2.10158   1.85328    2.524
 2375.00    0.32188   1.85375   -1.000
 2376.00    1.04268   1.85422    2.524
 2377.00    1.20073   1.85434    2.524
 2378.00    1.15895   1.85211    2.524
 2379.00    1.22480   1.84245    2.524
 2380.00    1.38297   1.82181    2.524
 2381.00    1.42172   1.79667    2.524
 2382.00    1.45578   1.77883    2.524
 2383.00    1.79862   1.77165    2.524
 2384.00    1.90026   1.77030    2.524
 2385.00    1.82743   1.77054    2.524
 2386.00    1.58791   1.77102    2.524
 2387.00    0.85605   1.77172    2.524
 2388.00    0.95014   1.77370    2.524
 2389.00    1.05010   1.77965    2.524
 2390.00    2.17374   1.79149    2.524
 2391.00    2.60444   1.80574    2.524
 2392.00    3.28293   1.81610   -1.000
 2393.00    3.13412   1.82075   -1.000
 2394.00    2.42508   1.82225    2.524
 2395.00    2.00587   1.82288    2.524
 2396.00    1.46688   1.82337    2.524
 2397.00    1.87087   1.82369    2.524
 2398.00    2.06491   1.82297    2.524
 2399.00    1.91013   1.81903    2.524
 2400.00    1.87967   1.81037    2.524
 2401.00    1.79136   1.79976    2.524
 2402.00    1.67341   1.79227    2.524
 2403.00    1.48903   1.78937    2.524
 2404.00    1.53855   1.78903    2.524
 2405.00    1.56786   1.78941    2.524
 2406.00    1.07080   1.78988    2.524
 2407.00    1.08611   1.79035    2.524
 2408.00    1.87527   1.79073    2.524
 2409.00    2.00109   1.79083    2.524
 2410.00    2.24234   1.79053    2.524
 2411.00    2.45979   1.79006    2.524
 2412.00    2.61673   1.78985    2.524
 2413.00    1.68270   1.79004    2.524
 2414.00    1.49006   1.79045    2.524
 2415.00    1.72102   1.79093    2.524
 2416.00    1.84873   1.79142    2.524
 2417.00    2.15368   1.79196    2.524
 2418.00    2.24575   1.79281    2.524
 2419.00    2.32635   1.79462    2.524
 2420.00    2.18515   1.79781    2.524
 2421.00    2.14422   1.80157    2.524
 2422.00    2.23526   1.80443    2.524
 2423.00    2.17621   1.80594    2.524
 2424.00    1.99697   1.80668    2.524
 2425.00    1.63676   1.80720    2.524
 2426.00    1.25557   1.80767    2.524
 2427.00    1.42929   1.80789    2.524
 2428.00    1.49548   1.80666    2.524
 2429.00    1.82315   1.80106    2.524
 2430.00    1.74597   1.78910    2.524
 2431.00    1.38702   1.77448    2.524
 2432.00    1.61564   1.76400    2.524
 2433.00    1.90841   1.75975    2.524
 2434.00    1.30807   1.75904    2.524
 2435.00    1.02133   1.75935    2.524
 2436.00    2.20148   1.75982    2.524
 2437.00    2.13782   1.76037    2.524
 2438.00    1.17934   1.76137    2.524
 2439.00    1.09827   1.76370    2.524
 2440.00    0.97205   1.76796    2.524
 2441.00    1.71055   1.77302    2.524
 2442.00    2.14540   1.77684    2.524
 2443.00    1.28951   1.77876    2.524
 2444.00    1.22691   1.77961    2.524
 2445.00    1.80154   1.78014    2.524
 2446.00    1.78892   1.78060    2.524
 2447.00    1.76484   1.78091    2.524
 2448.00    1.78554   1.78032    2.524
 2449.00    1.80041   1.77710    2.524
 2450.00    1.83165   1.77005    2.524
 2451.00    1.85573   1.76139    2.524
 2452.00    2.13522   1.75519    2.524
 2453.00    2.08331   1.75276    2.524
 2454.00    1.96009   1.75249    2.524
 2455.00    1.46618   1.75285    2.524
 2456.00    1.03633   1.75330    2.524
 2457.00    2.04881   1.75365    2.524
 2458.00    2.34120   1.75344    2.524
 2459.00    1.84036   1.75157    2.524
 2460.00    1.77537   1.74729    2.524
 2461.00    1.57938   1.74199    2.524
 2462.00    1.96691   1.73823    2.524
 2463.00    2.37464   1.73684    2.524
 2464.00    1.65414   1.73683    2.524
 2465.00    1.38132   1.73722    2.524
 2466.00    1.38047   1.73766    2.524
 2467.00    1.40932   1.73795    2.524
 2468.00    1.52366   1.73738    2.524
 2469.00    1.56245   1.73433    2.524
 2470.00    1.61182   1.72767    2.524
 2471.00    1.62405   1.71950    2.524
 2472.00    1.62986   1.71361    2.524
 2473.00    1.90038   1.71127    2.524
 2474.00    1.86568   1.71100    2.524
 2475.00    1.53958   1.71134    2.524
 2476.00    1.71250   1.71179    2.524
 2477.00    1.98006   1.71221    2.524
 2478.00    2.02717   1.71251    2.524
 2479.00    2.05477   1.71242    2.524
 2480.00    1.30635   1.71178    2.524
 2481.00    1.30996   1.71091    2.524
 2482.00    2.28520   1.71039    2.524
 2483.00    2.11882   1.71041    2.524
 2484.00    1.80323   1.71075    2.524
 2485.00    1.75522   1.71118    2.524
 2486.00    1.72091   1.71151    2.524
 2487.00    1.36260   1.71080    2.524
 2488.00    1.27983   1.70456    2.524
 2489.00    1.20410   1.68243    2.524
 2490.00    1.45452   1.63757    2.524
 2491.00    2.04483   1.58295    2.524
 2492.00    1.86240   1.54267    2.524
 2493.00    1.70425   1.52496    2.524
 2494.00    1.84634   1.52060    2.524
 2495.00    1.88426   1.52028    2.524
 2496.00    1.59460   1.52072    2.524
 2497.00    1.74537   1.52211    2.524
 2498.00    2.19711   1.52821    2.524
 2499.00    1.90094   1.54763    2.524
 2500.00    1.59055   1.58609    2.524
 2501.00    1.48288   1.63277    2.524
 2502.00    1.44236   1.66749    2.524
 2503.00    1.43108   1.68328    2.524
 2504.00    1.43447   1.68779    2.524
 2505.00    1.44941   1.68880    2.524
 2506.00    1.33558   1.68875    2.524
 2507.00    1.19125   1.68612    2.524
 2508.00    1.82254   1.67635    2.524
 2509.00    2.12071   1.65644    2.524
 2510.00    1.58042   1.63212    2.524
 2511.00    1.39383   1.61415    2.524
 2512.00    0.64446   1.60635    2.524
 2513.00    1.13944   1.60505    2.524
 2514.00    1.90218   1.60765    2.524
 2515.00    1.63132   1.61545    2.524
 2516.00    1.47350   1.62823    2.524
 2517.00    1.35985   1.64033    2.524
 2518.00    1.41557   1.64694    2.524
 2519.00    2.01493   1.64895    2.524
 2520.00    2.03522   1.64821    2.524
 2521.00    2.07354   1.64436    2.524
 2522.00    1.78322   1.63762    2.524
 2523.00    1.57681   1.63126    2.524
 2524.00    0.81577   1.62805    2.524
 2525.00    0.71363   1.62739    2.524
 2526.00    1.66850   1.62763    2.524
 2527.00    1.59074   1.62799    2.524
 2528.00    1.40830   1.62818    2.524
 2529.00    1.48723   1.62785    2.524
 2530.00    1.55525   1.62677    2.524
 2531.00    2.36610   1.62537    2.524
 2532.00    2.58640   1.62443    2.524
 2533.00    1.47096   1.62423    2.524
 2534.00    1.50681   1.62448    2.524
 2535.00    1.61351   1.62487    2.524
 2536.00    1.31737   1.62528    2.524
 2537.00    1.00882   1.62554    2.524
 2538.00    1.32586   1.62511    2.524
 2539.00    1.44444   1.62275    2.524
 2540.00    1.68057   1.61770    2.524
 2541.00    1.75803   1.61145    2.524
 2542.00    2.02747   1.60687    2.524
 2543.00    2.16379   1.60500    2.524
 2544.00    2.33561   1.60479    2.524
 2545.00    2.11420   1.60511    2.524
 2546.00    2.01021   1.60553    2.524
 2547.00    2.74447   1.60602    2.524
 2548.00    2.79119   1.60686   -1.000
 2549.00    2.69183   1.60862    2.524
 2550.00    2.07265   1.61169    2.524
 2551.00    1.12436   1.61533    2.524
 2552.00    1.38802   1.61818    2.524
 2553.00    1.54085   1.61971    2.524
 2554.00    1.46656   1.62044    2.524
 2555.00    1.45812   1.62090    2.524
 2556.00    1.47889   1.62131    2.524
 2557.00    1.59689   1.62157    2.524
 2558.00    1.81831   1.62118    2.524
 2559.00    1.98525   1.61900    2.524
 2560.00    2.10334   1.61432    2.524
 2561.00    2.24375   1.60854    2.524
 2562.00    2.19093   1.60428    2.524
 2563.00    0.93756   1.60253    2.524
 2564.00    1.28844   1.60234    2.524
 2565.00    2.10602   1.60266    2.524
 2566.00    2.11771   1.60307    2.524
 2567.00    2.12775   1.60356    2.524
 2568.00    2.25128   1.60436    2.524
 2569.00    2.27372   1.60600    2.524
 2570.00    1.38988   1.60881    2.524
 2571.00    1.40019   1.61214    2.524
 2572.00    1.43070   1.61477    2.524
 2573.00    1.49343   1.61621    2.524
 2574.00    1.55853   1.61691    2.524
 2575.00    1.34316   1.61738    2.524
 2576.00    1.26310   1.61778    2.524
 2577.00    1.32747   1.61809    2.524
 2578.00    1.32395   1.61798    2.524
 2579.00    1.30192   1.61674    2.524
 2580.00    0.90616   1.61393    2.524
 2581.00    0.40927   1.61042   -1.000
 2582.00    0.72942   1.60785    2.524
 2583.00    0.87895   1.60687    2.524
 2584.00    1.44682   1.60689    2.524
 2585.00    1.57137   1.60723    2.524
 2586.00    1.97182   1.60761    2.524
 2587.00    1.70793   1.60783    2.524
 2588.00    1.30544   1.60725    2.524
 2589.00    1.84435   1.60455    2.524
 2590.00    2.15509   1.59894    2.524
 2591.00    1.13554   1.59202    2.524
 2592.00    1.07830   1.58684    2.524
 2593.00    1.81553   1.58462    2.524
 2594.00    1.58927   1.58428    2.524
 2595.00    1.16655   1.58456    2.524
 2596.00    0.82854   1.58493    2.524
 2597.00    0.59064   1.58515    2.524
 2598.00    1.04792   1.58463    2.524
 2599.00    1.18870   1.58217    2.524
 2600.00    1.83934   1.57704    2.524
 2601.00    1.73882   1.57070    2.524
 2602.00    1.50569   1.56595    2.524
 2603.00    1.55917   1.56391    2.524
 2604.00    1.60481   1.56362    2.524
 2605.00    2.34503   1.56390    2.524
 2606.00    2.54837   1.56426    2.524
 2607.00    2.02057   1.56447    2.524
 2608.00    1.94192   1.56392    2.524
 2609.00    1.71080   1.56142    2.524
 2610.00    1.93509   1.55622    2.524
 2611.00    2.16650   1.54979    2.524
 2612.00    1.75315   1.54494    2.524
 2613.00    1.60045   1.54285    2.524
 2614.00    1.18947   1.54254    2.524
 2615.00    1.11646   1.54281    2.524
 2616.00    0.88776   1.54319    2.524
 2617.00    1.26015   1.54359    2.524
 2618.00    1.72493   1.54402    2.524
 2619.00    1.70706   1.54454    2.524
 2620.00    1.69876   1.54517    2.524
 2621.00    1.54737   1.54586    2.524
 2622.00    1.63395   1.54648    2.524
 2623.00    2.15998   1.54698    2.524
 2624.00    1.99227   1.54740    2.524
 2625.00    1.73803   1.54779    2.524
 2626.00    2.22396   1.54818    2.524
 2627.00    2.50268   1.54857    2.524
 2628.00    1.87329   1.54892    2.524
 2629.00    1.76872   1.54921    2.524
 2630.00    1.66191   1.54940    2.524
 2631.00    1.57968   1.54954    2.524
 2632.00    1.42704   1.54975    2.524
 2633.00    1.35030   1.55005    2.524
 2634.00    1.29657   1.55041    2.524
 2635.00    1.59739   1.55080    2.524
 2636.00    1.63190   1.55120    2.524
 2637.00    1.21414   1.55173    2.524
 2638.00    1.34325   1.55276    2.524
 2639.00    1.64060   1.55509    2.524
 2640.00    1.79027   1.55918    2.524
 2641.00    1.91750   1.56408    2.524
 2642.00    1.39743   1.56797    2.524
 2643.00    1.25860   1.57003    2.524
 2644.00    1.76959   1.57090    2.524
 2645.00    1.75513   1.57139    2.524
 2646.00    1.71292   1.57179    2.524
 2647.00    1.48146   1.57215    2.524
 2648.00    1.24359   1.57240    2.524
 2649.00    1.82620   1.57234    2.524
 2650.00    2.04011   1.57189    2.524
 2651.00    1.57297   1.57124    2.524
 2652.00    1.57163   1.57083    2.524
 2653.00    1.62214   1.57084    2.524
 2654.00    1.69659   1.57112    2.524
 2655.00    1.78914   1.57149    2.524
 2656.00    1.62264   1.57182    2.524
 2657.00    1.54574   1.57177    2.524
 2658.00    1.52940   1.57005    2.524
 2659.00    1.47073   1.56418    2.524
 2660.00    1.17082   1.55272    2.524
 2661.00    1.15379   1.53861    2.524
 2662.00    1.12809   1.52771    2.524
 2663.00    1.71391   1.52267    2.524
 2664.00    2.04815   1.52146    2.524
 2665.00    1.94372   1.52153    2.524
 2666.00    1.89921   1.52186    2.524
 2667.00    1.66702   1.52218    2.524
 2668.00    1.51475   1.52227    2.524
 2669.00    1.23330   1.52181    2.524
 2670.00    1.39749   1.52061    2.524
 2671.00    1.51189   1.51905    2.524
 2672.00    1.63914   1.51792    2.524
 2673.00    1.67156   1.51757    2.524
 2674.00    1.75568   1.51773    2.524
 2675.00    1.78030   1.51807    2.524
 2676.00    1.83673   1.51843    2.524
 2677.00    1.88081   1.51879    2.524
 2678.00    1.91806   1.51906    2.524
 2679.00    1.15839   1.51913    2.524
 2680.00    0.95110   1.51893    2.524
 2681.00    1.31182   1.51860    2.524
 2682.00    1.27349   1.51843    2.524
 2683.00    1.16229   1.51854    2.524
 2684.00    0.92236   1.51883    2.524
 2685.00    0.67722   1.51919    2.524
 2686.00    1.22524   1.51952    2.524
 2687.00    1.42521   1.51957    2.524
 2688.00    1.81021   1.51842    2.524
 2689.00    1.80954   1.51437    2.524
 2690.00    1.76301   1.50646    2.524
 2691.00    1.27706   1.49666    2.524
 2692.00    0.67652   1.48908    2.524
 2693.00    1.14269   1.48561    2.524
 2694.00    1.35677   1.48480    2.524
 2695.00    1.82166   1.48493    2.524
 2696.00    1.72433   1.48526    2.524
 2697.00    1.01921   1.48562    2.524
 2698.00    1.23584   1.48598    2.524
 2699.00    1.56092   1.48632    2.524
 2700.00    1.80136   1.48664    2.524
 2701.00    1.93782   1.48694    2.524
 2702.00    1.86143   1.48726    2.524
 2703.00    1.76876   1.48760    2.524
 2704.00    1.13429   1.48796    2.524
 2705.00    1.11955   1.48832    2.524
 2706.00    1.09248   1.48864    2.524
 2707.00    1.42503   1.48869    2.524
 2708.00    1.65557   1.48760    2.524
 2709.00    1.50400   1.48381    2.524
 2710.00    1.46459   1.47643    2.524
 2711.00    1.35205   1.46727    2.524
 2712.00    1.42105   1.46016    2.524
 2713.00    1.57815   1.45690    2.524
 2714.00    1.28823   1.45612    2.524
 2715.00    1.04443   1.45624    2.524
 2716.00    1.49855   1.45655    2.524
 2717.00    1.62644   1.45676    2.524
 2718.00    1.66336   1.45649    2.524
 2719.00    1.62401   1.45507    2.524
 2720.00    1.51059   1.45212    2.524
 2721.00    1.55245   1.44840    2.524
 2722.00    1.59506   1.44556    2.524
 2723.00    1.22780   1.44436    2.524
 2724.00    1.09463   1.44421    2.524
 2725.00    1.75252   1.44446    2.524
 2726.00    1.57886   1.44479    2.524
 2727.00    0.85563   1.44505    2.524
 2728.00    0.80073   1.44500    2.524
 2729.00    0.73316   1.44422    2.524
 2730.00    1.47749   1.44247    2.524
 2731.00    1.81736   1.44023    2.524
 2732.00    1.85195   1.43855    2.524
 2733.00    1.89087   1.43791    2.524
 2734.00    2.07647   1.43794    2.524
 2735.00    2.00256   1.43822    2.524
 2736.00    1.89210   1.43851    2.524
 2737.00    2.00159   1.43849    2.524
 2738.00    2.06340   1.43720    2.524
 2739.00    1.43370   1.43295    2.524
 2740.00    1.42234   1.42484    2.524
 2741.00    2.00908   1.41472    2.524
 2742.00    1.93381   1.40683    2.524
 2743.00    1.79615   1.40316    2.524
 2744.00    1.33286   1.40219    2.524
 2745.00    1.01329   1.40224    2.524
 2746.00    1.50059   1.40253    2.524
 2747.00    1.56885   1.40278    2.524
 2748.00    1.13802   1.40270    2.524
 2749.00    1.16095   1.40189    2.524
 2750.00    1.21291   1.40012    2.524
 2751.00    1.49403   1.39784    2.524
 2752.00    1.72926   1.39612    2.524
 2753.00    1.91977   1.39545    2.524
 2754.00    1.97473   1.39545    2.524
 2755.00    2.07365   1.39572    2.524
 2756.00    1.91478   1.39605    2.524
 2757.00    1.45976   1.39643    2.524
 2758.00    1.43717   1.39696    2.524
 2759.00    1.41432   1.39781    2.524
 2760.00    1.54506   1.39909    2.524
 2761.00    1.59217   1.40060    2.524
 2762.00    1.09651   1.40186    2.524
 2763.00    1.21312   1.40265    2.524
 2764.00    1.69907   1.40314    2.524
 2765.00    1.76842   1.40351    2.524
 2766.00    1.85329   1.40387    2.524
 2767.00    1.63984   1.40429    2.524
 2768.00    1.54293   1.40498    2.524
 2769.00    1.46160   1.40630    2.524
 2770.00    1.48191   1.40842    2.524
 2771.00    1.61862   1.41096    2.524
 2772.00    1.37095   1.41305    2.524
 2773.00    1.00304   1.41424    2.524
 2774.00    1.14245   1.41488    2.524
 2775.00    1.22073   1.41528    2.524
 2776.00    1.65688   1.41559    2.524
 2777.00    1.77298   1.41566    2.524
 2778.00    2.19482   1.41485    2.524
 2779.00    2.10931   1.41202    2.524
 2780.00    1.95392   1.40663    2.524
 2781.00    1.70152   1.39983    2.524
 2782.00    1.52831   1.39452    2.524
 2783.00    1.21107   1.39209    2.524
 2784.00    1.19368   1.39147    2.524
 2785.00    1.82578   1.39157    2.524
 2786.00    1.54510   1.39175    2.524
 2787.00    0.91336   1.39113    2.524
 2788.00    0.85130   1.38741    2.524
 2789.00    0.79962   1.37675    2.524
 2790.00    1.16067   1.35720    2.524
 2791.00    1.26523   1.33276    2.524
 2792.00    1.48375   1.31347    2.524
 2793.00    1.24655   1.30414    2.524
 2794.00    0.57148   1.30109    2.524
 2795.00    0.73759   1.30063    2.524
 2796.00    0.90502   1.30088    2.524
 2797.00    0.74348   1.30145    2.524
 2798.00    0.68564   1.30295    2.524
 2799.00    0.86034   1.30644    2.524
 2800.00    0.93271   1.31249    2.524
 2801.00    1.18381   1.31996    2.524
 2802.00    1.20858   1.32594    2.524
 2803.00    1.23876   1.32906    2.524
 2804.00    1.39144   1.33036    2.524
 2805.00    1.46036   1.33091    2.524
 2806.00    1.22765   1.33132    2.524
 2807.00    1.12823   1.33212    2.524
 2808.00    0.71836   1.33445    2.524
 2809.00    0.76747   1.34017    2.524
 2810.00    0.84013   1.35018    2.524
 2811.00    1.25979   1.36259    2.524
 2812.00    1.49421   1.37251    2.524
 2813.00    1.23731   1.37760    2.524
 2814.00    1.25913   1.37962    2.524
 2815.00    1.68470   1.38034    2.524
 2816.00    1.54281   1.38071    2.524
 2817.00    1.28607   1.38094    2.524
 2818.00    1.50307   1.38083    2.524
 2819.00    1.65124   1.37999    2.524
 2820.00    1.49550   1.37822    2.524
 2821.00    1.45706   1.37594    2.524
 2822.00    1.36346   1.37420    2.524
 2823.00    1.23387   1.37349    2.524
 2824.00    0.94352   1.37345    2.524
 2825.00    1.48387   1.37368    2.524
 2826.00    1.93159   1.37394    2.524
 2827.00    1.73219   1.37391    2.524
 2828.00    1.69362   1.37275    2.524
 2829.00    2.37464   1.36915    2.524
 2830.00    2.15357   1.36244    2.524
 2831.00    1.52838   1.35402    2.524
 2832.00    1.61718   1.34738    2.524
 2833.00    1.70615   1.34421    2.524
 2834.00    1.24348   1.34326    2.524
 2835.00    1.07885   1.34328    2.524
 2836.00    0.73668   1.34352    2.524
 2837.00    0.73993   1.34360    2.524
 2838.00    0.78335   1.34296    2.524
 2839.00    1.07227   1.34075    2.524
 2840.00    1.42235   1.33656    2.524
 2841.00    1.82988   1.33126    2.524
 2842.00    2.01282   1.32711    2.524
 2843.00    1.35638   1.32517    2.524
 2844.00    1.35001   1.32466    2.524
 2845.00    1.57223   1.32477    2.524
 2846.00    1.35211   1.32503    2.524
 2847.00    1.02844   1.32517    2.524
 2848.00    1.31596   1.32478    2.524
 2849.00    1.47572   1.32324    2.524
 2850.00    1.80086   1.32026    2.524
 2851.00    1.81726   1.31648    2.524
 2852.00    1.61337   1.31353    2.524
 2853.00    1.50767   1.31219    2.524
 2854.00    1.31763   1.31189    2.524
 2855.00    1.07196   1.31205    2.524
 2856.00    0.90505   1.31235    2.524
 2857.00    0.88911   1.31277    2.524
 2858.00    0.95377   1.31353    2.524
 2859.00    1.83109   1.31503    2.524
 2860.00    1.95359   1.31745    2.524
 2861.00    2.22617   1.32038    2.524
 2862.00    1.78151   1.32278    2.524
 2863.00    1.41489   1.32415    2.524
 2864.00    0.85146   1.32486    2.524
 2865.00    0.72453   1.32526    2.524
 2866.00    1.77738   1.32557    2.524
 2867.00    1.97671   1.32579    2.524
 2868.00    2.53618   1.32570   -1.000
 2869.00    2.00598   1.32499    2.524
 2870.00    1.47681   1.32348    2.524
 2871.00    1.45529   1.32154    2.524
 2872.00    1.44768   1.32005    2.524
 2873.00    1.98815   1.31944    2.524
 2874.00    1.93134   1.31940    2.524
 2875.00    1.67773   1.31962    2.524
 2876.00    1.31396   1.31991    2.524
 2877.00    0.87493   1.32017    2.524
 2878.00    1.34312   1.32027    2.524
 2879.00    1.55208   1.32005    2.524
 2880.00    1.00543   1.31943    2.524
 2881.00    0.86922   1.31858    2.524
 2882.00    0.39846   1.31796    2.524
 2883.00    0.58180   1.31780    2.524
 2884.00    0.85031   1.31792    2.524
 2885.00    0.82225   1.31818    2.524
 2886.00    0.80674   1.31848    2.524
 2887.00    1.29210   1.31875    2.524
 2888.00    1.41920   1.31891    2.524
 2889.00    1.87498   1.31883    2.524
 2890.00    1.61058   1.31848    2.524
 2891.00    1.13725   1.31796    2.524
 2892.00    1.20890   1.31760    2.524
 2893.00    1.25733   1.31757    2.524
 2894.00    0.92272   1.31774    2.524
 2895.00    0.89041   1.31802    2.524
 2896.00    1.32003   1.31832    2.524
 2897.00    1.38305   1.31862    2.524
 2898.00    1.52264   1.31893    2.524
 2899.00    1.52993   1.31929    2.524
 2900.00    1.53592   1.31993    2.524
 2901.00    1.49353   1.32147    2.524
 2902.00    1.48869   1.32453    2.524
 2903.00    1.73937   1.32909    2.524
 2904.00    1.80215   1.33380    2.524
 2905.00    1.97745   1.33665    2.524
 2906.00    1.76303   1.33805    2.524
 2907.00    1.55029   1.33866    2.524
 2908.00    1.86383   1.33901    2.524
 2909.00    1.97400   1.33933    2.524
 2910.00    1.57424   1.33963    2.524
 2911.00    1.64328   1.33994    2.524
 2912.00    1.92595   1.34025    2.524
 2913.00    1.33599   1.34056    2.524
 2914.00    0.62815   1.34087    2.524
 2915.00    1.05203   1.34117    2.524
 2916.00    1.24014   1.34141    2.524
 2917.00    1.45892   1.34129    2.524
 2918.00    1.41607   1.33987    2.524
 2919.00    1.12506   1.33582    2.524
 2920.00    1.12506   1.32852    2.524
 2921.00    1.12506   1.31942    2.524
 2922.00    1.12506   1.31217    2.524
 2923.00    1.12506   1.30849    2.524
 2924.00    1.12590   1.30723    2.524
 2925.00    1.47022   1.30714    2.524
 2926.00    1.47022   1.30739    2.524
 2927.00    1.47022   1.30768    2.524
 2928.00    1.47022   1.30798    2.524
 2929.00    1.47022   1.30828    2.524
 2930.00    1.47022   1.30858    2.524
 2931.00    1.14953   1.30888    2.524
 2932.00    1.11788   1.30918    2.524
 2933.00    1.50812   1.30948    2.524
 2934.00    1.70427   1.30978    2.524
 2935.00    2.13578   1.31007    2.524
 2936.00    1.29841   1.31030    2.524
 2937.00    0.61477   1.31020    2.524
 2938.00    1.09247   1.30890    2.524
 2939.00    1.23181   1.30520    2.524
 2940.00    1.63965   1.29855    2.524
 2941.00    1.56190   1.29028    2.524
 2942.00    1.34641   1.28368    2.524
 2943.00    1.35433   1.28029    2.524
 2944.00    1.36215   1.27912    2.524
 2945.00    1.06867   1.27905    2.524
 2946.00    0.96620   1.27929    2.524
 2947.00    1.06608   1.27957    2.524
 2948.00    1.11301   1.27986    2.524
 2949.00    1.27427   1.28015    2.524
 2950.00    1.01283   1.28045    2.524
 2951.00    0.70040   1.28074    2.524
 2952.00    0.89418   1.28103    2.524
 2953.00    0.97969   1.28132    2.524
 2954.00    1.27959   1.28161    2.524
 2955.00    1.28991   1.28190    2.524
 2956.00    1.23373   1.28215    2.524
 2957.00    1.12462   1.28223    2.524
 2958.00    0.96645   1.28165    2.524
 2959.00    1.30147   1.27979    2.524
 2960.00    1.48466   1.27638    2.524
 2961.00    1.11483   1.27211    2.524
 2962.00    1.08255   1.26872    2.524
 2963.00    1.19607   1.26702    2.524
 2964.00    1.21738   1.26651    2.524
 2965.00    1.25511   1.26660    2.524
 2966.00    1.32939   1.26685    2.524
 2967.00    1.37910   1.26714    2.524
 2968.00    1.52360   1.26742    2.524
 2969.00    1.62445   1.26771    2.524
 2970.00    2.51652   1.26800   -1.000
 2971.00    2.24799   1.26828    2.524
 2972.00    1.65990   1.26857    2.524
 2973.00    1.72892   1.26886    2.524
 2974.00    1.78499   1.26914    2.524
 2975.00    0.47287   1.26942    2.524
 2976.00    0.16310   1.26965    2.524
 2977.00    1.51101   1.26964    2.524
 2978.00    1.34924   1.26873    2.524
 2979.00    0.90311   1.26608    2.524
 2980.00    1.01474   1.26133    2.524
 2981.00    1.12443   1.25542    2.524
 2982.00    1.18944   1.25069    2.524
 2983.00    1.21199   1.24824    2.524
 2984.00    1.12621   1.24741    2.524
 2985.00    1.18155   1.24741    2.524
 2986.00    1.38533   1.24764    2.524
 2987.00    1.44448   1.24792    2.524
 2988.00    1.51475   1.24820    2.524
 2989.00    1.26223   1.24848    2.524
 2990.00    1.15144   1.24876    2.524
 2991.00    0.88492   1.24904    2.524
 2992.00    0.97038   1.24932    2.524
 2993.00    1.47596   1.24960    2.524
 2994.00    1.57491   1.24988    2.524
 2995.00    1.71750   1.25015    2.524
 2996.00    1.35723   1.25038    2.524
 2997.00    1.16127   1.25040    2.524
 2998.00    1.83568   1.24962    2.524
 2999.00    1.84520   1.24732    2.524
 3000.00    1.29798   1.24321    2.524
 3001.00    1.40995   1.23810    2.524
 3002.00    1.60703   1.23401    2.524
 3003.00    1.17535   1.23187    2.524
 3004.00    0.88797   1.23116    2.524
 3005.00    0.87973   1.23118    2.524
 3006.00    0.88737   1.23141    2.524
 3007.00    0.99861   1.23168    2.524
 3008.00    1.17067   1.23196    2.524
 3009.00    1.54493   1.23223    2.524
 3010.00    1.09762   1.23251    2.524
 3011.00    0.73601   1.23278    2.524
 3012.00    1.43116   1.23306    2.524
 3013.00    1.61170   1.23333    2.524
 3014.00    1.50848   1.23361    2.524
 3015.00    1.43832   1.23388    2.524
 3016.00    1.24630   1.23412    2.524
 3017.00    1.10161   1.23424    2.524
 3018.00    0.96000   1.23391    2.524
 3019.00    0.86216   1.23273    2.524
 3020.00    0.82844   1.23053    2.524
 3021.00    0.89661   1.22777    2.524
 3022.00    0.87498   1.22558    2.524
 3023.00    0.79385   1.22447    2.524
 3024.00    0.97589   1.22417    2.524
 3025.00    1.19132   1.22430    2.524
 3026.00    0.77781   1.22455    2.524
 3027.00    0.59744   1.22481    2.524
 3028.00    0.93746   1.22509    2.524
 3029.00    0.99642   1.22536    2.524
 3030.00    1.16490   1.22563    2.524
 3031.00    1.28658   1.22590    2.524
 3032.00    1.46121   1.22617    2.524
 3033.00    1.46164   1.22645    2.524
 3034.00    1.46187   1.22672    2.524
 3035.00    1.59407   1.22698    2.524
 3036.00    1.56190   1.22721    2.524
 3037.00    1.21985   1.22728    2.524
 3038.00    1.16964   1.22673    2.524
 3039.00    1.08163   1.22504    2.524
 3040.00    1.29768   1.22201    2.524
 3041.00    1.44078   1.21824    2.524
 3042.00    0.57509   1.21522    2.524
 3043.00    0.49678   1.21362    2.524
 3044.00    1.52412   1.21311    2.524
 3045.00    1.43617   1.21318    2.524
 3046.00    1.24574   1.21341    2.524
 3047.00    1.07784   1.21367    2.524
 3048.00    0.94278   1.21394    2.524
 3049.00    1.72268   1.21421    2.524
 3050.00    1.90093   1.21447    2.524
 3051.00    1.07571   1.21474    2.524
 3052.00    1.14851   1.21501    2.524
 3053.00    1.34680   1.21528    2.524
 3054.00    1.13688   1.21554    2.524
 3055.00    0.93263   1.21581    2.524
 3056.00    0.83140   1.21607    2.524
 3057.00    0.79677   1.21628    2.524
 3058.00    1.86757   1.21633    2.524
 3059.00    1.72574   1.21607    2.524
 3060.00    1.16081   1.21547    2.524
 3061.00    1.30576   1.21467    2.524
 3062.00    1.47628   1.21407    2.524
 3063.00    1.21828   1.21383    2.524
 3064.00    1.10639   1.21389    2.524
 3065.00    0.39222   1.21410    2.524
 3066.00    0.45677   1.21436    2.524
 3067.00    0.99741   1.21462    2.524
 3068.00    1.05195   1.21489    2.524
 3069.00    1.12975   1.21516    2.524
 3070.00    1.21688   1.21542    2.524
 3071.00    1.26377   1.21569    2.524
 3072.00    1.66589   1.21596    2.524
 3073.00    1.64530   1.21622    2.524
 3074.00    1.15342   1.21649    2.524
 3075.00    1.41186   1.21675    2.524
 3076.00    1.86199   1.21696    2.524
 3077.00    1.78224   1.21699    2.524
 3078.00    1.72968   1.21633    2.524
 3079.00    1.39424   1.21442    2.524
 3080.00    1.30509   1.21106    2.524
 3081.00    1.00653   1.20692    2.524
 3082.00    1.12594   1.20357    2.524
 3083.00    1.38276   1.20173    2.524
 3084.00    1.55610   1.20110    2.524
 3085.00    1.69485   1.20113    2.524
 3086.00    0.58402   1.20135    2.524
 3087.00    0.34700   1.20160    2.524
 3088.00    1.93775   1.20186    2.524
 3089.00    1.62376   1.20213    2.524
 3090.00    0.77490   1.20239    2.524
 3091.00    0.42052   1.20265    2.524
 3092.00    0.07739   1.20291    2.524
 3093.00    0.63099   1.20317    2.524
 3094.00    0.81939   1.20343    2.524
 3095.00    1.82104   1.20370    2.524
 3096.00    1.79125   1.20398    2.524
 3097.00    1.63151   1.20432    2.524
 3098.00    1.22156   1.20490    2.524
 3099.00    0.74119   1.20590    2.524
 3100.00    1.13333   1.20739    2.524
 3101.00    1.30241   1.20914    2.524
 3102.00    1.55161   1.21062    2.524
 3103.00    1.39318   1.21160    2.524
 3104.00    0.56764   1.21217    2.524
 3105.00    0.62588   1.21252    2.524
 3106.00    0.70864   1.21280    2.524
 3107.00    1.39723   1.21306    2.524
 3108.00    1.76579   1.21332    2.524
 3109.00    0.67294   1.21359    2.524
 3110.00    0.56563   1.21385    2.524
 3111.00    0.75859   1.21411    2.524
 3112.00    1.08776   1.21437    2.524
 3113.00    1.65864   1.21464    2.524
 3114.00    1.93998   1.21490    2.524
 3115.00    2.12444   1.21515    2.524
 3116.00    1.08826   1.21530    2.524
 3117.00    0.91926   1.21511    2.524
 3118.00    1.20576   1.21361    2.524
 3119.00    1.29415   1.20981    2.524
 3120.00    1.48340   1.20337    2.524
 3121.00    1.13068   1.19549    2.524
 3122.00    0.84975   1.18906    2.524
 3123.00    0.64456   1.18533    2.524
 3124.00    0.59707   1.18387    2.524
 3125.00    0.75679   1.18368    2.524
 3126.00    0.80907   1.18383    2.524
 3127.00    0.94971   1.18407    2.524
 3128.00    1.39528   1.18433    2.524
 3129.00    1.82461   1.18458    2.524
 3130.00    1.43624   1.18484    2.524
 3131.00    1.30509   1.18509    2.524
 3132.00    1.18785   1.18535    2.524
 3133.00    1.24475   1.18560    2.524
 3134.00    1.44835   1.18585    2.524
 3135.00    1.58352   1.18611    2.524
 3136.00    1.74099   1.18634    2.524
 3137.00    1.42563   1.18651    2.524
 3138.00    1.29044   1.18646    2.524
 3139.00    0.77201   1.18600    2.524
 3140.00    0.71948   1.18507    2.524
 3141.00    0.63418   1.18390    2.524
 3142.00    0.75451   1.18298    2.524
 3143.00    0.92446   1.18253    2.524
 3144.00    1.26717   1.18247    2.524
 3145.00    1.44962   1.18264    2.524
 3146.00    1.50257   1.18288    2.524
 3147.00    1.41891   1.18313    2.524
 3148.00    0.80959   1.18338    2.524
 3149.00    0.75919   1.18363    2.524
 3150.00    0.67232   1.18389    2.524
 3151.00    1.16171   1.18414    2.524
 3152.00    1.48093   1.18439    2.524
 3153.00    1.14502   1.18465    2.524
 3154.00    1.04558   1.18490    2.524
 3155.00    0.62879   1.18515    2.524
 3156.00    0.54473   1.18538    2.524
 3157.00    0.36598   1.18555    2.524
 3158.00    0.65871   1.18551    2.524
 3159.00    0.89071   1.18508    2.524
 3160.00    0.79413   1.18422    2.524
 3161.00    0.79321   1.18313    2.524
 3162.00    1.46691   1.18226    2.524
 3163.00    1.32196   1.18184    2.524
 3164.00    0.93489   1.18180    2.524
 3165.00    0.98646   1.18197    2.524
 3166.00    1.03591   1.18220    2.524
 3167.00    1.10014   1.18245    2.524
 3168.00    1.12171   1.18270    2.524
 3169.00    1.07017   1.18295    2.524
 3170.00    1.21599   1.18320    2.524
 3171.00    1.72105   1.18345    2.524
 3172.00    1.39988   1.18371    2.524
 3173.00    1.02721   1.18396    2.524
 3174.00    1.23825   1.18420    2.524
 3175.00    1.32820   1.18443    2.524
 3176.00    1.36390   1.18452    2.524
 3177.00    1.25489   1.18407    2.524
 3178.00    0.73904   1.18183    2.524
 3179.00    0.93760   1.17643    2.524
 3180.00    1.21689   1.16738    2.524
 3181.00    1.28559   1.15648    2.524
 3182.00    1.32196   1.14744    2.524
 3183.00    0.86234   1.14204    2.524
 3184.00    0.82621   1.13980    2.524
 3185.00    0.95634   1.13934    2.524
 3186.00    1.16794   1.13942    2.524
 3187.00    1.53109   1.13964    2.524
 3188.00    1.53925   1.13988    2.524
 3189.00    1.54455   1.14012    2.524
 3190.00    1.61670   1.14036    2.524
 3191.00    1.58192   1.14060    2.524
 3192.00    1.04947   1.14084    2.524
 3193.00    1.11677   1.14108    2.524
 3194.00    1.25926   1.14132    2.524
 3195.00    0.90012   1.14155    2.524
 3196.00    0.61688   1.14176    2.524
 3197.00    1.24692   1.14187    2.524
 3198.00    1.40130   1.14165    2.524
 3199.00    1.24507   1.14084    2.524
 3200.00    1.33064   1.13937    2.524
 3201.00    1.55800   1.13756    2.524
 3202.00    1.19783   1.13608    2.524
 3203.00    0.85415   1.13527    2.524
 3204.00    1.40045   1.13504    2.524
 3205.00    1.58255   1.13515    2.524
 3206.00    1.44519   1.13535    2.524
 3207.00    1.38989   1.13559    2.524
 3208.00    1.20639   1.13582    2.524
 3209.00    1.12152   1.13606    2.524
 3210.00    1.02362   1.13630    2.524
 3211.00    1.26667   1.13654    2.524
 3212.00    1.36966   1.13678    2.524
 3213.00    0.89814   1.13701    2.524
 3214.00    0.99587   1.13725    2.524
 3215.00    1.58224   1.13748    2.524
 3216.00    1.37233   1.13760    2.524
 3217.00    1.07885   1.13739    2.524
 3218.00    1.21322   1.13611    2.524
 3219.00    1.28399   1.13292    2.524
 3220.00    1.15281   1.12754    2.524
 3221.00    1.11273   1.12109    2.524
 3222.00    0.95155   1.11571    2.524
 3223.00    1.03122   1.11248    2.524
 3224.00    1.16708   1.11118    2.524
 3225.00    0.71532   1.11095    2.524
 3226.00    0.42364   1.11107    2.524
 3227.00    0.87718   1.11129    2.524
 3228.00    0.95539   1.11152    2.524
 3229.00    0.90593   1.11175    2.524
 3230.00    1.02535   1.11198    2.524
 3231.00    1.27649   1.11222    2.524
 3232.00    0.71965   1.11245    2.524
 3233.00    0.28267   1.11268    2.524
 3234.00    0.97462   1.11291    2.524
 3235.00    1.16970   1.11316    2.524
 3236.00    1.70362   1.11353    2.524
 3237.00    1.48888   1.11434    2.524
 3238.00    0.92249   1.11646    2.524
 3239.00    0.98054   1.12092    2.524
 3240.00    1.03566   1.12805    2.524
 3241.00    1.30968   1.13648    2.524
 3242.00    1.40055   1.14364    2.524
 3243.00    1.50317   1.14817    2.524
 3244.00    1.29548   1.15031    2.524
 3245.00    0.58662   1.15114    2.524
 3246.00    0.91895   1.15152    2.524
 3247.00    1.30079   1.15178    2.524
 3248.00    1.59473   1.15202    2.524
 3249.00    1.71855   1.15226    2.524
 3250.00    1.45277   1.15250    2.524
 3251.00    1.35386   1.15274    2.524
 3252.00    0.97782   1.15298    2.524
 3253.00    1.10414   1.15322    2.524
 3254.00    1.28005   1.15346    2.524
 3255.00    1.32022   1.15370    2.524
 3256.00    1.34127   1.15399    2.524
 3257.00    0.89015   1.15442    2.524
 3258.00    0.89146   1.15530    2.524
 3259.00    1.24803   1.15695    2.524
 3260.00    0.91576   1.15950    2.524
 3261.00    0.35147   1.16247    2.524
 3262.00    0.78190   1.16503    2.524
 3263.00    1.05838   1.16672    2.524
 3264.00    1.77328   1.16760    2.524
 3265.00    1.86817   1.16805    2.524
 3266.00    1.50235   1.16834    2.524
 3267.00    1.34860   1.16859    2.524
 3268.00    1.02671   1.16883    2.524
 3269.00    0.73926   1.16907    2.524
 3270.00    0.51480   1.16931    2.524
 3271.00    0.47764   1.16955    2.524
 3272.00    0.46113   1.16979    2.524
 3273.00    0.27767   1.17003    2.524
 3274.00    0.35765   1.17027    2.524
 3275.00    0.56757   1.17051    2.524
 3276.00    0.88090   1.17070    2.524
 3277.00    1.17698   1.17076    2.524
 3278.00    1.61133   1.17040    2.524
 3279.00    1.75424   1.16933    2.524
 3280.00    0.63692   1.16743    2.524
 3281.00    0.76913   1.16514    2.524
 3282.00    1.25173   1.16323    2.524
 3283.00    1.61162   1.16212    2.524
 3284.00    2.02271   1.16176    2.524
 3285.00    1.59757   1.16180    2.524
 3286.00    1.41954   1.16199    2.524
 3287.00    0.77187   1.16222    2.524
 3288.00    0.84472   1.16245    2.524
 3289.00    1.35141   1.16269    2.524
 3290.00    1.57885   1.16293    2.524
 3291.00    1.89365   1.16317    2.524
 3292.00    1.17047   1.16341    2.524
 3293.00    0.79371   1.16364    2.524
 3294.00    1.70907   1.16388    2.524
 3295.00    1.74987   1.16409    2.524
 3296.00    1.32249   1.16419    2.524
 3297.00    1.56067   1.16384    2.524
 3298.00    1.96262   1.16227    2.524
 3299.00    1.98044   1.15851    2.524
 3300.00    1.99182   1.15227    2.524
 3301.00    1.17599   1.14489    2.524
 3302.00    1.06232   1.13860    2.524
 3303.00    1.40478   1.13472    2.524
 3304.00    1.60959   1.13310    2.524
 3305.00    2.03554   1.13271    2.524
 3306.00    0.90020   1.13279    2.524
 3307.00    0.01803   1.13300    2.524
 3308.00    0.69776   1.13322    2.524
 3309.00    0.88049   1.13345    2.524
 3310.00    1.21552   1.13368    2.524
 3311.00    1.24775   1.13387    2.524
 3312.00    1.33176   1.13387    2.524
 3313.00    1.40243   1.13312    2.524
 3314.00    1.46888   1.13037    2.524
 3315.00    1.57289   1.12408    2.524
 3316.00    1.60693   1.11373    2.524
 3317.00    0.81268   1.10158    2.524
 3318.00    0.74111   1.09117    2.524
 3319.00    0.52375   1.08476    2.524
 3320.00    0.74846   1.08240    2.524
 3321.00    1.00414   1.08292    2.524
 3322.00    0.89055   1.08557    2.524
 3323.00    0.84327   1.08948    2.524
 3324.00    0.90660   1.09278    2.524
 3325.00    0.87021   1.09370    2.524
 3326.00    0.69032   1.09143    2.524
 3327.00    0.79890   1.08761    2.524
 3328.00    0.94859   1.08488    2.524
 3329.00    1.18877   1.08513    2.524
 3330.00    1.31323   1.08804    2.524
 3331.00    0.90957   1.09115    2.524
 3332.00    0.87317   1.09132    2.524
 3333.00    0.93703   1.08627    2.524
 3334.00    1.03000   1.07594    2.524
 3335.00    1.18625   1.06266    2.524
 3336.00    1.52869   1.05057    2.524
 3337.00    1.74642   1.04334    2.524
 3338.00    1.02988   1.04209    2.524
 3339.00    0.86798   1.04494    2.524
 3340.00    0.50297   1.04914    2.524
 3341.00    0.59241   1.05362    2.524
 3342.00    0.77761   1.05941    2.524
 3343.00    1.41928   1.06783    2.524
 3344.00    1.91539   1.07801    2.524
 3345.00    1.52663   1.08728    2.524
 3346.00    1.39801   1.09213    2.524
 3347.00    0.61671   1.09025    2.524
 3348.00    0.87824   1.08166    2.524
 3349.00    1.55638   1.06904    2.524
 3350.00    1.31999   1.05694    2.524
 3351.00    1.09878   1.04946    2.524
 3352.00    1.54701   1.04756    2.524
 3353.00    1.69256   1.04924    2.524
 3354.00    1.64667   1.05153    2.524
 3355.00    1.50351   1.05242    2.524
 3356.00    1.02791   1.05086    2.524
 3357.00    0.89709   1.04532    2.524
 3358.00    0.74911   1.03473    2.524
 3359.00    0.74784   1.02025    2.524
 3360.00    0.74732   1.00670    2.524
 3361.00    0.97318   0.99959    2.524
 3362.00    0.95550   1.00188    2.524
 3363.00    0.81879   1.01067    2.524
 3364.00    0.99082   1.01972    2.524
 3365.00    1.22658   1.02258    2.524
 3366.00    1.29108   1.01711    2.524
 3367.00    1.32432   1.00569    2.524
 3368.00    1.13059   0.99294    2.524
 3369.00    1.08237   0.98309    2.524
 3370.00    0.91622   0.97754    2.524
 3371.00    1.04188   0.97629    2.524
 3372.00    1.25176   0.97919    2.524
 3373.00    1.51254   0.98691    2.524
 3374.00    1.67748   0.99943    2.524
 3375.00    1.57810   1.01395    2.524
 3376.00    1.47531   1.02520    2.524
 3377.00    0.60036   1.02881    2.524
 3378.00    0.83387   1.02501    2.524
 3379.00    1.31414   1.01870    2.524
 3380.00    1.25380   1.01603    2.524
 3381.00    1.20738   1.02038    2.524
 3382.00    0.96712   1.03070    2.524
 3383.00    0.89653   1.04320    2.524
 3384.00    0.62562   1.05388    2.524
 3385.00    0.73094   1.06069    2.524
 3386.00    1.00206   1.06330    2.524
 3387.00    0.98475   1.06313    2.524
 3388.00    0.96863   1.06145    2.524
 3389.00    0.74594   1.05939    2.524
 3390.00    0.67401   1.05715    2.524
 3391.00    0.75421   1.05474    2.524
 3392.00    0.54659   1.05292    2.524
 3393.00   -0.14061   1.05327    0.000
 3394.00    0.35753   1.05739    2.524
 3395.00    0.91879   1.06511    2.524
 3396.00    1.40122   1.07423    2.524
 3397.00    1.59971   1.08133    2.524
 3398.00    1.65950   1.08330    2.524
 3399.00    1.64662   1.07904    2.524
 3400.00    1.57498   1.07025    2.524
 3401.00    1.17542   1.05981    2.524
 3402.00    0.63006   1.05053    2.524
 3403.00    0.50984   1.04343    2.524
 3404.00    0.44823   1.03766    2.524
 3405.00    0.73719   1.03235    2.524
 3406.00    0.86271   1.02707    2.524
 3407.00    1.44761   1.02313    2.524
 3408.00    1.33515   1.02191    2.524
 3409.00    1.14810   1.02349    2.524
 3410.00    0.66395   1.02618    2.524
 3411.00    0.35929   1.02749    2.524
 3412.00    0.89571   1.02661    2.524
 3413.00    1.00883   1.02429    2.524
 3414.00    1.21062   1.02264    2.524
 3415.00    1.00000   1.02388    2.524
 3416.00    0.56873   1.02965    2.524
 3417.00    0.77762   1.04008    2.524
 3418.00    0.93753   1.05327    2.524
 3419.00    1.28475   1.06587    2.524
 3420.00    1.35696   1.07411    2.524
 3421.00    1.08670   1.07654    2.524
 3422.00    1.07237   1.07380    2.524
 3423.00    1.03566   1.06894    2.524
 3424.00    1.04939   1.06451    2.524
 3425.00    1.06212   1.06236    2.524
 3426.00    1.02645   1.06308    2.524
 3427.00    1.01502   1.06678    2.524
 3428.00    0.76560   1.07283    2.524
 3429.00    0.86227   1.07857    2.524
 3430.00    1.18360   1.08051    2.524
 3431.00    1.52689   1.07717    2.524
 3432.00    1.91141   1.06957    2.524
 3433.00    2.08754   1.06207    2.524
 3434.00    2.15949   1.05725    2.524
 3435.00    0.11333   1.05505    2.524
 3436.00    0.16808   1.05256    2.524
 3437.00    0.90118   1.04612    2.524
 3438.00    0.84565   1.03387    2.524
 3439.00    0.77032   1.01691    2.524
 3440.00    1.07854   0.99873    2.524
 3441.00    1.23566   0.98397    2.524
 3442.00    1.12558   0.97605    2.524
 3443.00    1.07874   0.97537    2.524
 3444.00    0.86345   0.98060    2.524
 3445.00    0.89804   0.98968    2.524
 3446.00    0.95521   1.00174    2.524
 3447.00    0.92339   1.01591    2.524
 3448.00    0.90347   1.03039    2.524
 3449.00    0.95431   1.04092    2.524
 3450.00    0.97606   1.04385    2.524
 3451.00    1.10537   1.03878    2.524
 3452.00    0.95599   1.02908    2.524
 3453.00    0.65214   1.02015    2.524
 3454.00    0.90179   1.01500    2.524
 3455.00    1.09195   1.01249    2.524
 3456.00    0.86285   1.00993    2.524
 3457.00    0.82255   1.00438    2.524
 3458.00    1.14820   0.99619    2.524
 3459.00    1.18297   0.98782    2.524
 3460.00    1.27138   0.98245    2.524
 3461.00    1.19381   0.98260    2.524
 3462.00    1.12228   0.98802    2.524
 3463.00    1.23217   0.99629    2.524
 3464.00    1.26719   1.00370    2.524
 3465.00    1.37338   1.00900    2.524
 3466.00    1.26576   1.01222    2.524
 3467.00    0.91396   1.01608    2.524
 3468.00    0.93723   1.02134    2.524
 3469.00    0.96317   1.02705    2.524
 3470.00    1.45886   1.03047    2.524
 3471.00    1.66040   1.02860    2.524
 3472.00    1.20016   1.02030    2.524
 3473.00    1.12497   1.00687    2.524
 3474.00    0.90551   0.99233    2.524
 3475.00    0.92506   0.98090    2.524
 3476.00    0.95148   0.97609    2.524
 3477.00    0.84351   0.97786    2.524
 3478.00    0.78878   0.98437    2.524
 3479.00    0.72508   0.99211    2.524
 3480.00    0.77205   0.99841    2.524
 3481.00    1.10347   1.00175    2.524
 3482.00    1.07028   1.00270    2.524
 3483.00    1.01565   1.00315    2.524
 3484.00    1.17864   1.00589    2.524
 3485.00    1.28015   1.01194    2.524
 3486.00    0.25640   1.01953    2.524
 3487.00    0.12930   1.02470    2.524
 3488.00    0.59247   1.02370    2.524
 3489.00    0.64859   1.01659    2.524
 3490.00    0.76225   1.00672    2.524
 3491.00    0.56124   0.99920    2.524
 3492.00    0.40888   0.99672    2.524
 3493.00    0.80216   0.99835    2.524
 3494.00    0.92877   1.00082    2.524
 3495.00    1.61862   1.00189    2.524
 3496.00    1.41745   1.00263    2.524
 3497.00    0.90829   1.00543    2.524
 3498.00    0.90322   1.01167    2.524
 3499.00    0.89857   1.01943    2.524
 3500.00    1.27383   1.02600    2.524
 3501.00    1.39248   1.03051    2.524
 3502.00    1.18195   1.03298    2.524
 3503.00    1.08407   1.03428    2.524
 3504.00    0.76842   1.03355    2.524
 3505.00    0.85847   1.03012    2.524
 3506.00    0.95834   1.02482    2.524
 3507.00    1.59731   1.01897    2.524
 3508.00    1.85526   1.01340    2.524
 3509.00    1.08512   1.00773    2.524
 3510.00    1.01914   1.00123    2.524
 3511.00    0.90885   0.99352    2.524
 3512.00    0.80095   0.98570    2.524
 3513.00    0.65602   0.97956    2.524
 3514.00    1.02980   0.97844    2.524
 3515.00    1.21826   0.98432    2.524
 3516.00    0.13806   0.99658    2.524
 3517.00    0.10776   1.01134    2.524
 3518.00    0.63090   1.02253    2.524
 3519.00    0.73112   1.02592    2.524
 3520.00    0.89505   1.02066    2.524
 3521.00    1.24459   1.00892    2.524
 3522.00    1.46117   0.99490    2.524
 3523.00    1.27534   0.98175    2.524
 3524.00    1.25157   0.97254    2.524
 3525.00    1.32528   0.96906    2.524
 3526.00    1.28570   0.97237    2.524
 3527.00    1.20608   0.98167    2.524
 3528.00    0.99142   0.99452    2.524
 3529.00    0.82953   1.00713    2.524
 3530.00    0.73867   1.01706    2.524
 3531.00    0.73963   1.02351    2.524
 3532.00    1.20298   1.02776    2.524
 3533.00    1.02983   1.03096    2.524
 3534.00    0.59473   1.03397    2.524
 3535.00    0.85376   1.03679    2.524
 3536.00    1.09029   1.03930    2.524
 3537.00    0.97858   1.04231    2.524
 3538.00    0.94344   1.04578    2.524
 3539.00    0.32435   1.04911    2.524
 3540.00    0.44632   1.05129    2.524
 3541.00    0.84027   1.05151    2.524
 3542.00    0.87101   1.05097    2.524
 3543.00    0.90494   1.05107    2.524
 3544.00    0.69965   1.05264    2.524
 3545.00    0.61716   1.05484    2.524
 3546.00    1.09270   1.05618    2.524
 3547.00    1.08592   1.05578    2.524
 3548.00    0.95380   1.05369    2.524
 3549.00    1.03942   1.05064    2.524
 3550.00    1.15398   1.04680    2.524
 3551.00    1.03811   1.04213    2.524
 3552.00    0.98001   1.03638    2.524
 3553.00    0.66944   1.03001    2.524
 3554.00    0.69971   1.02440    2.524
 3555.00    1.08015   1.02086    2.524
 3556.00    1.24877   1.02005    2.524
 3557.00    1.52345   1.02120    2.524
 3558.00    1.27502   1.02283    2.524
 3559.00    1.12189   1.02444    2.524
 3560.00    1.50014   1.02621    2.524
 3561.00    1.51080   1.02816    2.524
 3562.00    1.01065   1.02830    2.524
 3563.00    0.97920   1.02403    2.524
 3564.00    0.91622   1.01386    2.524
 3565.00    1.00301   0.99992    2.524
 3566.00    1.06814   0.98651    2.524
 3567.00    0.86633   0.97607    2.524
 3568.00    0.86383   0.96886    2.524
 3569.00    1.76353   0.96249    2.524
 3570.00    1.45281   0.95569    2.524
 3571.00    0.67574   0.94956    2.524
 3572.00    1.16007   0.94625    2.524
 3573.00    1.60016   0.94599    2.524
 3574.00    1.36084   0.94812    2.524
 3575.00    1.28614   0.94980    2.524
 3576.00    1.12971   0.94845    2.524
 3577.00    1.38095   0.94273    2.524
 3578.00    2.18411   0.93270   -1.000
 3579.00    1.71666   0.91983    2.524
 3580.00    1.20322   0.90738    2.524
 3581.00    0.84839   0.89755    2.524
 3582.00    0.70684   0.89192    2.524
 3583.00    2.30135   0.88970   -1.000
 3584.00    1.96225   0.88937    2.524
 3585.00    0.18922   0.88966    2.524
 3586.00    0.52291   0.89077    2.524
 3587.00    0.96669   0.89396    2.524
 3588.00    0.87390   0.90099    2.524
 3589.00    0.82763   0.91242    2.524
 3590.00    1.31203   0.92673    2.524
 3591.00    1.24386   0.94134    2.524
 3592.00    0.53474   0.95392    2.524
 3593.00    1.07322   0.96441    2.524
 3594.00    1.94497   0.97410    2.524
 3595.00    1.52938   0.98506    2.524
 3596.00    1.27452   0.99738    2.524
 3597.00    1.07042   1.00960    2.524
 3598.00    1.04714   1.01981    2.524
 3599.00    1.14609   1.02578    2.524
 3600.00    1.07188   1.02605    2.524
 3601.00    0.92421   1.02014    2.524
 3602.00    0.52097   1.00896    2.524
 3603.00    0.21987   0.99510    2.524
 3604.00    0.50244   0.98236    2.524
 3605.00    0.58072   0.97261    2.524
 3606.00    0.81900   0.96614    2.524
 3607.00    0.91694   0.96169    2.524
 3608.00    1.16014   0.95868    2.524
 3609.00    0.72992   0.95777    2.524
 3610.00    0.34090   0.96033    2.524
 3611.00    0.70059   0.96680    2.524
 3612.00    0.81249   0.97580    2.524
 3613.00    1.01210   0.98567    2.524
 3614.00    0.98976   0.99395    2.524
 3615.00    0.91893   0.99856    2.524
 3616.00    1.29611   0.99791    2.524
 3617.00    1.70837   0.99166    2.524
 3618.00    0.89360   0.98326    2.524
 3619.00    0.57014   0.97846    2.524
 3620.00    0.60435   0.98145    2.524
 3621.00    0.35928   0.99403    2.524
 3622.00   -0.67641   1.01259    0.000
 3623.00   -0.17813   1.03309    0.000
 3624.00    0.48190   1.05240    2.524
 3625.00    0.72984   1.06936    2.524
 3626.00    0.85281   1.08226    2.524
 3627.00    0.81193   1.08860    2.524
 3628.00    0.82372   1.08494    2.524
 3629.00    0.91819   1.06999    2.524
 3630.00    0.87714   1.04751    2.524
 3631.00    0.81097   1.02475    2.524
 3632.00    0.99080   1.00841    2.524
 3633.00    1.10051   1.00237    2.524
 3634.00    0.81975   1.00485    2.524
 3635.00    0.74909   1.01211    2.524
 3636.00    0.52005   1.02105    2.524
 3637.00    0.64524   1.03138    2.524
 3638.00    0.89325   1.04214    2.524
 3639.00    0.96237   1.05263    2.524
 3640.00    1.01372   1.05984    2.524
 3641.00    0.48517   1.06063    2.524
 3642.00    0.38487   1.05442    2.524
 3643.00    0.80357   1.04265    2.524
 3644.00    0.97218   1.02819    2.524
 3645.00    1.38885   1.01386    2.524
 3646.00    1.28486   1.00181    2.524
 3647.00    1.19128   0.99392    2.524
 3648.00    0.71956   0.99194    2.524
 3649.00    0.57504   0.99693    2.524
 3650.00    0.82396   1.00844    2.524
 3651.00    0.85788   1.02421    2.524
 3652.00    0.96486   1.04103    2.524
 3653.00    1.20597   1.05589    2.524
 3654.00    1.46821   1.06812    2.524
 3655.00    1.34512   1.07803    2.524
 3656.00    1.29660   1.08725    2.524
 3657.00    0.73191   1.09615    2.524
 3658.00    0.71628   1.10369    2.524
 3659.00    0.76123   1.10805    2.524
 3660.00    1.00123   1.10750    2.524
 3661.00    1.31724   1.10232    2.524
 3662.00    0.86606   1.09441    2.524
 3663.00    0.64351   1.08665    2.524
 3664.00    1.52927   1.08053    2.524
 3665.00    1.51002   1.07634    2.524
 3666.00    0.87060   1.07247    2.524
 3667.00    0.96319   1.06780    2.524
 3668.00    1.11153   1.06298    2.524
 3669.00    1.14797   1.06006    2.524
 3670.00    1.17008   1.06127    2.524
 3671.00    1.03995   1.06654    2.524
 3672.00    0.96365   1.07351    2.524
 3673.00    0.45946   1.07845    2.524
 3674.00    0.68758   1.07824    2.524
 3675.00    1.13654   1.07160    2.524
 3676.00    1.24398   1.05975    2.524
 3677.00    1.32341   1.04519    2.524
 3678.00    0.77922   1.03137    2.524
 3679.00    0.71619   1.02163    2.524
 3680.00    1.86628   1.01769    2.524
 3681.00    1.61332   1.01904    2.524
 3682.00    0.99265   1.02291    2.524
 3683.00    0.89771   1.02541    2.524
 3684.00    0.81269   1.02337    2.524
 3685.00    0.77027   1.01624    2.524
 3686.00    0.75747   1.00737    2.524
 3687.00    0.80459   1.00222    2.524
 3688.00    0.86716   1.00492    2.524
 3689.00    1.06293   1.01649    2.524
 3690.00    1.08793   1.03283    2.524
 3691.00    1.11499   1.04795    2.524
 3692.00    1.08948   1.05724    2.524
 3693.00    1.07948   1.05974    2.524
 3694.00    0.74470   1.05770    2.524
 3695.00    0.74110   1.05523    2.524
 3696.00    0.78906   1.05596    2.524
 3697.00    0.74793   1.06220    2.524
 3698.00    0.69399   1.07299    2.524
 3699.00    0.76280   1.08435    2.524
 3700.00    0.79656   1.08989    2.524
 3701.00    0.68985   1.08334    2.524
 3702.00    0.63125   1.06222    2.524
 3703.00    0.35355   1.03001    2.524
 3704.00    0.74038   0.99571    2.524
 3705.00    1.35765   0.96860    2.524
 3706.00    0.93285   0.95486    2.524
 3707.00    0.67637   0.95390    2.524
 3708.00    0.86398   0.96094    2.524
 3709.00    0.93509   0.97061    2.524
 3710.00    1.30492   0.98106    2.524
 3711.00    1.18447   0.99329    2.524
 3712.00    0.94845   1.00970    2.524
 3713.00    1.11738   1.03061    2.524
 3714.00    1.24165   1.05273    2.524
 3715.00    1.15258   1.07054    2.524
 3716.00    1.13848   1.07744    2.524
 3717.00    1.25028   1.06838    2.524
 3718.00    1.47560   1.04213    0.000
 3719.00    2.02581   1.00255    0.000
 3720.00    2.98107   0.96005    0.000
 3721.00    3.83225   0.92756    0.000
 3722.00    7.00595   0.91532    0.000
 3723.00    7.97734   0.92840    0.000
 3724.00    9.48316   0.96175    0.000
 3725.00    8.93075   1.00452    0.000
 3726.00    7.21138   1.04586    0.000
 3727.00    5.81478   1.07760    0.000
 3728.00    4.31053   1.09509    0.000
 3729.00    2.59363   1.09609    0.000
 3730.00    1.92504   1.07834    0.000
 3731.00    0.55352   1.04125    0.000
 3732.00    0.75134   0.98990    0.000
 3733.00    1.81228   0.93432    0.000
 3734.00    1.63440   0.88848    0.000
 3735.00    1.40249   0.86601    0.000
 3736.00    1.29514   0.87359    0.000
 3737.00    1.24278   0.91070    0.000
 3738.00    0.89763   0.96937    2.524
 3739.00    0.98306   1.03572    2.524
 3740.00    1.66861   1.09510    2.524
 3741.00    1.30118   1.13675    2.524
 3742.00    0.71850   1.15456    2.524
 3743.00    0.97521   1.14919    2.524
 3744.00    1.12939   1.12453    2.524
 3745.00    0.20334   1.08519    2.524
 3746.00    0.13399   1.03566    2.524
 3747.00    0.82689   0.98130    2.524
 3748.00    1.16992   0.92956    2.524
 3749.00    1.83772   0.89134    2.524
 3750.00    1.44151   0.87677    2.524
 3751.00    1.15151   0.89089    2.524
 3752.00    1.10737   0.93195    2.524
 3753.00    1.09696   0.99087    2.524
 3754.00    1.08966   1.05391    2.524
 3755.00    1.12150   1.10871    2.524
 3756.00    1.19871   1.14696    2.524
 3757.00    1.63312   1.16722    2.524
 3758.00    2.01831   1.17484    2.524
 3759.00    0.66210   1.17640    2.524
 3760.00    0.26116   1.17748    2.524
 3761.00    1.60827   1.17963    2.524
 3762.00    1.48607   1.17979    2.524
 3763.00    1.10875   1.17401    2.524
 3764.00    0.97786   1.15855    2.524
 3765.00    0.83756   1.13167    2.524
 3766.00    1.04306   1.09509    2.524
 3767.00    1.12270   1.05217    2.524
 3768.00    1.42847   1.00855    2.524
 3769.00    1.40355   0.97099    2.524
 3770.00    1.24891   0.94663    2.524
 3771.00    0.87939   0.94175    2.524
 3772.00    0.40004   0.95834    2.524
 3773.00    1.67912   0.99353    2.524
 3774.00    2.29965   1.04157   -1.000
 3775.00    1.20832   1.09543    2.524
 3776.00    1.12821   1.14987    2.524
 3777.00    1.27420   1.20267    2.524
 3778.00    1.30755   1.25176    2.524
 3779.00    1.36022   1.29586    2.524
 3780.00    1.47265   1.33310    2.524
 3781.00    1.53983   1.36176    2.524
 3782.00    1.24846   1.38107    2.524
 3783.00    1.25414   1.38999    2.524
 3784.00    1.70559   1.38777    2.524
 3785.00    1.58629   1.37463    2.524
 3786.00    1.35504   1.35253    2.524
 3787.00    1.28340   1.32513    2.524
 3788.00    1.23123   1.29652    2.524
 3789.00    1.26098   1.26928    2.524
 3790.00    1.27643   1.24301    2.524
 3791.00    1.42746   1.21394    2.524
 3792.00    1.57027   1.17746    2.524
 3793.00    1.91493   1.13039    2.524
 3794.00    1.40274   1.07278    2.524
 3795.00    0.95081   1.00919    2.524
 3796.00    0.76852   0.94697    0.000
 3797.00    0.71616   0.89632    0.000
 3798.00    1.00910   0.86836    0.000
 3799.00    0.92604   0.87050    0.000
 3800.00    0.67092   0.90392    0.000
 3801.00    1.08590   0.96259    0.000
 3802.00    1.52852   1.03437    0.000
 3803.00    0.92905   1.10644    2.524
 3804.00    0.69843   1.16898    2.524
 3805.00    1.01893   1.21785    2.524
 3806.00    1.18826   1.25497    2.524
 3807.00    1.81940   1.28473    2.524
 3808.00    1.69677   1.31120    2.524
 3809.00    1.53849   1.33538    2.524
 3810.00    1.67010   1.35451    2.524
 3811.00    1.73352   1.36434    2.524
 3812.00    2.28980   1.36272    2.524
 3813.00    2.21102   1.35116    2.524
 3814.00    1.46779   1.33432    2.524
 3815.00    0.66270   1.31699    2.524
 3816.00   -0.60100   1.30165    0.000
 3817.00    0.09980   1.28781   -1.000
 3818.00    0.51635   1.27346    2.524
 3819.00    1.16832   1.25859    2.524
 3820.00    1.16160   1.24551    2.524
 3821.00    0.22392   1.23635    2.524
 3822.00    0.61694   1.23035    2.524
 3823.00    1.37378   1.22383    2.524
 3824.00    1.57293   1.21329    2.524
 3825.00    1.71725   1.19696    2.524
 3826.00    1.13324   1.17589    2.524
 3827.00    0.96784   1.15207    2.524
 3828.00    0.37373   1.12569    2.524
 3829.00    0.52895   1.09486    2.524
 3830.00    0.90093   1.05612    2.524
 3831.00    1.63965   1.00790    2.524
 3832.00    2.28827   0.95204   -1.000
 3833.00    1.71539   0.89418    0.000
 3834.00    1.54194   0.84343    0.000
 3835.00    1.22471   0.80940    0.000
 3836.00    1.21788   0.79807    0.000
 3837.00    1.19706   0.81050    0.000
 3838.00    0.89355   0.84352    0.000
 3839.00    0.57141   0.89228    0.000
 3840.00    1.40745   0.95162    0.000
 3841.00    1.72754   1.01674    0.000
 3842.00    1.42305   1.08359    2.524
 3843.00    1.26889   1.14696    2.524
 3844.00    0.70005   1.20229    2.524
 3845.00    1.56426   1.24689    2.524
 3846.00    2.67429   1.27992   -1.000
 3847.00    1.78991   1.30236    2.524
 3848.00    1.36561   1.31673    2.524
 3849.00    0.69623   1.32562    2.524
 3850.00    0.78207   1.33186    2.524
 3851.00    1.61144   1.33718    2.524
 3852.00    1.53849   1.34143    2.524
 3853.00    1.42447   1.34367    2.524
 3854.00    1.95822   1.34307    2.524
 3855.00    2.27383   1.33947    2.524
 3856.00    1.95413   1.33359    2.524
 3857.00    1.83219   1.32714    2.524
 3858.00    1.21013   1.32211    2.524
 3859.00    1.41393   1.32008    2.524
 3860.00    1.80471   1.32195    2.524
 3861.00    1.78752   1.32680    2.524
 3862.00    1.77512   1.33254    0.000
 3863.00    2.11308   1.33722    0.000
 3864.00    2.20068   1.33955    0.000
 3865.00    2.41553   1.33975    0.000
 3866.00    1.96901   1.33905    0.000
 3867.00    0.90399   1.33800    0.000
 3868.00    0.52337   1.33624    0.000
 3869.00    0.19081   1.33267    0.000
 3870.00    1.48088   1.32711    0.000
 3871.00    1.85960   1.32072    0.000
 3872.00    1.62686   1.31601    2.524
 3873.00    1.48834   1.31494    2.524
 3874.00    1.06839   1.31681    2.524
 3875.00    1.22628   1.31689    2.524
 3876.00    1.39305   1.31084    2.524
 3877.00    1.02563   1.29726    2.524
 3878.00    0.88599   1.27756    2.524
 3879.00    1.21101   1.25500    2.524
 3880.00    1.13702   1.23179    2.524
 3881.00    0.79209   1.20739    2.524
 3882.00    0.79932   1.17960    0.000
 3883.00    0.80857   1.14515    0.000
 3884.00    1.18184   1.10083    0.000
 3885.00    1.35972   1.04647    0.000
 3886.00    1.09991   0.98610    0.000
 3887.00    1.12514   0.92907    0.000
 3888.00    1.39770   0.88717    0.000
 3889.00    1.40530   0.87127    0.000
 3890.00    1.41710   0.88609    0.000
 3891.00    1.11146   0.92770    0.000
 3892.00    0.93168   0.98567    2.524
 3893.00    1.11038   1.04865    2.524
 3894.00    1.15393   1.10801    2.524
 3895.00    1.29146   1.15990    2.524
 3896.00    1.23395   1.20362    2.524
 3897.00    1.12439   1.24012    2.524
 3898.00    1.53648   1.27058    2.524
 3899.00    1.83212   1.29633    2.524
 3900.00    1.61581   1.31876    2.524
 3901.00    1.56343   1.33847    2.524
 3902.00    1.48311   1.35508    2.524
 3903.00    1.38830   1.36841    2.524
 3904.00    1.16374   1.37898    2.524
 3905.00    1.36448   1.38848    2.524
 3906.00    1.53902   1.40062    2.524
 3907.00    1.61321   1.41805    2.524
 3908.00    1.63731   1.44000    2.524
 3909.00    1.84015   1.46312    2.524
 3910.00    1.88037   1.48371    2.524
 3911.00    2.00137   1.49788    2.524
 3912.00    1.75259   1.50406    2.524
 3913.00    1.49111   1.50342    2.524
 3914.00    0.65119   1.49859    2.524
 3915.00    0.33354   1.49140    2.524
 3916.00    1.34600   1.48280    2.524
 3917.00    1.44282   1.47270    2.524
 3918.00    1.67516   1.46051    2.524
 3919.00    1.54130   1.44669    2.524
 3920.00    1.37107   1.43279    2.524
 3921.00    0.67489   1.42130    2.524
 3922.00    0.34460   1.41352    2.524
 3923.00    0.88999   1.40904    2.524
 3924.00    1.06852   1.40541    2.524
 3925.00    1.77340   1.39910    2.524
 3926.00    1.49234   1.38706    2.524
 3927.00    1.05747   1.36823    2.524
 3928.00    1.08731   1.34369    2.524
 3929.00    1.10477   1.31482    2.524
 3930.00    1.24722   1.28247    2.524
 3931.00    1.21255   1.24775    2.524
 3932.00    0.74506   1.21400    2.524
 3933.00    1.07846   1.18834    2.524
 3934.00    1.71084   1.17792    2.524
 3935.00    1.61607   1.18644    2.524
 3936.00    1.54842   1.21240    2.524
 3937.00    1.16022   1.25020    2.524
 3938.00    1.08284   1.29088    2.524
 3939.00    1.18984   1.32750    2.524
 3940.00    1.19121   1.35597    2.524
 3941.00    1.19445   1.37470    2.524
 3942.00    1.36734   1.38466    2.524
 3943.00    1.51693   1.38896    2.524
 3944.00    1.12865   1.39111    2.524
 3945.00    1.01416   1.39463    2.524
 3946.00    0.90389   1.40104    2.524
 3947.00    0.87319   1.40986    2.524
 3948.00    0.78134   1.41981    2.524
 3949.00    1.32526   1.42928    2.524
 3950.00    1.89418   1.43658    2.524
 3951.00    1.19496   1.44141    2.524
 3952.00    0.93245   1.44412    2.524
 3953.00    1.75233   1.44457    2.524
 3954.00    1.72157   1.44144    2.524
 3955.00    1.48452   1.43337    2.524
 3956.00    1.67110   1.41979    2.524
 3957.00    1.90721   1.40055    2.524
 3958.00    1.96000   1.37499    2.524
 3959.00    1.98488   1.34213    2.524
 3960.00    1.62319   1.30202    2.524
 3961.00    1.54200   1.25550    0.000
 3962.00    1.27769   1.20418    0.000
 3963.00    1.06960   1.14835    0.000
 3964.00    0.74961   1.08759    0.000
 3965.00    1.38114   1.02017    0.000
 3966.00    1.74874   0.94627    0.000
 3967.00    2.12769   0.87091    0.000
 3968.00    2.10757   0.80394    0.000
 3969.00    1.47684   0.75725    0.000
 3970.00    1.47505   0.74003    0.000
 3971.00    1.47167   0.75651    0.000
 3972.00    1.20783   0.80363    0.000
 3973.00    1.02044   0.87395    0.000
 3974.00    0.56191   0.95675    0.000
 3975.00    0.51680   1.04307    2.524
 3976.00    1.34250   1.12563    2.524
 3977.00    1.40596   1.20032    2.524
 3978.00    1.55451   1.26495    2.524
 3979.00    1.00858   1.31868    2.524
 3980.00    0.53854   1.36140    2.524
 3981.00    0.36030   1.39400    2.524
 3982.00    0.32917   1.41901    2.524
 3983.00    1.80837   1.43959    2.524
 3984.00    1.81522   1.45874    2.524
 3985.00    1.83553   1.47752    2.524
 3986.00    1.63135   1.49598    2.524
 3987.00    1.41883   1.51329    2.524
 3988.00    1.11033   1.52811    2.524
 3989.00    0.99508   1.54044    2.524
 3990.00    2.34484   1.55121    2.524
 3991.00    2.42767   1.56137    2.524
 3992.00    2.56675   1.57056    2.524
 3993.00    2.54937   1.57768    2.524
 3994.00    2.52748   1.58118    2.524
 3995.00    2.04717   1.58081    2.524
 3996.00    1.82183   1.57819    2.524
 3997.00    0.70254   1.57592    2.524
 3998.00    0.87667   1.57665    2.524
 3999.00    2.33924   1.58118    2.524
 4000.00    2.15972   1.58830    2.524
 4001.00    1.88478   1.59456    2.524
 4002.00    1.99054   1.59660    2.524
 4003.00    2.05177   1.59198    2.524
 4004.00    1.89950   1.58211    2.524
 4005.00    1.85205   1.57145    2.524
 4006.00    1.64888   1.56562    2.524
 4007.00    1.73632   1.56756    2.524
 4008.00    1.90038   1.57682    2.524
 4009.00    1.67160   1.59073    2.524
 4010.00    1.50992   1.60575    2.524
 4011.00    1.38534   1.61892    2.524
 4012.00    1.38599   1.62957    2.524
 4013.00    1.79601   1.63842    2.524
 4014.00    1.56438   1.64571    2.524
 4015.00    1.02467   1.65187    2.524
 4016.00    0.82971   1.65717    2.524
 4017.00    0.66267   1.66185    2.524
 4018.00    1.63987   1.66580    2.524
 4019.00    1.91318   1.66849    2.524
 4020.00    1.42468   1.66811    2.524
 4021.00    1.49070   1.66327    2.524
 4022.00    1.68572   1.65324    2.524
 4023.00    1.70628   1.63904    2.524
 4024.00    1.72757   1.62412    0.000
 4025.00    1.31225   1.61344    0.000
 4026.00    1.15824   1.60959    0.000
 4027.00    1.54591   1.61090    0.000
 4028.00    1.51131   1.61244    0.000
 4029.00    1.32732   1.60851    0.000
 4030.00    1.19222   1.59689    0.000
 4031.00    1.02295   1.58035    2.524
 4032.00    1.51866   1.56526    2.524
 4033.00    1.74966   1.55849    2.524
 4034.00    1.51201   1.56504    2.524
 4035.00    1.43488   1.58509    2.524
 4036.00    1.13418   1.61442    2.524
 4037.00    1.34772   1.64582    2.524
 4038.00    1.67276   1.67178    2.524
 4039.00    1.74370   1.68671    2.524
 4040.00    1.78456   1.68915    2.524
 4041.00    2.06647   1.67904    2.524
 4042.00    2.03059   1.65782    2.524
 4043.00    1.41253   1.62804    2.524
 4044.00    1.40282   1.59548    2.524
 4045.00    1.38473   1.56879    2.524
 4046.00    2.18884   1.55637    2.524
 4047.00    2.75421   1.56207    2.524
 4048.00    1.76827   1.58360    2.524
 4049.00    1.60538   1.61355    2.524
 4050.00    2.28365   1.64222    2.524
 4051.00    1.94874   1.66172    2.524
 4052.00    1.17378   1.66896    2.524
 4053.00    1.47410   1.66575    2.524
 4054.00    1.73014   1.65618    2.524
 4055.00    1.35199   1.64451    2.524
 4056.00    1.26707   1.63387    2.524
 4057.00    2.67729   1.62637    2.524
 4058.00    2.35106   1.62193    2.524
 4059.00    1.39491   1.61819    2.524
 4060.00    1.38282   1.61118    2.524
 4061.00    1.37036   1.59807    2.524
 4062.00    1.66250   1.57941    2.524
 4063.00    1.77030   1.55873    2.524
 4064.00    0.77345   1.54153    2.524
 4065.00    0.65291   1.53300    2.524
 4066.00    0.31438   1.53449   -1.000
 4067.00    1.06669   1.54287    0.000
 4068.00    2.00471   1.55242    0.000
 4069.00    1.42283   1.55725    0.000
 4070.00    1.15289   1.55488    0.000
 4071.00    0.68407   1.54788    2.524
 4072.00    0.84453   1.54076    2.524
 4073.00    1.89954   1.53585    2.524
 4074.00    1.71652   1.53212    2.524
 4075.00    1.43908   1.52757    2.524
 4076.00    0.78958   1.52243    2.524
 4077.00    0.41744   1.51969    2.524
 4078.00    0.96517   1.52413    2.524
 4079.00    1.03252   1.53791    2.524
 4080.00    0.94066   1.55859    2.524
 4081.00    1.09844   1.57930    2.524
 4082.00    1.39132   1.59373    2.524
 4083.00    1.60006   1.59935    2.524
 4084.00    1.74610   1.59850    2.524
 4085.00    1.69700   1.59632    2.524
 4086.00    1.66424   1.59689    2.524
 4087.00    1.33947   1.60084    2.524
 4088.00    1.53500   1.60536    2.524
 4089.00    1.98534   1.60563    2.524
 4090.00    1.94950   1.59851    2.524
 4091.00    1.91908   1.58283    2.524
 4092.00    1.36860   1.55818    2.524
 4093.00    1.23236   1.52494    2.524
 4094.00    2.34713   1.48270    2.524
 4095.00    2.19844   1.43157    0.000
 4096.00    1.76487   1.37282    0.000
 4097.00    1.27095   1.30849    0.000
 4098.00    0.76433   1.24096    0.000
 4099.00    0.94225   1.17418    0.000
 4100.00    1.00741   1.11515    0.000
 4101.00    1.72544   1.07265    0.000
 4102.00    1.52882   1.05590    0.000
 4103.00    0.69483   1.06914    0.000
 4104.00    0.53064   1.10978    0.000
 4105.00    0.32692   1.16888    0.000
 4106.00    1.22244   1.23525    0.000
 4107.00    1.63507   1.29768    0.000
 4108.00    1.63796   1.34972    2.524
 4109.00    1.53533   1.39023    2.524
 4110.00    0.99783   1.42202    2.524
 4111.00    0.71122   1.44887    2.524
 4112.00    0.27936   1.47389    2.524
 4113.00    0.80115   1.49851    2.524
 4114.00    1.09885   1.52159    2.524
 4115.00    1.00066   1.54060    2.524
 4116.00    1.13267   1.55334    2.524
 4117.00    2.27580   1.55905    2.524
 4118.00    2.17125   1.55957    2.524
 4119.00    1.97840   1.55806    2.524
 4120.00    1.58784   1.55777    2.524
 4121.00    1.31626   1.56058    2.524
 4122.00    1.11534   1.56733    2.524
 4123.00    1.04224   1.57734    2.524
 4124.00    0.59934   1.58809    2.524
 4125.00    0.62751   1.59558    2.524
 4126.00    0.69194   1.59687    2.524
 4127.00    0.68916   1.59110    2.524
 4128.00    0.68680   1.57961    2.524
 4129.00    0.89148   1.56467    2.524
 4130.00    0.95497   1.54901    2.524
 4131.00    1.26476   1.53542    2.524
 4132.00    1.60147   1.52762    2.524
 4133.00    2.57573   1.52845    2.524
 4134.00    2.76070   1.53898   -1.000
 4135.00    2.94932   1.55793   -1.000
 4136.00    1.63450   1.58135    2.524
 4137.00    1.15535   1.60372    2.524
 4138.00    1.46574   1.61986    2.524
 4139.00    1.55960   1.62517    2.524
 4140.00    1.87910   1.61711    2.524
 4141.00    1.65731   1.59636    2.524
 4142.00    1.38322   1.56836    2.524
 4143.00    1.23063   1.54191    2.524
 4144.00    1.16064   1.52582    2.524
 4145.00    0.82582   1.52401    2.524
 4146.00    0.53842   1.53442    2.524
 4147.00   -0.80438   1.55078    0.000
 4148.00   -0.80812   1.56633    0.000
 4149.00   -0.81371   1.57710    0.000
 4150.00   -0.09388   1.58236    0.000
 4151.00    0.31424   1.58358   -1.000
 4152.00    2.28685   1.58291    2.524
 4153.00    2.43008   1.58186    2.524
 4154.00    1.38502   1.58176    2.524
 4155.00    1.35583   1.58422    2.524
 4156.00    1.30224   1.59038    2.524
 4157.00    1.70639   1.60075    2.524
 4158.00    1.98629   1.61454    2.524
 4159.00    1.56992   1.62958    2.524
 4160.00    1.54747   1.64389    2.524
 4161.00    2.42455   1.65562    2.524
 4162.00    2.22128   1.66325    2.524
 4163.00    1.75846   1.66560    2.524
 4164.00    0.74313   1.66252    2.524
 4165.00   -0.10983   1.65467    0.000
 4166.00    0.59620   1.64408    2.524
 4167.00    0.82095   1.63280    2.524
 4168.00    2.20785   1.62199    2.524
 4169.00    1.97971   1.61069    2.524
 4170.00    1.32295   1.59688    2.524
 4171.00    1.62912   1.58020    2.524
 4172.00    1.94011   1.56285    2.524
 4173.00    2.14781   1.54918    2.524
 4174.00    2.22293   1.54215    2.524
 4175.00    1.63775   1.54212    2.524
 4176.00    1.46979   1.54720    2.524
 4177.00    0.90139   1.55532    2.524
 4178.00    1.05542   1.56478    2.524
 4179.00    1.24465   1.57426    2.524
 4180.00    1.36969   1.58324    2.524
 4181.00    1.42665   1.59148    2.524
 4182.00    1.49565   1.59943    2.524
 4183.00    1.61700   1.60675    2.524
 4184.00    2.21095   1.61204    2.524
 4185.00    1.93816   1.61377    2.524
 4186.00    1.53130   1.61155    2.524
 4187.00    1.28420   1.60698    2.524
 4188.00    1.14500   1.60207    2.524
 4189.00   -0.71926   1.59864    0.000
 4190.00   -0.65463   1.59817    0.000
 4191.00    1.82902   1.60056    2.524
 4192.00    1.79370   1.60389    2.524
 4193.00    1.72926   1.60436    2.524
 4194.00    1.75717   1.59844    2.524
 4195.00    1.77643   1.58535    2.524
 4196.00    1.15756   1.56645    2.524
 4197.00    1.00965   1.54506    2.524
 4198.00    0.72041   1.52510    2.524
 4199.00    0.60677   1.51010    2.524
 4200.00    0.34981   1.50223   -1.000
 4201.00    1.43608   1.50223    2.524
 4202.00    2.34325   1.51049    2.524
 4203.00    1.20873   1.52647    2.524
 4204.00    0.88986   1.54865    2.524
 4205.00    0.70702   1.57421    2.524
 4206.00    0.89006   1.59962    2.524
 4207.00    1.41298   1.62103    2.524
 4208.00    2.41770   1.63567    2.524
 4209.00    3.43425   1.64283   -1.000
 4210.00    2.78546   1.64344    2.524
 4211.00    2.55196   1.63900    2.524
 4212.00    2.75722   1.63049    2.524
 4213.00    2.48294   1.61889    2.524
 4214.00    1.44225   1.60695    2.524
 4215.00    1.88448   1.59858    2.524
 4216.00    2.42455   1.59783    2.524
 4217.00    2.25336   1.60569    2.524
 4218.00    2.17573   1.61906    2.524
 4219.00    1.32162   1.63191    2.524
 4220.00    1.32617   1.63693    2.524
 4221.00    1.69450   1.62765    2.524
 4222.00    1.83092   1.60152    2.524
 4223.00    2.03356   1.56012    2.524
 4224.00    2.33781   1.51029    2.524
 4225.00    2.50849   1.46232    2.524
 4226.00    1.09708   1.42792    2.524
 4227.00    0.97659   1.41548    2.524
 4228.00    1.53380   1.42678    2.524
 4229.00    1.70267   1.45573    2.524
 4230.00    2.00951   1.49165    2.524
 4231.00    1.98593   1.52355    2.524
 4232.00    1.96977   1.54474    2.524
 4233.00    1.85610   1.55457    2.524
 4234.00    1.86776   1.55670    2.524
 4235.00    2.33346   1.55652    2.524
 4236.00    2.19999   1.55867    2.524
 4237.00    1.89957   1.56567    2.524
 4238.00    1.55351   1.57773    2.524
 4239.00    1.26564   1.59382    2.524
 4240.00    1.59451   1.61265    2.524
 4241.00    1.67697   1.63310    2.524
 4242.00    1.32665   1.65382    2.524
 4243.00    1.38944   1.67198    2.524
 4244.00    1.56793   1.68374    2.524
 4245.00    1.91008   1.68521    2.524
 4246.00    2.25424   1.67464    2.524
 4247.00    1.77319   1.65423    2.524
 4248.00    1.60136   1.62874    2.524
 4249.00    0.96554   1.60427    2.524
 4250.00    1.00131   1.58542    2.524
 4251.00    1.19480   1.57384    2.524
 4252.00    1.10389   1.56842    2.524
 4253.00    0.99329   1.56734    2.524
 4254.00    1.37114   1.56989    2.524
 4255.00    1.54134   1.57513    2.524
 4256.00    1.82545   1.58079    2.524
 4257.00    1.81881   1.58364    2.524
 4258.00    1.67375   1.58205    2.524
 4259.00    1.53804   1.57828    2.524
 4260.00    1.33767   1.57747    2.524
 4261.00    1.22658   1.58525    2.524
 4262.00    1.16465   1.60356    2.524
 4263.00    1.76223   1.62927    2.524
 4264.00    1.84438   1.65507    2.524
 4265.00    1.84867   1.67283    2.524
 4266.00    1.68256   1.67655    2.524
 4267.00    1.38266   1.66392    2.524
 4268.00    1.77637   1.63656    2.524
 4269.00    2.04466   1.59911    2.524
 4270.00    1.39992   1.55811    2.524
 4271.00    1.25346   1.52124    2.524
 4272.00    1.03348   1.49520    2.524
 4273.00    1.24428   1.48431    2.524
 4274.00    1.71549   1.49008    2.524
 4275.00    1.67232   1.51092    2.524
 4276.00    1.63655   1.54123    2.524
 4277.00    1.62914   1.57350    2.524
 4278.00    1.62924   1.60053    2.524
 4279.00    1.71785   1.61824    2.524
 4280.00    1.72305   1.62661    2.524
 4281.00    1.73772   1.62805    2.524
 4282.00    1.79996   1.62546    2.524
 4283.00    1.86220   1.62091    2.524
 4284.00    1.61970   1.61482    2.524
 4285.00    1.53352   1.60603    2.524
 4286.00    1.70464   1.59320    2.524
 4287.00    1.62160   1.57557    2.524
 4288.00    1.30189   1.55465    2.524
 4289.00    1.28489   1.53480    2.524
 4290.00    1.26430   1.52104    2.524
 4291.00    1.26982   1.51595    2.524
 4292.00    1.27230   1.51829    2.524
 4293.00    2.07779   1.52355    2.524
 4294.00    1.95991   1.52657    2.524
 4295.00    1.06345   1.52316    2.524
 4296.00    1.10193   1.51109    2.524
 4297.00    1.15838   1.49065    2.524
 4298.00    1.28423   1.46476    2.524
 4299.00    1.35409   1.43781    2.524
 4300.00    1.67686   1.41457    2.524
 4301.00    1.78289   1.39825    2.524
 4302.00    2.24554   1.38987    2.524
 4303.00    2.08012   1.38777    2.524
 4304.00    1.78273   1.38783    2.524
 4305.00    1.58429   1.38580    2.524
 4306.00    1.44962   1.37979    2.524
 4307.00    1.40338   1.37185    2.524
 4308.00    1.41424   1.36686    2.524
 4309.00    1.67188   1.36985    2.524
 4310.00    1.76359   1.38385    2.524
 4311.00    1.96766   1.40938    2.524
 4312.00    1.52672   1.44519    2.524
 4313.00    1.16353   1.48955    2.524
 4314.00    1.58610   1.54018    2.524
 4315.00    1.68991   1.59325    2.524
 4316.00    1.25747   1.64318    2.524
 4317.00    1.48436   1.68326    2.524
 4318.00    2.12117   1.70807    2.524
 4319.00    2.07938   1.71468    2.524
 4320.00    2.03775   1.70261    2.524
 4321.00    1.76639   1.67353    2.524
 4322.00    1.67068   1.63123    2.524
 4323.00    2.13357   1.58233    2.524
 4324.00    1.99241   1.53700    2.524
 4325.00    1.43930   1.50621    2.524
 4326.00    1.04853   1.49735    2.524
 4327.00    0.57785   1.51015    2.524
 4328.00    1.18158   1.53744    2.524
 4329.00    1.45043   1.56831    2.524
 4330.00    1.93198   1.59339    2.524
 4331.00    1.94505   1.60722    2.524
 4332.00    1.82937   1.60767    0.000
 4333.00    1.80849   1.59370    0.000
 4334.00    1.77798   1.56375    0.000
 4335.00    1.97511   1.51579    0.000
 4336.00    2.08383   1.44995    0.000
 4337.00    2.39159   1.37191    0.000
 4338.00    2.44591   1.29290    0.000
 4339.00    2.54410   1.22742    0.000
 4340.00    2.30637   1.18871    0.000
 4341.00    1.88168   1.18350    0.000
 4342.00    0.87750   1.21007    0.000
 4343.00    0.19873   1.26052    0.000
 4344.00    1.91365   1.32413    0.000
 4345.00    2.01694   1.39107    0.000
 4346.00   -0.96518   1.45378    0.000
 4347.00   -0.58694   1.50644    0.000
 4348.00    0.24896   1.54458   -1.000
 4349.00    1.28809   1.56574    2.524
 4350.00    2.13895   1.57150    2.524
 4351.00    1.49269   1.56820    2.524
 4352.00    1.29383   1.56447    2.524
 4353.00    0.36866   1.56764   -1.000
 4354.00    0.67911   1.58050    2.524
 4355.00    1.54391   1.60112    2.524
 4356.00    1.60327   1.62482    2.524
 4357.00    1.66216   1.64729    2.524
 4358.00    1.32883   1.66668    2.524
 4359.00    1.21185   1.68364    2.524
 4360.00    0.81699   1.69959    2.524
 4361.00    0.79596   1.71540    2.524
 4362.00    0.75130   1.73067    2.524
 4363.00    0.87979   1.74375    2.524
 4364.00    1.03365   1.75207    2.524
 4365.00    1.72156   1.75319    2.524
 4366.00    2.02648   1.74640    2.524
 4367.00    1.92927   1.73321    2.524
 4368.00    1.88938   1.71655    2.524
 4369.00    1.72909   1.69912    2.524
 4370.00    1.18032   1.68209    2.524
 4371.00    0.38151   1.66498   -1.000
 4372.00    1.03142   1.64701    2.524
 4373.00    1.38833   1.62889    2.524
 4374.00    1.59796   1.61364    2.524
 4375.00    1.67472   1.60492    2.524
 4376.00    2.02856   1.60401    2.524
 4377.00    2.20156   1.60835    2.524
 4378.00    2.50930   1.61153    2.524
 4379.00    2.37619   1.60577    2.524
 4380.00    2.28675   1.58534    2.524
 4381.00    1.49044   1.54979    2.524
 4382.00    1.51825   1.50573    2.524
 4383.00    3.80766   1.46465   -1.000
 4384.00    3.35866   1.43799   -1.000
 4385.00    2.37083   1.43184    2.524
 4386.00    2.18587   1.44490    2.524
 4387.00    2.03501   1.47009    2.524
 4388.00    1.40781   1.49900    2.524
 4389.00    1.26746   1.52547    2.524
 4390.00    2.23952   1.54727    2.524
 4391.00    1.99912   1.56491    2.524
 4392.00    1.33281   1.57973    2.524
 4393.00    0.77905   1.59330    2.524
 4394.00    0.23280   1.60705   -1.000
 4395.00    1.37734   1.62160    2.524
 4396.00    1.77593   1.63573    2.524
 4397.00    2.21590   1.64663    2.524
 4398.00    1.83894   1.65141    2.524
 4399.00    0.45182   1.64830   -1.000
 4400.00    0.85097   1.63705    2.524
 4401.00    1.32704   1.61861    2.524
 4402.00    2.11342   1.59480    2.524
 4403.00    2.45960   1.56895    2.524
 4404.00    3.96925   1.54608   -1.000
 4405.00    4.19477   1.53164   -1.000
 4406.00    4.76161   1.52983   -1.000
 4407.00    3.62716   1.54218   -1.000
 4408.00    1.98580   1.56693    2.524
 4409.00    2.07308   1.59897    2.524
 4410.00    2.12071   1.63098    2.524
 4411.00    1.47487   1.65529    2.524
 4412.00    1.40084   1.66613    2.524
 4413.00    1.47272   1.66230    2.524
 4414.00    1.44017   1.64851    2.524
 4415.00    1.38262   1.63372    2.524
 4416.00    1.18706   1.62687    2.524
 4417.00    1.05648   1.63266    2.524
 4418.00    1.06489   1.64920    2.524
 4419.00    1.09495   1.66945    2.524
 4420.00    1.44218   1.68548    2.524
 4421.00    1.67516   1.69267    2.524
 4422.00    2.18422   1.69128    2.524
 4423.00    1.66594   1.68487    2.524
 4424.00    1.24489   1.67766    2.524
 4425.00    1.28085   1.67263    2.524
 4426.00    1.32201   1.67065    2.524
 4427.00    2.40662   1.67102    2.524
 4428.00    1.63001   1.67255    2.524
 4429.00   -0.50638   1.67407    0.000
 4430.00    0.03809   1.67439   -1.000
 4431.00    0.57204   1.67213    2.524
 4432.00    1.01441   1.66643    2.524
 4433.00    1.16768   1.65812    2.524
 4434.00    1.12546   1.65062    2.524
 4435.00    1.30767   1.64855    2.524
 4436.00    1.95949   1.65526    2.524
 4437.00    2.18786   1.67012    2.524
 4438.00    2.45918   1.68820    2.524
 4439.00    2.39415   1.70276    2.524
 4440.00    2.36566   1.70915    2.524
 4441.00    0.78994   1.70769    2.524
 4442.00    0.62871   1.70354    2.524
 4443.00    0.39194   1.70332   -1.000
 4444.00    1.14768   1.71092    2.524
 4445.00    2.23452   1.72564    2.524
 4446.00    2.14274   1.74326    2.524
 4447.00    2.09288   1.75872    2.524
 4448.00    1.72640   1.76832    2.524
 4449.00    1.55613   1.77058    2.524
 4450.00    0.68976   1.76544    2.524
 4451.00    0.77928   1.75286    2.524
 4452.00    0.93686   1.73295    2.524
 4453.00    0.51604   1.70699   -1.000
 4454.00    0.23618   1.67821   -1.000
 4455.00    0.92587   1.65120    2.524
 4456.00    1.08690   1.63006    2.524
 4457.00    1.42848   1.61700    2.524
 4458.00    1.39133   1.61190    2.524
 4459.00    1.31052   1.61319    2.524
 4460.00    1.38174   1.61948    2.524
 4461.00    1.43926   1.63007    2.524
 4462.00    2.19634   1.64434    2.524
 4463.00    2.36200   1.66081    2.524
 4464.00    1.24292   1.67679    2.524
 4465.00    1.32240   1.68919    2.524
 4466.00    1.53997   1.69586    2.524
 4467.00    1.46620   1.69671    2.524
 4468.00    1.39414   1.69410    2.524
 4469.00    1.72323   1.69210    0.000
 4470.00    1.83638   1.69482    0.000
 4471.00    1.91365   1.70468    0.000
 4472.00    1.96841   1.72154    0.000
 4473.00    2.15741   1.74291    0.000
 4474.00    2.02955   1.76488    0.000
 4475.00    1.87854   1.78354    0.000
 4476.00    1.82113   1.79532    2.524
 4477.00    1.79615   1.79738    2.524
 4478.00    0.67781   1.78853    2.524
 4479.00    0.81251   1.77086    2.524
 4480.00    1.83173   1.75013    2.524
 4481.00    2.23316   1.73393    2.524
 4482.00    2.80814   1.72904    2.524
 4483.00    2.22437   1.73775    2.524
 4484.00    1.90922   1.75652    2.524
 4485.00    0.39633   1.77745   -1.000
 4486.00    0.37035   1.79250   -1.000
 4487.00    1.52313   1.79703    2.524
 4488.00    1.64314   1.79175    2.524
 4489.00    1.85304   1.78113    2.524
 4490.00    2.10202   1.77022    2.524
 4491.00    2.26692   1.76200    2.524
 4492.00    1.45242   1.75650    2.524
 4493.00    1.31465   1.75268    2.524
 4494.00    1.52183   1.75010    2.524
 4495.00    1.62708   1.74966    2.524
 4496.00    1.85448   1.75281    2.524
 4497.00    1.81718   1.75981    2.524
 4498.00    1.78724   1.76945    2.524
 4499.00    1.95861   1.78023    2.524
 4500.00    1.98751   1.79167    2.524
 4501.00    1.48438   1.80511    2.524
 4502.00    1.66836   1.82170    2.524
 4503.00    2.16819   1.84144    2.524
 4504.00    1.86871   1.86165    2.524
 4505.00    1.57730   1.87841    2.524
 4506.00    2.34241   1.88878    2.524
 4507.00    2.60412   1.89202    2.524
 4508.00    2.15741   1.88978    2.524
 4509.00    1.84139   1.88449    2.524
 4510.00    0.75831   1.87750   -1.000
 4511.00    1.14695   1.86897    2.524
 4512.00    1.60326   1.85862    2.524
 4513.00    1.63654   1.84694    2.524
 4514.00    1.65096   1.83537    2.524
 4515.00    1.35728   1.82576    2.524
 4516.00    1.34529   1.81935    2.524
 4517.00    1.38354   1.81652    2.524
 4518.00    1.80544   1.81692    2.524
 4519.00    2.40729   1.81936    2.524
 4520.00    2.73955   1.82215    2.524
 4521.00    2.91815   1.82295    2.524
 4522.00    2.11924   1.81927    2.524
 4523.00    1.89675   1.80917    2.524
 4524.00    1.05496   1.79163    2.524
 4525.00    0.77534   1.76733    2.524
 4526.00    0.28937   1.73857   -1.000
 4527.00    1.60662   1.70893    2.524
 4528.00    2.47376   1.68287    2.524
 4529.00    2.27521   1.66411    2.524
 4530.00    2.22687   1.65426    2.524
 4531.00    2.10017   1.65217    2.524
 4532.00    2.40164   1.65488    2.524
 4533.00    3.05003   1.65979   -1.000
 4534.00    1.78915   1.66655    2.524
 4535.00    0.78089   1.67712    2.524
 4536.00    1.70511   1.69353    2.524
 4537.00    1.97003   1.71546    2.524
 4538.00    2.72237   1.73949    2.524
 4539.00    2.55057   1.76076    2.524
 4540.00    2.08612   1.77561    2.524
 4541.00    1.79723   1.78301    2.524
 4542.00    1.51778   1.78456    2.524
 4543.00    1.20633   1.78271    2.524
 4544.00    1.10062   1.77936    2.524
 4545.00    0.76445   1.77537    2.524
 4546.00    1.14787   1.77081    2.524
 4547.00    2.50511   1.76585    2.524
 4548.00    2.13143   1.76120    2.524
 4549.00    1.69442   1.75787    2.524
 4550.00    1.78937   1.75618    2.524
 4551.00    1.83021   1.75561    2.524
 4552.00    1.92515   1.75517    2.524
 4553.00    1.82485   1.75446    2.524
 4554.00    1.32320   1.75471    2.524
 4555.00    1.19115   1.75870    2.524
 4556.00    1.00392   1.76923    2.524
 4557.00    1.78231   1.78698    2.524
 4558.00    2.19802   1.80992    2.524
 4559.00    1.89264   1.83323    2.524
 4560.00    1.82101   1.85160    2.524
 4561.00    1.59094   1.86115    2.524
 4562.00    1.56102   1.86098    2.524
 4563.00    1.50925   1.85343    2.524
 4564.00    0.87143   1.84320    2.524
 4565.00    0.45411   1.83555   -1.000
 4566.00    1.82982   1.83410    2.524
 4567.00    2.06609   1.83897    2.524
 4568.00    1.82264   1.84703    2.524
 4569.00    1.50630   1.85370    2.524
 4570.00    0.83052   1.85589    2.524
 4571.00    1.19309   1.85381    2.524
 4572.00    1.48188   1.85018    2.524
 4573.00    2.29910   1.84826    2.524
 4574.00    2.50083   1.84943    2.524
 4575.00    2.23568   1.85228    2.524
 4576.00    2.08337   1.85335    2.524
 4577.00    1.67466   1.84911    2.524
 4578.00    1.62536   1.83800    2.524
 4579.00    1.57794   1.82127    2.524
 4580.00    2.01031   1.80219    2.524
 4581.00    2.15632   1.78490    2.524
 4582.00    1.25992   1.77258    2.524
 4583.00    1.31182   1.76645    2.524
 4584.00    1.53609   1.76609    2.524
 4585.00    1.62573   1.77041    2.524
 4586.00    1.73014   1.77847    2.524
 4587.00    1.76354   1.78934    2.524
 4588.00    1.77784   1.80148    2.524
 4589.00    3.09195   1.81237   -1.000
 4590.00    3.15221   1.81907   -1.000
 4591.00    3.03161   1.81971    2.524
 4592.00    3.36073   1.81447   -1.000
 4593.00    3.82461   1.80560   -1.000
 4594.00    3.53445   1.79637   -1.000
 4595.00    3.38015   1.78967   -1.000
 4596.00    2.30411   1.78682    2.524
 4597.00    2.23511   1.78748    2.524
 4598.00    2.65548   1.79014    2.524
 4599.00    2.73583   1.79309    2.524
 4600.00    2.87429   1.79513    2.524
 4601.00    2.57919   1.79586    2.524
 4602.00    2.38690   1.79572    2.524
 4603.00    1.19520   1.79579    2.524
 4604.00    1.24672   1.79757    2.524
 4605.00    4.29291   1.80267   -1.000
 4606.00    3.92294   1.81248   -1.000
 4607.00    3.13612   1.82728   -1.000
 4608.00    1.75147   1.84549    2.524
 4609.00    0.65513   1.86400   -1.000
 4610.00   -0.41685   1.87912    0.000
 4611.00   -0.65559   1.88834    0.000
 4612.00    0.34270   1.89151   -1.000
 4613.00    0.57220   1.89066   -1.000
 4614.00    1.18505   1.88865    2.524
 4615.00    1.26359   1.88768    2.524
 4616.00    1.33884   1.88839    2.524
 4617.00    2.04352   1.89012    2.524
 4618.00    2.27964   1.89201    2.524
 4619.00    2.20668   1.89369    2.524
 4620.00    2.14518   1.89539    2.524
 4621.00    1.93670   1.89735    2.524
 4622.00    2.13036   1.89934    2.524
 4623.00    2.35463   1.90045    2.524
 4624.00    2.10518   1.89959    2.524
 4625.00    1.99911   1.89618    2.524
 4626.00   -0.29128   1.89055    0.000
 4627.00    0.08023   1.88387   -1.000
 4628.00    2.48186   1.87768    2.524
 4629.00    1.70074   1.87314    2.524
 4630.00    0.60424   1.87046   -1.000
 4631.00    2.27994   1.86873    2.524
 4632.00    3.16532   1.86637   -1.000
 4633.00   -0.12664   1.86188    0.000
 4634.00   -0.30796   1.85435    0.000
 4635.00    1.12531   1.84390    2.524
 4636.00    1.66240   1.83154    2.524
 4637.00    2.58222   1.81878    2.524
 4638.00    3.03427   1.80736    2.524
 4639.00    3.32703   1.79885   -1.000
 4640.00    2.69659   1.79427    2.524
 4641.00    2.62130   1.79324    2.524
 4642.00    3.06986   1.79382   -1.000
 4643.00    2.48544   1.79265    2.524
 4644.00    1.25088   1.78675    2.524
 4645.00    1.02740   1.77529    2.524
 4646.00    0.85151   1.76057    2.524
 4647.00    2.78394   1.74741    2.524
 4648.00    3.25323   1.74089   -1.000
 4649.00    2.66330   1.74395    2.524
 4650.00    2.92087   1.75591    2.524
 4651.00    3.60358   1.77287   -1.000
 4652.00    2.43144   1.78965    2.524
 4653.00    1.31298   1.80236    2.524
 4654.00    2.69941   1.81007    2.524
 4655.00    3.16155   1.81505   -1.000
 4656.00    6.47187   1.82130   -1.000
 4657.00    5.52807   1.83228   -1.000
 4658.00    2.17214   1.84859    2.524
 4659.00    3.62714   1.86743   -1.000
 4660.00    5.30223   1.88346   -1.000
 4661.00    3.78702   1.89112   -1.000
 4662.00    3.14577   1.88701   -1.000
 4663.00    2.82474   1.87078    2.524
 4664.00    2.85415   1.84483    2.524
 4665.00    3.08120   1.81337    2.524
 4666.00    3.75486   1.78132   -1.000
 4667.00    4.69672   1.75390   -1.000
 4668.00    3.60324   1.73573   -1.000
 4669.00    3.02798   1.72971    2.524
 4670.00    1.81843   1.73574    2.524
 4671.00    1.43109   1.75068    2.524
 4672.00   -0.17077   1.76963    0.000
 4673.00    0.38924   1.78790   -1.000
 4674.00    1.34229   1.80263    2.524
 4675.00    1.86280   1.81276    2.524
 4676.00    2.19852   1.81820    2.524
 4677.00   -1.11727   1.81889    0.000
 4678.00   -1.49703   1.81468    0.000
 4679.00    0.93450   1.80616    2.524
 4680.00    0.95517   1.79520    2.524
 4681.00    0.99864   1.78458    2.524
 4682.00    2.06174   1.77688    2.524
 4683.00    2.89518   1.77347    2.524
 4684.00    2.35631   1.77399    2.524
 4685.00    2.12850   1.77691    2.524
 4686.00   -0.26143   1.78049    0.000
 4687.00    0.47258   1.78362   -1.000
 4688.00    2.40867   1.78598    2.524
 4689.00    1.94703   1.78788    2.524
 4690.00    1.50911   1.78989    2.524
 4691.00    1.07299   1.79256    2.524
 4692.00    0.92876   1.79635    2.524
 4693.00    0.83878   1.80133    2.524
 4694.00    0.71237   1.80679    2.524
 4695.00    0.28655   1.81107   -1.000
 4696.00    0.08320   1.81204   -1.000
 4697.00   -0.14998   1.80810    0.000
 4698.00    1.03312   1.79895    2.524
 4699.00    1.53032   1.78597    2.524
 4700.00    3.17106   1.77169   -1.000
 4701.00    3.13053   1.75889   -1.000
 4702.00    2.48968   1.74965    2.524
 4703.00    2.52087   1.74490    2.524
 4704.00    2.56422   1.74419    2.524
 4705.00    2.09820   1.74607    2.524
 4706.00    1.85462   1.74864    2.524
 4707.00    1.61802   1.75048    2.524
 4708.00    1.63063   1.75137    2.524
 4709.00    1.89506   1.75215    2.524
 4710.00    1.91043   1.75390    2.524
 4711.00    1.93649   1.75698    2.524
 4712.00    1.76320   1.76096    2.524
 4713.00    1.65212   1.76537    2.524
 4714.00    1.78705   1.77061    2.524
 4715.00    1.61501   1.77804    2.524
 4716.00   -0.48581   1.78919    0.000
 4717.00   -0.39269   1.80447    0.000
 4718.00   -0.19817   1.82255    0.000
 4719.00   -0.40399   1.84079    0.000
 4720.00   -0.56471   1.85638    0.000
 4721.00    0.96688   1.86742    2.524
 4722.00    1.36032   1.87327    2.524
 4723.00    1.61457   1.87409    2.524
 4724.00    1.45671   1.86994    2.524
 4725.00    1.04338   1.86039    2.524
 4726.00    1.40498   1.84485    2.524
 4727.00    1.74599   1.82377    2.524
 4728.00    1.96587   1.79960    2.524
 4729.00    2.03821   1.77672    2.524
 4730.00    0.98358   1.75981    2.524
 4731.00    1.11995   1.75196    2.524
 4732.00    1.61232   1.75337    2.524
 4733.00    1.88696   1.76159    2.524
 4734.00    2.20067   1.77298    2.524
 4735.00    1.71053   1.78433    2.524
 4736.00    1.50552   1.79396    2.524
 4737.00    1.66987   1.80168    2.524
 4738.00    1.74400   1.80808    2.524
 4739.00    2.03353   1.81366    2.524
 4740.00    1.30712   1.81837    2.524
 4741.00    0.30367   1.82201   -1.000
 4742.00   -0.13149   1.82467    0.000
 4743.00   -0.35795   1.82713    0.000
 4744.00    1.79128   1.83042    2.524
 4745.00    2.08469   1.83540    2.524
 4746.00    2.36798   1.84221    2.524
 4747.00    2.25764   1.85029    2.524
 4748.00    2.07143   1.85845    2.524
 4749.00    1.42583   1.86522    2.524
 4750.00    1.01368   1.86906    2.524
 4751.00    1.22909   1.86886    2.524
 4752.00    1.21544   1.86427    2.524
 4753.00    0.66841   1.85605   -1.000
 4754.00    1.07498   1.84604    2.524
 4755.00    1.92053   1.83650    2.524
 4756.00    1.98982   1.82927    2.524
 4757.00    2.04360   1.82496    2.524
 4758.00    2.20349   1.82267    2.524
 4759.00    2.23434   1.82042    2.524
 4760.00    2.01778   1.81589    2.524
 4761.00    2.13933   1.80730    2.524
 4762.00    2.45604   1.79416    2.524
 4763.00    1.92421   1.77765    2.524
 4764.00    1.42461   1.76041    2.524
 4765.00    1.80149   1.74585    2.524
 4766.00    1.92451   1.73703    2.524
 4767.00    1.84503   1.73569    2.524
 4768.00    1.91370   1.74161    2.524
 4769.00    2.14568   1.75271    2.524
 4770.00    2.38110   1.76597    2.524
 4771.00    2.64844   1.77877    2.524
 4772.00    1.95423   1.78984    2.524
 4773.00    1.66589   1.79941    2.524
 4774.00    2.50121   1.80818    2.524
 4775.00    2.75294   1.81638    2.524
 4776.00    3.65930   1.82327   -1.000
 4777.00    2.53309   1.82761    2.524
 4778.00    0.98357   1.82838    2.524
 4779.00    2.36477   1.82519    2.524
 4780.00    3.07891   1.81831    2.524
 4781.00    1.60198   1.80848    2.524
 4782.00    1.38148   1.79680    2.524
 4783.00    1.05056   1.78475    2.524
 4784.00    1.46292   1.77399    2.524
 4785.00    2.15449   1.76599    2.524
 4786.00    1.95469   1.76161    2.524
 4787.00    1.82792   1.76102    2.524
 4788.00    3.10209   1.76401   -1.000
 4789.00    3.17163   1.77044   -1.000
 4790.00    1.55272   1.78053    2.524
 4791.00    1.04691   1.79463    2.524
 4792.00    0.00197   1.81265   -1.000
 4793.00    0.57471   1.83337   -1.000
 4794.00    1.01664   1.85414    2.524
 4795.00    2.19002   1.87129    2.524
 4796.00    2.43274   1.88148    2.524
 4797.00    1.33154   1.88320    2.524
 4798.00    1.25754   1.87775    2.524
 4799.00    1.06610   1.86889    2.524
 4800.00    1.10567   1.86114    2.524
 4801.00    1.14271   1.85762    2.524
 4802.00    0.94490   1.85851    2.524
 4803.00    0.88068   1.86130    2.524
 4804.00    2.03516   1.86242    2.524
 4805.00    1.95770   1.85942    2.524
 4806.00    1.67406   1.85224    2.524
 4807.00    1.34290   1.84302    2.524
 4808.00    0.96905   1.83472    2.524
 4809.00    1.48852   1.82966    2.524
 4810.00    1.70327   1.82862    2.524
 4811.00    2.27992   1.83098    2.524
 4812.00    2.36529   1.83552    2.524
 4813.00    2.59722   1.84128    2.524
 4814.00    2.59190   1.84792    2.524
 4815.00    2.58461   1.85557    2.524
 4816.00    2.01543   1.86418    2.524
 4817.00    1.72243   1.87309    2.524
 4818.00    1.23156   1.88082    2.524
 4819.00    1.46557   1.88534    2.524
 4820.00    3.29360   1.88471   -1.000
 4821.00    2.97268   1.87788    2.524
 4822.00    2.43780   1.86550    2.524
 4823.00    2.27472   1.85015    2.524
 4824.00    2.17168   1.83557    2.524
 4825.00    2.41546   1.82510    2.524
 4826.00    2.41887   1.82003    2.524
 4827.00    2.01884   1.81913    2.524
 4828.00    2.24781   1.81958    2.524
 4829.00    2.71874   1.81867    2.524
 4830.00    2.76917   1.81531    2.524
 4831.00    2.80793   1.81034    2.524
 4832.00    2.54799   1.80586    2.524
 4833.00    2.47842   1.80398    2.524
 4834.00    2.33952   1.80569    2.524
 4835.00    2.03553   1.81023    2.524
 4836.00    1.25300   1.81544    2.524
 4837.00    1.70479   1.81870    2.524
 4838.00    2.12508   1.81822    2.524
 4839.00    3.35465   1.81375   -1.000
 4840.00    3.75074   1.80652   -1.000
 4841.00    0.37454   1.79855   -1.000
 4842.00    0.50900   1.79183   -1.000
 4843.00    1.01879   1.78769    2.524
 4844.00    1.16108   1.78653    2.524
 4845.00    1.32108   1.78774    2.524
 4846.00    1.65231   1.78980    2.524
 4847.00    1.78826   1.79081    2.524
 4848.00    1.22366   1.78925    2.524
 4849.00    1.25389   1.78443    2.524
