 2771.00    0.63842   0.34283    2.632
 2772.00    0.66638   0.34791    2.632
 2773.00    0.67644   0.35187    2.632
 2774.00   -0.13326   0.35436    0.000
 2775.00   -0.52520   0.35540    0.000
 2776.00   -0.26470   0.35491    0.000
 2777.00   -0.09959   0.35236    0.000
 2778.00   -0.04094   0.34674    0.000
 2779.00    0.00699   0.33603    2.632
 2780.00   -0.20489   0.32074    0.000
 2781.00   -0.42650   0.30390    0.000
 2782.00   -0.55163   0.28817    0.000
 2783.00   -0.71971   0.27588    0.000
 2784.00   -0.39650   0.26783    0.000
 2785.00    0.16522   0.26314    2.632
 2786.00    0.22426   0.26009    2.632
 2787.00    0.35962   0.25643    2.632
 2788.00    0.29599   0.24982    2.632
 2789.00    0.09634   0.23765    2.632
 2790.00    0.14935   0.22040    2.632
 2791.00    0.39055   0.20144    2.632
 2792.00    0.41082   0.18369    2.632
 2793.00    0.56144   0.16984    2.632
 2794.00    0.55034   0.16087    2.632
 2795.00    0.36544   0.15609    2.632
 2796.00    0.36544   0.15428    2.632
 2797.00    0.02677   0.15427    2.632
 2798.00    0.02511   0.15536    2.632
 2799.00    0.33833   0.15769    2.632
 2800.00    0.36069   0.16104    2.632
 2801.00    0.08223   0.16474    2.632
 2802.00    0.04120   0.16820    2.632
 2803.00    0.06119   0.17095    2.632
 2804.00    0.06588   0.17289    2.632
 2805.00   -0.21228   0.17448    0.000
 2806.00   -0.30597   0.17676    0.000
 2807.00   -0.45038   0.18148    0.000
 2808.00   -0.51632   0.19091    0.000
 2809.00    0.00205   0.20850    2.632
 2810.00    0.31307   0.23332    2.632
 2811.00    0.45483   0.26055    2.632
 2812.00    0.56487   0.28615    2.632
 2813.00    0.23855   0.30624    2.632
 2814.00   -0.08586   0.31945    0.000
 2815.00    0.13629   0.32702    2.632
 2816.00    0.41937   0.33148    2.632
 2817.00    0.32649   0.33583    2.632
 2818.00    0.17360   0.34291    2.632
 2819.00    0.19280   0.35569    2.632
 2820.00    0.23428   0.37358    2.632
 2821.00    0.28298   0.39318    2.632
 2822.00    0.42572   0.41164    2.632
 2823.00    0.38845   0.42613    2.632
 2824.00    0.23250   0.43560    2.632
 2825.00    0.20337   0.44076    2.632
 2826.00    0.01077   0.44301    2.632
 2827.00    0.04155   0.44367    2.632
 2828.00    0.45472   0.44368    2.632
 2829.00    0.45068   0.44333    2.632
 2830.00   -0.06199   0.44277    0.000
 2831.00   -0.06199   0.44214    0.000
 2832.00    0.21904   0.44155    2.632
 2833.00    0.23506   0.44108    2.632
 2834.00    0.39287   0.44075    2.632
 2835.00    0.41352   0.44044    2.632
 2836.00    0.68035   0.43991    2.632
 2837.00    0.73783   0.43875    2.632
 2838.00    0.82100   0.43640    2.632
 2839.00    0.84712   0.43203    2.632
 2840.00    0.87620   0.42591    2.632
 2841.00    0.88871   0.41919    2.632
 2842.00    0.43324   0.41284    2.632
 2843.00    0.17446   0.40783    2.632
 2844.00    0.19079   0.40446    2.632
 2845.00    0.20282   0.40232    2.632
 2846.00    0.22116   0.40048    2.632
 2847.00    0.23849   0.39765    2.632
 2848.00    0.51331   0.39234    2.632
 2849.00    0.84566   0.38268    2.632
 2850.00    0.65297   0.36921    2.632
 2851.00    0.35238   0.35440    2.632
 2852.00    0.06217   0.34043    2.632
 2853.00   -0.52945   0.32945    0.000
 2854.00   -0.33762   0.32241    0.000
 2855.00    0.18812   0.31920    2.632
 2856.00    0.23986   0.31955    2.632
 2857.00    0.43981   0.32410    2.632
 2858.00    0.46115   0.33451    2.632
 2859.00    0.58798   0.35376    2.632
 2860.00    0.60645   0.38057    2.632
 2861.00    0.81320   0.41013    2.632
 2862.00    0.80530   0.43808    2.632
 2863.00    0.42814   0.46018    2.632
 2864.00    0.42814   0.47482    2.632
 2865.00    1.05659   0.48307    2.632
 2866.00    1.08347   0.48746    2.632
 2867.00    0.40627   0.49051    2.632
 2868.00    0.32848   0.49436    2.632
 2869.00    0.69586   0.50077    2.632
 2870.00    0.76822   0.50956    2.632
 2871.00    0.84243   0.51923    2.632
 2872.00    0.86413   0.52838    2.632
 2873.00    0.31131   0.53562    2.632
 2874.00    0.08760   0.54039    2.632
 2875.00    0.06812   0.54291    2.632
 2876.00    0.05764   0.54375    2.632
 2877.00    0.40773   0.54329    2.632
 2878.00    0.65265   0.54152    2.632
 2879.00    0.51873   0.53811    2.632
 2880.00    0.39847   0.53335    2.632
 2881.00    0.35662   0.52808    2.632
 2882.00    0.30854   0.52309    2.632
 2883.00    0.38371   0.51915    2.632
 2884.00    0.49492   0.51659    2.632
 2885.00    0.52154   0.51531    2.632
 2886.00    0.57282   0.51507    2.632
 2887.00    0.47801   0.51583    2.632
 2888.00    0.23453   0.51778    2.632
 2889.00    0.21347   0.52134    2.632
 2890.00    0.13804   0.52627    2.632
 2891.00    0.19852   0.53175    2.632
 2892.00    0.52392   0.53694    2.632
 2893.00    0.55372   0.54109    2.632
 2894.00    0.83770   0.54388    2.632
 2895.00    0.82712   0.54548    2.632
 2896.00    0.51907   0.54635    2.632
 2897.00    0.51907   0.54705    2.632
 2898.00    1.10415   0.54835    2.632
 2899.00    1.12121   0.55154    2.632
 2900.00    0.71048   0.55858    2.632
 2901.00    0.66970   0.57226    2.632
 2902.00    0.17645   0.59514    2.632
 2903.00    0.08814   0.62248    2.632
 2904.00    0.65380   0.65088    2.632
 2905.00    0.80724   0.67537    2.632
 2906.00    0.68729   0.69297    2.632
 2907.00    0.64170   0.70349    2.632
 2908.00    0.53188   0.70873    2.632
 2909.00    0.47608   0.71092    2.632
 2910.00    0.60405   0.71173    2.632
 2911.00    0.68889   0.71199    2.632
 2912.00    0.98390   0.71214    2.632
 2913.00    1.23567   0.71223    2.632
 2914.00    1.10262   0.71224    2.632
 2915.00    0.95734   0.71200    2.632
 2916.00    0.82840   0.71111    2.632
 2917.00    0.64741   0.70884    2.632
 2918.00    0.67822   0.70407    2.632
 2919.00    0.73433   0.69564    2.632
 2920.00    0.73030   0.68406    2.632
 2921.00    0.72056   0.67114    2.632
 2922.00    0.70068   0.65888    2.632
 2923.00    0.63446   0.64913    2.632
 2924.00    0.66608   0.64263    2.632
 2925.00    0.82112   0.63904    2.632
 2926.00    0.78717   0.63742    2.632
 2927.00    0.50587   0.63685    2.632
 2928.00    0.49497   0.63674    2.632
 2929.00    0.26834   0.63680    2.632
 2930.00    0.26834   0.63689    2.632
 2931.00    0.77379   0.63699    2.632
 2932.00    0.78181   0.63709    2.632
 2933.00    0.58702   0.63718    2.632
 2934.00    0.57068   0.63724    2.632
 2935.00    0.65567   0.63720    2.632
 2936.00    0.66941   0.63690    2.632
 2937.00    0.72846   0.63605    2.632
 2938.00    0.74329   0.63420    2.632
 2939.00    0.27026   0.63092    2.632
 2940.00    0.10173   0.62643    2.632
 2941.00    0.63498   0.62140    2.632
 2942.00    0.89082   0.61661    2.632
 2943.00    0.98726   0.61281    2.632
 2944.00    1.04783   0.61028    2.632
 2945.00    0.95811   0.60890    2.632
 2946.00    0.88536   0.60830    2.632
 2947.00    0.67016   0.60812    2.632
 2948.00    0.44683   0.60813    2.632
 2949.00    0.40624   0.60821    2.632
 2950.00    0.35220   0.60830    2.632
 2951.00    0.44649   0.60840    2.632
 2952.00    0.60899   0.60850    2.632
 2953.00    0.86788   0.60862    2.632
 2954.00    1.45597   0.60880    2.632
 2955.00    1.20512   0.60915    2.632
 2956.00    0.42643   0.60995    2.632
 2957.00    0.37259   0.61168    2.632
 2958.00    0.13084   0.61512    2.632
 2959.00    0.14965   0.62091    2.632
 2960.00    0.28686   0.62872    2.632
 2961.00    0.35786   0.63747    2.632
 2962.00    1.49870   0.64581    2.632
 2963.00    1.49870   0.65252    2.632
 2964.00    0.80663   0.65709    2.632
 2965.00    0.80460   0.65973    2.632
 2966.00   -0.09987   0.66104    0.000
 2967.00   -0.16244   0.66163    0.000
 2968.00    0.51411   0.66190    2.632
 2969.00    0.61206   0.66205    2.632
 2970.00    0.49956   0.66217    2.632
 2971.00    0.47352   0.66227    2.632
 2972.00   -0.09080   0.66238    0.000
 2973.00   -0.27890   0.66249    0.000
 2974.00    0.40407   0.66261    2.632
 2975.00    0.71311   0.66274    2.632
 2976.00    0.87954   0.66292    2.632
 2977.00    0.97856   0.66319    2.632
 2978.00    0.67625   0.66364    2.632
 2979.00    0.44345   0.66432    2.632
 2980.00    0.44934   0.66520    2.632
 2981.00    0.45515   0.66618    2.632
 2982.00    0.64525   0.66711    2.632
 2983.00    0.88536   0.66789    2.632
 2984.00    0.98343   0.66845    2.632
 2985.00    1.14353   0.66882    2.632
 2986.00    0.98158   0.66905    2.632
 2987.00    0.63481   0.66921    2.632
 2988.00    0.58730   0.66933    2.632
 2989.00    0.44965   0.66945    2.632
 2990.00    0.41424   0.66956    2.632
 2991.00    0.26788   0.66967    2.632
 2992.00    0.33176   0.66978    2.632
 2993.00    0.74710   0.66990    2.632
 2994.00    0.72411   0.67005    2.632
 2995.00    0.42461   0.67029    2.632
 2996.00    0.42940   0.67077    2.632
 2997.00    0.91503   0.67172    2.632
 2998.00    0.91503   0.67357    2.632
 2999.00    0.24036   0.67656    2.632
 3000.00    0.20353   0.68053    2.632
 3001.00    0.59548   0.68499    2.632
 3002.00    0.64580   0.68927    2.632
 3003.00    0.42853   0.69275    2.632
 3004.00    0.38234   0.69515    2.632
 3005.00    0.37249   0.69658    2.632
 3006.00    0.36943   0.69733    2.632
 3007.00    0.70762   0.69771    2.632
 3008.00    0.85176   0.69791    2.632
 3009.00    0.51540   0.69804    2.632
 3010.00    0.32591   0.69816    2.632
 3011.00    0.31576   0.69827    2.632
 3012.00    0.30833   0.69839    2.632
 3013.00    0.62925   0.69851    2.632
 3014.00    0.93012   0.69864    2.632
 3015.00    0.80930   0.69884    2.632
 3016.00    0.66435   0.69917    2.632
 3017.00    0.65182   0.69979    2.632
 3018.00    0.63242   0.70094    2.632
 3019.00    0.64345   0.70276    2.632
 3020.00    0.66574   0.70514    2.632
 3021.00    0.69004   0.70783    2.632
 3022.00    0.75598   0.71041    2.632
 3023.00    0.69543   0.71252    2.632
 3024.00    0.46417   0.71400    2.632
 3025.00    0.47538   0.71490    2.632
 3026.00    0.54093   0.71541    2.632
 3027.00    0.60378   0.71568    2.632
 3028.00    1.28707   0.71585    2.632
 3029.00    1.28632   0.71598    2.632
 3030.00    1.25383   0.71610    2.632
 3031.00    1.25383   0.71621    2.632
 3032.00    0.79576   0.71633    2.632
 3033.00    0.77714   0.71645    2.632
 3034.00    0.61396   0.71658    2.632
 3035.00    0.59561   0.71677    2.632
 3036.00    0.69992   0.71707    2.632
 3037.00    0.72017   0.71760    2.632
 3038.00    1.05657   0.71857    2.632
 3039.00    1.15374   0.72007    2.632
 3040.00    1.01359   0.72202    2.632
 3041.00    0.95741   0.72422    2.632
 3042.00    0.90559   0.72634    2.632
 3043.00    0.87797   0.72808    2.632
 3044.00    0.43003   0.72931    2.632
 3045.00    0.11949   0.73008    2.632
 3046.00    0.26445   0.73052    2.632
 3047.00    0.39362   0.73077    2.632
 3048.00    0.48212   0.73094    2.632
 3049.00    0.58302   0.73107    2.632
 3050.00    0.66909   0.73119    2.632
 3051.00    0.79540   0.73131    2.632
 3052.00    0.96791   0.73143    2.632
 3053.00    1.29724   0.73157    2.632
 3054.00    1.16820   0.73178    2.632
 3055.00    0.84002   0.73219    2.632
 3056.00    0.80053   0.73309    2.632
 3057.00    0.66071   0.73500    2.632
 3058.00    0.59299   0.73868    2.632
 3059.00    0.23396   0.74452    2.632
 3060.00    0.23777   0.75226    2.632
 3061.00    0.27334   0.76103    2.632
 3062.00    0.30640   0.76947    2.632
 3063.00    1.21391   0.77637    2.632
 3064.00    1.21391   0.78118    2.632
 3065.00    0.85450   0.78405    2.632
 3066.00    0.84477   0.78555    2.632
 3067.00    0.72988   0.78625    2.632
 3068.00    0.71874   0.78658    2.632
 3069.00    0.60467   0.78677    2.632
 3070.00    0.58456   0.78691    2.632
 3071.00    1.05747   0.78704    2.632
 3072.00    1.18427   0.78717    2.632
 3073.00    1.00337   0.78730    2.632
 3074.00    0.93530   0.78747    2.632
 3075.00    1.18966   0.78771    2.632
 3076.00    1.31778   0.78815    2.632
 3077.00    0.88943   0.78900    2.632
 3078.00    0.60803   0.79054    2.632
 3079.00    0.69946   0.79291    2.632
 3080.00    0.77689   0.79603    2.632
 3081.00    0.88641   0.79955    2.632
 3082.00    1.00507   0.80295    2.632
 3083.00    1.35916   0.80576    2.632
 3084.00    1.85176   0.80774    2.632
 3085.00    1.37435   0.80897    2.632
 3086.00    0.51240   0.80965    2.632
 3087.00    0.66485   0.81001    2.632
 3088.00    1.02932   0.81023    2.632
 3089.00    0.97806   0.81038    2.632
 3090.00    0.80924   0.81052    2.632
 3091.00    0.88698   0.81065    2.632
 3092.00    1.26285   0.81079    2.632
 3093.00    1.15913   0.81095    2.632
 3094.00    0.31878   0.81119    2.632
 3095.00    0.32550   0.81166    2.632
 3096.00    0.45925   0.81269    2.632
 3097.00    0.45925   0.81492    2.632
 3098.00    0.52585   0.81906    2.632
 3099.00    0.52677   0.82549    2.632
 3100.00    1.49239   0.83405    2.632
 3101.00    1.57118   0.84376    2.632
 3102.00    1.36307   0.85313    2.632
 3103.00    1.32998   0.86083    2.632
 3104.00    0.35022   0.86623    2.632
 3105.00    0.10722   0.86948    2.632
 3106.00    0.42489   0.87116    2.632
 3107.00    0.53694   0.87192    2.632
 3108.00    0.92366   0.87223    2.632
 3109.00    1.10754   0.87236    2.632
 3110.00    0.89832   0.87242    2.632
 3111.00    0.76800   0.87246    2.632
 3112.00    0.91970   0.87249    2.632
 3113.00    1.04173   0.87250    2.632
 3114.00    1.08839   0.87246    2.632
 3115.00    1.13644   0.87225    2.632
 3116.00    1.10692   0.87164    2.632
 3117.00    1.06799   0.87020    2.632
 3118.00    0.87984   0.86748    2.632
 3119.00    0.55830   0.86319    2.632
 3120.00    0.58217   0.85743    2.632
 3121.00    0.63588   0.85089    2.632
 3122.00    0.58681   0.84457    2.632
 3123.00    0.43628   0.83937    2.632
 3124.00    0.39599   0.83574    2.632
 3125.00    0.21744   0.83358    2.632
 3126.00    0.27299   0.83250    2.632
 3127.00    0.67070   0.83205    2.632
 3128.00    0.64167   0.83190    2.632
 3129.00    0.19123   0.83187    2.632
 3130.00    0.19123   0.83189    2.632
 3131.00    0.56760   0.83192    2.632
 3132.00    0.56797   0.83196    2.632
 3133.00    0.68217   0.83200    2.632
 3134.00    0.68978   0.83206    2.632
 3135.00    0.86503   0.83220    2.632
 3136.00    0.88996   0.83252    2.632
 3137.00    0.85738   0.83320    2.632
 3138.00    0.84994   0.83441    2.632
 3139.00    0.70991   0.83629    2.632
 3140.00    0.66378   0.83880    2.632
 3141.00    0.81080   0.84165    2.632
 3142.00    0.87673   0.84440    2.632
 3143.00    0.84999   0.84668    2.632
 3144.00    0.83421   0.84829    2.632
 3145.00    0.78543   0.84928    2.632
 3146.00    0.74817   0.84980    2.632
 3147.00    0.75569   0.85005    2.632
 3148.00    0.76305   0.85016    2.632
 3149.00    0.85240   0.85022    2.632
 3150.00    0.96437   0.85026    2.632
 3151.00    0.89059   0.85029    2.632
 3152.00    0.77114   0.85033    2.632
 3153.00    0.83983   0.85039    2.632
 3154.00    0.98559   0.85051    2.632
 3155.00    1.02690   0.85081    2.632
 3156.00    1.14535   0.85155    2.632
 3157.00    1.10436   0.85310    2.632
 3158.00    0.93704   0.85593    2.632
 3159.00    0.88890   0.86035    2.632
 3160.00    0.58110   0.86622    2.632
 3161.00    0.59759   0.87289    2.632
 3162.00    0.80549   0.87936    2.632
 3163.00    0.80330   0.88473    2.632
 3164.00    0.61844   0.88853    2.632
 3165.00    0.61844   0.89085    2.632
 3166.00    0.33062   0.89206    2.632
 3167.00    0.31553   0.89262    2.632
 3168.00    1.01588   0.89285    2.632
 3169.00    1.10405   0.89295    2.632
 3170.00    0.74779   0.89300    2.632
 3171.00    0.67309   0.89304    2.632
 3172.00    0.86419   0.89306    2.632
 3173.00    0.92285   0.89302    2.632
 3174.00    1.03729   0.89280    2.632
 3175.00    1.08561   0.89206    2.632
 3176.00    1.34014   0.89013    2.632
 3177.00    1.48233   0.88593    2.632
 3178.00    1.28489   0.87821    2.632
 3179.00    1.14182   0.86616    2.632
 3180.00    0.86303   0.85011    2.632
 3181.00    0.60367   0.83186    2.632
 3182.00    0.90102   0.81414    2.632
 3183.00    1.25497   0.79942    2.632
 3184.00    1.13384   0.78896    2.632
 3185.00    0.94796   0.78261    2.632
 3186.00    0.88323   0.77932    2.632
 3187.00    0.75359   0.77787    2.632
 3188.00    0.82800   0.77734    2.632
 3189.00    1.02768   0.77718    2.632
 3190.00    0.88801   0.77716    2.632
 3191.00    0.36091   0.77718    2.632
 3192.00    0.36603   0.77723    2.632
 3193.00    0.39551   0.77731    2.632
 3194.00    0.42666   0.77753    2.632
 3195.00    0.75705   0.77813    2.632
 3196.00    0.73760   0.77958    2.632
 3197.00   -0.03981   0.78263    0.000
 3198.00   -0.03981   0.78815    0.000
 3199.00    0.54411   0.79671    2.632
 3200.00    0.56661   0.80807    2.632
 3201.00    0.83860   0.82098    2.632
 3202.00    0.86852   0.83354    2.632
 3203.00    1.31585   0.84402    2.632
 3204.00    1.40146   0.85151    2.632
 3205.00    1.64390   0.85611    2.632
 3206.00    1.71314   0.85854    2.632
 3207.00    1.33640   0.85965    2.632
 3208.00    1.18684   0.86009    2.632
 3209.00    0.90848   0.86026    2.632
 3210.00    0.76141   0.86033    2.632
 3211.00    0.75193   0.86037    2.632
 3212.00    0.74543   0.86039    2.632
 3213.00    0.70783   0.86033    2.632
 3214.00    0.67459   0.86006    2.632
 3215.00    0.92242   0.85921    2.632
 3216.00    1.20275   0.85706    2.632
 3217.00    0.85149   0.85250    2.632
 3218.00    0.34072   0.84424    2.632
 3219.00    0.39018   0.83144    2.632
 3220.00    0.48379   0.81445    2.632
 3221.00    0.58440   0.79514    2.632
 3222.00    0.83785   0.77630    2.632
 3223.00    0.89080   0.76055    2.632
 3224.00    1.07619   0.74926    2.632
 3225.00    1.00847   0.74233    2.632
 3226.00    0.65461   0.73868    2.632
 3227.00    0.65814   0.73705    2.632
 3228.00    0.69017   0.73643    2.632
 3229.00    0.67757   0.73625    2.632
 3230.00    0.35063   0.73622    2.632
 3231.00    0.35063   0.73624    2.632
 3232.00    0.69629   0.73631    2.632
 3233.00    0.70494   0.73650    2.632
 3234.00    0.83050   0.73708    2.632
 3235.00    0.84234   0.73867    2.632
 3236.00    0.61309   0.74251    2.632
 3237.00    0.57328   0.75047    2.632
 3238.00    0.51094   0.76475    2.632
 3239.00    0.49442   0.78672    2.632
 3240.00    0.72899   0.81580    2.632
 3241.00    0.81641   0.84886    2.632
 3242.00    1.08223   0.88116    2.632
 3243.00    1.21495   0.90827    2.632
 3244.00    0.89842   0.92782    2.632
 3245.00    0.69217   0.93993    2.632
 3246.00    0.90754   0.94637    2.632
 3247.00    1.08846   0.94933    2.632
 3248.00    1.22385   0.95051    2.632
 3249.00    1.36940   0.95093    2.632
 3250.00    0.99010   0.95108    2.632
 3251.00    0.46667   0.95115    2.632
 3252.00    0.50309   0.95122    2.632
 3253.00    0.56829   0.95137    2.632
 3254.00    0.61473   0.95175    2.632
 3255.00    0.72474   0.95275    2.632
 3256.00    0.84198   0.95510    2.632
 3257.00    1.22340   0.95993    2.632
 3258.00    1.15970   0.96849    2.632
 3259.00    0.85589   0.98162    2.632
 3260.00    0.86344   0.99896    2.632
 3261.00    0.92338   1.01867    2.632
 3262.00    0.96083   1.03797    2.632
 3263.00    1.67519   1.05422    2.632
 3264.00    1.67519   1.06600    2.632
 3265.00    1.24234   1.07335    2.632
 3266.00    1.23720   1.07729    2.632
 3267.00    0.67206   1.07913    2.632
 3268.00    0.62739   1.07987    2.632
 3269.00    0.95988   1.08015    2.632
 3270.00    1.01188   1.08026    2.632
 3271.00    1.02586   1.08032    2.632
 3272.00    1.02928   1.08036    2.632
 3273.00    1.22460   1.08039    2.632
 3274.00    1.29271   1.08038    2.632
 3275.00    1.07572   1.08029    2.632
 3276.00    0.97346   1.08001    2.632
 3277.00    1.11676   1.07939    2.632
 3278.00    1.20528   1.07826    2.632
 3279.00    1.17550   1.07651    2.632
 3280.00    1.15174   1.07419    2.632
 3281.00    0.75395   1.07154    2.632
 3282.00    0.34753   1.06895    2.632
 3283.00    0.82981   1.06677    2.632
 3284.00    1.46107   1.06519    2.632
 3285.00    1.44219   1.06422    2.632
 3286.00    1.41020   1.06372    2.632
 3287.00    1.28854   1.06351    2.632
 3288.00    1.01719   1.06345    2.632
 3289.00    0.99447   1.06345    2.632
 3290.00    0.92549   1.06349    2.632
 3291.00    0.99565   1.06352    2.632
 3292.00    1.30262   1.06356    2.632
 3293.00    1.32354   1.06358    2.632
 3294.00    1.47059   1.06354    2.632
 3295.00    1.44005   1.06338    2.632
 3296.00    0.98199   1.06295    2.632
 3297.00    0.98204   1.06203    2.632
 3298.00    1.03471   1.06038    2.632
 3299.00    1.03471   1.05785    2.632
 3300.00    1.06966   1.05451    2.632
 3301.00    1.07191   1.05070    2.632
 3302.00    0.98403   1.04695    2.632
 3303.00    0.97175   1.04378    2.632
 3304.00    1.46468   1.04148    2.632
 3305.00    1.57589   1.04005    2.632
 3306.00    1.50103   1.03929    2.632
 3307.00    1.47665   1.03896    2.632
 3308.00    0.92754   1.03883    2.632
 3309.00    0.68357   1.03877    2.632
 3310.00    0.90552   1.03864    2.632
 3311.00    1.03538   1.03824    2.632
 3312.00    1.19037   1.03728    2.632
 3313.00    1.30772   1.03530    2.632
 3314.00    1.13034   1.03180    2.632
 3315.00    0.95809   1.02649    2.632
 3316.00    0.74189   1.01951    2.632
 3317.00    0.47312   1.01165    2.632
 3318.00    0.74623   1.00418    2.632
 3319.00    1.18473   0.99849    2.632
 3320.00    1.23160   0.99583    2.632
 3321.00    1.33016   0.99708    2.632
 3322.00    1.21796   1.00271    2.632
 3323.00    0.89984   1.01254    2.632
 3324.00    0.92425   1.02544    2.632
 3325.00    1.02265   1.03931    2.632
 3326.00    1.06072   1.05181    2.632
 3327.00    1.30009   1.06143    2.632
 3328.00    1.25674   1.06826    2.632
 3329.00    0.72549   1.07348    2.632
 3330.00    0.72050   1.07787    2.632
 3331.00    0.36069   1.08050    2.632
 3332.00    0.36069   1.07881    2.632
 3333.00    1.03462   1.07025    2.632
 3334.00    1.06849   1.05441    2.632
 3335.00    0.98593   1.03406    2.632
 3336.00    0.97574   1.01428    2.632
 3337.00    0.53281   1.00030    2.632
 3338.00    0.44120   0.99522    2.632
 3339.00    0.39589   0.99916    2.632
 3340.00    0.38213   1.01007    2.632
 3341.00    0.74037   1.02526    2.632
 3342.00    0.89021   1.04252    2.632
 3343.00    0.73714   1.05993    2.632
 3344.00    0.65236   1.07514    2.632
 3345.00    0.91237   1.08516    2.632
 3346.00    1.09927   1.08729    2.632
 3347.00    0.96507   1.08085    2.632
 3348.00    0.84120   1.06824    2.632
 3349.00    0.88902   1.05453    2.632
 3350.00    0.94550   1.04538    2.632
 3351.00    1.06734   1.04442    2.632
 3352.00    1.25261   1.05152    2.632
 3353.00    1.23160   1.06294    2.632
 3354.00    1.18987   1.07275    2.632
 3355.00    1.00984   1.07487    2.632
 3356.00    0.53148   1.06479    2.632
 3357.00    0.63054   1.04099    2.632
 3358.00    1.00000   1.00598    2.632
 3359.00    0.93530   0.96628    2.632
 3360.00    0.56840   0.93094    2.632
 3361.00    0.58560   0.90845    2.632
 3362.00    0.76305   0.90313    2.632
 3363.00    0.74991   0.91300    2.632
 3364.00    0.26481   0.93027    2.632
 3365.00    0.26481   0.94491    2.632
 3366.00    1.06935   0.94894    2.632
 3367.00    1.09866   0.93982    2.632
 3368.00    1.59866   0.92078    2.632
 3369.00    1.65233   0.89880    2.632
 3370.00    1.33102   0.88152    2.632
 3371.00    1.27041   0.87479    2.632
 3372.00    1.14589   0.88130    2.632
 3373.00    1.11072   0.90033    2.632
 3374.00    0.65709   0.92798    2.632
 3375.00    0.47872   0.95787    2.632
 3376.00    0.75157   0.98275    2.632
 3377.00    0.89449   0.99688    2.632
 3378.00    1.07419   0.99847    2.632
 3379.00    1.19665   0.99068    2.632
 3380.00    1.24286   0.98031    2.632
 3381.00    1.28340   0.97476    2.632
 3382.00    1.09811   0.97872    2.632
 3383.00    0.89017   0.99262    2.632
 3384.00    0.73594   1.01294    2.632
 3385.00    0.51347   1.03439    2.632
 3386.00    0.46776   1.05213    2.632
 3387.00    0.38199   1.06321    2.632
 3388.00    0.55659   1.06661    2.632
 3389.00    0.99219   1.06290    2.632
 3390.00    1.00386   1.05367    2.632
 3391.00    1.04423   1.04180    2.632
 3392.00    0.97674   1.03132    2.632
 3393.00    0.62918   1.02689    2.632
 3394.00    0.64565   1.03248    2.632
 3395.00    0.79215   1.04982    2.632
 3396.00    0.80551   1.07715    2.632
 3397.00    1.13408   1.10934    2.632
 3398.00    1.13408   1.13933    2.632
 3399.00    1.20260   1.16060    2.632
 3400.00    1.20417   1.16921    2.632
 3401.00    1.56333   1.16466    2.632
 3402.00    1.59625   1.14945    2.632
 3403.00    1.23053   1.12769    2.632
 3404.00    1.16800   1.10375    2.632
 3405.00    1.16467   1.08099    2.632
 3406.00    1.16380   1.06150    2.632
 3407.00    0.73175   1.04633    2.632
 3408.00    0.57253   1.03581    2.632
 3409.00    0.67564   1.02954    2.632
 3410.00    0.72666   1.02631    2.632
 3411.00    1.07201   1.02435    2.632
 3412.00    1.29520   1.02232    2.632
 3413.00    1.29520   1.02024    2.632
 3414.00    1.29520   1.02009    2.632
 3415.00    1.29520   1.02516    2.632
 3416.00    1.29520   1.03812    2.632
 3417.00    1.29520   1.05911    2.632
 3418.00    1.29520   1.08488    2.632
 3419.00    1.29520   1.10973    2.632
 3420.00    1.29520   1.12809    2.632
 3421.00    1.29520   1.13656    2.632
 3422.00    1.29520   1.13542    2.632
 3423.00    1.18912   1.12816    2.632
 3424.00    0.84769   1.12007    2.632
 3425.00    0.84769   1.11612    2.632
 3426.00    0.84769   1.11920    2.632
 3427.00    0.84769   1.12897    2.632
 3428.00    0.84769   1.14241    2.632
 3429.00    0.84769   1.15510    2.632
 3430.00    0.84769   1.16278    2.632
 3431.00    0.84769   1.16285    2.632
 3432.00    0.84769   1.15504    2.632
 3433.00    0.84769   1.14116    2.632
 3434.00    0.84769   1.12444    2.632
 3435.00    0.84769   1.10676    2.632
 3436.00    1.24195   1.08732    2.632
 3437.00    1.30259   1.06324    2.632
 3438.00    0.99918   1.03205    2.632
 3439.00    0.92577   0.99428    2.632
 3440.00    0.88978   0.95415    2.632
 3441.00    0.87737   0.91811    2.632
 3442.00    0.90613   0.89280    2.632
 3443.00    0.91956   0.88301    2.632
 3444.00    1.06557   0.89029    2.632
 3445.00    1.15502   0.91289    2.632
 3446.00    1.07924   0.94624    2.632
 3447.00    1.01930   0.98464    2.632
 3448.00    1.10249   1.02224    2.632
 3449.00    1.18684   1.05404    2.632
 3450.00    1.08766   1.07650    2.632
 3451.00    0.95887   1.08830    2.632
 3452.00    0.84218   1.09030    2.632
 3453.00    0.64605   1.08498    2.632
 3454.00    0.71425   1.07540    2.632
 3455.00    0.86499   1.06350    2.632
 3456.00    1.05011   1.04937    2.632
 3457.00    1.60546   1.03232    2.632
 3458.00    1.58577   1.01295    2.632
 3459.00    1.50073   0.99407    2.632
 3460.00    1.42455   0.97992    2.632
 3461.00    0.89834   0.97419    2.632
 3462.00    0.91790   0.97825    2.632
 3463.00    1.20064   0.99072    2.632
 3464.00    1.20008   1.00854    2.632
 3465.00    1.00713   1.02814    2.632
 3466.00    1.00713   1.04680    2.632
 3467.00    0.95055   1.06335    2.632
 3468.00    0.94703   1.07726    2.632
 3469.00    1.36968   1.08711    2.632
 3470.00    1.42764   1.09019    2.632
 3471.00    1.23738   1.08364    2.632
 3472.00    1.19501   1.06639    2.632
 3473.00    1.03991   1.04061    2.632
 3474.00    0.98994   1.01152    2.632
 3475.00    1.20130   0.98583    2.632
 3476.00    1.29435   0.96973    2.632
 3477.00    0.86351   0.96652    2.632
 3478.00    0.61352   0.97558    2.632
 3479.00    0.89585   0.99257    2.632
 3480.00    1.10794   1.01153    2.632
 3481.00    1.03954   1.02746    2.632
 3482.00    0.97364   1.03821    2.632
 3483.00    0.68424   1.04445    2.632
 3484.00    0.32731   1.04833    2.632
 3485.00    0.55744   1.05150    2.632
 3486.00    0.92352   1.05396    2.632
 3487.00    1.04989   1.05400    2.632
 3488.00    1.31329   1.04920    2.632
 3489.00    1.23946   1.03843    2.632
 3490.00    1.03225   1.02317    2.632
 3491.00    1.07816   1.00721    2.632
 3492.00    1.26103   0.99433    2.632
 3493.00    1.22928   0.98659    2.632
 3494.00    1.03289   0.98410    2.632
 3495.00    1.01944   0.98641    2.632
 3496.00    0.85968   0.99393    2.632
 3497.00    0.86131   1.00799    2.632
 3498.00    0.96412   1.02984    2.632
 3499.00    0.96412   1.05882    2.632
 3500.00    0.85834   1.09139    2.632
 3501.00    0.85325   1.12216    2.632
 3502.00    1.00117   1.14625    2.632
 3503.00    1.01901   1.16171    2.632
 3504.00    1.28511   1.16852    2.632
 3505.00    1.33940   1.16734    2.632
 3506.00    1.21365   1.15938    2.632
 3507.00    1.17589   1.14624    2.632
 3508.00    1.23765   1.12996    2.632
 3509.00    1.26324   1.11192    2.632
 3510.00    1.37503   1.09318    2.632
 3511.00    1.43642   1.07518    2.632
 3512.00    1.07111   1.06077    2.632
 3513.00    0.81088   1.05274    2.632
 3514.00    0.95039   1.05354    2.632
 3515.00    1.07815   1.06380    2.632
 3516.00    1.08053   1.08169    2.632
 3517.00    1.08332   1.10256    2.632
 3518.00    1.01209   1.11931    2.632
 3519.00    0.90465   1.12523    2.632
 3520.00    1.02757   1.11680    2.632
 3521.00    1.26948   1.09518    2.632
 3522.00    1.35697   1.06569    2.632
 3523.00    1.58716   1.03536    2.632
 3524.00    1.46503   1.01097    2.632
 3525.00    1.01480   0.99725    2.632
 3526.00    0.95608   0.99698    2.632
 3527.00    0.62811   1.01042    2.632
 3528.00    0.63015   1.03491    2.632
 3529.00    0.65069   1.06492    2.632
 3530.00    0.65302   1.09452    2.632
 3531.00    0.73308   1.11944    2.632
 3532.00    0.73308   1.13864    2.632
 3533.00    1.22829   1.15371    2.632
 3534.00    1.24530   1.16751    2.632
 3535.00    1.68936   1.18163    2.632
 3536.00    1.73583   1.19606    2.632
 3537.00    1.24431   1.21010    2.632
 3538.00    1.15295   1.22301    2.632
 3539.00    1.29973   1.23422    2.632
 3540.00    1.34072   1.24313    2.632
 3541.00    1.17949   1.24900    2.632
 3542.00    1.11678   1.25218    2.632
 3543.00    0.84526   1.25395    2.632
 3544.00    0.70426   1.25553    2.632
 3545.00    1.14687   1.25697    2.632
 3546.00    1.44605   1.25724    2.632
 3547.00    1.36275   1.25532    2.632
 3548.00    1.29024   1.25086    2.632
 3549.00    1.21232   1.24442    2.632
 3550.00    1.12556   1.23633    2.632
 3551.00    1.12556   1.22677    2.632
 3552.00    1.12556   1.21585    2.632
 3553.00    1.12556   1.20428    2.632
 3554.00    1.12556   1.19341    2.632
 3555.00    1.12556   1.18505    2.632
 3556.00    1.12556   1.18042    2.632
 3557.00    1.12556   1.17916    2.632
 3558.00    1.12556   1.17990    2.632
 3559.00    1.12556   1.18118    2.632
 3560.00    1.12556   1.18139    2.632
 3561.00    1.12556   1.17890    2.632
 3562.00    1.12556   1.17136    2.632
 3563.00    1.12556   1.15625    2.632
 3564.00    1.12556   1.13201    2.632
 3565.00    1.12556   1.09936    2.632
 3566.00    1.12556   1.06251    2.632
 3567.00    0.85899   1.02744    2.632
 3568.00    0.84459   0.99924    2.632
 3569.00    0.84459   0.97933    2.632
 3570.00    0.84459   0.96728    2.632
 3571.00    0.84459   0.96273    2.632
 3572.00    0.84459   0.96516    2.632
 3573.00    0.84459   0.97278    2.632
 3574.00    0.84459   0.98230    2.632
 3575.00    0.84459   0.98966    2.632
 3576.00    0.84459   0.99171    2.632
 3577.00    0.84459   0.98634    2.632
 3578.00    0.84459   0.97265    2.632
 3579.00    0.84459   0.95138    2.632
 3580.00    0.84459   0.92503    2.632
 3581.00    0.84459   0.89702    2.632
 3582.00    0.84459   0.87146    2.632
 3583.00    0.84459   0.85123    2.632
 3584.00    0.85706   0.83773    2.632
 3585.00    0.87398   0.83142    2.632
 3586.00    0.78492   0.83309    2.632
 3587.00    0.62818   0.84439    2.632
 3588.00    0.63406   0.86673    2.632
 3589.00    0.64773   0.89968    2.632
 3590.00    0.73507   0.94072    2.632
 3591.00    1.01281   0.98606    2.632
 3592.00    0.99297   1.03170    2.632
 3593.00    0.90087   1.07462    2.632
 3594.00    0.90359   1.11371    2.632
 3595.00    0.92438   1.14948    2.632
 3596.00    0.95456   1.18220    2.632
 3597.00    1.48379   1.21049    2.632
 3598.00    1.48379   1.23128    2.632
 3599.00    1.90763   1.24167    2.632
 3600.00    1.91097   1.24005    2.632
 3601.00    1.18314   1.22592    2.632
 3602.00    1.12891   1.20061    2.632
 3603.00    1.49791   1.16797    2.632
 3604.00    1.55370   1.13339    2.632
 3605.00    1.76404   1.10184    2.632
 3606.00    1.81430   1.07642    2.632
 3607.00    1.58460   1.05787    2.632
 3608.00    1.50622   1.04555    2.632
 3609.00    1.67957   1.03936    2.632
 3610.00    1.75980   1.04028    2.632
 3611.00    1.83817   1.04894    2.632
 3612.00    1.88579   1.06390    2.632
 3613.00    1.42201   1.08127    2.632
 3614.00    1.05807   1.09664    2.632
 3615.00    0.70142   1.10679    2.632
 3616.00    0.34268   1.10965    2.632
 3617.00    0.74599   1.10502    2.632
 3618.00    1.26556   1.09602    2.632
 3619.00    1.01919   1.08933    2.632
 3620.00    0.60856   1.09337    2.632
 3621.00    0.52604   1.11339    2.632
 3622.00    0.34532   1.14880    2.632
 3623.00    0.47066   1.19445    2.632
 3624.00    0.84280   1.24331    2.632
 3625.00    1.02956   1.28862    2.632
 3626.00    1.82604   1.32399    2.632
 3627.00    1.79690   1.34339    2.632
 3628.00    1.59914   1.34241    2.632
 3629.00    1.56889   1.32021    2.632
 3630.00    1.14689   1.28108    2.632
 3631.00    1.14453   1.23455    2.632
 3632.00    0.66421   1.19330    2.632
 3633.00    0.66421   1.16769    2.632
 3634.00    1.25378   1.16212    2.632
 3635.00    1.28917   1.17497    2.632
 3636.00    1.17487   1.20089    2.632
 3637.00    1.15951   1.23331    2.632
 3638.00    0.83857   1.26629    2.632
 3639.00    0.76804   1.29457    2.632
 3640.00    1.03374   1.31317    2.632
 3641.00    1.11842   1.31866    2.632
 3642.00    1.37511   1.30992    2.632
 3643.00    1.48707   1.28909    2.632
 3644.00    1.54861   1.26101    2.632
 3645.00    1.58402   1.23149    2.632
 3646.00    1.37268   1.20593    2.632
 3647.00    1.21534   1.18857    2.632
 3648.00    1.26437   1.18247    2.632
 3649.00    1.31125   1.18976    2.632
 3650.00    1.51847   1.21088    2.632
 3651.00    1.77204   1.24414    2.632
 3652.00    1.61661   1.28557    2.632
 3653.00    1.37139   1.33035    2.632
 3654.00    1.23200   1.37387    2.632
 3655.00    0.94403   1.41315    2.632
 3656.00    1.05822   1.44689    2.632
 3657.00    1.37549   1.47458    2.632
 3658.00    1.42730   1.49581    2.632
 3659.00    1.63114   1.50932    2.632
 3660.00    1.60438   1.51443    2.632
 3661.00    1.44152   1.51151    2.632
 3662.00    1.40278   1.50194    2.632
 3663.00    0.95477   1.48785    2.632
 3664.00    0.94885   1.47197    2.632
 3665.00    0.61798   1.45656    2.632
 3666.00    0.61798   1.44273    2.632
 3667.00    1.35227   1.43075    2.632
 3668.00    1.38602   1.42075    2.632
 3669.00    1.66746   1.41377    2.632
 3670.00    1.70073   1.41160    2.632
 3671.00    0.90679   1.41501    2.632
 3672.00    0.74707   1.42179    2.632
 3673.00    1.41735   1.42734    2.632
 3674.00    1.61644   1.42685    2.632
 3675.00    1.74139   1.41759    2.632
 3676.00    1.79262   1.39922    2.632
 3677.00    1.56183   1.37398    2.632
 3678.00    1.43617   1.34631    2.632
 3679.00    1.45255   1.32118    2.632
 3680.00    1.46413   1.30256    2.632
 3681.00    1.48835   1.29188    2.632
 3682.00    1.51036   1.28724    2.632
 3683.00    1.25786   1.28515    2.632
 3684.00    0.96429   1.28220    2.632
 3685.00    1.05994   1.27704    2.632
 3686.00    1.20289   1.27163    2.632
 3687.00    1.11428   1.27021    2.632
 3688.00    0.94139   1.27795    2.632
 3689.00    1.12110   1.29673    2.632
 3690.00    1.58933   1.32448    2.632
 3691.00    1.52966   1.35557    2.632
 3692.00    1.31254   1.38385    2.632
 3693.00    1.30841   1.40499    2.632
 3694.00    1.28571   1.41916    2.632
 3695.00    1.33496   1.42950    2.632
 3696.00    1.81930   1.43948    2.632
 3697.00    1.81501   1.45092    2.632
 3698.00    1.67765   1.46302    2.632
 3699.00    1.67765   1.47240    2.632
 3700.00    1.78664   1.47278    2.632
 3701.00    1.79016   1.45835    2.632
 3702.00    1.84523   1.42625    2.632
 3703.00    1.85086   1.37854    2.632
 3704.00    1.46463   1.32181    2.632
 3705.00    1.39390   1.26628    2.632
 3706.00    1.38892   1.22190    2.632
 3707.00    1.38755   1.19588    2.632
 3708.00    1.28921   1.19014    2.632
 3709.00    1.25133   1.20320    2.632
 3710.00    1.25272   1.23199    2.632
 3711.00    1.25343   1.27228    2.632
 3712.00    1.48964   1.31857    2.632
 3713.00    1.64801   1.36366    2.632
 3714.00    1.54102   1.39931    2.632
 3715.00    1.44872   1.41770    2.632
 3716.00    1.40488   1.41385    2.632
 3717.00    1.35645   1.38710    2.632
 3718.00    1.35578   1.34107    0.000
 3719.00    1.35484   1.28326    0.000
 3720.00    1.54489   1.22475    0.000
 3721.00    1.89542   1.17748    0.000
 3722.00    1.84028   1.15232    0.000
 3723.00    1.70533   1.15378    0.000
 3724.00    1.70259   1.17817    0.000
 3725.00    1.69335   1.21566    0.000
 3726.00    1.80386   1.25342    0.000
 3727.00    2.35709   1.28101    0.000
 3728.00    2.30423   1.29318    0.000
 3729.00    1.85361   1.28830    0.000
 3730.00    1.85841   1.26537    0.000
 3731.00    1.96465   1.22489    0.000
 3732.00    1.96465   1.17053    0.000
 3733.00    1.52317   1.11035    0.000
 3734.00    1.51482   1.05695    0.000
 3735.00    1.13947   1.02197    0.000
 3736.00    1.10680   1.01364    0.000
 3737.00    1.28698   1.03394    0.000
 3738.00    1.31682   1.07838    2.632
 3739.00    1.47442   1.13600    2.632
 3740.00    1.51471   1.19335    2.632
 3741.00    1.37878   1.23676    2.632
 3742.00    1.32973   1.25708    2.632
 3743.00    1.32515   1.25157    2.632
 3744.00    1.32292   1.22373    2.632
 3745.00    1.37477   1.18054    2.632
 3746.00    1.40774   1.13164    2.632
 3747.00    1.56921   1.08574    2.632
 3748.00    1.70155   1.05095    2.632
 3749.00    1.15149   1.03508    2.632
 3750.00    0.57389   1.04471    2.632
 3751.00    0.60561   1.08160    2.632
 3752.00    0.64830   1.14100    2.632
 3753.00    0.97399   1.21152    2.632
 3754.00    1.54243   1.28048    2.632
 3755.00    1.47873   1.33671    2.632
 3756.00    1.33201   1.37178    2.632
 3757.00    1.40804   1.38324    2.632
 3758.00    1.64719   1.37619    2.632
 3759.00    1.53349   1.36063    2.632
 3760.00    1.01270   1.34591    2.632
 3761.00    1.01070   1.33586    2.632
 3762.00    0.99576   1.32956    2.632
 3763.00    1.02442   1.32389    2.632
 3764.00    1.50615   1.31727    2.632
 3765.00    1.50615   1.30824    2.632
 3766.00    2.04888   1.29625    2.632
 3767.00    2.05208   1.28280    2.632
 3768.00    1.54543   1.27171    2.632
 3769.00    1.50883   1.26651    2.632
 3770.00    1.31826   1.27072    2.632
 3771.00    1.28999   1.28613    2.632
 3772.00    1.72638   1.31392    2.632
 3773.00    1.82936   1.35221    2.632
 3774.00    1.86226   1.39736    2.632
 3775.00    1.87337   1.44526    2.632
 3776.00    1.75365   1.49393    2.632
 3777.00    1.69873   1.54245    2.632
 3778.00    1.66980   1.59015    2.632
 3779.00    1.65236   1.63538    2.632
 3780.00    1.54775   1.67543    2.632
 3781.00    1.46638   1.70656    2.632
 3782.00    1.67861   1.72517    2.632
 3783.00    1.89042   1.72886    2.632
 3784.00    1.76616   1.71633    2.632
 3785.00    1.60735   1.68717    2.632
 3786.00    1.65782   1.64364    2.632
 3787.00    1.74115   1.59205    2.632
 3788.00    1.69021   1.53939    2.632
 3789.00    1.57967   1.49055    2.632
 3790.00    1.44458   1.44786    2.632
 3791.00    1.04762   1.40935    2.632
 3792.00    1.06084   1.37170    2.632
 3793.00    1.11653   1.33134    2.632
 3794.00    1.16529   1.28702    2.632
 3795.00    1.49053   1.24190    2.632
 3796.00    1.49802   1.20137    0.000
 3797.00    1.59936   1.17157    0.000
 3798.00    1.59588   1.15826    0.000
 3799.00    1.09017   1.16695    0.000
 3800.00    1.09017   1.19993    0.000
 3801.00    1.02203   1.25382    0.000
 3802.00    1.01808   1.32049    0.000
 3803.00    1.06574   1.39006    2.632
 3804.00    1.07202   1.45413    2.632
 3805.00    1.27594   1.50795    2.632
 3806.00    1.32017   1.54924    2.632
 3807.00    1.22767   1.58013    2.632
 3808.00    1.19850   1.60364    2.632
 3809.00    1.08858   1.62124    2.632
 3810.00    1.04113   1.63076    2.632
 3811.00    1.29397   1.62854    2.632
 3812.00    1.43824   1.61247    2.632
 3813.00    1.38781   1.58381    2.632
 3814.00    1.35056   1.54768    2.632
 3815.00    1.36151   1.51028    2.632
 3816.00    1.37189   1.47738    2.632
 3817.00    1.39150   1.45104    2.632
 3818.00    1.41530   1.42940    2.632
 3819.00    1.49643   1.40832    2.632
 3820.00    1.62326   1.38433    2.632
 3821.00    1.68625   1.35949    2.632
 3822.00    1.81523   1.33506    2.632
 3823.00    1.80385   1.30962    2.632
 3824.00    1.77253   1.28048    2.632
 3825.00    1.74366   1.24717    2.632
 3826.00    1.63157   1.21297    2.632
 3827.00    1.49780   1.18072    2.632
 3828.00    0.69656   1.15086    2.632
 3829.00    0.74792   1.12196    2.632
 3830.00    1.32648   1.09186    2.632
 3831.00    1.32345   1.05937    2.632
 3832.00    1.17096   1.02375    2.632
 3833.00    1.17096   0.98852    0.000
 3834.00    0.68381   0.95870    0.000
 3835.00    0.66246   0.93975    0.000
 3836.00    0.48700   0.93482    0.000
 3837.00    0.46674   0.94589    0.000
 3838.00    0.93254   0.97121    0.000
 3839.00    1.02493   1.00965    0.000
 3840.00    0.69585   1.06102    0.000
 3841.00    0.59918   1.12399    0.000
 3842.00    1.18040   1.19553    2.632
 3843.00    1.41644   1.26973    2.632
 3844.00    1.85376   1.34105    2.632
 3845.00    2.08985   1.40406    2.632
 3846.00    1.81559   1.45705    2.632
 3847.00    1.62333   1.50004    2.632
 3848.00    1.68641   1.53348    2.632
 3849.00    1.74329   1.55687    2.632
 3850.00    1.69979   1.57254    2.632
 3851.00    1.64962   1.58259    2.632
 3852.00    1.50994   1.58887    2.632
 3853.00    1.30287   1.59091    2.632
 3854.00    1.46495   1.58603    2.632
 3855.00    1.77842   1.57463    2.632
 3856.00    1.77842   1.56007    2.632
 3857.00    1.77842   1.54607    2.632
 3858.00    1.77842   1.53401    2.632
 3859.00    1.77842   1.52703    2.632
 3860.00    1.77842   1.52847    2.632
 3861.00    1.77842   1.54047    2.632
 3862.00    1.77842   1.56157    0.000
 3863.00    1.77842   1.58590    0.000
 3864.00    1.77842   1.60691    0.000
 3865.00    1.77737   1.62029    0.000
 3866.00    1.06449   1.62597    0.000
 3867.00    1.06449   1.62449    0.000
 3868.00    1.06449   1.61694    0.000
 3869.00    1.06449   1.60429    0.000
 3870.00    1.06449   1.58878    0.000
 3871.00    1.06449   1.57127    0.000
 3872.00    1.06449   1.55598    2.632
 3873.00    1.06449   1.54555    2.632
 3874.00    1.06449   1.54156    2.632
 3875.00    1.06449   1.54134    2.632
 3876.00    1.06449   1.53912    2.632
 3877.00    1.37357   1.52848    2.632
 3878.00    1.53130   1.51105    2.632
 3879.00    1.35390   1.49114    2.632
 3880.00    1.23592   1.47038    2.632
 3881.00    1.30742   1.44737    2.632
 3882.00    1.36861   1.41962    0.000
 3883.00    1.28744   1.38645    0.000
 3884.00    1.19847   1.34986    0.000
 3885.00    1.18867   1.31161    0.000
 3886.00    1.17489   1.27333    0.000
 3887.00    1.40062   1.24126    0.000
 3888.00    1.81341   1.22210    0.000
 3889.00    1.62051   1.22337    0.000
 3890.00    1.15277   1.24596    0.000
 3891.00    1.15645   1.28749    0.000
 3892.00    1.16872   1.34110    2.632
 3893.00    1.21998   1.39862    2.632
 3894.00    1.47302   1.45300    2.632
 3895.00    1.47574   1.50156    2.632
 3896.00    1.49848   1.54472    2.632
 3897.00    1.51245   1.58195    2.632
 3898.00    1.80774   1.61239    2.632
 3899.00    1.80774   1.63684    2.632
 3900.00    0.95444   1.65675    2.632
 3901.00    0.94004   1.67424    2.632
 3902.00    1.75557   1.68954    2.632
 3903.00    1.82468   1.70222    2.632
 3904.00    2.08193   1.71358    2.632
 3905.00    2.12377   1.72759    2.632
 3906.00    1.94010   1.74808    2.632
 3907.00    1.89370   1.77722    2.632
 3908.00    1.80421   1.81450    2.632
 3909.00    1.77225   1.85575    2.632
 3910.00    1.86071   1.89526    2.632
 3911.00    1.90334   1.92840    2.632
 3912.00    1.94197   1.95230    2.632
 3913.00    1.96633   1.96428    2.632
 3914.00    1.92443   1.96420    2.632
 3915.00    1.89039   1.95290    2.632
 3916.00    2.04064   1.93288    2.632
 3917.00    2.19718   1.90676    2.632
 3918.00    1.84814   1.87657    2.632
 3919.00    1.38209   1.84472    2.632
 3920.00    1.42608   1.81297    2.632
 3921.00    1.50212   1.78292    2.632
 3922.00    1.53598   1.75437    2.632
 3923.00    1.61323   1.72571    2.632
 3924.00    1.69751   1.69118    2.632
 3925.00    1.95980   1.64471    2.632
 3926.00    1.89027   1.58185    2.632
 3927.00    1.57599   1.50046    2.632
 3928.00    1.50429   1.40233    2.632
 3929.00    0.97657   1.29281    2.632
 3930.00    0.99363   1.17987    2.632
 3931.00    1.27020   1.07252    2.632
 3932.00    1.27020   0.98027    2.632
 3933.00    0.77011   0.91347    2.632
 3934.00    0.76815   0.88153    2.632
 3935.00    0.55686   0.88892    2.632
 3936.00    0.54207   0.93379    2.632
 3937.00    0.80125   1.00871    2.632
 3938.00    0.83902   1.10344    2.632
 3939.00    1.23619   1.20683    2.632
 3940.00    1.32873   1.30791    2.632
 3941.00    1.33092   1.39959    2.632
 3942.00    1.33166   1.47736    2.632
 3943.00    1.44983   1.54005    2.632
 3944.00    1.50355   1.59288    2.632
 3945.00    1.46238   1.64031    2.632
 3946.00    1.43777   1.68423    2.632
 3947.00    1.85978   1.72522    2.632
 3948.00    2.18541   1.76132    2.632
 3949.00    2.00352   1.79368    2.632
 3950.00    1.82340   1.82307    2.632
 3951.00    1.69837   1.84713    2.632
 3952.00    1.53983   1.86340    2.632
 3953.00    1.54016   1.87202    2.632
 3954.00    1.54072   1.87369    2.632
 3955.00    1.55367   1.86694    2.632
 3956.00    1.58152   1.84852    2.632
 3957.00    1.46494   1.81774    2.632
 3958.00    1.12588   1.77640    2.632
 3959.00    1.14841   1.72364    2.632
 3960.00    1.24198   1.65620    2.632
 3961.00    1.25709   1.57134    0.000
 3962.00    1.35616   1.47326    0.000
 3963.00    1.35462   1.36789    0.000
 3964.00    1.33444   1.25999    0.000
 3965.00    1.33127   1.15254    0.000
 3966.00    0.97375   1.04921    0.000
 3967.00    0.97375   0.95809    0.000
 3968.00    0.42901   0.89005    0.000
 3969.00    0.39868   0.85422    0.000
 3970.00    1.25817   0.85549    0.000
 3971.00    1.36904   0.89379    0.000
 3972.00    0.46080   0.96498    0.000
 3973.00    0.26645   1.06303    0.000
 3974.00    0.94223   1.18021    0.000
 3975.00    1.15306   1.30715    2.632
 3976.00    1.56770   1.43493    2.632
 3977.00    1.74503   1.55750    2.632
 3978.00    1.42972   1.67033    2.632
 3979.00    1.25133   1.77079    2.632
 3980.00    1.59945   1.85597    2.632
 3981.00    1.85450   1.92451    2.632
 3982.00    1.97552   1.97885    2.632
 3983.00    2.08942   2.02235    2.632
 3984.00    1.77598   2.05975    2.632
 3985.00    1.39843   2.09441    2.632
 3986.00    1.30530   2.12781    2.632
 3987.00    1.16091   2.16118    2.632
 3988.00    1.49207   2.19452    2.632
 3989.00    2.16419   2.22622    2.632
 3990.00    2.45179   2.25517    2.632
 3991.00    3.23510   2.28027    2.632
 3992.00    3.06098   2.30109    2.632
 3993.00    2.39308   2.31688    2.632
 3994.00    2.44464   2.32653    2.632
 3995.00    2.74860   2.33105    2.632
 3996.00    2.77619   2.33226    2.632
 3997.00    3.07904   2.33510    2.632
 3998.00    3.05829   2.34289    2.632
 3999.00    2.12367   2.35580    2.632
 4000.00    2.12367   2.37118    2.632
 4001.00    2.67383   2.38453    2.632
 4002.00    2.69677   2.39289    2.632
 4003.00    2.31708   2.39471    2.632
 4004.00    2.27416   2.39041    2.632
 4005.00    2.40546   2.38199    2.632
 4006.00    2.43114   2.37746    2.632
 4007.00    2.71573   2.38385    2.632
 4008.00    2.79839   2.40329    2.632
 4009.00    2.52190   2.43111    2.632
 4010.00    2.41081   2.46148    2.632
 4011.00    2.19408   2.49239    2.632
 4012.00    2.07808   2.52234    2.632
 4013.00    2.25315   2.54871    2.632
 4014.00    2.37489   2.57092    2.632
 4015.00    2.63690   2.58877    2.632
 4016.00    2.87105   2.60223    2.632
 4017.00    2.59977   2.61337    2.632
 4018.00    2.28928   2.62280    2.632
 4019.00    2.17743   2.63123    2.632
 4020.00    2.01295   2.63781    2.632
 4021.00    2.40547   2.64092    2.632
 4022.00    3.15809   2.64056    2.632
 4023.00    2.91517   2.63794    2.632
 4024.00    2.29438   2.63330    0.000
 4025.00    2.40699   2.62605    0.000
 4026.00    2.80688   2.61601    0.000
 4027.00    2.75720   2.60171    0.000
 4028.00    2.49188   2.57943    0.000
 4029.00    2.44132   2.54577    0.000
 4030.00    1.96626   2.50184    0.000
 4031.00    2.00074   2.45690    2.632
 4032.00    2.96790   2.42167    2.632
 4033.00    2.96790   2.40489    2.632
 4034.00    2.38933   2.40922    2.632
 4035.00    2.37307   2.43411    2.632
 4036.00    2.73704   2.47658    2.632
 4037.00    2.77253   2.52857    2.632
 4038.00    2.59342   2.57729    2.632
 4039.00    2.56166   2.61063    2.632
 4040.00    2.78283   2.62113    2.632
 4041.00    2.84248   2.60954    2.632
 4042.00    2.58919   2.58237    2.632
 4043.00    2.49363   2.54278    2.632
 4044.00    2.47791   2.49625    2.632
 4045.00    2.46995   2.45279    2.632
 4046.00    2.22597   2.42654    2.632
 4047.00    2.06503   2.42763    2.632
 4048.00    2.12485   2.45096    2.632
 4049.00    2.17560   2.48594    2.632
 4050.00    2.22419   2.52107    2.632
 4051.00    2.27705   2.55001    2.632
 4052.00    2.52057   2.56768    2.632
 4053.00    2.86035   2.56955    2.632
 4054.00    2.79254   2.55749    2.632
 4055.00    2.66970   2.53743    2.632
 4056.00    2.60268   2.51461    2.632
 4057.00    2.44170   2.49180    2.632
 4058.00    2.47669   2.47028    2.632
 4059.00    2.59226   2.45306    2.632
 4060.00    2.58778   2.43946    2.632
 4061.00    2.56597   2.42530    2.632
 4062.00    2.53640   2.40533    2.632
 4063.00    2.29435   2.38242    2.632
 4064.00    2.31544   2.36565    2.632
 4065.00    2.73965   2.35894    2.632
 4066.00    2.73965   2.36029    2.632
 4067.00    2.10278   2.36540    0.000
 4068.00    2.09331   2.37430    0.000
 4069.00    2.44123   2.38537    0.000
 4070.00    2.46991   2.39218    0.000
 4071.00    2.93294   2.38879    2.632
 4072.00    3.00703   2.37751    2.632
 4073.00    2.80678   2.36485    2.632
 4074.00    2.75680   2.35360    2.632
 4075.00    2.40857   2.34146    2.632
 4076.00    2.28543   2.32782    2.632
 4077.00    2.58213   2.32012    2.632
 4078.00    2.72385   2.32546    2.632
 4079.00    2.45840   2.34558    2.632
 4080.00    2.29238   2.37679    2.632
 4081.00    2.54348   2.41247    2.632
 4082.00    2.74585   2.44741    2.632
 4083.00    2.83323   2.47771    2.632
 4084.00    2.92356   2.50378    2.632
 4085.00    2.82939   2.52673    2.632
 4086.00    2.70465   2.54765    2.632
 4087.00    2.76116   2.56657    2.632
 4088.00    2.85793   2.58144    2.632
 4089.00    2.86423   2.58879    2.632
 4090.00    2.87847   2.58494    2.632
 4091.00    2.85983   2.56699    2.632
 4092.00    2.80243   2.53464    2.632
 4093.00    2.83177   2.48957    2.632
 4094.00    2.96248   2.43137    2.632
 4095.00    2.90534   2.36085    0.000
 4096.00    2.49253   2.28044    0.000
 4097.00    2.50115   2.19549    0.000
 4098.00    2.63613   2.11369    0.000
 4099.00    2.63613   2.03874    0.000
 4100.00    2.80940   1.97443    0.000
 4101.00    2.80974   1.92774    0.000
 4102.00    2.32442   1.90684    0.000
 4103.00    2.29153   1.91535    0.000
 4104.00    2.34830   1.95113    0.000
 4105.00    2.35641   2.00570    0.000
 4106.00    2.44402   2.07013    0.000
 4107.00    2.46417   2.13750    0.000
 4108.00    2.94271   2.20139    2.632
 4109.00    3.10098   2.25745    2.632
 4110.00    2.52591   2.30488    2.632
 4111.00    2.26688   2.34618    2.632
 4112.00    2.46351   2.38351    2.632
 4113.00    2.58002   2.41756    2.632
 4114.00    2.60098   2.44863    2.632
 4115.00    2.61701   2.47582    2.632
 4116.00    2.81917   2.49696    2.632
 4117.00    3.01741   2.51004    2.632
 4118.00    2.81734   2.51553    2.632
 4119.00    2.56565   2.51655    2.632
 4120.00    2.63522   2.51758    2.632
 4121.00    2.74831   2.52038    2.632
 4122.00    2.84412   2.52432    2.632
 4123.00    3.04833   2.52877    2.632
 4124.00    2.90604   2.53439    2.632
 4125.00    2.49642   2.53957    2.632
 4126.00    2.51211   2.53946    2.632
 4127.00    2.57635   2.53019    2.632
 4128.00    2.62700   2.51375    2.632
 4129.00    2.95356   2.49454    2.632
 4130.00    2.94989   2.47628    2.632
 4131.00    2.90319   2.46034    2.632
 4132.00    2.90106   2.45033    2.632
 4133.00    2.70501   2.45144    2.632
 4134.00    2.70501   2.46802    2.632
 4135.00    2.81735   2.49829    2.632
 4136.00    2.82336   2.53556    2.632
 4137.00    2.72850   2.57149    2.632
 4138.00    2.71650   2.59950    2.632
 4139.00    2.24852   2.61529    2.632
 4140.00    2.15006   2.61723    2.632
 4141.00    2.37126   2.60416    2.632
 4142.00    2.43952   2.57822    2.632
 4143.00    2.87063   2.54674    2.632
 4144.00    3.05350   2.52097    2.632
 4145.00    2.78549   2.50784    2.632
 4146.00    2.63513   2.50765    2.632
 4147.00    2.40281   2.51417    2.632
 4148.00    2.23396   2.52323    2.632
 4149.00    2.36467   2.53230    2.632
 4150.00    2.48650   2.53984    2.632
 4151.00    2.58717   2.54345    2.632
 4152.00    2.70747   2.54286    2.632
 4153.00    2.64885   2.53992    2.632
 4154.00    2.55869   2.53808    2.632
 4155.00    2.38834   2.54133    2.632
 4156.00    2.04562   2.55183    2.632
 4157.00    2.06607   2.57123    2.632
 4158.00    2.12121   2.59819    2.632
 4159.00    2.16985   2.63033    2.632
 4160.00    2.35395   2.66398    2.632
 4161.00    2.32135   2.69518    2.632
 4162.00    2.13216   2.72104    2.632
 4163.00    2.19446   2.73927    2.632
 4164.00    2.86124   2.74730    2.632
 4165.00    2.86082   2.74350    2.632
 4166.00    2.84323   2.72886    2.632
 4167.00    2.84323   2.70508    2.632
 4168.00    2.66046   2.67487    2.632
 4169.00    2.65322   2.63978    2.632
 4170.00    2.27389   2.60202    2.632
 4171.00    2.23192   2.56147    2.632
 4172.00    2.22178   2.52134    2.632
 4173.00    2.21983   2.48724    2.632
 4174.00    2.68193   2.46621    2.632
 4175.00    2.81466   2.45930    2.632
 4176.00    2.22560   2.46235    2.632
 4177.00    1.99062   2.47261    2.632
 4178.00    1.86476   2.49002    2.632
 4179.00    1.79797   2.51454    2.632
 4180.00    2.16938   2.54114    2.632
 4181.00    2.42558   2.56456    2.632
 4182.00    2.63400   2.58251    2.632
 4183.00    2.81862   2.59713    2.632
 4184.00    2.45572   2.61142    2.632
 4185.00    2.04362   2.62383    2.632
 4186.00    2.20680   2.63095    2.632
 4187.00    2.44480   2.63373    2.632
 4188.00    2.60768   2.63855    2.632
 4189.00    2.91728   2.64775    2.632
 4190.00    3.01747   2.65724    2.632
 4191.00    3.27105   2.66228    2.632
 4192.00    3.10489   2.66354    2.632
 4193.00    2.52149   2.66066    2.632
 4194.00    2.67942   2.64986    2.632
 4195.00    3.50758   2.62653    2.632
 4196.00    3.48677   2.59342    2.632
 4197.00    3.29559   2.55752    2.632
 4198.00    3.26410   2.52443    2.632
 4199.00    2.42386   2.49762    2.632
 4200.00    2.42386   2.48046    2.632
 4201.00    2.48686   2.47729    2.632
 4202.00    2.48850   2.48853    2.632
 4203.00    2.15922   2.51288    2.632
 4204.00    2.12788   2.54848    2.632
 4205.00    2.66679   2.59119    2.632
 4206.00    2.76073   2.63587    2.632
 4207.00    2.48332   2.67818    2.632
 4208.00    2.40938   2.71572    2.632
 4209.00    2.59085   2.74360    2.632
 4210.00    2.65864   2.75970    2.632
 4211.00    2.96999   2.76566    2.632
 4212.00    3.12613   2.76547    2.632
 4213.00    3.00963   2.75997    2.632
 4214.00    2.93340   2.75016    2.632
 4215.00    2.61799   2.74056    2.632
 4216.00    2.35249   2.73731    2.632
 4217.00    2.48169   2.74127    2.632
 4218.00    2.62112   2.74737    2.632
 4219.00    2.38469   2.74712    2.632
 4220.00    2.05743   2.73486    2.632
 4221.00    1.90420   2.70595    2.632
 4222.00    1.62871   2.65831    2.632
 4223.00    1.68457   2.59230    2.632
 4224.00    1.81748   2.51703    2.632
 4225.00    1.77929   2.44358    2.632
 4226.00    1.65454   2.38517    2.632
 4227.00    1.77501   2.35310    2.632
 4228.00    2.35149   2.35403    2.632
 4229.00    2.35259   2.38362    2.632
 4230.00    2.36144   2.43082    2.632
 4231.00    2.34278   2.48355    2.632
 4232.00    1.98302   2.53297    2.632
 4233.00    1.98302   2.57294    2.632
 4234.00    2.89905   2.60129    2.632
 4235.00    2.91083   2.61906    2.632
 4236.00    2.20451   2.63151    2.632
 4237.00    2.14789   2.64428    2.632
 4238.00    2.91957   2.66315    2.632
 4239.00    3.04077   2.68988    2.632
 4240.00    3.03771   2.72345    2.632
 4241.00    3.03695   2.76005    2.632
 4242.00    2.97079   2.79622    2.632
 4243.00    2.94764   2.82669    2.632
 4244.00    2.35393   2.84648    2.632
 4245.00    2.07287   2.85207    2.632
 4246.00    2.38187   2.84231    2.632
 4247.00    2.57353   2.81953    2.632
 4248.00    2.65499   2.78870    2.632
 4249.00    2.72014   2.75622    2.632
 4250.00    3.06046   2.72545    2.632
 4251.00    3.40885   2.70236    2.632
 4252.00    3.32999   2.68974    2.632
 4253.00    3.22636   2.68639    2.632
 4254.00    2.83562   2.68569    2.632
 4255.00    2.17064   2.68685    2.632
 4256.00    2.07037   2.69158    2.632
 4257.00    1.84569   2.69784    2.632
 4258.00    1.88598   2.70107    2.632
 4259.00    2.00874   2.70282    2.632
 4260.00    2.15577   2.71050    2.632
 4261.00    2.80114   2.73039    2.632
 4262.00    2.77932   2.75974    2.632
 4263.00    2.62447   2.79337    2.632
 4264.00    2.62229   2.82398    2.632
 4265.00    2.58930   2.84533    2.632
 4266.00    2.58930   2.84976    2.632
 4267.00    2.43542   2.83328    2.632
 4268.00    2.43542   2.79509    2.632
 4269.00    2.45607   2.73987    2.632
 4270.00    2.45743   2.67638    2.632
 4271.00    2.66247   2.61570    2.632
 4272.00    2.69124   2.56874    2.632
 4273.00    2.80253   2.54556    2.632
 4274.00    2.82772   2.54650    2.632
 4275.00    3.07875   2.56778    2.632
 4276.00    3.16091   2.60575    2.632
 4277.00    2.70596   2.65619    2.632
 4278.00    2.50291   2.70570    2.632
 4279.00    2.88659   2.74507    2.632
 4280.00    3.11204   2.77054    2.632
 4281.00    2.97566   2.78388    2.632
 4282.00    2.87209   2.78516    2.632
 4283.00    3.16928   2.77477    2.632
 4284.00    3.45846   2.75304    2.632
 4285.00    3.19354   2.72297    2.632
 4286.00    2.86289   2.68859    2.632
 4287.00    2.83539   2.65248    2.632
 4288.00    2.79115   2.61627    2.632
 4289.00    2.59506   2.58138    2.632
 4290.00    2.18081   2.55313    2.632
 4291.00    2.32835   2.53526    2.632
 4292.00    2.74878   2.52696    2.632
 4293.00    2.77270   2.52044    2.632
 4294.00    2.86945   2.50928    2.632
 4295.00    2.78699   2.48958    2.632
 4296.00    2.26413   2.46144    2.632
 4297.00    2.26919   2.42225    2.632
 4298.00    2.33176   2.37114    2.632
 4299.00    2.32994   2.31367    2.632
 4300.00    2.18816   2.26039    2.632
 4301.00    2.18816   2.21608    2.632
 4302.00    2.11409   2.18083    2.632
 4303.00    2.11029   2.15395    2.632
 4304.00    2.32310   2.13631    2.632
 4305.00    2.34949   2.12721    2.632
 4306.00    2.48608   2.12397    2.632
 4307.00    2.51443   2.12634    2.632
 4308.00    2.22260   2.13768    2.632
 4309.00    2.13351   2.16424    2.632
 4310.00    1.95316   2.20921    2.632
 4311.00    1.87737   2.27344    2.632
 4312.00    2.58793   2.35485    2.632
 4313.00    2.98316   2.45133    2.632
 4314.00    2.91317   2.55718    2.632
 4315.00    2.86271   2.66500    2.632
 4316.00    3.13279   2.76550    2.632
 4317.00    3.38256   2.84914    2.632
 4318.00    3.25747   2.90703    2.632
 4319.00    3.10915   2.93351    2.632
 4320.00    3.11631   2.92917    2.632
 4321.00    3.12723   2.89679    2.632
 4322.00    3.09460   2.84334    2.632
 4323.00    3.02953   2.77922    2.632
 4324.00    3.01297   2.71771    2.632
 4325.00    2.96875   2.66912    2.632
 4326.00    2.92069   2.64561    2.632
 4327.00    2.74090   2.65118    2.632
 4328.00    2.81315   2.68127    2.632
 4329.00    3.22447   2.72368    2.632
 4330.00    3.19001   2.77047    2.632
 4331.00    2.83025   2.81127    2.632
 4332.00    2.82775   2.83651    0.000
 4333.00    2.73201   2.83764    0.000
 4334.00    2.73201   2.81063    0.000
 4335.00    2.78506   2.75675    0.000
 4336.00    2.78705   2.68154    0.000
 4337.00    2.68074   2.59266    0.000
 4338.00    2.66923   2.50147    0.000
 4339.00    2.42612   2.42224    0.000
 4340.00    2.38010   2.36669    0.000
 4341.00    3.16804   2.34318    0.000
 4342.00    3.39183   2.35555    0.000
 4343.00    3.14854   2.39990    0.000
 4344.00    3.05265   2.46655    0.000
 4345.00    2.71923   2.54589    0.000
 4346.00    2.54382   2.62680    0.000
 4347.00    2.77679   2.69799    2.632
 4348.00    2.93619   2.75157    2.632
 4349.00    2.89884   2.78805    2.632
 4350.00    2.86602   2.80808    2.632
 4351.00    2.89160   2.81409    2.632
 4352.00    2.92042   2.81422    2.632
 4353.00    2.89334   2.82072    2.632
 4354.00    2.85415   2.83645    2.632
 4355.00    2.92191   2.85946    2.632
 4356.00    3.04962   2.89078    2.632
 4357.00    3.16174   2.93118    2.632
 4358.00    3.44280   2.97555    2.632
 4359.00    3.47884   3.01800    2.632
 4360.00    3.60396   3.05913    2.632
 4361.00    3.53934   3.09920    2.632
 4362.00    3.20535   3.13376    2.632
 4363.00    3.17990   3.15827    2.632
 4364.00    2.95113   3.17394    2.632
 4365.00    2.96214   3.18071    2.632
 4366.00    3.23653   3.17496    2.632
 4367.00    3.23653   3.15538    2.632
 4368.00    3.26185   3.12668    2.632
 4369.00    3.26246   3.09351    2.632
 4370.00    3.21849   3.05635    2.632
 4371.00    3.21441   3.01668    2.632
 4372.00    3.38612   2.97877    2.632
 4373.00    3.41559   2.94616    2.632
 4374.00    3.09599   2.91819    2.632
 4375.00    3.01181   2.89560    2.632
 4376.00    2.94307   2.87982    2.632
 4377.00    2.91764   2.86709    2.632
 4378.00    2.80870   2.85013    2.632
 4379.00    2.75456   2.82240    2.632
 4380.00    3.01872   2.78350    2.632
 4381.00    3.19016   2.73505    2.632
 4382.00    2.90280   2.68130    2.632
 4383.00    2.66281   2.62631    2.632
 4384.00    2.78181   2.58293    2.632
 4385.00    2.90897   2.56221    2.632
 4386.00    2.82412   2.56556    2.632
 4387.00    2.70762   2.58697    2.632
 4388.00    2.83279   2.62262    2.632
 4389.00    3.05593   2.66843    2.632
 4390.00    3.06442   2.71673    2.632
 4391.00    3.08443   2.76185    2.632
 4392.00    3.21711   2.80243    2.632
 4393.00    3.64584   2.83971    2.632
 4394.00    3.58517   2.87259    2.632
 4395.00    3.29877   2.89962    2.632
 4396.00    3.22326   2.92204    2.632
 4397.00    2.62932   2.93921    2.632
 4398.00    2.63461   2.94635    2.632
 4399.00    2.73255   2.93911    2.632
 4400.00    2.73255   2.92043    2.632
 4401.00    2.57919   2.89344    2.632
 4402.00    2.57753   2.86198    2.632
 4403.00    2.47977   2.82882    2.632
 4404.00    2.47216   2.79923    2.632
 4405.00    3.20777   2.77991    2.632
 4406.00    3.32138   2.78062    2.632
 4407.00    2.82943   2.79850    2.632
 4408.00    2.70965   2.82747    2.632
 4409.00    2.78388   2.86584    2.632
 4410.00    2.80960   2.91093    2.632
 4411.00    2.68529   2.95132    2.632
 4412.00    2.62697   2.98010    2.632
 4413.00    3.04688   2.99847    2.632
 4414.00    3.30519   3.00748    2.632
 4415.00    2.95813   3.00965    2.632
 4416.00    2.68279   3.01258    2.632
 4417.00    2.74221   3.02203    2.632
 4418.00    2.80257   3.03557    2.632
 4419.00    3.17035   3.05302    2.632
 4420.00    3.64983   3.07297    2.632
 4421.00    3.39695   3.09066    2.632
 4422.00    2.97107   3.10070    2.632
 4423.00    3.07109   3.10503    2.632
 4424.00    3.29313   3.10673    2.632
 4425.00    3.28251   3.10575    2.632
 4426.00    3.25047   3.10149    2.632
 4427.00    3.24647   3.09741    2.632
 4428.00    3.22914   3.09545    2.632
 4429.00    3.18684   3.09151    2.632
 4430.00    2.89203   3.08326    2.632
 4431.00    2.95934   3.07350    2.632
 4432.00    3.94428   3.06450    2.632
 4433.00    3.94231   3.05778    2.632
 4434.00    2.93212   3.05317    2.632
 4435.00    2.93212   3.05519    2.632
 4436.00    2.62180   3.06566    2.632
 4437.00    2.60214   3.08333    2.632
 4438.00    2.88031   3.10247    2.632
 4439.00    2.91864   3.12096    2.632
 4440.00    4.13779   3.13760    2.632
 4441.00    4.41017   3.15000   -1.000
 4442.00    4.21156   3.16049    2.632
 4443.00    4.14724   3.17059    2.632
 4444.00    3.23666   3.18436    2.632
 4445.00    2.83396   3.20281    2.632
 4446.00    2.89990   3.22462    2.632
 4447.00    2.93833   3.24355    2.632
 4448.00    2.97387   3.25685    2.632
 4449.00    3.00064   3.26263    2.632
 4450.00    3.12200   3.25351    2.632
 4451.00    3.23917   3.22857    2.632
 4452.00    3.60264   3.19212    2.632
 4453.00    4.05272   3.14735    2.632
 4454.00    3.76671   3.09512    2.632
 4455.00    3.31033   3.04205    2.632
 4456.00    2.95379   2.99593    2.632
 4457.00    2.20731   2.95982    2.632
 4458.00    2.24945   2.93529    2.632
 4459.00    2.36833   2.92395    2.632
 4460.00    2.54790   2.92794    2.632
 4461.00    3.26535   2.94366    2.632
 4462.00    3.22200   2.96715    2.632
 4463.00    2.95274   2.99745    2.632
 4464.00    2.93321   3.03155    2.632
 4465.00    2.69795   3.06416    2.632
 4466.00    2.70550   3.09380    2.632
 4467.00    3.21313   3.12253    2.632
 4468.00    3.21313   3.14995    2.632
 4469.00    2.50458   3.17691    0.000
 4470.00    2.46973   3.20590    0.000
 4471.00    2.34503   3.23931    0.000
 4472.00    2.32987   3.27594    0.000
 4473.00    3.01034   3.31234    0.000
 4474.00    3.14963   3.34553    0.000
 4475.00    3.53804   3.37125    0.000
 4476.00    3.65532   3.38526    2.632
 4477.00    3.01632   3.38578    2.632
 4478.00    2.75092   3.37590    2.632
 4479.00    3.03420   3.35775    2.632
 4480.00    3.19044   3.33437    2.632
 4481.00    3.30729   3.31571    2.632
 4482.00    3.39087   3.30635    2.632
 4483.00    3.24732   3.30657    2.632
 4484.00    3.11561   3.31425    2.632
 4485.00    3.02435   3.32858    2.632
 4486.00    2.91700   3.34308    2.632
 4487.00    2.95193   3.35240    2.632
 4488.00    3.00478   3.35505    2.632
 4489.00    2.76801   3.34926    2.632
 4490.00    2.29998   3.33842    2.632
 4491.00    2.14839   3.32533   -1.000
 4492.00    1.74757   3.31553   -1.000
 4493.00    2.01533   3.30905   -1.000
 4494.00    3.00531   3.30761    2.632
 4495.00    3.08007   3.31294    2.632
 4496.00    3.49920   3.32589    2.632
 4497.00    3.45418   3.34497    2.632
 4498.00    2.99540   3.36833    2.632
 4499.00    2.96812   3.39819    2.632
 4500.00    1.99765   3.43431   -1.000
 4501.00    1.99765   3.47176   -1.000
 4502.00    4.06995   3.51100    2.632
 4503.00    4.14329   3.55034    2.632
 4504.00    4.54910   3.58731    2.632
 4505.00    4.59205   3.61882    2.632
 4506.00    3.21021   3.64320    2.632
 4507.00    2.95242   3.65963    2.632
 4508.00    3.47671   3.66601    2.632
 4509.00    3.62393   3.66384    2.632
 4510.00    3.44776   3.65266    2.632
 4511.00    3.37899   3.63637    2.632
 4512.00    3.65778   3.61738    2.632
 4513.00    3.80317   3.59515    2.632
 4514.00    3.77241   3.57254    2.632
 4515.00    3.75152   3.55287    2.632
 4516.00    3.81989   3.53605    2.632
 4517.00    3.87951   3.52314    2.632
 4518.00    4.30410   3.51311    2.632
 4519.00    4.77781   3.50523   -1.000
 4520.00    4.44414   3.49665    2.632
 4521.00    3.96526   3.48415    2.632
 4522.00    3.86183   3.46440    2.632
 4523.00    3.66859   3.43459    2.632
 4524.00    3.35401   3.39596    2.632
 4525.00    2.57289   3.34956    2.632
 4526.00    2.57908   3.29741    2.632
 4527.00    2.60032   3.24368    2.632
 4528.00    2.63871   3.19488    2.632
 4529.00    2.83431   3.15515    2.632
 4530.00    2.81538   3.12551    2.632
 4531.00    2.64876   3.10899    2.632
 4532.00    2.65849   3.10644    2.632
 4533.00    2.88882   3.11652    2.632
 4534.00    2.88882   3.13851    2.632
 4535.00    3.25387   3.16910    2.632
 4536.00    3.26189   3.20675    2.632
 4537.00    3.21528   3.24832    2.632
 4538.00    3.21106   3.29095    2.632
 4539.00    3.35206   3.33107    2.632
 4540.00    3.37589   3.36501    2.632
 4541.00    3.36499   3.39093    2.632
 4542.00    3.36215   3.40676    2.632
 4543.00    2.62698   3.41321    2.632
 4544.00    2.35773   3.41116    2.632
 4545.00    2.46390   3.40248    2.632
 4546.00    2.51621   3.38997    2.632
 4547.00    3.10145   3.37633    2.632
 4548.00    3.47815   3.36348    2.632
 4549.00    3.30083   3.35006    2.632
 4550.00    3.15391   3.33890    2.632
 4551.00    3.23475   3.33368    2.632
 4552.00    3.32046   3.33313    2.632
 4553.00    3.06269   3.33692    2.632
 4554.00    2.71157   3.34788    2.632
 4555.00    2.97895   3.36778    2.632
 4556.00    3.45054   3.39269    2.632
 4557.00    3.50127   3.42392    2.632
 4558.00    3.61973   3.45927    2.632
 4559.00    3.77359   3.49324    2.632
 4560.00    4.26545   3.52227    2.632
 4561.00    4.09451   3.54611    2.632
 4562.00    3.29834   3.56126    2.632
 4563.00    3.34442   3.56590    2.632
 4564.00    3.69991   3.56609    2.632
 4565.00    3.69160   3.56430    2.632
 4566.00    3.54382   3.56238    2.632
 4567.00    3.54382   3.56262    2.632
 4568.00    3.75380   3.56534    2.632
 4569.00    3.75566   3.57011    2.632
 4570.00    3.45920   3.57656    2.632
 4571.00    3.43678   3.58211    2.632
 4572.00    3.37741   3.58587    2.632
 4573.00    3.36840   3.58661    2.632
 4574.00    3.23345   3.58675    2.632
 4575.00    3.20111   3.58214    2.632
 4576.00    3.35885   3.57194    2.632
 4577.00    3.41295   3.55783    2.632
 4578.00    3.61044   3.53887    2.632
 4579.00    3.70227   3.51342    2.632
 4580.00    3.97795   3.48388    2.632
 4581.00    4.14614   3.45602    2.632
 4582.00    3.33665   3.43251    2.632
 4583.00    2.69952   3.41488    2.632
 4584.00    2.87271   3.40524    2.632
 4585.00    3.04726   3.40635    2.632
 4586.00    3.36601   3.41447    2.632
 4587.00    3.77828   3.42827    2.632
 4588.00    4.04990   3.44411    2.632
 4589.00    4.50355   3.45829    2.632
 4590.00    4.27935   3.46940    2.632
 4591.00    3.78612   3.47495    2.632
 4592.00    3.92936   3.47475    2.632
 4593.00    4.35684   3.46892    2.632
 4594.00    4.13440   3.46119    2.632
 4595.00    3.18274   3.45255    2.632
 4596.00    3.17556   3.44402    2.632
 4597.00    3.12663   3.43961    2.632
 4598.00    3.12837   3.43883    2.632
 4599.00    3.15302   3.44081    2.632
 4600.00    3.15629   3.44508    2.632
 4601.00    3.98851   3.45114    2.632
 4602.00    3.98851   3.45974    2.632
 4603.00    3.32416   3.47260    2.632
 4604.00    3.28354   3.48724    2.632
 4605.00    3.20037   3.50551    2.632
 4606.00    3.18912   3.53145    2.632
 4607.00    3.90678   3.55906    2.632
 4608.00    4.06503   3.58699    2.632
 4609.00    3.60034   3.61650    2.632
 4610.00    3.45144   3.64328    2.632
 4611.00    3.22697   3.66292    2.632
 4612.00    3.12884   3.67859    2.632
 4613.00    3.61265   3.69028    2.632
 4614.00    3.89221   3.69422    2.632
 4615.00    3.89776   3.69788    2.632
 4616.00    3.90191   3.70110    2.632
 4617.00    3.86678   3.70330    2.632
 4618.00    3.83314   3.70713    2.632
 4619.00    3.39388   3.71269    2.632
 4620.00    2.85425   3.71763    2.632
 4621.00    2.83082   3.72198    2.632
 4622.00    2.79372   3.72623    2.632
 4623.00    3.03216   3.72743    2.632
 4624.00    3.52695   3.72684    2.632
 4625.00    3.46184   3.72425    2.632
 4626.00    3.28001   3.71850    2.632
 4627.00    3.41063   3.71054    2.632
 4628.00    3.92620   3.70210    2.632
 4629.00    3.88965   3.69246    2.632
 4630.00    3.66631   3.68105    2.632
 4631.00    3.64116   3.66877    2.632
 4632.00    3.34635   3.65508    2.632
 4633.00    3.35598   3.63908    2.632
 4634.00    3.92620   3.61935    2.632
 4635.00    3.92620   3.59784    2.632
