 3146.00    0.58580   1.02619   -1.000
 3147.00    1.18893   1.02628    6.954
 3148.00    1.18893   1.02637    6.954
 3149.00    0.81643   1.02645    6.954
 3150.00    0.76675   1.02654    6.954
 3151.00    0.84011   1.02663    6.954
 3152.00    0.90704   1.02672    6.954
 3153.00    0.91042   1.02681    6.954
 3154.00    0.92780   1.02690    6.954
 3155.00    0.92780   1.02698    6.954
 3156.00    0.79222   1.02707    6.954
 3157.00    0.75910   1.02714    6.954
 3158.00    0.83966   1.02711    6.954
 3159.00    0.94040   1.02691    6.954
 3160.00    0.92926   1.02655    6.954
 3161.00    0.80844   1.02624    6.954
 3162.00    0.80844   1.02613    6.954
 3163.00    1.02460   1.02616    6.954
 3164.00    1.10655   1.02624    6.954
 3165.00    1.15864   1.02632    6.954
 3166.00    1.24917   1.02641    6.954
 3167.00    1.24888   1.02650    6.954
 3168.00    1.19896   1.02659    6.954
 3169.00    1.19896   1.02668    6.954
 3170.00    1.18183   1.02677    6.954
 3171.00    1.17246   1.02685    6.954
 3172.00    1.16324   1.02694    6.954
 3173.00    1.14029   1.02703    6.954
 3174.00    1.14029   1.02712    6.954
 3175.00    1.21028   1.02720    6.954
 3176.00    1.21577   1.02719    6.954
 3177.00    1.08276   1.02632    6.954
 3178.00    0.98145   1.02189    6.954
 3179.00    0.97101   1.01012    6.954
 3180.00    0.93127   0.99233    6.954
 3181.00    0.93127   0.97664    6.954
 3182.00    1.10388   0.96860    6.954
 3183.00    1.13467   0.96631    6.954
 3184.00    1.19898   0.96601    6.954
 3185.00    1.26625   0.96606    6.954
 3186.00    1.24784   0.96614    6.954
 3187.00    1.12395   0.96623    6.954
 3188.00    1.12395   0.96631    6.954
 3189.00    1.15933   0.96639    6.954
 3190.00    1.16992   0.96648    6.954
 3191.00    0.99542   0.96656    6.954
 3192.00    0.74448   0.96664    6.954
 3193.00    0.75120   0.96673    6.954
 3194.00    0.87687   0.96681    6.954
 3195.00    0.87687   0.96690    6.954
 3196.00    0.98032   0.96705    6.954
 3197.00    1.02660   0.96771    6.954
 3198.00    1.07039   0.97051    6.954
 3199.00    1.15866   0.97763    6.954
 3200.00    1.15866   0.98828    6.954
 3201.00    1.09576   0.99769    6.954
 3202.00    1.09394   1.00261    6.954
 3203.00    1.14901   1.00412    6.954
 3204.00    1.18388   1.00444    6.954
 3205.00    1.25363   1.00455    6.954
 3206.00    1.45964   1.00464   -1.000
 3207.00    1.45964   1.00472   -1.000
 3208.00    1.22107   1.00481    6.954
 3209.00    1.19250   1.00490    6.954
 3210.00    0.97799   1.00498    6.954
 3211.00    0.79055   1.00507    6.954
 3212.00    0.85144   1.00516    6.954
 3213.00    1.14035   1.00524    6.954
 3214.00    1.14035   1.00533    6.954
 3215.00    1.16125   1.00541    6.954
 3216.00    1.16601   1.00537    6.954
 3217.00    1.05705   1.00442    6.954
 3218.00    0.92658   0.99977    6.954
 3219.00    0.92690   0.98769    6.954
 3220.00    0.92989   0.96958    6.954
 3221.00    0.92989   0.95359    6.954
 3222.00    1.22628   0.94531    6.954
 3223.00    1.33268   0.94289    6.954
 3224.00    1.10665   0.94255    6.954
 3225.00    0.73227   0.94260    6.954
 3226.00    0.73473   0.94268    6.954
 3227.00    0.88006   0.94276    6.954
 3228.00    0.88006   0.94284    6.954
 3229.00    0.71950   0.94292    6.954
 3230.00    0.63575   0.94300    6.954
 3231.00    0.63946   0.94308    6.954
 3232.00    0.64822   0.94316    6.954
 3233.00    0.64822   0.94324    6.954
 3234.00    0.81564   0.94333    6.954
 3235.00    0.82671   0.94342    6.954
 3236.00    0.82699   0.94364    6.954
 3237.00    0.82720   0.94486    6.954
 3238.00    0.78465   0.95006    6.954
 3239.00    0.63268   0.96317    6.954
 3240.00    0.63268   0.98265    6.954
 3241.00    0.90944   0.99988    6.954
 3242.00    0.95473   1.00893    6.954
 3243.00    1.05485   1.01173    6.954
 3244.00    1.15516   1.01228    6.954
 3245.00    1.21276   1.01241    6.954
 3246.00    1.56614   1.01250   -1.000
 3247.00    1.56614   1.01258   -1.000
 3248.00    1.15343   1.01267    6.954
 3249.00    1.03754   1.01276    6.954
 3250.00    1.01609   1.01284    6.954
 3251.00    0.98657   1.01293    6.954
 3252.00    1.00367   1.01302    6.954
 3253.00    1.26444   1.01311    6.954
 3254.00    1.26444   1.01319    6.954
 3255.00    1.16188   1.01329    6.954
 3256.00    1.11832   1.01345    6.954
 3257.00    0.99045   1.01417    6.954
 3258.00    0.74475   1.01704    6.954
 3259.00    0.74475   1.02413    6.954
 3260.00    1.01427   1.03460    6.954
 3261.00    1.01896   1.04387    6.954
 3262.00    1.04160   1.04878    6.954
 3263.00    1.05530   1.05034    6.954
 3264.00    1.03413   1.05069    6.954
 3265.00    0.97502   1.05081    6.954
 3266.00    0.97502   1.05090    6.954
 3267.00    1.06305   1.05099    6.954
 3268.00    1.07240   1.05108    6.954
 3269.00    0.96011   1.05117    6.954
 3270.00    0.86615   1.05126    6.954
 3271.00    0.88738   1.05135    6.954
 3272.00    0.98086   1.05144    6.954
 3273.00    0.98086   1.05153    6.954
 3274.00    0.92424   1.05162    6.954
 3275.00    0.91224   1.05171    6.954
 3276.00    0.88597   1.05176    6.954
 3277.00    0.85585   1.05156    6.954
 3278.00    0.85570   1.05039    6.954
 3279.00    0.85449   1.04733    6.954
 3280.00    0.85449   1.04277    6.954
 3281.00    1.12944   1.03875    6.954
 3282.00    1.22277   1.03667    6.954
 3283.00    1.14253   1.03608    6.954
 3284.00    1.01556   1.03605    6.954
 3285.00    1.00569   1.03613    6.954
 3286.00    0.65483   1.03622    6.954
 3287.00    0.65483   1.03631    6.954
 3288.00    0.94543   1.03640    6.954
 3289.00    1.08989   1.03649    6.954
 3290.00    1.06621   1.03658    6.954
 3291.00    1.01315   1.03667    6.954
 3292.00    1.01315   1.03676    6.954
 3293.00    0.68282   1.03684    6.954
 3294.00    0.66497   1.03693    6.954
 3295.00    0.79376   1.03702    6.954
 3296.00    0.88350   1.03711    6.954
 3297.00    0.95562   1.03721    6.954
 3298.00    1.19774   1.03733    6.954
 3299.00    1.19774   1.03748    6.954
 3300.00    1.28495   1.03767    6.954
 3301.00    1.29797   1.03785    6.954
 3302.00    1.25119   1.03799    6.954
 3303.00    1.20639   1.03809    6.954
 3304.00    1.18885   1.03818    6.954
 3305.00    1.09019   1.03827    6.954
 3306.00    1.09019   1.03836    6.954
 3307.00    1.08934   1.03845    6.954
 3308.00    1.08911   1.03854    6.954
 3309.00    1.12742   1.03863    6.954
 3310.00    1.17786   1.03872    6.954
 3311.00    1.15027   1.03880    6.954
 3312.00    0.79609   1.03883    6.954
 3313.00    0.79609   1.03842    6.954
 3314.00    0.94892   1.03641    6.954
 3315.00    1.01048   1.03136    6.954
 3316.00    1.04098   1.02391    6.954
 3317.00    1.09688   1.01733    6.954
 3318.00    1.09688   1.01386    6.954
 3319.00    1.06931   1.01286    6.954
 3320.00    1.06914   1.01300    6.954
 3321.00    0.83560   1.01432    6.954
 3322.00    0.70081   1.01840    6.954
 3323.00    0.81833   1.02664    6.954
 3324.00    1.12908   1.03733    6.954
 3325.00    1.12908   1.04509    6.954
 3326.00    1.00000   1.04558    6.954
 3327.00    0.98802   1.04106    6.954
 3328.00    0.88024   1.03920    6.954
 3329.00    0.79388   1.04515    6.954
 3330.00    0.86876   1.05633    6.954
 3331.00    1.17633   1.06465    6.954
 3332.00    1.17633   1.06258    6.954
 3333.00    1.18649   1.04786    6.954
 3334.00    1.18848   1.02429    6.954
 3335.00    1.06477   1.00017    6.954
 3336.00    0.92890   0.98502    6.954
 3337.00    0.92805   0.98331    6.954
 3338.00    0.92166   0.99046    6.954
 3339.00    0.92166   0.99826    6.954
 3340.00    0.73920   1.00373    6.954
 3341.00    0.68074   1.01079    6.954
 3342.00    0.81164   1.02421    6.954
 3343.00    1.00968   1.04302    6.954
 3344.00    1.00564   1.06006    6.954
 3345.00    0.90423   1.06690    6.954
 3346.00    0.90423   1.05795    6.954
 3347.00    0.93830   1.03424    6.954
 3348.00    0.95443   1.00555    6.954
 3349.00    0.92785   0.98549    6.954
 3350.00    0.87122   0.98197    6.954
 3351.00    0.87122   0.99258    6.954
 3352.00    0.91615   1.00792    6.954
 3353.00    0.91805   1.01997    6.954
 3354.00    0.99411   1.02655    6.954
 3355.00    1.04479   1.02798    6.954
 3356.00    1.08296   1.02245    6.954
 3357.00    1.20352   1.00646    6.954
 3358.00    1.20352   0.97997    6.954
 3359.00    0.74840   0.95039    6.954
 3360.00    0.68685   0.93045    6.954
 3361.00    0.74304   0.93022    6.954
 3362.00    0.79461   0.94891    6.954
 3363.00    0.79675   0.97422    6.954
 3364.00    0.80787   0.99037    6.954
 3365.00    0.80787   0.98813    6.954
 3366.00    0.91395   0.96994    6.954
 3367.00    0.94010   0.94677    6.954
 3368.00    0.92134   0.92919    6.954
 3369.00    0.89773   0.92076    6.954
 3370.00    0.87885   0.91891    6.954
 3371.00    0.67032   0.92105    6.954
 3372.00    0.67032   0.92902    6.954
 3373.00    1.11490   0.94670    6.954
 3374.00    1.28469   0.97308    6.954
 3375.00    1.29629   0.99832    6.954
 3376.00    1.31658   1.00891    6.954
 3377.00    1.31440   0.99870    6.954
 3378.00    0.81949   0.97511    6.954
 3379.00    0.81949   0.95418    6.954
 3380.00    0.73982   0.94875    6.954
 3381.00    0.69598   0.96072    6.954
 3382.00    0.75146   0.98279    6.954
 3383.00    0.89053   1.00562    6.954
 3384.00    0.89053   1.02333    6.954
 3385.00    1.08400   1.03372    6.954
 3386.00    1.09951   1.03702    6.954
 3387.00    0.99016   1.03570    6.954
 3388.00    0.90628   1.03263    6.954
 3389.00    0.90503   1.02785    6.954
 3390.00    0.90025   1.01892    6.954
 3391.00    0.90025   1.00582    6.954
 3392.00    1.08652   0.99438    6.954
 3393.00    1.12012   0.99309    6.954
 3394.00    1.11592   1.00608    6.954
 3395.00    1.11149   1.02996    6.954
 3396.00    1.10613   1.05592    6.954
 3397.00    1.06958   1.07428    6.954
 3398.00    1.06958   1.07870    6.954
 3399.00    1.04205   1.06892    6.954
 3400.00    1.03374   1.05032    6.954
 3401.00    1.01365   1.03004    6.954
 3402.00    0.98458   1.01361    6.954
 3403.00    0.98450   1.00322    6.954
 3404.00    0.98292   0.99706    6.954
 3405.00    0.98292   0.99108    6.954
 3406.00    1.02294   0.98350    6.954
 3407.00    1.04096   0.97744    6.954
 3408.00    1.10662   0.97770    6.954
 3409.00    1.23988   0.98522    6.954
 3410.00    1.23988   0.99529    6.954
 3411.00    1.18020   1.00170    6.954
 3412.00    1.17838   1.00214    6.954
 3413.00    0.99243   0.99962    6.954
 3414.00    0.87395   0.99938    6.954
 3415.00    0.95435   1.00526    6.954
 3416.00    1.19366   1.01818    6.954
 3417.00    1.19366   1.03595    6.954
 3418.00    1.32863   1.05330    6.954
 3419.00    1.34504   1.06361    6.954
 3420.00    1.19663   1.06272    6.954
 3421.00    1.06619   1.05234    6.954
 3422.00    1.07300   1.03919    6.954
 3423.00    1.10564   1.02986    6.954
 3424.00    1.10564   1.02696    6.954
 3425.00    0.99770   1.03013    6.954
 3426.00    0.97287   1.03909    6.954
 3427.00    1.14387   1.05346    6.954
 3428.00    1.34984   1.06906    6.954
 3429.00    1.32394   1.07787    6.954
 3430.00    1.07360   1.07426    6.954
 3431.00    1.07360   1.06071    6.954
 3432.00    1.01803   1.04632    6.954
 3433.00    0.99792   1.03940    6.954
 3434.00    1.04807   1.04098    6.954
 3435.00    1.13166   1.04472    6.954
 3436.00    1.13402   1.04244    6.954
 3437.00    1.28733   1.02943    6.954
 3438.00    1.28733   1.00574    6.954
 3439.00    0.95952   0.97563    6.954
 3440.00    0.78744   0.94682    6.954
 3441.00    0.89397   0.92778    6.954
 3442.00    1.14747   0.92303    6.954
 3443.00    1.14747   0.93107    6.954
 3444.00    1.03789   0.94751    6.954
 3445.00    1.03047   0.96918    6.954
 3446.00    1.11005   0.99454    6.954
 3447.00    1.16836   1.02070    6.954
 3448.00    1.17297   1.04094    6.954
 3449.00    1.18954   1.04711    6.954
 3450.00    1.18954   1.03652    6.954
 3451.00    1.21230   1.01598    6.954
 3452.00    1.21607   0.99740    6.954
 3453.00    1.14185   0.98881    6.954
 3454.00    1.06705   0.98896    6.954
 3455.00    1.07070   0.99011    6.954
 3456.00    1.09339   0.98536    6.954
 3457.00    1.09339   0.97354    6.954
 3458.00    0.76152   0.95884    6.954
 3459.00    0.66754   0.94721    6.954
 3460.00    0.75972   0.94384    6.954
 3461.00    0.88731   0.95132    6.954
 3462.00    0.89303   0.96701    6.954
 3463.00    0.98254   0.98334    6.954
 3464.00    0.98254   0.99401    6.954
 3465.00    1.00941   0.99915    6.954
 3466.00    1.02091   1.00321    6.954
 3467.00    0.96203   1.00976    6.954
 3468.00    0.84815   1.01852    6.954
 3469.00    0.84815   1.02544    6.954
 3470.00    0.70750   1.02556    6.954
 3471.00    0.70484   1.01612    6.954
 3472.00    0.80226   0.99759    6.954
 3473.00    0.86156   0.97362    6.954
 3474.00    0.86612   0.95110    6.954
 3475.00    0.87896   0.93800    6.954
 3476.00    0.87896   0.93855    6.954
 3477.00    1.04572   0.95056    6.954
 3478.00    1.06372   0.96730    6.954
 3479.00    0.97003   0.98178    6.954
 3480.00    0.89116   0.98957    6.954
 3481.00    0.83057   0.98973    6.954
 3482.00    0.56115   0.98523   -1.000
 3483.00    0.56115   0.98231   -1.000
 3484.00    0.88173   0.98662    6.954
 3485.00    0.95033   0.99794    6.954
 3486.00    0.88870   1.00913    6.954
 3487.00    0.81762   1.01168    6.954
 3488.00    0.81475   1.00312    6.954
 3489.00    0.79024   0.98892    6.954
 3490.00    0.79024   0.97753    6.954
 3491.00    1.03366   0.97306    6.954
 3492.00    1.11692   0.97210    6.954
 3493.00    1.07501   0.96815    6.954
 3494.00    1.00826   0.95887    6.954
 3495.00    1.00514   0.94929    6.954
 3496.00    0.88784   0.94818    6.954
 3497.00    0.88784   0.96024    6.954
 3498.00    0.95508   0.98091    6.954
 3499.00    0.98873   1.00027    6.954
 3500.00    0.95074   1.01205    6.954
 3501.00    0.86493   1.01690    6.954
 3502.00    0.86493   1.01760    6.954
 3503.00    1.19496   1.01449    6.954
 3504.00    1.21333   1.00719    6.954
 3505.00    1.08506   0.99814    6.954
 3506.00    0.99514   0.99136    6.954
 3507.00    0.97112   0.98819    6.954
 3508.00    0.88982   0.98627    6.954
 3509.00    0.88982   0.98252    6.954
 3510.00    1.06560   0.97583    6.954
 3511.00    1.09218   0.96736    6.954
 3512.00    1.09432   0.96009    6.954
 3513.00    1.09638   0.95857    6.954
 3514.00    1.05121   0.96671    6.954
 3515.00    0.79405   0.98421    6.954
 3516.00    0.79405   1.00527    6.954
 3517.00    0.84243   1.02124    6.954
 3518.00    0.85529   1.02544    6.954
 3519.00    0.98607   1.01726    6.954
 3520.00    1.15930   1.00191    6.954
 3521.00    1.15174   0.98572    6.954
 3522.00    1.05260   0.97166    6.954
 3523.00    1.05260   0.95976    6.954
 3524.00    0.90429   0.95091    6.954
 3525.00    0.84413   0.94901    6.954
 3526.00    0.87074   0.95783    6.954
 3527.00    0.91983   0.97615    6.954
 3528.00    0.91983   0.99710    6.954
 3529.00    0.81765   1.01275    6.954
 3530.00    0.81685   1.01961    6.954
 3531.00    0.89709   1.02031    6.954
 3532.00    0.94374   1.02012    6.954
 3533.00    0.97270   1.02218    6.954
 3534.00    1.04984   1.02635    6.954
 3535.00    1.04984   1.03146    6.954
 3536.00    0.82815   1.03747    6.954
 3537.00    0.80717   1.04517    6.954
 3538.00    0.88541   1.05403    6.954
 3539.00    0.94848   1.06128    6.954
 3540.00    0.99280   1.06450    6.954
 3541.00    1.17656   1.06459    6.954
 3542.00    1.17656   1.06500    6.954
 3543.00    1.26657   1.06781    6.954
 3544.00    1.28439   1.07155    6.954
 3545.00    1.26292   1.07338    6.954
 3546.00    1.23920   1.07246    6.954
 3547.00    1.22308   1.07048    6.954
 3548.00    1.09991   1.06948    6.954
 3549.00    1.09991   1.06985    6.954
 3550.00    0.98747   1.06986    6.954
 3551.00    0.95115   1.06704    6.954
 3552.00    0.97141   1.06064    6.954
 3553.00    1.00226   1.05280    6.954
 3554.00    1.00295   1.04676    6.954
 3555.00    1.02099   1.04406    6.954
 3556.00    1.02099   1.04376    6.954
 3557.00    1.02921   1.04401    6.954
 3558.00    1.03313   1.04423    6.954
 3559.00    0.97353   1.04594    6.954
 3560.00    0.84564   1.05088    6.954
 3561.00    0.84564   1.05713    6.954
 3562.00    0.87459   1.05788    6.954
 3563.00    0.87585   1.04613    6.954
 3564.00    0.83153   1.02229    6.954
 3565.00    0.80181   0.99554    6.954
 3566.00    0.80935   0.97601    6.954
 3567.00    0.83335   0.96604    6.954
 3568.00    0.83335   0.96021    6.954
 3569.00    0.82740   0.95282    6.954
 3570.00    0.82658   0.94385    6.954
 3571.00    0.88913   0.93744    6.954
 3572.00    0.94686   0.93635    6.954
 3573.00    0.97608   0.93954    6.954
 3574.00    1.12930   0.94456    6.954
 3575.00    1.12930   0.94986    6.954
 3576.00    1.09271   0.95419    6.954
 3577.00    1.08360   0.95507    6.954
 3578.00    1.03973   0.94978    6.954
 3579.00    0.98420   0.93816    6.954
 3580.00    0.98814   0.92380    6.954
 3581.00    1.03254   0.91147    6.954
 3582.00    1.03254   0.90294    6.954
 3583.00    1.01614   0.89572    6.954
 3584.00    1.00983   0.88677    6.954
 3585.00    1.01177   0.87746    6.954
 3586.00    1.01518   0.87342    6.954
 3587.00    1.01537   0.87944    6.954
 3588.00    1.08196   0.89579    6.954
 3589.00    1.08196   0.91875    6.954
 3590.00    1.11425   0.94274    6.954
 3591.00    1.13213   0.96290    6.954
 3592.00    1.15285   0.97744    6.954
 3593.00    1.20517   0.98841    6.954
 3594.00    1.20517   0.99962    6.954
 3595.00    1.07140   1.01310    6.954
 3596.00    1.06045   1.02758    6.954
 3597.00    1.06482   1.03989    6.954
 3598.00    1.06820   1.04692    6.954
 3599.00    1.04378   1.04611    6.954
 3600.00    0.94909   1.03619    6.954
 3601.00    0.94909   1.01851    6.954
 3602.00    0.92555   0.99776    6.954
 3603.00    0.92125   0.98039    6.954
 3604.00    0.92790   0.97094    6.954
 3605.00    0.93494   0.96872    6.954
 3606.00    0.91102   0.96869    6.954
 3607.00    0.74581   0.96629    6.954
 3608.00    0.74581   0.96146    6.954
 3609.00    1.01883   0.95776    6.954
 3610.00    1.10184   0.95827    6.954
 3611.00    1.15856   0.96314    6.954
 3612.00    1.24113   0.97099    6.954
 3613.00    1.23584   0.98079    6.954
 3614.00    1.13058   0.99093    6.954
 3615.00    1.13058   0.99718    6.954
 3616.00    1.01421   0.99454    6.954
 3617.00    0.96144   0.98302    6.954
 3618.00    0.99234   0.97034    6.954
 3619.00    1.05548   0.96677    6.954
 3620.00    1.05548   0.97707    6.954
 3621.00    1.06977   0.99770    6.954
 3622.00    1.07023   1.02137    6.954
 3623.00    1.14182   1.04385    6.954
 3624.00    1.18771   1.06557    6.954
 3625.00    1.10487   1.08721    6.954
 3626.00    0.85637   1.10464    6.954
 3627.00    0.85637   1.10900    6.954
 3628.00    0.69600   1.09325    6.954
 3629.00    0.67621   1.05972    6.954
 3630.00    0.91713   1.02099    6.954
 3631.00    1.13012   0.99268    6.954
 3632.00    1.11977   0.98388    6.954
 3633.00    1.06964   0.99247    6.954
 3634.00    1.06964   1.00870    6.954
 3635.00    1.19770   1.02399    6.954
 3636.00    1.22744   1.03654    6.954
 3637.00    1.11950   1.04866    6.954
 3638.00    0.98871   1.06054    6.954
 3639.00    0.99453   1.06814    6.954
 3640.00    1.05180   1.06679    6.954
 3641.00    1.05180   1.05565    6.954
 3642.00    1.27313   1.03854    6.954
 3643.00    1.35378   1.02130    6.954
 3644.00    1.26352   1.00822    6.954
 3645.00    1.11198   1.00013    6.954
 3646.00    1.10782   0.99557    6.954
 3647.00    0.80713   0.99375    6.954
 3648.00    0.80713   0.99607    6.954
 3649.00    0.94532   1.00482    6.954
 3650.00    1.01834   1.02054    6.954
 3651.00    0.98325   1.04089    6.954
 3652.00    0.89915   1.06177    6.954
 3653.00    0.89915   1.07962    6.954
 3654.00    1.19887   1.09315    6.954
 3655.00    1.21968   1.10336    6.954
 3656.00    1.16084   1.11174    6.954
 3657.00    1.11748   1.11819    6.954
 3658.00    1.07606   1.12116    6.954
 3659.00    0.92556   1.11936    6.954
 3660.00    0.92556   1.11306    6.954
 3661.00    0.99785   1.10407    6.954
 3662.00    1.00997   1.09506    6.954
 3663.00    1.03526   1.08852    6.954
 3664.00    1.06089   1.08527    6.954
 3665.00    1.07018   1.08351    6.954
 3666.00    1.12860   1.08016    6.954
 3667.00    1.12860   1.07405    6.954
 3668.00    0.99795   1.06801    6.954
 3669.00    0.96063   1.06682    6.954
 3670.00    0.96197   1.07275    6.954
 3671.00    0.96383   1.08319    6.954
 3672.00    0.98194   1.09229    6.954
 3673.00    1.27299   1.09465    6.954
 3674.00    1.27299   1.08798    6.954
 3675.00    1.36283   1.07331    6.954
 3676.00    1.40157   1.05417    6.954
 3677.00    1.28055   1.03581    6.954
 3678.00    1.04495   1.02376    6.954
 3679.00    1.04495   1.02116    6.954
 3680.00    0.71666   1.02672    6.954
 3681.00    0.70996   1.03531    6.954
 3682.00    0.96922   1.04065    6.954
 3683.00    1.12805   1.03822    6.954
 3684.00    1.09677   1.02776    6.954
 3685.00    1.00809   1.01465    6.954
 3686.00    1.00809   1.00794    6.954
 3687.00    1.02691   1.01446    6.954
 3688.00    1.02898   1.03344    6.954
 3689.00    0.97363   1.05723    6.954
 3690.00    0.92676   1.07773    6.954
 3691.00    0.92226   1.09152    6.954
 3692.00    0.90203   1.09911    6.954
 3693.00    0.90203   1.10110    6.954
 3694.00    1.03072   1.09759    6.954
 3695.00    1.05853   1.09153    6.954
 3696.00    1.04659   1.09039    6.954
 3697.00    1.03273   1.10176    6.954
 3698.00    1.03484   1.12527    6.954
 3699.00    1.05320   1.14898    6.954
 3700.00    1.05320   1.15540    6.954
 3701.00    1.23570   1.13332    6.954
 3702.00    1.29862   1.08622    6.954
 3703.00    1.13110   1.03146    6.954
 3704.00    0.86270   0.99060    6.954
 3705.00    0.87120   0.97678    6.954
 3706.00    1.21064   0.98756    6.954
 3707.00    1.21064   1.00830    6.954
 3708.00    1.12428   1.02295    6.954
 3709.00    1.08079   1.02486    6.954
 3710.00    1.04453   1.02052    6.954
 3711.00    0.96209   1.02395    6.954
 3712.00    0.96209   1.04610    6.954
 3713.00    1.18774   1.08716    6.954
 3714.00    1.20067   1.13653    6.954
 3715.00    1.24445   1.17865    6.954
 3716.00    1.27532   1.19877    6.954
 3717.00    1.24507   1.18628    6.954
 3718.00    1.14180   1.13842    0.000
 3719.00    1.14180   1.06562    0.000
 3720.00    1.04800   0.99226    0.000
 3721.00    1.03363   0.94745    0.000
 3722.00    1.28603   0.94988    0.000
 3723.00    1.53066   0.99704    0.000
 3724.00    1.67939   1.06729    0.000
 3725.00    2.53595   1.13443    0.000
 3726.00    2.53595   1.18313    0.000
 3727.00    2.63554   1.21192    0.000
 3728.00    2.66224   1.22287    0.000
 3729.00    2.54293   1.21180    0.000
 3730.00    2.38395   1.17056    0.000
 3731.00    2.31535   1.09809    0.000
 3732.00    1.39462   1.00831    0.000
 3733.00    1.39462   0.92659    0.000
 3734.00    1.11943   0.87864    0.000
 3735.00    1.00701   0.87977    0.000
 3736.00    0.98285   0.93035    0.000
 3737.00    0.93800   1.01694    0.000
 3738.00    0.93800   1.11727    6.954
 3739.00    1.08863   1.20738    6.954
 3740.00    1.09005   1.26926    6.954
 3741.00    1.15885   1.29567    6.954
 3742.00    1.19910   1.28954    6.954
 3743.00    1.25379   1.25869    6.954
 3744.00    1.40055   1.20991    6.954
 3745.00    1.40055   1.14640    6.954
 3746.00    1.46337   1.07021    6.954
 3747.00    1.46942   0.98838   -1.000
 3748.00    1.21308   0.91736    6.954
 3749.00    1.00524   0.87953    6.954
 3750.00    1.01700   0.89168    6.954
 3751.00    1.06621   0.95426    6.954
 3752.00    1.06621   1.05028    6.954
 3753.00    1.13640   1.15412    6.954
 3754.00    1.15045   1.24157    6.954
 3755.00    1.25199   1.29659    6.954
 3756.00    1.36483   1.31551    6.954
 3757.00    1.36848   1.30811    6.954
 3758.00    1.39682   1.29231    6.954
 3759.00    1.39682   1.28357    6.954
 3760.00    1.37752   1.28714    6.954
 3761.00    1.37124   1.29819    6.954
 3762.00    1.34266   1.30698    6.954
 3763.00    1.29889   1.30398    6.954
 3764.00    1.30631   1.28297    6.954
 3765.00    1.50849   1.24207    6.954
 3766.00    1.50849   1.18344    6.954
 3767.00    1.39807   1.11304    6.954
 3768.00    1.34509   1.04158    6.954
 3769.00    1.21106   0.98525    6.954
 3770.00    0.92150   0.96128    6.954
 3771.00    0.92150   0.97883    6.954
 3772.00    1.16733   1.03238    6.954
 3773.00    1.17850   1.10593    6.954
 3774.00    1.28935   1.18404    6.954
 3775.00    1.36413   1.25965    6.954
 3776.00    1.39107   1.33228    6.954
 3777.00    1.47753   1.40228    6.954
 3778.00    1.47753   1.46736    6.954
 3779.00    1.47654   1.52362    6.954
 3780.00    1.47640   1.56786    6.954
 3781.00    1.59200   1.59867    6.954
 3782.00    1.69932   1.61527    6.954
 3783.00    1.70471   1.61606    6.954
 3784.00    1.73328   1.59916    6.954
 3785.00    1.73328   1.56602    6.954
 3786.00    1.49419   1.52366    6.954
 3787.00    1.43416   1.48200    6.954
 3788.00    1.41906   1.44773    6.954
 3789.00    1.39983   1.42020    6.954
 3790.00    1.39207   1.39234    6.954
 3791.00    1.30292   1.35477    6.954
 3792.00    1.30292   1.30013    6.954
 3793.00    1.04873   1.22629    6.954
 3794.00    0.95022   1.13753    6.954
 3795.00    0.93483   1.04417    6.954
 3796.00    0.90757   0.96221    0.000
 3797.00    0.90754   0.91144    0.000
 3798.00    0.88673   0.90885    0.000
 3799.00    0.88673   0.95975    0.000
 3800.00    0.95464   1.05244    0.000
 3801.00    0.99249   1.16360    0.000
 3802.00    1.04153   1.26956    0.000
 3803.00    1.16623   1.35507    6.954
 3804.00    1.16623   1.41607    6.954
 3805.00    1.67483   1.45861    6.954
 3806.00    1.71734   1.49467    6.954
 3807.00    1.55748   1.53486    6.954
 3808.00    1.43338   1.58109    6.954
 3809.00    1.44859   1.62419    6.954
 3810.00    1.50808   1.64910    6.954
 3811.00    1.50808   1.64545    6.954
 3812.00    1.52964   1.61626    6.954
 3813.00    1.53362   1.57798    6.954
 3814.00    1.54517   1.55065    6.954
 3815.00    1.55746   1.54463    6.954
 3816.00    1.58107   1.55449    6.954
 3817.00    1.74634   1.56446    6.954
 3818.00    1.74634   1.56136    6.954
 3819.00    1.95842   1.54453    6.954
 3820.00    2.02352   1.52334   -1.000
 3821.00    1.83409   1.50510    6.954
 3822.00    1.55669   1.48670    6.954
 3823.00    1.55789   1.45944    6.954
 3824.00    1.58261   1.42040    6.954
 3825.00    1.58261   1.37595    6.954
 3826.00    1.49693   1.33449    6.954
 3827.00    1.45781   1.29814    6.954
 3828.00    1.38382   1.26135    6.954
 3829.00    1.23165   1.21526    6.954
 3830.00    1.23165   1.15302    6.954
 3831.00    1.14451   1.07357    6.954
 3832.00    1.14158   0.98438    6.954
 3833.00    0.81910   0.90092    0.000
 3834.00    0.61111   0.84192    0.000
 3835.00    0.74572   0.82093    0.000
 3836.00    1.15273   0.84029    0.000
 3837.00    1.15273   0.89197    0.000
 3838.00    0.97053   0.96503    0.000
 3839.00    0.94770   1.05114    0.000
 3840.00    1.12983   1.14505    0.000
 3841.00    1.29180   1.24090    0.000
 3842.00    1.34621   1.33107    6.954
 3843.00    1.61248   1.40924    6.954
 3844.00    1.61248   1.47355    6.954
 3845.00    1.76577   1.52614    6.954
 3846.00    1.80171   1.56891    6.954
 3847.00    1.82659   1.60193    6.954
 3848.00    1.85692   1.62583    6.954
 3849.00    1.85413   1.64463    6.954
 3850.00    1.82618   1.66363    6.954
 3851.00    1.82618   1.68377    6.954
 3852.00    1.74832   1.70001    6.954
 3853.00    1.71974   1.70640    6.954
 3854.00    1.68194   1.70204    6.954
 3855.00    1.61810   1.69137    6.954
 3856.00    1.62124   1.67993    6.954
 3857.00    1.87549   1.67132    6.954
 3858.00    1.87549   1.66866    6.954
 3859.00    1.74467   1.67502    6.954
 3860.00    1.67510   1.69055    6.954
 3861.00    1.65117   1.70984    6.954
 3862.00    1.59342   1.72500    0.000
 3863.00    1.59342   1.73154    0.000
 3864.00    1.59904   1.73118    0.000
 3865.00    1.59944   1.72945    0.000
 3866.00    1.79667   1.73039    0.000
 3867.00    1.94292   1.73280    0.000
 3868.00    2.00232   1.72995    0.000
 3869.00    2.22003   1.71441    0.000
 3870.00    2.22003   1.68530    0.000
 3871.00    1.93553   1.65210    0.000
 3872.00    1.88728   1.62935    6.954
 3873.00    1.89728   1.62434    6.954
 3874.00    1.90748   1.62926    6.954
 3875.00    1.86903   1.62725    6.954
 3876.00    1.62423   1.60746    6.954
 3877.00    1.62423   1.57405    6.954
 3878.00    1.68276   1.53963    6.954
 3879.00    1.69962   1.51110    6.954
 3880.00    1.63813   1.48368    6.954
 3881.00    1.55198   1.44758    6.954
 3882.00    1.53437   1.39642    0.000
 3883.00    1.24360   1.32883    0.000
 3884.00    1.24360   1.24525    0.000
 3885.00    1.04268   1.14879    0.000
 3886.00    0.95544   1.04999    0.000
 3887.00    0.95665   0.96797    0.000
 3888.00    0.95903   0.92422    0.000
 3889.00    0.95903   0.93181    0.000
 3890.00    1.39173   0.98729    0.000
 3891.00    1.40123   1.07256    0.000
 3892.00    1.41860   1.16512    6.954
 3893.00    1.42930   1.24937    6.954
 3894.00    1.39839   1.32098    6.954
 3895.00    1.31011   1.38187    6.954
 3896.00    1.31011   1.43407    6.954
 3897.00    1.37329   1.47817    6.954
 3898.00    1.38034   1.51619    6.954
 3899.00    1.46659   1.55197    6.954
 3900.00    1.54005   1.58729    6.954
 3901.00    1.54005   1.61884    6.954
 3902.00    1.54005   1.64095    6.954
 3903.00    1.54005   1.65223    6.954
 3904.00    1.54005   1.65891    6.954
 3905.00    1.54005   1.67185    6.954
 3906.00    1.54005   1.69957    6.954
 3907.00    1.54005   1.74175    6.954
 3908.00    1.54005   1.78922    6.954
 3909.00    1.54005   1.82940    6.954
 3910.00    1.54005   1.85296    6.954
 3911.00    1.54005   1.85774    6.954
 3912.00    1.54005   1.84864    6.954
 3913.00    1.54005   1.83411    6.954
 3914.00    1.52594   1.82149    6.954
 3915.00    1.47052   1.81322    6.954
 3916.00    1.47052   1.80714    6.954
 3917.00    1.47052   1.80001    6.954
 3918.00    1.47052   1.79117    6.954
 3919.00    1.47052   1.78337    6.954
 3920.00    1.47052   1.78028    6.954
 3921.00    1.47052   1.78280    6.954
 3922.00    1.47052   1.78717    6.954
 3923.00    1.47052   1.78585    6.954
 3924.00    1.47052   1.77073    6.954
 3925.00    1.47052   1.73635    6.954
 3926.00    1.47052   1.68138    6.954
 3927.00    1.47052   1.60740    6.954
 3928.00    1.47052   1.51680    6.954
 3929.00    1.47052   1.41147    6.954
 3930.00    1.19358   1.29473    6.954
 3931.00    1.15062   1.17771    6.954
 3932.00    1.09633   1.08309    6.954
 3933.00    1.04335   1.03763    6.954
 3934.00    1.04390   1.05711    6.954
 3935.00    1.04710   1.13639    6.954
 3936.00    1.04710   1.25227    6.954
 3937.00    1.52498   1.37732    6.954
 3938.00    1.65424   1.49095    6.954
 3939.00    1.70730   1.58119    6.954
 3940.00    1.77844   1.64334    6.954
 3941.00    1.76257   1.67869    6.954
 3942.00    1.54453   1.69466    6.954
 3943.00    1.54453   1.70243    6.954
 3944.00    1.61867   1.71105    6.954
 3945.00    1.64917   1.72279    6.954
 3946.00    1.69036   1.73402    6.954
 3947.00    1.76732   1.74086    6.954
 3948.00    1.76732   1.74289    6.954
 3949.00    1.85104   1.74221    6.954
 3950.00    1.85195   1.74103    6.954
 3951.00    1.87068   1.74033    6.954
 3952.00    1.88171   1.73942    6.954
 3953.00    1.84946   1.73523    6.954
 3954.00    1.76230   1.72386    6.954
 3955.00    1.76230   1.70477    6.954
 3956.00    1.69830   1.68188    6.954
 3957.00    1.69202   1.65827    6.954
 3958.00    1.57583   1.63020    6.954
 3959.00    1.48107   1.58847    6.954
 3960.00    1.47672   1.52761    6.954
 3961.00    1.45833   1.45060    0.000
 3962.00    1.45833   1.36347    0.000
 3963.00    1.21663   1.26778    0.000
 3964.00    1.16767   1.15867    0.000
 3965.00    0.98039   1.03336    0.000
 3966.00    0.77104   0.90057    0.000
 3967.00    0.75481   0.78159    0.000
 3968.00    0.62719   0.70266    0.000
 3969.00    0.62719   0.68203    0.000
 3970.00    0.83469   0.72205    0.000
 3971.00    0.90278   0.81021    0.000
 3972.00    1.11944   0.92639    0.000
 3973.00    1.45329   1.05134    0.000
 3974.00    1.45388   1.17242    0.000
 3975.00    1.47050   1.28351    6.954
 3976.00    1.47050   1.38389    6.954
 3977.00    1.69889   1.47403    6.954
 3978.00    1.80920   1.55203    6.954
 3979.00    1.80937   1.61441    6.954
 3980.00    1.80974   1.65887    6.954
 3981.00    1.80974   1.68865    6.954
 3982.00    1.73462   1.71153    6.954
 3983.00    1.73108   1.73460    6.954
 3984.00    1.63154   1.76034    6.954
 3985.00    1.56398   1.78701    6.954
 3986.00    1.61637   1.81267    6.954
 3987.00    1.78588   1.83710    6.954
 3988.00    1.78588   1.86126    6.954
 3989.00    1.97236   1.88612    6.954
 3990.00    1.99865   1.91159    6.954
 3991.00    1.89433   1.93559    6.954
 3992.00    1.79691   1.95344    6.954
 3993.00    1.84122   1.95973    6.954
 3994.00    2.07869   1.95246    6.954
 3995.00    2.07869   1.93672    6.954
 3996.00    2.01960   1.92326    6.954
 3997.00    2.00463   1.92240    6.954
 3998.00    1.91296   1.93704    6.954
 3999.00    1.79544   1.96050    6.954
 4000.00    1.78686   1.98099    6.954
 4001.00    1.68629   1.98844    6.954
 4002.00    1.68629   1.97896    6.954
 4003.00    1.65315   1.95661    6.954
 4004.00    1.64021   1.93294    6.954
 4005.00    1.79334   1.92252    6.954
 4006.00    2.06630   1.93359    6.954
 4007.00    2.06630   1.96203    6.954
 4008.00    1.86675   1.99494    6.954
 4009.00    1.86675   2.02007    6.954
 4010.00    2.07228   2.03363    6.954
 4011.00    2.18758   2.03923    6.954
 4012.00    2.17197   2.04291    6.954
 4013.00    2.13197   2.04838    6.954
 4014.00    2.13197   2.05582    6.954
 4015.00    1.90322   2.06454    6.954
 4016.00    1.88370   2.07440    6.954
 4017.00    1.94079   2.08649    6.954
 4018.00    1.98537   2.10034    6.954
 4019.00    2.00546   2.11186    6.954
 4020.00    2.08476   2.11526    6.954
 4021.00    2.08476   2.10664    6.954
 4022.00    2.20876   2.08759    6.954
 4023.00    2.23190   2.06630    6.954
 4024.00    2.24016   2.05333    0.000
 4025.00    2.24901   2.05365    0.000
 4026.00    2.22928   2.06147    0.000
 4027.00    2.08933   2.06332    0.000
 4028.00    2.08933   2.04900    0.000
 4029.00    1.84156   2.01961    0.000
 4030.00    1.76488   1.98671    0.000
 4031.00    1.78966   1.96484    6.954
 4032.00    1.82618   1.96250    6.954
 4033.00    1.84097   1.98093    6.954
 4034.00    2.15545   2.01539    6.954
 4035.00    2.15545   2.05826    6.954
 4036.00    2.19051   2.09972    6.954
 4037.00    2.20664   2.13044    6.954
 4038.00    2.15208   2.14465    6.954
 4039.00    2.03914   2.14352    6.954
 4040.00    2.03914   2.13143    6.954
 4041.00    2.14858   2.11001    6.954
 4042.00    2.15242   2.07749    6.954
 4043.00    2.13527   2.03572    6.954
 4044.00    2.12414   1.99690    6.954
 4045.00    2.08314   1.97924    6.954
 4046.00    1.95822   1.99265    6.954
 4047.00    1.95822   2.03022    6.954
 4048.00    1.95944   2.07222    6.954
 4049.00    1.95960   2.10083    6.954
 4050.00    2.01428   2.10774    6.954
 4051.00    2.06320   2.09513    6.954
 4052.00    2.01923   2.07111    6.954
 4053.00    1.80181   2.04565    6.954
 4054.00    1.80181   2.02589    6.954
 4055.00    1.78174   2.01508    6.954
 4056.00    1.77699   2.01335    6.954
 4057.00    1.89903   2.02002    6.954
 4058.00    2.04867   2.03194    6.954
 4059.00    2.04562   2.04089    6.954
 4060.00    2.01454   2.03662    6.954
 4061.00    2.01454   2.01590    6.954
 4062.00    1.94442   1.98562    6.954
 4063.00    1.91848   1.95872    6.954
 4064.00    1.92088   1.94423    6.954
 4065.00    1.92495   1.94322    6.954
 4066.00    1.92829   1.95120    6.954
 4067.00    2.23562   1.96157    0.000
 4068.00    2.23562   1.96687    0.000
 4069.00    2.22897   1.96200    0.000
 4070.00    2.22541   1.94879    0.000
 4071.00    2.14620   1.93470    6.954
 4072.00    1.95368   1.92567    6.954
 4073.00    1.95368   1.91749    6.954
 4074.00    1.92360   1.89992    6.954
 4075.00    1.92141   1.87012    6.954
 4076.00    1.93902   1.83896    6.954
 4077.00    1.95218   1.82523    6.954
 4078.00    1.90552   1.83910    6.954
 4079.00    1.73303   1.87344    6.954
 4080.00    1.73303   1.90905    6.954
 4081.00    1.91494   1.92835    6.954
 4082.00    1.94616   1.92604    6.954
 4083.00    1.94407   1.91004    6.954
 4084.00    1.94192   1.89398    6.954
 4085.00    1.92340   1.88756    6.954
 4086.00    1.80399   1.89133    6.954
 4087.00    1.80399   1.89743    6.954
 4088.00    1.95457   1.89615    6.954
 4089.00    1.99832   1.88173    6.954
 4090.00    1.99277   1.85490    6.954
 4091.00    1.98494   1.81906    6.954
 4092.00    1.96781   1.77603    6.954
 4093.00    1.67709   1.72459    6.954
 4094.00    1.67709   1.66298    6.954
 4095.00    1.54460   1.59099    0.000
 4096.00    1.48668   1.50998    0.000
 4097.00    1.45733   1.41978    0.000
 4098.00    1.39946   1.32076    0.000
 4099.00    1.39946   1.22011    0.000
 4100.00    1.46171   1.13564    0.000
 4101.00    1.46320   1.09147    0.000
 4102.00    1.39646   1.10416    0.000
 4103.00    1.35506   1.17086    0.000
 4104.00    1.38462   1.27026    0.000
 4105.00    1.46969   1.37581    0.000
 4106.00    1.46969   1.46776    0.000
 4107.00    1.74943   1.53962    0.000
 4108.00    1.78105   1.59428    6.954
 4109.00    1.75180   1.63901    6.954
 4110.00    1.72673   1.68112    6.954
 4111.00    1.76837   1.72485    6.954
 4112.00    1.95973   1.77105    6.954
 4113.00    1.95973   1.81702    6.954
 4114.00    2.15722   1.85729    6.954
 4115.00    2.20076   1.88578    6.954
 4116.00    2.10545   1.89904    6.954
 4117.00    1.99354   1.89969    6.954
 4118.00    1.98684   1.89541    6.954
 4119.00    1.92691   1.89383    6.954
 4120.00    1.92691   1.89828    6.954
 4121.00    1.59986   1.90774    6.954
 4122.00    1.48538   1.92037   -1.000
 4123.00    1.67283   1.93364    6.954
 4124.00    1.97757   1.94363    6.954
 4125.00    1.97978   1.94537    6.954
 4126.00    2.08058   1.93759    6.954
 4127.00    2.08058   1.92407    6.954
 4128.00    1.93344   1.91096    6.954
 4129.00    1.85835   1.90112    6.954
 4130.00    1.77053   1.89476    6.954
 4131.00    1.56826   1.89341    6.954
 4132.00    1.56826   1.90219    6.954
 4133.00    1.91059   1.92531    6.954
 4134.00    1.93133   1.96138    6.954
 4135.00    1.95533   2.00314    6.954
 4136.00    1.97247   2.04237    6.954
 4137.00    2.00681   2.07301    6.954
 4138.00    2.12602   2.09056    6.954
 4139.00    2.12602   2.09056    6.954
 4140.00    2.53404   2.07070   -1.000
 4141.00    2.59812   2.03571   -1.000
 4142.00    2.30158   1.99905    6.954
 4143.00    2.01077   1.97731    6.954
 4144.00    2.01264   1.97889    6.954
 4145.00    2.02361   1.99762    6.954
 4146.00    2.02361   2.01940    6.954
 4147.00    1.81360   2.03253    6.954
 4148.00    1.75630   2.03567    6.954
 4149.00    1.88645   2.03353    6.954
 4150.00    2.06198   2.03009    6.954
 4151.00    2.04723   2.02502    6.954
 4152.00    1.83991   2.01648    6.954
 4153.00    1.83991   2.00557    6.954
 4154.00    1.99972   1.99706    6.954
 4155.00    2.06594   1.99670    6.954
 4156.00    1.97411   2.00665    6.954
 4157.00    1.80143   2.02425    6.954
 4158.00    1.80143   2.04394    6.954
 4159.00    2.05439   2.06066    6.954
 4160.00    2.05752   2.07295    6.954
 4161.00    2.06422   2.08238    6.954
 4162.00    2.06820   2.09061    6.954
 4163.00    2.07708   2.09728    6.954
 4164.00    2.10128   2.10025    6.954
 4165.00    2.10128   2.09748    6.954
 4166.00    2.01945   2.08951    6.954
 4167.00    2.01128   2.07734    6.954
 4168.00    2.23426   2.05921    6.954
 4169.00    2.41720   2.03051    6.954
 4170.00    2.37191   1.99023    6.954
 4171.00    2.17876   1.94621    6.954
 4172.00    2.17876   1.91403    6.954
 4173.00    2.02600   1.90386    6.954
 4174.00    1.99472   1.91325    6.954
 4175.00    2.03686   1.92952    6.954
 4176.00    2.08425   1.94233    6.954
 4177.00    2.08563   1.95117    6.954
 4178.00    2.09663   1.96136    6.954
 4179.00    2.09663   1.97553    6.954
 4180.00    1.98979   1.99080    6.954
 4181.00    1.95446   2.00317    6.954
 4182.00    1.97888   2.01226    6.954
 4183.00    2.01676   2.01942    6.954
 4184.00    2.02754   2.02389    6.954
 4185.00    2.35145   2.02399    6.954
 4186.00    2.35145   2.02079    6.954
 4187.00    2.29800   2.01906    6.954
 4188.00    2.27201   2.02302    6.954
 4189.00    2.18594   2.03262    6.954
 4190.00    1.99746   2.04505    6.954
 4191.00    1.99746   2.05677    6.954
 4192.00    1.96934   2.06323    6.954
 4193.00    1.96797   2.05881    6.954
 4194.00    1.89327   2.03986    6.954
 4195.00    1.84226   2.00858    6.954
 4196.00    1.86331   1.97348    6.954
 4197.00    1.93207   1.94392    6.954
 4198.00    1.93207   1.92554    6.954
 4199.00    1.93518   1.91891    6.954
 4200.00    1.93562   1.92091    6.954
 4201.00    1.87777   1.92911    6.954
 4202.00    1.82343   1.94287    6.954
 4203.00    1.83686   1.96200    6.954
 4204.00    1.90968   1.98559    6.954
 4205.00    1.90968   2.01046    6.954
 4206.00    1.91890   2.03244    6.954
 4207.00    1.92126   2.04821    6.954
 4208.00    2.02435   2.05779    6.954
 4209.00    2.15742   2.06380    6.954
 4210.00    2.15577   2.06882    6.954
 4211.00    2.13598   2.07080    6.954
 4212.00    2.13598   2.06475    6.954
 4213.00    1.85484   2.04898    6.954
 4214.00    1.74430   2.02987    6.954
 4215.00    1.83276   2.01938    6.954
 4216.00    1.99111   2.02604    6.954
 4217.00    1.99111   2.04732    6.954
 4218.00    2.37749   2.07249    6.954
 4219.00    2.37806   2.08940    6.954
 4220.00    2.24319   2.08963    6.954
 4221.00    2.16689   2.06863    6.954
 4222.00    2.13388   2.02555    6.954
 4223.00    2.04871   1.96519    6.954
 4224.00    2.04871   1.90083    6.954
 4225.00    1.92512   1.85422    6.954
 4226.00    1.91436   1.84423    6.954
 4227.00    1.75005   1.87750    6.954
 4228.00    1.62123   1.93889    6.954
 4229.00    1.68976   2.00087    6.954
 4230.00    1.96269   2.03828    6.954
 4231.00    1.96269   2.04316    6.954
 4232.00    1.91383   2.02544    6.954
 4233.00    1.90458   2.00268    6.954
 4234.00    1.99482   1.98768    6.954
 4235.00    2.09201   1.98368    6.954
 4236.00    2.06170   1.98786    6.954
 4237.00    1.84377   1.99698    6.954
 4238.00    1.84377   2.00988    6.954
 4239.00    1.88297   2.02660    6.954
 4240.00    1.89516   2.04606    6.954
 4241.00    2.06105   2.06574    6.954
 4242.00    2.30697   2.08094    6.954
 4243.00    2.29740   2.08681    6.954
 4244.00    2.08430   2.07938    6.954
 4245.00    2.08430   2.06017    6.954
 4246.00    2.14056   2.03485    6.954
 4247.00    2.16661   2.01250    6.954
 4248.00    2.16252   1.99807    6.954
 4249.00    2.15401   1.99426    6.954
 4250.00    2.15401   1.99902    6.954
 4251.00    2.07091   2.00955    6.954
 4252.00    2.06788   2.02122    6.954
 4253.00    2.12988   2.03108    6.954
 4254.00    2.17036   2.03865    6.954
 4255.00    2.07962   2.04216    6.954
 4256.00    1.80019   2.03751    6.954
 4257.00    1.80019   2.02174    6.954
 4258.00    1.76667   1.99849    6.954
 4259.00    1.76235   1.98140    6.954
 4260.00    1.92443   1.98324    6.954
 4261.00    2.07027   2.00896    6.954
 4262.00    2.11015   2.04981    6.954
 4263.00    2.30909   2.09050    6.954
 4264.00    2.30909   2.11695    6.954
 4265.00    2.15381   2.12237    6.954
 4266.00    2.11670   2.10687    6.954
 4267.00    1.97184   2.07407    6.954
 4268.00    1.79283   2.02939    6.954
 4269.00    1.78351   1.98046    6.954
 4270.00    1.68681   1.93627    6.954
 4271.00    1.68681   1.90763    6.954
 4272.00    1.78846   1.90053    6.954
 4273.00    1.82634   1.91546    6.954
 4274.00    1.77980   1.94731    6.954
 4275.00    1.70027   1.98873    6.954
 4276.00    1.70418   2.02878    6.954
 4277.00    2.12248   2.05859    6.954
 4278.00    2.12248   2.07136    6.954
 4279.00    2.27596   2.06856    6.954
 4280.00    2.35864   2.05681    6.954
 4281.00    2.32750   2.04332    6.954
 4282.00    2.25127   2.03234    6.954
 4283.00    2.25127   2.02322    6.954
 4284.00    1.97215   2.01226    6.954
 4285.00    1.95135   1.99410    6.954
 4286.00    1.81258   1.96588    6.954
 4287.00    1.70843   1.92939    6.954
 4288.00    1.73597   1.89453    6.954
 4289.00    1.83865   1.87336    6.954
 4290.00    1.83865   1.87361    6.954
 4291.00    1.73320   1.89024    6.954
 4292.00    1.71489   1.91019    6.954
 4293.00    1.74694   1.92045    6.954
 4294.00    1.78001   1.91672    6.954
 4295.00    1.79607   1.89922    6.954
 4296.00    1.90096   1.86966    6.954
 4297.00    1.90096   1.82908    6.954
 4298.00    1.78001   1.78374    6.954
 4299.00    1.74459   1.74350    6.954
 4300.00    1.66561   1.71895    6.954
 4301.00    1.55361   1.71409    6.954
 4302.00    1.55210   1.72521    6.954
 4303.00    1.52571   1.74324    6.954
 4304.00    1.52571   1.75666    6.954
 4305.00    1.60333   1.75916    6.954
 4306.00    1.63751   1.75245    6.954
 4307.00    1.68989   1.74670    6.954
 4308.00    1.79389   1.75219    6.954
 4309.00    1.79389   1.77128    6.954
 4310.00    1.86167   1.79613    6.954
 4311.00    1.86336   1.81815    6.954
 4312.00    1.83341   1.83568    6.954
 4313.00    1.81472   1.85738    6.954
 4314.00    1.79001   1.89171    6.954
 4315.00    1.71831   1.93722    6.954
 4316.00    1.71831   1.98182    6.954
 4317.00    1.78964   2.01068    6.954
 4318.00    1.79788   2.01667    6.954
 4319.00    1.98392   2.00218    6.954
 4320.00    2.14426   1.97336    6.954
 4321.00    2.11187   1.93335    6.954
 4322.00    1.96204   1.88436    6.954
 4323.00    1.96204   1.83016    6.954
 4324.00    1.70164   1.78649    6.954
 4325.00    1.64365   1.76711    6.954
 4326.00    1.67245   1.77885    6.954
 4327.00    1.70647   1.80717    6.954
 4328.00    1.70923   1.83329    6.954
 4329.00    1.73447   1.84206    6.954
 4330.00    1.73447   1.83334    6.954
 4331.00    1.70729   1.81291    6.954
 4332.00    1.69770   1.78338    0.000
 4333.00    1.70142   1.74076    0.000
 4334.00    1.70748   1.67619    0.000
 4335.00    1.70672   1.58436    0.000
 4336.00    1.66953   1.46827    0.000
 4337.00    1.66953   1.34365    0.000
 4338.00    1.80893   1.23364    0.000
 4339.00    1.88054   1.16327    0.000
 4340.00    1.86388   1.14849    0.000
 4341.00    1.82515   1.18963    0.000
 4342.00    1.82515   1.27203    0.000
 4343.00    1.48209   1.37455    0.000
 4344.00    1.46073   1.47854    0.000
 4345.00    1.57269   1.57392    0.000
 4346.00    1.65308   1.65375    0.000
 4347.00    1.70050   1.71312    6.954
 4348.00    1.86650   1.74685    6.954
 4349.00    1.86650   1.75655    6.954
 4350.00    1.89638   1.75257    6.954
 4351.00    1.90113   1.75364    6.954
 4352.00    1.95053   1.77289    6.954
 4353.00    1.99936   1.81241    6.954
 4354.00    1.98909   1.86108    6.954
 4355.00    1.92778   1.90562    6.954
 4356.00    1.92778   1.93769    6.954
 4357.00    1.75348   1.95782    6.954
 4358.00    1.70551   1.97313    6.954
 4359.00    1.85190   1.99057    6.954
 4360.00    2.05012   2.01391    6.954
 4361.00    2.04705   2.04010    6.954
 4362.00    2.00283   2.06448    6.954
 4363.00    2.00283   2.08070    6.954
 4364.00    1.97120   2.08426    6.954
 4365.00    1.95797   2.07261    6.954
 4366.00    2.03450   2.04962    6.954
 4367.00    2.17935   2.02344    6.954
 4368.00    2.17935   2.00289    6.954
 4369.00    2.16575   1.99032    6.954
 4370.00    2.16556   1.98070    6.954
 4371.00    2.17686   1.96690    6.954
 4372.00    2.18359   1.94561    6.954
 4373.00    2.15396   1.92397    6.954
 4374.00    2.07266   1.91377    6.954
 4375.00    2.07266   1.92409    6.954
 4376.00    1.99602   1.95155    6.954
 4377.00    1.98819   1.98209    6.954
 4378.00    2.03532   1.99901    6.954
 4379.00    2.07421   1.99013    6.954
 4380.00    2.01348   1.95335    6.954
 4381.00    1.75198   1.89435    6.954
 4382.00    1.75198   1.83107    6.954
 4383.00    1.58447   1.78443    6.954
 4384.00    1.54994   1.77210    6.954
 4385.00    1.74652   1.79248    6.954
 4386.00    1.96888   1.83228    6.954
 4387.00    1.96230   1.87148    6.954
 4388.00    1.90877   1.90003    6.954
 4389.00    1.90877   1.91664    6.954
 4390.00    2.00515   1.92511    6.954
 4391.00    2.03727   1.92904    6.954
 4392.00    2.16880   1.92878    6.954
 4393.00    2.37399   1.92738   -1.000
 4394.00    2.35927   1.92998    6.954
 4395.00    1.90306   1.93991    6.954
 4396.00    1.90306   1.95321    6.954
 4397.00    1.86260   1.96003    6.954
 4398.00    1.84280   1.95522    6.954
 4399.00    1.85786   1.94290    6.954
 4400.00    1.89113   1.93156    6.954
 4401.00    1.89113   1.92417    6.954
 4402.00    2.13071   1.91850    6.954
 4403.00    2.14275   1.91091    6.954
 4404.00    2.02122   1.90638    6.954
 4405.00    1.93773   1.90811    6.954
 4406.00    1.99558   1.91925    6.954
 4407.00    2.18560   1.93628    6.954
 4408.00    2.18560   1.95815    6.954
 4409.00    2.16703   1.98095    6.954
 4410.00    2.16434   2.00087    6.954
 4411.00    2.33570   2.00799    6.954
 4412.00    2.49793   1.99698   -1.000
 4413.00    2.43780   1.96760   -1.000
 4414.00    2.10823   1.93351    6.954
 4415.00    2.10823   1.91063    6.954
 4416.00    1.98627   1.91142    6.954
 4417.00    1.95480   1.93519    6.954
 4418.00    2.10086   1.96999    6.954
 4419.00    2.29015   2.00026    6.954
 4420.00    2.27784   2.01561    6.954
 4421.00    2.12757   2.01750    6.954
 4422.00    2.12757   2.01342    6.954
 4423.00    1.87996   2.01194    6.954
 4424.00    1.78189   2.01444    6.954
 4425.00    1.89508   2.01894    6.954
 4426.00    2.09944   2.02225    6.954
 4427.00    2.09944   2.02310    6.954
 4428.00    2.50432   2.02100   -1.000
 4429.00    2.50551   2.01608   -1.000
 4430.00    2.18726   2.00856    6.954
 4431.00    2.00645   1.99786    6.954
 4432.00    1.95073   1.98512    6.954
 4433.00    1.80591   1.97443    6.954
 4434.00    1.80591   1.97320    6.954
 4435.00    2.13372   1.98833    6.954
 4436.00    2.16282   2.01607    6.954
 4437.00    2.18352   2.04629    6.954
 4438.00    2.19988   2.06165    6.954
 4439.00    2.12811   2.05433    6.954
 4440.00    1.83964   2.02606    6.954
 4441.00    1.83964   1.99210    6.954
 4442.00    1.92272   1.97046    6.954
 4443.00    1.93856   1.97206    6.954
 4444.00    1.90960   1.99606    6.954
 4445.00    1.87823   2.02859    6.954
 4446.00    1.92636   2.05619    6.954
 4447.00    2.27736   2.07066    6.954
 4448.00    2.27736   2.07274    6.954
 4449.00    2.22576   2.06705    6.954
 4450.00    2.20953   2.05668    6.954
 4451.00    2.09467   2.04175    6.954
 4452.00    1.92335   2.01960    6.954
 4453.00    1.92835   1.99253    6.954
 4454.00    2.04246   1.96576    6.954
 4455.00    2.04246   1.94772    6.954
 4456.00    2.11001   1.94068    6.954
 4457.00    2.14149   1.94122    6.954
 4458.00    2.11631   1.94423    6.954
 4459.00    2.06350   1.94702    6.954
 4460.00    2.06350   1.95173    6.954
 4461.00    1.83299   1.96082    6.954
 4462.00    1.82411   1.97406    6.954
 4463.00    1.73105   1.98747    6.954
 4464.00    1.66992   1.99497    6.954
 4465.00    1.73859   1.99335    6.954
 4466.00    1.95118   1.98316    6.954
 4467.00    1.95118   1.97000    6.954
 4468.00    2.02505   1.96235    6.954
 4469.00    2.03472   1.96757    0.000
 4470.00    2.11753   1.98773    0.000
 4471.00    2.19248   2.01901    0.000
 4472.00    2.14557   2.05273    0.000
 4473.00    1.90824   2.08205    0.000
 4474.00    1.90824   2.10263    0.000
 4475.00    1.98878   2.11216    0.000
 4476.00    2.00821   2.10797    6.954
 4477.00    2.08278   2.08598    6.954
 4478.00    2.17530   2.04641    6.954
 4479.00    2.17298   1.99929    6.954
 4480.00    2.14845   1.96272    6.954
 4481.00    2.14845   1.95491    6.954
 4482.00    2.00487   1.97931    6.954
 4483.00    1.95097   2.02455    6.954
 4484.00    2.03957   2.06795    6.954
 4485.00    2.19225   2.09234    6.954
 4486.00    2.18930   2.08999    6.954
 4487.00    1.81447   2.06892    6.954
 4488.00    1.81447   2.04269    6.954
 4489.00    2.08571   2.02598    6.954
 4490.00    2.23277   2.02352    6.954
 4491.00    2.20890   2.03067    6.954
 4492.00    2.15006   2.03951    6.954
 4493.00    2.15006   2.04437    6.954
 4494.00    2.24795   2.04881    6.954
 4495.00    2.25540   2.05646    6.954
 4496.00    2.16010   2.06855    6.954
 4497.00    2.08800   2.08064    6.954
 4498.00    2.11403   2.08676    6.954
 4499.00    2.21197   2.08699    6.954
 4500.00    2.21197   2.08701    6.954
 4501.00    2.04051   2.09516    6.954
 4502.00    2.01039   2.11419    6.954
 4503.00    2.07548   2.13831    6.954
 4504.00    2.14289   2.15703    6.954
 4505.00    2.14797   2.16293    6.954
 4506.00    2.18156   2.15666    6.954
 4507.00    2.18156   2.14601    6.954
 4508.00    2.42771   2.13897    6.954
 4509.00    2.50062   2.13782    6.954
 4510.00    2.40616   2.13850    6.954
 4511.00    2.27142   2.13419    6.954
 4512.00    2.26352   2.12241    6.954
 4513.00    2.12162   2.10547    6.954
 4514.00    2.12162   2.08938    6.954
 4515.00    2.02641   2.07866    6.954
 4516.00    1.98431   2.07360    6.954
 4517.00    2.09031   2.07242    6.954
 4518.00    2.30216   2.07184    6.954
 4519.00    2.30216   2.07015    6.954
 4520.00    1.97284   2.06548    6.954
 4521.00    1.96392   2.05720    6.954
 4522.00    2.10405   2.04548    6.954
 4523.00    2.19204   2.03137    6.954
 4524.00    2.11216   2.01491    6.954
 4525.00    1.87862   1.99537    6.954
 4526.00    1.87862   1.97370    6.954
 4527.00    2.13026   1.95308    6.954
 4528.00    2.15962   1.93937    6.954
 4529.00    2.04342   1.93514    6.954
 4530.00    1.94268   1.93804    6.954
 4531.00    1.97260   1.94159    6.954
 4532.00    2.11288   1.94171    6.954
 4533.00    2.11288   1.94229    6.954
 4534.00    2.04062   1.95193    6.954
 4535.00    2.02437   1.97654    6.954
 4536.00    1.94209   2.01122    6.954
 4537.00    1.84434   2.04370    6.954
 4538.00    1.86198   2.06260    6.954
 4539.00    2.02496   2.06546    6.954
 4540.00    2.02496   2.05887    6.954
 4541.00    2.45168   2.05130    6.954
 4542.00    2.60333   2.04704   -1.000
 4543.00    2.45421   2.04469    6.954
 4544.00    2.20876   2.04076    6.954
 4545.00    2.20149   2.03246    6.954
 4546.00    1.81733   2.01823    6.954
 4547.00    1.81733   1.99856    6.954
 4548.00    2.06950   1.97812    6.954
 4549.00    2.19988   1.96392    6.954
 4550.00    2.19470   1.96088    6.954
 4551.00    2.18262   1.96568    6.954
 4552.00    2.18262   1.97042    6.954
 4553.00    2.17135   1.97112    6.954
 4554.00    2.17063   1.97114    6.954
 4555.00    2.20845   1.97890    6.954
 4556.00    2.23584   1.99849    6.954
 4557.00    2.13153   2.02645    6.954
 4558.00    1.76322   2.05521    6.954
 4559.00    1.76322   2.07759    6.954
 4560.00    2.38563   2.08837    6.954
 4561.00    2.48583   2.08558    6.954
 4562.00    2.35675   2.07117    6.954
 4563.00    2.22867   2.05293    6.954
 4564.00    2.18587   2.04143    6.954
 4565.00    1.92747   2.04267    6.954
 4566.00    1.92747   2.05526    6.954
 4567.00    2.23642   2.07042    6.954
 4568.00    2.32218   2.07863    6.954
 4569.00    2.24174   2.07591    6.954
 4570.00    2.13194   2.06504    6.954
 4571.00    2.12450   2.05441    6.954
 4572.00    2.01479   2.05163    6.954
 4573.00    2.01479   2.05719    6.954
 4574.00    1.96149   2.06598    6.954
 4575.00    1.93909   2.07141    6.954
 4576.00    1.97800   2.06904    6.954
 4577.00    2.05213   2.05821    6.954
 4578.00    2.05213   2.03951    6.954
 4579.00    2.28210   2.01582    6.954
 4580.00    2.28564   1.99095    6.954
 4581.00    2.04647   1.96925    6.954
 4582.00    1.90297   1.95424    6.954
 4583.00    1.89787   1.94905    6.954
 4584.00    1.88378   1.95472    6.954
 4585.00    1.88378   1.96955    6.954
 4586.00    1.82012   1.98831    6.954
 4587.00    1.81353   2.00539    6.954
 4588.00    1.91188   2.01610    6.954
 4589.00    1.99352   2.01949    6.954
 4590.00    1.96752   2.01695    6.954
 4591.00    1.85450   2.01177    6.954
 4592.00    1.85450   2.00787    6.954
 4593.00    1.83885   2.00729    6.954
 4594.00    1.83558   2.01017    6.954
 4595.00    1.93099   2.01533    6.954
 4596.00    2.03953   2.02104    6.954
 4597.00    2.03164   2.02590    6.954
 4598.00    1.96675   2.02880    6.954
 4599.00    1.96675   2.02943    6.954
 4600.00    2.20999   2.02859    6.954
 4601.00    2.29170   2.02770    6.954
 4602.00    2.23680   2.02761    6.954
 4603.00    2.15063   2.02931    6.954
 4604.00    2.14658   2.03401    6.954
 4605.00    2.01218   2.04355    6.954
 4606.00    2.01218   2.05801    6.954
 4607.00    2.01753   2.07492    6.954
 4608.00    2.02016   2.08990    6.954
 4609.00    2.01352   2.09799    6.954
 4610.00    1.99878   2.09831    6.954
 4611.00    1.99878   2.09246    6.954
 4612.00    2.01662   2.08456    6.954
 4613.00    2.01755   2.07752    6.954
 4614.00    2.05277   2.07147    6.954
 4615.00    2.07711   2.06522    6.954
 4616.00    2.11812   2.05789    6.954
 4617.00    2.25430   2.05108    6.954
 4618.00    2.25430   2.04769    6.954
 4619.00    2.21948   2.05054    6.954
 4620.00    2.21438   2.05957    6.954
 4621.00    2.28116   2.07222    6.954
 4622.00    2.34464   2.08412    6.954
 4623.00    2.34934   2.09138    6.954
 4624.00    2.37537   2.09226    6.954
 4625.00    2.37537   2.08700    6.954
 4626.00    2.22101   2.07810    6.954
 4627.00    2.18084   2.06813    6.954
 4628.00    2.19352   2.06038    6.954
 4629.00    2.21009   2.05639    6.954
 4630.00    2.20630   2.05554    6.954
 4631.00    2.15909   2.05426    6.954
 4632.00    2.15909   2.04934    6.954
 4633.00    2.00587   2.04055    6.954
 4634.00    1.94475   2.03088    6.954
 4635.00    1.96493   2.02342    6.954
 4636.00    2.00159   2.01941    6.954
 4637.00    2.00159   2.01884    6.954
 4638.00    1.99928   2.02121    6.954
 4639.00    1.99927   2.02640    6.954
 4640.00    2.04293   2.03365    6.954
 4641.00    2.06795   2.03946    6.954
 4642.00    2.08742   2.04001    6.954
 4643.00    2.13840   2.03162    6.954
 4644.00    2.13840   2.01498    6.954
 4645.00    1.91228   1.99445    6.954
 4646.00    1.89181   1.97761    6.954
 4647.00    1.96143   1.97174    6.954
 4648.00    2.01666   1.97960    6.954
 4649.00    2.03846   1.99845    6.954
 4650.00    2.12688   2.02065    6.954
 4651.00    2.12688   2.03768    6.954
 4652.00    2.05664   2.04424    6.954
 4653.00    2.04305   2.04043    6.954
 4654.00    1.90478   2.03197    6.954
 4655.00    1.75410   2.02669    6.954
 4656.00    1.78672   2.03127    6.954
 4657.00    2.02787   2.04638    6.954
 4658.00    2.02787   2.06657    6.954
 4659.00    1.90405   2.08257    6.954
 4660.00    1.86490   2.08679    6.954
 4661.00    1.92649   2.07726    6.954
 4662.00    2.01893   2.05633    6.954
 4663.00    2.01547   2.02777    6.954
 4664.00    1.93252   1.99480    6.954
 4665.00    1.93252   1.96060    6.954
 4666.00    1.83674   1.93193    6.954
 4667.00    1.79180   1.91639    6.954
 4668.00    1.84411   1.91880    6.954
 4669.00    1.95460   1.93702    6.954
 4670.00    1.95460   1.96382    6.954
 4671.00    2.07578   1.99106    6.954
 4672.00    2.08058   2.01348    6.954
 4673.00    2.02013   2.03017    6.954
 4674.00    1.98018   2.04148    6.954
 4675.00    1.96560   2.04681    6.954
 4676.00    1.92000   2.04479    6.954
 4677.00    1.92000   2.03466    6.954
 4678.00    2.08736   2.01938    6.954
 4679.00    2.10958   2.00459    6.954
 4680.00    2.14949   1.99564    6.954
 4681.00    2.18582   1.99466    6.954
 4682.00    2.19089   2.00009    6.954
 4683.00    2.21672   2.00789    6.954
 4684.00    2.21672   2.01392    6.954
 4685.00    2.21136   2.01632    6.954
 4686.00    2.21005   2.01543    6.954
 4687.00    2.14040   2.01284    6.954
 4688.00    2.05329   2.01000    6.954
 4689.00    2.05138   2.00724    6.954
 4690.00    2.03083   2.00507    6.954
 4691.00    2.03083   2.00460    6.954
 4692.00    2.02945   2.00684    6.954
 4693.00    2.02893   2.01128    6.954
 4694.00    1.97307   2.01495    6.954
 4695.00    1.87641   2.01410    6.954
 4696.00    1.87802   2.00626    6.954
 4697.00    2.13091   1.99208    6.954
 4698.00    2.13091   1.97506    6.954
 4699.00    2.09846   1.95858    6.954
 4700.00    2.08072   1.94511    6.954
 4701.00    2.02134   1.93592    6.954
 4702.00    1.87389   1.93232    6.954
 4703.00    1.87389   1.93476    6.954
 4704.00    1.95113   1.94110    6.954
 4705.00    1.95715   1.94647    6.954
 4706.00    1.94967   1.94762    6.954
 4707.00    1.94399   1.94490    6.954
 4708.00    1.95421   1.94318    6.954
 4709.00    1.99300   1.94637    6.954
 4710.00    1.99300   1.95422    6.954
 4711.00    2.04559   1.96254    6.954
 4712.00    2.05494   1.96765    6.954
 4713.00    1.89308   1.97029    6.954
 4714.00    1.72412   1.97479    6.954
 4715.00    1.76228   1.98530    6.954
 4716.00    2.01790   2.00170    6.954
 4717.00    2.01790   2.01960    6.954
 4718.00    2.16975   2.03430    6.954
 4719.00    2.21498   2.04299    6.954
 4720.00    2.22002   2.04652    6.954
 4721.00    2.22726   2.04737    6.954
 4722.00    2.21530   2.04772    6.954
 4723.00    1.99398   2.04685    6.954
 4724.00    1.99398   2.04139    6.954
 4725.00    2.03192   2.02741    6.954
 4726.00    2.04886   2.00433    6.954
 4727.00    2.06949   1.97660    6.954
 4728.00    2.11100   1.95184    6.954
 4729.00    2.11100   1.93621    6.954
 4730.00    1.92677   1.93228    6.954
 4731.00    1.92160   1.93851    6.954
 4732.00    1.98849   1.95022    6.954
 4733.00    2.03077   1.96249    6.954
 4734.00    2.02802   1.97147    6.954
 4735.00    2.01994   1.97657    6.954
 4736.00    2.01994   1.98011    6.954
 4737.00    1.91921   1.98443    6.954
 4738.00    1.90721   1.98996    6.954
 4739.00    1.94000   1.99502    6.954
 4740.00    1.96859   1.99859    6.954
 4741.00    2.00650   2.00088    6.954
 4742.00    2.18544   2.00305    6.954
 4743.00    2.18544   2.00599    6.954
 4744.00    2.04577   2.00992    6.954
 4745.00    2.01405   2.01445    6.954
 4746.00    1.87485   2.01960    6.954
 4747.00    1.70850   2.02476    6.954
 4748.00    1.75334   2.02962    6.954
 4749.00    2.17705   2.03298    6.954
 4750.00    2.17705   2.03316    6.954
 4751.00    2.04949   2.02842    6.954
 4752.00    2.00381   2.01935    6.954
 4753.00    1.96353   2.00774    6.954
 4754.00    1.89695   1.99791    6.954
 4755.00    1.90096   1.99290    6.954
 4756.00    2.13164   1.99461    6.954
 4757.00    2.13164   2.00110    6.954
 4758.00    2.18104   2.00818    6.954
 4759.00    2.20675   2.01012    6.954
 4760.00    2.19762   2.00240    6.954
 4761.00    2.17612   1.98476    6.954
 4762.00    2.17612   1.96116    6.954
 4763.00    2.00636   1.93838    6.954
 4764.00    1.99523   1.92372    6.954
 4765.00    1.88243   1.92079    6.954
 4766.00    1.80044   1.93056    6.954
 4767.00    1.82593   1.94893    6.954
 4768.00    1.91669   1.96995    6.954
 4769.00    1.91669   1.98694    6.954
 4770.00    1.93599   1.99675    6.954
 4771.00    1.93913   2.00177    6.954
 4772.00    1.97256   2.00688    6.954
 4773.00    2.00599   2.01631    6.954
 4774.00    2.01846   2.02894    6.954
 4775.00    2.09462   2.04094    6.954
 4776.00    2.09462   2.04882    6.954
 4777.00    2.01926   2.05085    6.954
 4778.00    1.99816   2.04754    6.954
 4779.00    1.96158   2.04094    6.954
 4780.00    1.91135   2.03272    6.954
 4781.00    1.92026   2.02403    6.954
 4782.00    2.05500   2.01473    6.954
 4783.00    2.05500   2.00535    6.954
 4784.00    2.07259   1.99593    6.954
 4785.00    2.08005   1.98781    6.954
 4786.00    1.97380   1.98262    6.954
 4787.00    1.77007   1.98181    6.954
 4788.00    1.77007   1.98488    6.954
 4789.00    1.93989   1.99191    6.954
 4790.00    1.94276   2.00280    6.954
 4791.00    2.08905   2.01781    6.954
 4792.00    2.17719   2.03733    6.954
 4793.00    2.16644   2.05701    6.954
 4794.00    2.13647   2.07232    6.954
 4795.00    2.13647   2.07676    6.954
 4796.00    1.69933   2.06917    6.954
 4797.00    1.65307   2.05258    6.954
 4798.00    1.65329   2.03461    6.954
 4799.00    1.65348   2.02241    6.954
 4800.00    1.67590   2.01969    6.954
 4801.00    1.77433   2.02391    6.954
 4802.00    1.77433   2.02888    6.954
 4803.00    1.61735   2.02877    6.954
 4804.00    1.58432   2.02177   -1.000
 4805.00    1.66570   2.01180    6.954
 4806.00    1.75885   2.00343    6.954
 4807.00    1.75207   1.99996    6.954
 4808.00    1.69515   2.00161    6.954
 4809.00    1.69515   2.00640    6.954
 4810.00    2.04166   2.01161    6.954
 4811.00    2.15898   2.01638    6.954
 4812.00    2.11174   2.02078    6.954
 4813.00    2.03713   2.02596    6.954
 4814.00    2.03984   2.03290    6.954
 4815.00    2.13292   2.04105    6.954
 4816.00    2.13292   2.04923    6.954
 4817.00    2.30649   2.05561    6.954
 4818.00    2.39257   2.05832    6.954
 4819.00    2.24125   2.05492    6.954
 4820.00    1.90221   2.04336    6.954
 4821.00    1.90221   2.02290    6.954
 4822.00    1.63316   1.99774    6.954
 4823.00    1.61876   1.97449    6.954
 4824.00    1.50821   1.96113   -1.000
 4825.00    1.43134   1.95930   -1.000
 4826.00    1.51710   1.96464   -1.000
 4827.00    1.80347   1.97059    6.954
 4828.00    1.80347   1.97208    6.954
 4829.00    1.69096   1.96870    6.954
 4830.00    1.67424   1.96249    6.954
 4831.00    1.67268   1.95615    6.954
 4832.00    1.67117   1.95193    6.954
 4833.00    1.68161   1.95051    6.954
 4834.00    1.74015   1.95045    6.954
 4835.00    1.74015   1.95002    6.954
 4836.00    1.50612   1.94673   -1.000
 4837.00    1.44465   1.93971   -1.000
 4838.00    1.53523   1.92873    6.954
 4839.00    1.65402   1.91624    6.954
 4840.00    1.66031   1.90427    6.954
 4841.00    1.74053   1.89503    6.954
 4842.00    1.74053   1.88914    6.954
 4843.00    1.66380   1.88563    6.954
 4844.00    1.63290   1.88203    6.954
 4845.00    1.68074   1.87560    6.954
 4846.00    1.76823   1.86325    6.954
 4847.00    1.76823   1.84614    6.954
 4848.00    1.82669   1.82767    6.954
 4849.00    1.82704   1.81128    6.954
 4850.00    1.63385   1.79664    6.954
 4851.00    1.52269   1.77824    6.954
 4852.00    1.48673   1.75022    6.954
 4853.00    1.39188   1.70907    6.954
 4854.00    1.39188   1.65778    0.000
 4855.00    1.51401   1.60092    0.000
 4856.00    1.52528   1.54072    0.000
 4857.00    1.74761   1.47506    0.000
 4858.00    1.92539   1.39922    0.000
 4859.00    1.96084   1.31795    0.000
 4860.00    2.10598   1.24563    0.000
 4861.00    2.10598   1.20408    0.000
 4862.00    1.74512   1.20876    0.000
 4863.00    1.67480   1.25624    0.000
 4864.00    1.59526   1.33263    0.000
 4865.00    1.50806   1.41788    0.000
 4866.00    1.51480   1.49627    0.000
 4867.00    1.56530   1.55967    0.000
 4868.00    1.56530   1.60426    0.000
 4869.00    1.63118   1.63086    6.954
 4870.00    1.65224   1.64493    6.954
 4871.00    1.62029   1.65592    6.954
 4872.00    1.57205   1.67301    6.954
 4873.00    1.57854   1.69813    6.954
 4874.00    1.73816   1.72930    6.954
 4875.00    1.73816   1.76053    6.954
 4876.00    1.86589   1.78879    6.954
 4877.00    1.92622   1.81424    6.954
 4878.00    1.94250   1.83698    6.954
 4879.00    1.97712   1.85604    6.954
 4880.00    1.97712   1.86882    6.954
 4881.00    1.84117   1.87323    6.954
 4882.00    1.83550   1.87036    6.954
 4883.00    1.77562   1.86219    6.954
 4884.00    1.73580   1.85224    6.954
 4885.00    1.71100   1.84467    6.954
 4886.00    1.63296   1.83995    6.954
 4887.00    1.63296   1.83728    6.954
 4888.00    1.50521   1.83413    6.954
 4889.00    1.48801   1.82990    6.954
 4890.00    1.73321   1.83024    6.954
 4891.00    1.95778   1.84243    6.954
 4892.00    1.94497   1.87075    6.954
 4893.00    1.87873   1.91136    6.954
 4894.00    1.87873   1.95379    6.954
 4895.00    2.03305   1.98710    6.954
 4896.00    2.07097   2.00506    6.954
 4897.00    2.06303   2.00796    6.954
 4898.00    2.05307   1.99997    6.954
 4899.00    2.03327   1.98736    6.954
 4900.00    1.81602   1.97560    6.954
 4901.00    1.81602   1.96814    6.954
 4902.00    1.98635   1.96613    6.954
 4903.00    2.05125   1.96961    6.954
 4904.00    2.09109   1.97788    6.954
 4905.00    2.16064   1.98673    6.954
 4906.00    2.16034   1.99058    6.954
 4907.00    2.09956   1.98436    6.954
 4908.00    2.09956   1.96689    6.954
 4909.00    1.93537   1.94434    6.954
 4910.00    1.84521   1.92583    6.954
 4911.00    1.86508   1.92008    6.954
 4912.00    1.91479   1.92854    6.954
 4913.00    1.91479   1.94605    6.954
 4914.00    1.88976   1.96221    6.954
 4915.00    1.88777   1.96603    6.954
 4916.00    1.91199   1.95047    6.954
 4917.00    1.93054   1.91638    6.954
 4918.00    1.91499   1.87161    6.954
 4919.00    1.85545   1.83041    6.954
 4920.00    1.85545   1.80332    6.954
 4921.00    1.79762   1.79469    6.954
 4922.00    1.78723   1.80147    6.954
 4923.00    1.86628   1.81803    6.954
 4924.00    1.94930   1.84217    6.954
 4925.00    1.93863   1.87310    6.954
 4926.00    1.86624   1.90805    6.954
 4927.00    1.86624   1.94273    6.954
 4928.00    1.81233   1.97080    6.954
 4929.00    1.79609   1.98626    6.954
 4930.00    1.78911   1.98694    6.954
 4931.00    1.77903   1.97403    6.954
 4932.00    1.77078   1.95254    6.954
 4933.00    1.61335   1.93046    6.954
 4934.00    1.61335   1.91295    6.954
 4935.00    1.74921   1.90088    6.954
 4936.00    1.81013   1.89099    6.954
 4937.00    1.76579   1.88224    6.954
 4938.00    1.67598   1.87924    6.954
 4939.00    1.67598   1.88654    6.954
 4940.00    2.11549   1.90688    6.954
 4941.00    2.12876   1.93480    6.954
 4942.00    2.00645   1.96216    6.954
 4943.00    1.92869   1.98213    6.954
 4944.00    1.95683   1.99264    6.954
 4945.00    2.04040   1.99613    6.954
 4946.00    2.04040   1.99745    6.954
 4947.00    2.05750   2.00024    0.000
 4948.00    2.05956   2.00503    0.000
 4949.00    2.03161   2.01031    0.000
 4950.00    2.00710   2.01322    0.000
 4951.00    1.97644   2.01148    0.000
 4952.00    1.82971   2.00369    0.000
 4953.00    1.82971   1.98859    0.000
 4954.00    2.08065   1.96477    0.000
 4955.00    2.13819   1.93337    0.000
 4956.00    2.19614   1.90186    0.000
 4957.00    2.26580   1.88207    0.000
 4958.00    2.25712   1.88302    0.000
 4959.00    2.17412   1.90479    0.000
 4960.00    2.17412   1.93597    0.000
 4961.00    2.00319   1.96377    0.000
 4962.00    1.94152   1.97883    0.000
 4963.00    1.83625   1.97879    0.000
 4964.00    1.66079   1.96738    0.000
 4965.00    1.66249   1.95126    0.000
 4966.00    1.76967   1.93596    0.000
 4967.00    1.76967   1.92575    0.000
 4968.00    2.02658   1.92283    0.000
 4969.00    2.16114   1.92694    6.954
 4970.00    2.14039   1.93641    6.954
 4971.00    2.09125   1.94947    6.954
 4972.00    2.09125   1.96298    6.954
 4973.00    1.84995   1.97434    6.954
 4974.00    1.83373   1.98110    6.954
 4975.00    1.78884   1.98115    6.954
 4976.00    1.75595   1.97359    6.954
 4977.00    1.77459   1.95892    6.954
 4978.00    1.84154   1.93785    6.954
 4979.00    1.84154   1.91174    6.954
 4980.00    1.90389   1.88114    6.954
 4981.00    1.91417   1.84851    6.954
 4982.00    1.87905   1.82056    6.954
 4983.00    1.84378   1.80488    6.954
 4984.00    1.84707   1.80740    6.954
 4985.00    1.86743   1.82777    6.954
 4986.00    1.86743   1.85887    6.954
 4987.00    1.73137   1.88927    6.954
 4988.00    1.69284   1.91019    6.954
 4989.00    1.82043   1.91872    6.954
 4990.00    1.99669   1.91761    6.954
 4991.00    2.00467   1.91347    6.954
 4992.00    2.12855   1.91106    6.954
 4993.00    2.12855   1.91251    6.954
 4994.00    1.86322   1.91725    6.954
 4995.00    1.75014   1.92195    6.954
 4996.00    1.83219   1.92284    6.954
 4997.00    1.99053   1.91648    6.954
 4998.00    1.99053   1.90152    0.000
 4999.00    1.86673   1.88065    0.000
 5000.00    1.86445   1.85863    0.000
 5001.00    2.04276   1.84016    0.000
 5002.00    2.15109   1.82646    0.000
 5003.00    2.30665   1.81572    0.000
 5004.00    2.74325   1.80670    0.000
 5005.00    2.74325   1.80070    0.000
 5006.00    2.73964   1.80230    0.000
 5007.00    2.73925   1.81301    0.000
 5008.00    2.41105   1.82866    0.000
 5009.00    2.13534   1.84091    0.000
 5010.00    2.07161   1.84172    0.000
 5011.00    1.78913   1.82968    0.000
 5012.00    1.78913   1.80994    0.000
 5013.00    1.87574   1.79115    0.000
 5014.00    1.89421   1.77853    0.000
 5015.00    1.97021   1.77196    0.000
 5016.00    2.05771   1.76777    0.000
 5017.00    2.05151   1.76402    0.000
 5018.00    1.99900   1.76316    0.000
 5019.00    1.99900   1.76832    0.000
 5020.00    1.78471   1.78030    0.000
 5021.00    1.71160   1.79775    0.000
 5022.00    1.76389   1.81717    0.000
 5023.00    1.84700   1.83600    6.954
 5024.00    1.84348   1.85208    6.954
 5025.00    1.71364   1.86340    6.954
 5026.00    1.71364   1.86973    6.954
 5027.00    1.77791   1.87299    6.954
 5028.00    1.81000   1.87708    6.954
 5029.00    1.82597   1.88494    6.954
 5030.00    1.86189   1.89676    6.954
 5031.00    1.86189   1.91012    6.954
 5032.00    1.76873   1.92028    6.954
 5033.00    1.76360   1.92212    6.954
 5034.00    1.84639   1.91370    6.954
 5035.00    1.90431   1.89653    6.954
 5036.00    1.86336   1.87319    6.954
 5037.00    1.72510   1.84652    6.954
 5038.00    1.72510   1.81707    6.954
 5039.00    1.74821   1.78820    6.954
 5040.00    1.75169   1.76916    6.954
 5041.00    1.77375   1.76879    6.954
 5042.00    1.79497   1.79204    6.954
 5043.00    1.79385   1.83302    6.954
 5044.00    1.78753   1.87771    6.954
 5045.00    1.78753   1.91139    6.954
 5046.00    1.90390   1.92494    6.954
 5047.00    1.93473   1.91808    6.954
 5048.00    1.93978   1.89800    6.954
 5049.00    1.94645   1.87493    6.954
 5050.00    1.93712   1.85748    6.954
 5051.00    1.81569   1.85134    6.954
 5052.00    1.81569   1.85790    6.954
 5053.00    1.82972   1.87358    6.954
 5054.00    1.83539   1.89276    6.954
 5055.00    1.89113   1.91126    6.954
 5056.00    1.99373   1.92717    6.954
 5057.00    1.99373   1.94116    6.954
 5058.00    1.67269   1.95444    6.954
 5059.00    1.67032   1.96620    6.954
 5060.00    1.75290   1.97337    6.954
 5061.00    1.80082   1.97227    6.954
 5062.00    1.85067   1.96060    6.954
 5063.00    1.98312   1.94005    6.954
 5064.00    1.98312   1.91650    6.954
 5065.00    1.98084   1.89612    6.954
 5066.00    1.98062   1.88332    6.954
 5067.00    2.00361   1.87845    6.954
 5068.00    2.02211   1.87894    6.954
 5069.00    2.01930   1.88112    6.954
 5070.00    2.00772   1.88178    6.954
 5071.00    2.00772   1.87993    6.954
 5072.00    1.76171   1.87724    6.954
 5073.00    1.71309   1.87527    6.954
 5074.00    1.85119   1.87405    6.954
 5075.00    2.00348   1.87225    6.954
 5076.00    1.98222   1.86645    6.954
 5077.00    1.82058   1.85341    6.954
 5078.00    1.82058   1.83422    6.954
 5079.00    1.77675   1.81532    6.954
 5080.00    1.76266   1.80316    6.954
 5081.00    1.76751   1.80173    6.954
 5082.00    1.77488   1.81114    6.954
 5083.00    1.77427   1.82726    6.954
 5084.00    1.75840   1.84545    6.954
 5085.00    1.75840   1.86245    6.954
 5086.00    1.87905   1.87689    6.954
 5087.00    1.93641   1.88903    6.954
 5088.00    1.83798   1.89956    6.954
 5089.00    1.62723   1.90917    6.954
 5090.00    1.62723   1.91820    6.954
 5091.00    2.03334   1.92625    6.954
 5092.00    2.05071   1.93144    6.954
 5093.00    1.88407   1.93086    6.954
 5094.00    1.77257   1.92164    6.954
 5095.00    1.76718   1.90278    6.954
 5096.00    1.75005   1.87694    6.954
 5097.00    1.75005   1.85034    6.954
 5098.00    1.70751   1.83116    6.954
 5099.00    1.70171   1.82538    6.954
 5100.00    1.81887   1.83392    6.954
 5101.00    1.92680   1.85114    6.954
 5102.00    1.88841   1.86902    6.954
 5103.00    1.68851   1.88062    6.954
 5104.00    1.68851   1.88221    6.954
 5105.00    1.84426   1.87504    6.954
 5106.00    1.88290   1.86281    6.954
 5107.00    1.84250   1.85030    6.954
 5108.00    1.79139   1.84214    6.954
 5109.00    1.82822   1.84113    6.954
 5110.00    2.24041   1.84818    6.954
 5111.00    2.24041   1.86154    6.954
 5112.00    1.70255   1.87779    6.954
 5113.00    1.49613   1.89419    6.954
 5114.00    1.74187   1.90873    6.954
 5115.00    2.17259   1.92042    6.954
 5116.00    2.17056   1.92895    6.954
 5117.00    1.57915   1.93313    6.954
 5118.00    1.57915   1.93066    6.954
 5119.00    1.73917   1.92025    6.954
 5120.00    1.82780   1.90242    6.954
 5121.00    1.81250   1.87908    6.954
 5122.00    1.77398   1.85444    6.954
 5123.00    1.77398   1.83307    6.954
 5124.00    1.52388   1.81780    6.954
 5125.00    1.50355   1.80926    6.954
 5126.00    1.67034   1.80622    6.954
 5127.00    1.79853   1.80651    6.954
 5128.00    1.78566   1.80916    6.954
 5129.00    1.73591   1.81432    6.954
 5130.00    1.73591   1.82201    6.954
 5131.00    2.00021   1.83149    6.954
 5132.00    2.04843   1.84131    6.954
 5133.00    2.03694   1.84975    6.954
 5134.00    2.02481   1.85460    6.954
 5135.00    2.00018   1.85323    6.954
 5136.00    1.83080   1.84523    6.954
 5137.00    1.83080   1.83320    6.954
 5138.00    1.72787   1.82073    6.954
 5139.00    1.69670   1.81174    6.954
 5140.00    1.85527   1.80767    6.954
 5141.00    2.08561   1.80732    6.954
 5142.00    2.05991   1.80964    6.954
 5143.00    1.55398   1.81262    6.954
 5144.00    1.55398   1.81393    6.954
 5145.00    1.89287   1.81314    6.954
 5146.00    2.04621   1.81095    6.954
 5147.00    2.01287   1.80867    6.954
 5148.00    1.94491   1.80719    6.954
 5149.00    1.94491   1.80578    6.954
 5150.00    1.76727   1.80332    6.954
 5151.00    1.76173   1.79961    6.954
 5152.00    1.50392   1.79652    6.954
 5153.00    1.33900   1.79780   -1.000
 5154.00    1.39248   1.80666    6.954
 5155.00    1.55251   1.82292    6.954
 5156.00    1.55251   1.84297    0.000
 5157.00    1.97420   1.86185    0.000
 5158.00    2.02598   1.87487    0.000
 5159.00    1.75809   1.87940    0.000
 5160.00    1.52172   1.87489    0.000
 5161.00    1.56837   1.86147    0.000
 5162.00    1.79313   1.83878    0.000
 5163.00    1.79313   1.80510    0.000
 5164.00    1.95496   1.75806    0.000
 5165.00    1.99243   1.70081    6.954
 5166.00    1.88385   1.64288    6.954
 5167.00    1.75255   1.59612    6.954
 5168.00    1.75207   1.56932    6.954
 5169.00    1.74740   1.56107    6.954
 5170.00    1.74740   1.56436    6.954
 5171.00    1.79350   1.57491    6.954
 5172.00    1.81026   1.59434    6.954
 5173.00    1.91417   1.62784    6.954
 5174.00    2.08808   1.67506    6.954
 5175.00    2.08881   1.72789    6.954
 5176.00    2.13974   1.77517    6.954
 5177.00    2.13974   1.80627    6.954
 5178.00    2.17283   1.81560    6.954
 5179.00    2.19027   1.80227    6.954
 5180.00    2.08183   1.76862    6.954
 5181.00    1.82259   1.72078    6.954
 5182.00    1.82259   1.67213    6.954
 5183.00    1.62841   1.64067    6.954
 5184.00    1.61503   1.63742    6.954
 5185.00    1.70216   1.66107    6.954
 5186.00    1.76626   1.70050    6.954
 5187.00    1.84813   1.73972    6.954
 5188.00    2.14475   1.76699    6.954
 5189.00    2.14475   1.77809    6.954
 5190.00    2.02465   1.77501    6.954
 5191.00    2.00460   1.76482    6.954
 5192.00    1.91605   1.75463    6.954
 5193.00    1.82645   1.74843    0.000
 5194.00    1.82690   1.74804    0.000
 5195.00    1.82968   1.75364    0.000
 5196.00    1.82968   1.76433    0.000
 5197.00    1.97340   1.77893    0.000
 5198.00    2.01434   1.79559    0.000
 5199.00    1.86664   1.81097    0.000
