 2728.00    1.14516   0.54956    3.649
 2729.00    0.81057   0.54956    3.649
 2730.00    0.52503   0.54973    3.649
 2731.00    0.61015   0.55349    3.649
 2732.00    0.69713   0.57042    3.649
 2733.00    0.41912   0.59256    3.649
 2734.00    0.07894   0.60244    3.649
 2735.00    0.53243   0.60353    3.649
 2736.00    1.20061   0.60355    3.649
 2737.00    0.92187   0.60355    3.649
 2738.00    0.42497   0.60355    3.649
 2739.00    0.48599   0.60354    3.649
 2740.00    0.61902   0.60313    3.649
 2741.00    0.64435   0.59380    3.649
 2742.00    0.71315   0.55169    3.649
 2743.00    0.60971   0.49621    3.649
 2744.00    0.25165   0.47114    3.649
 2745.00    0.29677   0.46829    3.649
 2746.00    0.50346   0.46824    3.649
 2747.00    0.52625   0.46824    3.649
 2748.00    0.67351   0.46824    3.649
 2749.00    0.65960   0.46824    3.649
 2750.00    0.51699   0.46837    3.649
 2751.00    0.51395   0.47144    3.649
 2752.00    0.44784   0.48535    3.649
 2753.00    0.44784   0.50378    3.649
 2754.00    0.35235   0.51223    3.649
 2755.00    0.35223   0.51322    3.649
 2756.00    0.41405   0.51324    3.649
 2757.00    0.41705   0.51324    3.649
 2758.00    0.27743   0.51324    3.649
 2759.00    0.26340   0.51324    3.649
 2760.00    0.57448   0.51340    3.649
 2761.00    0.62364   0.51705    3.649
 2762.00    0.87386   0.53361    3.649
 2763.00    0.92939   0.55572    3.649
 2764.00    0.21132   0.56599    3.649
 2765.00    0.00097   0.56722    0.000
 2766.00    0.42441   0.56725    3.649
 2767.00    0.58240   0.56725    3.649
 2768.00    0.87011   0.56725    3.649
 2769.00    1.00359   0.56725    3.649
 2770.00    0.59757   0.56735    3.649
 2771.00    0.36738   0.56963    3.649
 2772.00    0.48992   0.57999    3.649
 2773.00    0.57393   0.59393    3.649
 2774.00    0.79983   0.60049    3.649
 2775.00    0.98627   0.60130    3.649
 2776.00    0.77547   0.60132    3.649
 2777.00    0.56712   0.60132    3.649
 2778.00    0.39834   0.60132    3.649
 2779.00    0.19861   0.60132    3.649
 2780.00    0.32944   0.60105    3.649
 2781.00    0.51570   0.59495    3.649
 2782.00    0.54128   0.56713    3.649
 2783.00    0.58527   0.52940    3.649
 2784.00    0.69906   0.51141    3.649
 2785.00    0.93782   0.50914    3.649
 2786.00    0.89146   0.50909    3.649
 2787.00    0.77067   0.50909    3.649
 2788.00    0.67453   0.50909    3.649
 2789.00    0.35701   0.50908    3.649
 2790.00    0.52262   0.50851    3.649
 2791.00    1.24025   0.49521    3.649
 2792.00    1.14617   0.43443    3.649
 2793.00    0.57926   0.35139    3.649
 2794.00    0.52992   0.31127    3.649
 2795.00    0.07145   0.30608    3.649
 2796.00    0.08997   0.30596    3.649
 2797.00    0.42597   0.30596    3.649
 2798.00    0.42245   0.30596    3.649
 2799.00   -0.07087   0.30596    0.000
 2800.00   -0.07087   0.30608    0.000
 2801.00    0.07361   0.30902    3.649
 2802.00    0.07933   0.32245    3.649
 2803.00    0.03558   0.34094    3.649
 2804.00    0.03162   0.34998    3.649
 2805.00    0.03461   0.35118    3.649
 2806.00    0.03505   0.35121    3.649
 2807.00    0.20401   0.35121    3.649
 2808.00    0.23944   0.35121    3.649
 2809.00    0.11195   0.35121    3.649
 2810.00    0.07636   0.35185    3.649
 2811.00    0.43049   0.36705    3.649
 2812.00    0.55714   0.43678    3.649
 2813.00    0.68935   0.53349    3.649
 2814.00    0.74835   0.58141    3.649
 2815.00    0.44025   0.58789    3.649
 2816.00    0.27177   0.58805    3.649
 2817.00    0.53268   0.58805    3.649
 2818.00    0.70549   0.58805    3.649
 2819.00    0.47410   0.58805    3.649
 2820.00    0.28944   0.58826    3.649
 2821.00    0.36419   0.59321    3.649
 2822.00    0.43566   0.61597    3.649
 2823.00    0.51544   0.64778    3.649
 2824.00    0.60675   0.66374    3.649
 2825.00    0.43734   0.66595    3.649
 2826.00    0.20426   0.66600    3.649
 2827.00    0.30003   0.66600    3.649
 2828.00    0.45898   0.66600    3.649
 2829.00    0.68919   0.66600    3.649
 2830.00    1.15436   0.66595    3.649
 2831.00    1.06534   0.66461    3.649
 2832.00    0.84270   0.65844    3.649
 2833.00    0.88335   0.64975    3.649
 2834.00    1.01156   0.64533    3.649
 2835.00    0.83446   0.64471    3.649
 2836.00    0.10707   0.64469    3.649
 2837.00    0.17054   0.64469    3.649
 2838.00    0.52842   0.64469    3.649
 2839.00    0.53210   0.64469    3.649
 2840.00    0.56331   0.64454    3.649
 2841.00    0.56801   0.64083    3.649
 2842.00    0.64099   0.62368    3.649
 2843.00    0.63858   0.59932    3.649
 2844.00    0.48459   0.58679    3.649
 2845.00    0.48459   0.58500    3.649
 2846.00    0.50014   0.58495    3.649
 2847.00    0.50061   0.58495    3.649
 2848.00    0.45339   0.58495    3.649
 2849.00    0.44958   0.58495    3.649
 2850.00    0.91088   0.58472    3.649
 2851.00    0.97371   0.57934    3.649
 2852.00    0.57333   0.55436    3.649
 2853.00    0.49419   0.51859    3.649
 2854.00    0.29328   0.49997    3.649
 2855.00    0.23989   0.49725    3.649
 2856.00    0.45390   0.49718    3.649
 2857.00    0.52720   0.49718    3.649
 2858.00    0.48595   0.49718    3.649
 2859.00    0.46825   0.49719    3.649
 2860.00    0.61287   0.49757    3.649
 2861.00    0.68911   0.50671    3.649
 2862.00    0.60248   0.54926    3.649
 2863.00    0.54706   0.61068    3.649
 2864.00    0.80436   0.64303    3.649
 2865.00    1.00291   0.64784    3.649
 2866.00    1.09287   0.64797    3.649
 2867.00    1.17607   0.64797    3.649
 2868.00    1.01766   0.64797    3.649
 2869.00    0.84231   0.64797    3.649
 2870.00    0.80215   0.64808    3.649
 2871.00    0.74874   0.65081    3.649
 2872.00    0.76540   0.66354    3.649
 2873.00    0.79209   0.68207    3.649
 2874.00    0.59917   0.69194    3.649
 2875.00    0.22361   0.69343    3.649
 2876.00    0.38198   0.69347    3.649
 2877.00    0.76192   0.69347    3.649
 2878.00    0.78665   0.69347    3.649
 2879.00    0.86124   0.69347    3.649
 2880.00    0.82064   0.69343    3.649
 2881.00    0.66234   0.69236    3.649
 2882.00    0.60264   0.68738    3.649
 2883.00    0.28669   0.68006    3.649
 2884.00    0.31559   0.67612    3.649
 2885.00    0.54070   0.67551    3.649
 2886.00    0.50916   0.67549    3.649
 2887.00    0.08269   0.67549    3.649
 2888.00    0.10904   0.67549    3.649
 2889.00    1.19538   0.67549    3.649
 2890.00    1.19538   0.67554    3.649
 2891.00    0.84339   0.67664    3.649
 2892.00    0.83566   0.68182    3.649
 2893.00    1.32981   0.68948    3.649
 2894.00    1.36495   0.69365    3.649
 2895.00    0.56201   0.69430    3.649
 2896.00    0.46118   0.69432    3.649
 2897.00    0.24519   0.69432    3.649
 2898.00    0.20504   0.69432    3.649
 2899.00    0.31453   0.69432    3.649
 2900.00    0.34218   0.69432    3.649
 2901.00    0.94073   0.69432    3.649
 2902.00    1.13663   0.69433    3.649
 2903.00    0.88357   0.69490    3.649
 2904.00    0.77920   0.70767    3.649
 2905.00    1.03471   0.75784    3.649
 2906.00    1.16453   0.80195    3.649
 2907.00    1.19904   0.80986    3.649
 2908.00    1.22035   0.81015    3.649
 2909.00    1.14798   0.81015    3.649
 2910.00    1.09399   0.81015    3.649
 2911.00    0.81361   0.81015    3.649
 2912.00    0.56279   0.81015    3.649
 2913.00    0.56157   0.81015    3.649
 2914.00    0.56027   0.81015    3.649
 2915.00    0.47294   0.81015    3.649
 2916.00    0.36066   0.81015    3.649
 2917.00    0.42675   0.81015    3.649
 2918.00    0.52901   0.81015    3.649
 2919.00    0.65753   0.81015    3.649
 2920.00    0.89871   0.81003    3.649
 2921.00    0.88770   0.80724    3.649
 2922.00    0.86231   0.79401    3.649
 2923.00    0.77288   0.77390    3.649
 2924.00    0.51479   0.76259    3.649
 2925.00    0.56934   0.76076    3.649
 2926.00    0.77161   0.76069    3.649
 2927.00    0.80696   0.76069    3.649
 2928.00    0.98298   0.76069    3.649
 2929.00    0.86340   0.76069    3.649
 2930.00    0.00336   0.76069    3.649
 2931.00    0.05117   0.76069    3.649
 2932.00    0.62306   0.76069    3.649
 2933.00    0.61688   0.76069    3.649
 2934.00    0.42981   0.76069    3.649
 2935.00    0.42981   0.76069    3.649
 2936.00    0.35775   0.76069    3.649
 2937.00    0.35678   0.76069    3.649
 2938.00    0.04741   0.76069    3.649
 2939.00    0.02833   0.76069    3.649
 2940.00    0.59689   0.76064    3.649
 2941.00    0.66237   0.75945    3.649
 2942.00    0.72706   0.75374    3.649
 2943.00    0.73834   0.74492    3.649
 2944.00    0.75942   0.73985    3.649
 2945.00    0.76447   0.73901    3.649
 2946.00    0.79429   0.73898    3.649
 2947.00    0.80362   0.73897    3.649
 2948.00    1.07656   0.73897    3.649
 2949.00    1.18466   0.73897    3.649
 2950.00    1.06966   0.73897    3.649
 2951.00    1.01337   0.73897    3.649
 2952.00    0.90518   0.73897    3.649
 2953.00    0.84067   0.73897    3.649
 2954.00    0.85795   0.73897    3.649
 2955.00    0.87041   0.73897    3.649
 2956.00    0.67783   0.73897    3.649
 2957.00    0.51121   0.73897    3.649
 2958.00    0.34101   0.73897    3.649
 2959.00    0.16473   0.73898    3.649
 2960.00    0.32938   0.73901    3.649
 2961.00    0.53408   0.73988    3.649
 2962.00    0.62012   0.74406    3.649
 2963.00    0.74871   0.75061    3.649
 2964.00    0.72902   0.75445    3.649
 2965.00    0.69341   0.75512    3.649
 2966.00    0.54955   0.75515    3.649
 2967.00    0.23052   0.75515    3.649
 2968.00    0.38120   0.75515    3.649
 2969.00    0.79777   0.75515    3.649
 2970.00    0.72231   0.75515    3.649
 2971.00    0.45585   0.75515    3.649
 2972.00    0.43199   0.75515    3.649
 2973.00    0.31993   0.75515    3.649
 2974.00    0.36629   0.75515    3.649
 2975.00    0.67552   0.75515    3.649
 2976.00    0.66394   0.75515    3.649
 2977.00    0.54008   0.75515    3.649
 2978.00    0.54546   0.75515    3.649
 2979.00    0.67361   0.75515    3.649
 2980.00    0.67361   0.75517    3.649
 2981.00    0.69595   0.75568    3.649
 2982.00    0.69606   0.75816    3.649
 2983.00    0.72528   0.76210    3.649
 2984.00    0.72681   0.76445    3.649
 2985.00    0.23329   0.76488    3.649
 2986.00    0.18165   0.76490    3.649
 2987.00    0.26820   0.76490    3.649
 2988.00    0.28230   0.76490    3.649
 2989.00    0.39612   0.76490    3.649
 2990.00    0.42196   0.76490    3.649
 2991.00    0.65817   0.76490    3.649
 2992.00    0.72871   0.76490    3.649
 2993.00    0.64951   0.76490    3.649
 2994.00    0.61941   0.76490    3.649
 2995.00    0.77219   0.76490    3.649
 2996.00    0.84419   0.76490    3.649
 2997.00    0.66268   0.76490    3.649
 2998.00    0.55824   0.76490    3.649
 2999.00    0.45251   0.76490    3.649
 3000.00    0.37884   0.76492    3.649
 3001.00    0.74634   0.76538    3.649
 3002.00    1.05384   0.76765    3.649
 3003.00    0.96072   0.77129    3.649
 3004.00    0.86741   0.77351    3.649
 3005.00    0.62178   0.77393    3.649
 3006.00    0.32678   0.77395    3.649
 3007.00    0.38209   0.77395    3.649
 3008.00    0.46195   0.77395    3.649
 3009.00    0.78132   0.77395    3.649
 3010.00    1.33873   0.77395    3.649
 3011.00    1.05874   0.77395    3.649
 3012.00    0.46127   0.77395    3.649
 3013.00    0.69678   0.77395    3.649
 3014.00    1.32103   0.77395    3.649
 3015.00    1.28336   0.77395    3.649
 3016.00    1.15656   0.77395    3.649
 3017.00    0.95501   0.77395    3.649
 3018.00    0.06021   0.77395    3.649
 3019.00    0.03345   0.77395    3.649
 3020.00   -0.13275   0.77398    0.000
 3021.00   -0.11780   0.77457    0.000
 3022.00    0.02678   0.77752    3.649
 3023.00    0.04968   0.78232    3.649
 3024.00    0.49819   0.78529    3.649
 3025.00    0.50004   0.78588    3.649
 3026.00    1.03924   0.78591    3.649
 3027.00    1.03924   0.78591    3.649
 3028.00    0.54411   0.78591    3.649
 3029.00    0.52267   0.78591    3.649
 3030.00    0.37658   0.78591    3.649
 3031.00    0.36276   0.78591    3.649
 3032.00    0.75450   0.78591    3.649
 3033.00    0.81399   0.78591    3.649
 3034.00    0.69925   0.78591    3.649
 3035.00    0.67461   0.78591    3.649
 3036.00    0.86678   0.78591    3.649
 3037.00    0.92151   0.78591    3.649
 3038.00    0.92319   0.78591    3.649
 3039.00    0.92380   0.78591    3.649
 3040.00    0.62905   0.78596    3.649
 3041.00    0.49538   0.78693    3.649
 3042.00    0.96187   0.79186    3.649
 3043.00    1.22080   0.79997    3.649
 3044.00    1.27487   0.80507    3.649
 3045.00    1.31127   0.80614    3.649
 3046.00    0.89974   0.80619    3.649
 3047.00    0.56673   0.80619    3.649
 3048.00    0.56599   0.80619    3.649
 3049.00    0.56528   0.80619    3.649
 3050.00    0.55199   0.80619    3.649
 3051.00    0.53656   0.80619    3.649
 3052.00    0.70110   0.80619    3.649
 3053.00    0.93068   0.80619    3.649
 3054.00    0.98890   0.80619    3.649
 3055.00    1.08695   0.80619    3.649
 3056.00    1.11755   0.80619    3.649
 3057.00    1.18043   0.80619    3.649
 3058.00    1.14511   0.80619    3.649
 3059.00    1.05530   0.80619    3.649
 3060.00    0.96628   0.80620    3.649
 3061.00    0.68020   0.80647    3.649
 3062.00    0.73363   0.80786    3.649
 3063.00    0.95830   0.81016    3.649
 3064.00    0.89824   0.81164    3.649
 3065.00    0.54968   0.81196    3.649
 3066.00    0.55118   0.81198    3.649
 3067.00    0.56441   0.81198    3.649
 3068.00    0.58074   0.81198    3.649
 3069.00    0.85149   0.81198    3.649
 3070.00    0.85217   0.81198    3.649
 3071.00    0.91024   0.81198    3.649
 3072.00    0.91024   0.81198    3.649
 3073.00    0.97207   0.81198    3.649
 3074.00    0.97419   0.81198    3.649
 3075.00    0.81569   0.81198    3.649
 3076.00    0.80226   0.81198    3.649
 3077.00    0.69185   0.81198    3.649
 3078.00    0.67629   0.81198    3.649
 3079.00    0.90698   0.81198    3.649
 3080.00    0.95371   0.81197    3.649
 3081.00    0.96045   0.81188    3.649
 3082.00    0.96227   0.81140    3.649
 3083.00    0.51372   0.81059    3.649
 3084.00    0.35711   0.81007    3.649
 3085.00    0.79141   0.80995    3.649
 3086.00    0.98085   0.80994    3.649
 3087.00    0.89147   0.80994    3.649
 3088.00    0.84364   0.80994    3.649
 3089.00    0.84434   0.80994    3.649
 3090.00    0.84480   0.80994    3.649
 3091.00    0.71701   0.80994    3.649
 3092.00    0.61702   0.80994    3.649
 3093.00    0.63484   0.80994    3.649
 3094.00    0.65155   0.80994    3.649
 3095.00    0.45732   0.80994    3.649
 3096.00    0.23911   0.80994    3.649
 3097.00    0.32694   0.80994    3.649
 3098.00    0.44538   0.80994    3.649
 3099.00    0.55528   0.80994    3.649
 3100.00    0.73395   0.81000    3.649
 3101.00    0.69508   0.81106    3.649
 3102.00    0.61815   0.81677    3.649
 3103.00    0.62748   0.82648    3.649
 3104.00    0.65026   0.83291    3.649
 3105.00    0.58310   0.83439    3.649
 3106.00    0.37681   0.83448    3.649
 3107.00    0.46166   0.83448    3.649
 3108.00    0.80013   0.83448    3.649
 3109.00    0.77034   0.83448    3.649
 3110.00    0.60827   0.83448    3.649
 3111.00    0.64898   0.83448    3.649
 3112.00    0.97720   0.83448    3.649
 3113.00    0.94624   0.83448    3.649
 3114.00    0.50404   0.83448    3.649
 3115.00    0.51340   0.83448    3.649
 3116.00    0.97187   0.83448    3.649
 3117.00    0.97187   0.83448    3.649
 3118.00    0.88554   0.83448    3.649
 3119.00    0.88333   0.83448    3.649
 3120.00    1.19165   0.83442    3.649
 3121.00    1.21479   0.83324    3.649
 3122.00    1.23957   0.82678    3.649
 3123.00    1.24280   0.81562    3.649
 3124.00    0.89723   0.80813    3.649
 3125.00    0.83133   0.80634    3.649
 3126.00    0.81729   0.80622    3.649
 3127.00    0.81366   0.80622    3.649
 3128.00    0.82431   0.80622    3.649
 3129.00    0.82787   0.80622    3.649
 3130.00    0.69192   0.80622    3.649
 3131.00    0.63492   0.80622    3.649
 3132.00    0.73521   0.80622    3.649
 3133.00    0.78695   0.80622    3.649
 3134.00    0.84344   0.80622    3.649
 3135.00    0.87888   0.80622    3.649
 3136.00    0.67025   0.80622    3.649
 3137.00    0.51244   0.80622    3.649
 3138.00    0.56979   0.80622    3.649
 3139.00    0.62180   0.80622    3.649
 3140.00    0.84629   0.80622    3.649
 3141.00    1.09021   0.80608    3.649
 3142.00    0.97871   0.80531    3.649
 3143.00    0.83333   0.80396    3.649
 3144.00    0.78630   0.80304    3.649
 3145.00    0.71247   0.80281    3.649
 3146.00    0.68319   0.80280    3.649
 3147.00    0.62736   0.80280    3.649
 3148.00    0.59120   0.80280    3.649
 3149.00    0.50636   0.80280    3.649
 3150.00    0.61380   0.80280    3.649
 3151.00    0.92949   0.80280    3.649
 3152.00    1.02391   0.80280    3.649
 3153.00    1.38182   0.80280    3.649
 3154.00    1.39071   0.80280    3.649
 3155.00    1.43621   0.80280    3.649
 3156.00    1.35512   0.80280    3.649
 3157.00    0.75281   0.80280    3.649
 3158.00    0.76092   0.80280    3.649
 3159.00    0.86276   0.80280    3.649
 3160.00    0.85622   0.80286    3.649
 3161.00    0.63194   0.80414    3.649
 3162.00    0.63194   0.81117    3.649
 3163.00    0.17642   0.82366    3.649
 3164.00    0.16873   0.83237    3.649
 3165.00    0.95862   0.83455    3.649
 3166.00    1.01040   0.83471    3.649
 3167.00    0.54650   0.83471    3.649
 3168.00    0.49096   0.83471    3.649
 3169.00    0.81997   0.83471    3.649
 3170.00    0.87888   0.83471    3.649
 3171.00    0.79344   0.83471    3.649
 3172.00    0.77251   0.83471    3.649
 3173.00    0.89434   0.83471    3.649
 3174.00    0.93327   0.83471    3.649
 3175.00    0.77644   0.83471    3.649
 3176.00    0.71328   0.83471    3.649
 3177.00    0.60762   0.83471    3.649
 3178.00    0.55510   0.83471    3.649
 3179.00    0.63505   0.83471    3.649
 3180.00    0.68346   0.83459    3.649
 3181.00    0.61264   0.83236    3.649
 3182.00    0.56085   0.82012    3.649
 3183.00    0.66638   0.79804    3.649
 3184.00    0.75895   0.78233    3.649
 3185.00    0.85195   0.77830    3.649
 3186.00    0.94971   0.77799    3.649
 3187.00    0.78842   0.77799    3.649
 3188.00    0.58511   0.77799    3.649
 3189.00    0.57933   0.77799    3.649
 3190.00    0.57057   0.77799    3.649
 3191.00    0.68206   0.77799    3.649
 3192.00    0.88702   0.77799    3.649
 3193.00    0.82317   0.77799    3.649
 3194.00    0.67913   0.77799    3.649
 3195.00    0.71284   0.77799    3.649
 3196.00    0.80769   0.77799    3.649
 3197.00    0.77022   0.77799    3.649
 3198.00    0.63505   0.77799    3.649
 3199.00    0.68788   0.77799    3.649
 3200.00    0.94247   0.77809    3.649
 3201.00    0.97377   0.77987    3.649
 3202.00    1.18902   0.78962    3.649
 3203.00    1.15437   0.80751    3.649
 3204.00    0.76667   0.82048    3.649
 3205.00    0.77788   0.82388    3.649
 3206.00    1.07277   0.82415    3.649
 3207.00    1.07277   0.82415    3.649
 3208.00    0.93218   0.82415    3.649
 3209.00    0.93101   0.82415    3.649
 3210.00    1.09180   0.82415    3.649
 3211.00    1.10084   0.82415    3.649
 3212.00    0.96607   0.82415    3.649
 3213.00    0.95132   0.82415    3.649
 3214.00    0.92062   0.82415    3.649
 3215.00    0.91547   0.82415    3.649
 3216.00    0.88850   0.82415    3.649
 3217.00    0.88224   0.82415    3.649
 3218.00    0.91911   0.82415    3.649
 3219.00    0.93036   0.82415    3.649
 3220.00    0.80490   0.82403    3.649
 3221.00    0.75640   0.82167    3.649
 3222.00    0.48095   0.80886    3.649
 3223.00    0.34910   0.78496    3.649
 3224.00    0.76184   0.76729    3.649
 3225.00    1.00310   0.76258    3.649
 3226.00    1.06230   0.76219    3.649
 3227.00    1.10413   0.76218    3.649
 3228.00    0.87080   0.76218    3.649
 3229.00    0.67284   0.76218    3.649
 3230.00    0.56337   0.76218    3.649
 3231.00    0.45207   0.76218    3.649
 3232.00    0.51894   0.76218    3.649
 3233.00    0.60045   0.76218    3.649
 3234.00    0.90855   0.76218    3.649
 3235.00    1.35975   0.76218    3.649
 3236.00    1.34853   0.76218    3.649
 3237.00    1.32862   0.76218    3.649
 3238.00    1.10449   0.76218    3.649
 3239.00    0.61806   0.76218    3.649
 3240.00    0.69620   0.76242    3.649
 3241.00    0.90694   0.76682    3.649
 3242.00    0.86170   0.79070    3.649
 3243.00    0.70636   0.83600    3.649
 3244.00    0.73834   0.87013    3.649
 3245.00    0.88385   0.87942    3.649
 3246.00    0.89963   0.88022    3.649
 3247.00    1.00055   0.88023    3.649
 3248.00    0.96629   0.88023    3.649
 3249.00    0.62129   0.88023    3.649
 3250.00    0.62613   0.88023    3.649
 3251.00    0.72923   0.88023    3.649
 3252.00    0.72923   0.88023    3.649
 3253.00    1.11198   0.88023    3.649
 3254.00    1.11198   0.88023    3.649
 3255.00    0.68306   0.88023    3.649
 3256.00    0.66289   0.88023    3.649
 3257.00    0.88337   0.88023    3.649
 3258.00    0.90526   0.88023    3.649
 3259.00    0.96166   0.88024    3.649
 3260.00    0.97048   0.88037    3.649
 3261.00    1.00064   0.88291    3.649
 3262.00    1.00727   0.89664    3.649
 3263.00    1.27119   0.92301    3.649
 3264.00    1.34797   0.94324    3.649
 3265.00    1.04745   0.94892    3.649
 3266.00    0.93601   0.94942    3.649
 3267.00    0.78667   0.94943    3.649
 3268.00    0.71786   0.94943    3.649
 3269.00    0.91357   0.94943    3.649
 3270.00    1.02393   0.94943    3.649
 3271.00    0.87873   0.94943    3.649
 3272.00    0.77959   0.94943    3.649
 3273.00    1.01931   0.94943    3.649
 3274.00    1.21599   0.94943    3.649
 3275.00    1.10133   0.94943    3.649
 3276.00    0.98857   0.94943    3.649
 3277.00    0.79854   0.94943    3.649
 3278.00    0.57455   0.94943    3.649
 3279.00    0.56406   0.94943    3.649
 3280.00    0.54922   0.94941    3.649
 3281.00    0.64188   0.94904    3.649
 3282.00    0.80039   0.94701    3.649
 3283.00    0.86742   0.94307    3.649
 3284.00    1.00746   0.94000    3.649
 3285.00    0.90602   0.93911    3.649
 3286.00    0.64364   0.93903    3.649
 3287.00    0.67102   0.93903    3.649
 3288.00    0.76072   0.93903    3.649
 3289.00    0.71552   0.93903    3.649
 3290.00    0.52090   0.93903    3.649
 3291.00    0.60821   0.93903    3.649
 3292.00    1.12910   0.93903    3.649
 3293.00    1.09925   0.93903    3.649
 3294.00    0.82649   0.93903    3.649
 3295.00    0.83720   0.93903    3.649
 3296.00    1.02771   0.93903    3.649
 3297.00    1.02435   0.93903    3.649
 3298.00    0.62255   0.93903    3.649
 3299.00    0.62255   0.93902    3.649
 3300.00    1.39835   0.93899    3.649
 3301.00    1.42784   0.93831    3.649
 3302.00    1.05894   0.93461    3.649
 3303.00    1.02597   0.92739    3.649
 3304.00    1.15067   0.92166    3.649
 3305.00    1.16880   0.91993    3.649
 3306.00    0.92325   0.91977    3.649
 3307.00    0.87229   0.91977    3.649
 3308.00    1.03705   0.91977    3.649
 3309.00    1.08272   0.91977    3.649
 3310.00    0.75445   0.91977    3.649
 3311.00    0.63779   0.91977    3.649
 3312.00    0.68535   0.91977    3.649
 3313.00    0.70643   0.91977    3.649
 3314.00    0.63350   0.91977    3.649
 3315.00    0.59383   0.91977    3.649
 3316.00    0.58377   0.91974    3.649
 3317.00    0.57713   0.91923    3.649
 3318.00    0.78035   0.91646    3.649
 3319.00    0.94157   0.91101    3.649
 3320.00    0.72278   0.90663    3.649
 3321.00    0.51463   0.90527    3.649
 3322.00    0.49756   0.90514    3.649
 3323.00    0.47810   0.90512    3.649
 3324.00    0.71301   0.90475    3.649
 3325.00    1.03427   0.90336    3.649
 3326.00    0.95432   0.90414    3.649
 3327.00    0.82232   0.91347    3.649
 3328.00    0.56146   0.92870    3.649
 3329.00    0.03666   0.94033   -1.000
 3330.00    0.27529   0.94410    3.649
 3331.00    0.86780   0.94519    3.649
 3332.00    0.89109   0.95234    3.649
 3333.00    0.96399   0.96555    3.649
 3334.00    1.01125   0.97708    3.649
 3335.00    1.20417   0.97697    3.649
 3336.00    1.24399   0.95833    3.649
 3337.00    1.46641   0.92322    3.649
 3338.00    1.44993   0.88282    3.649
 3339.00    1.31231   0.85759    3.649
 3340.00    1.25070   0.86177    3.649
 3341.00    0.31098   0.88207    3.649
 3342.00    0.31875   0.89915    3.649
 3343.00    0.77871   0.90877    3.649
 3344.00    0.77871   0.91616    3.649
 3345.00    0.56191   0.92973    3.649
 3346.00    0.55559   0.94850    3.649
 3347.00    0.99721   0.96116    3.649
 3348.00    1.03236   0.96366    3.649
 3349.00    1.01756   0.94691    3.649
 3350.00    1.01557   0.89955    3.649
 3351.00    0.91536   0.84511    3.649
 3352.00    0.89577   0.82850    3.649
 3353.00    0.98939   0.85649    3.649
 3354.00    1.01408   0.90161    3.649
 3355.00    0.80100   0.93064    3.649
 3356.00    0.72849   0.93841    3.649
 3357.00    1.03056   0.94240    3.649
 3358.00    1.15930   0.94952    3.649
 3359.00    1.31337   0.94977    3.649
 3360.00    1.39415   0.92460    3.649
 3361.00    0.96889   0.86770    3.649
 3362.00    0.69797   0.79786    3.649
 3363.00    0.56380   0.74624    3.649
 3364.00    0.46089   0.74135    3.649
 3365.00    0.71551   0.78318    3.649
 3366.00    0.94984   0.84580    3.649
 3367.00    0.83979   0.89493    3.649
 3368.00    0.71844   0.90679    3.649
 3369.00    0.72863   0.87787    3.649
 3370.00    0.74209   0.82959    3.649
 3371.00    0.80223   0.79003    3.649
 3372.00    0.89800   0.77087    3.649
 3373.00    0.92549   0.76395    3.649
 3374.00    0.97878   0.75793    3.649
 3375.00    0.92228   0.75715    3.649
 3376.00    0.78753   0.77899    3.649
 3377.00    0.81768   0.83351    3.649
 3378.00    0.90788   0.89801    3.649
 3379.00    0.96953   0.92833    3.649
 3380.00    1.20849   0.90968    3.649
 3381.00    1.20849   0.86191    3.649
 3382.00    1.20849   0.82062    3.649
 3383.00    1.20849   0.81118    3.649
 3384.00    1.20849   0.83336    3.649
 3385.00    1.20849   0.86939    3.649
 3386.00    1.20849   0.89754    3.649
 3387.00    1.20849   0.91549    3.649
 3388.00    1.20849   0.92809    3.649
 3389.00    1.20849   0.93312    3.649
 3390.00    1.20849   0.93056    3.649
 3391.00    1.20849   0.92826    3.649
 3392.00    1.20849   0.92994    3.649
 3393.00    1.01832   0.92844    3.649
 3394.00    1.00000   0.91339    3.649
 3395.00    1.00000   0.88921    3.649
 3396.00    1.00000   0.87633    3.649
 3397.00    1.00000   0.88812    3.649
 3398.00    1.00000   0.92115    3.649
 3399.00    1.00000   0.95997    3.649
 3400.00    1.00000   0.99003    3.649
 3401.00    1.00000   1.00281    3.649
 3402.00    1.00000   0.99731    3.649
 3403.00    1.00000   0.98020    3.649
 3404.00    1.00000   0.95850    3.649
 3405.00    1.00000   0.93762    3.649
 3406.00    1.03026   0.92233    3.649
 3407.00    1.04887   0.91264    3.649
 3408.00    1.04724   0.90226    3.649
 3409.00    1.04603   0.88796    3.649
 3410.00    1.13463   0.87536    3.649
 3411.00    1.21350   0.87343    3.649
 3412.00    1.11891   0.88606    3.649
 3413.00    1.01802   0.90531    3.649
 3414.00    0.93118   0.91700    3.649
 3415.00    0.82019   0.91349    3.649
 3416.00    0.91189   0.90083    3.649
 3417.00    1.05291   0.89110    3.649
 3418.00    0.86814   0.89260    3.649
 3419.00    0.52293   0.90754    3.649
 3420.00    0.55523   0.93344    3.649
 3421.00    0.62926   0.96616    3.649
 3422.00    0.80534   0.99624    3.649
 3423.00    1.30966   1.00965    3.649
 3424.00    1.35325   1.00212    3.649
 3425.00    1.51395   0.98319    3.649
 3426.00    1.44223   0.96528    3.649
 3427.00    1.08821   0.95686    3.649
 3428.00    1.09787   0.95664    3.649
 3429.00    1.16638   0.96425    3.649
 3430.00    1.16364   0.98521    3.649
 3431.00    1.13140   1.01463    3.649
 3432.00    1.14024   1.03317    3.649
 3433.00    1.39784   1.02933    3.649
 3434.00    1.39784   1.00644    3.649
 3435.00    0.98809   0.98114    3.649
 3436.00    0.98324   0.96877    3.649
 3437.00    0.91448   0.97295    3.649
 3438.00    0.91034   0.98419    3.649
 3439.00    1.46688   0.98572    3.649
 3440.00    1.53014   0.96852    3.649
 3441.00    1.76477   0.93156   -1.000
 3442.00    1.80520   0.87855   -1.000
 3443.00    1.24549   0.82011    3.649
 3444.00    1.11237   0.77984    3.649
 3445.00    0.71986   0.77497    3.649
 3446.00    0.59774   0.79725    3.649
 3447.00    0.73761   0.82463    3.649
 3448.00    0.79260   0.85136    3.649
 3449.00    1.08859   0.88471    3.649
 3450.00    1.23266   0.92823    3.649
 3451.00    1.36773   0.96969    3.649
 3452.00    1.44793   0.98837    3.649
 3453.00    1.01642   0.97780    3.649
 3454.00    0.70717   0.94757    3.649
 3455.00    0.75415   0.91489    3.649
 3456.00    0.79461   0.90103    3.649
 3457.00    0.82815   0.91150    3.649
 3458.00    0.86276   0.93091    3.649
 3459.00    0.79261   0.93603    3.649
 3460.00    0.70591   0.92133    3.649
 3461.00    0.78741   0.89985    3.649
 3462.00    0.90846   0.87988    3.649
 3463.00    0.98622   0.86498    3.649
 3464.00    1.12632   0.86422    3.649
 3465.00    1.20096   0.88321    3.649
 3466.00    1.36554   0.91096    3.649
 3467.00    1.28501   0.93145    3.649
 3468.00    1.06405   0.93967    3.649
 3469.00    1.06903   0.94350    3.649
 3470.00    1.08653   0.95216    3.649
 3471.00    1.06759   0.96428    3.649
 3472.00    0.97939   0.97514    3.649
 3473.00    0.94920   0.98119    3.649
 3474.00    0.75036   0.97726    3.649
 3475.00    0.75734   0.95829    3.649
 3476.00    0.83098   0.92295    3.649
 3477.00    0.81711   0.87997    3.649
 3478.00    0.49683   0.85040    3.649
 3479.00    0.49683   0.85051    3.649
 3480.00    1.21450   0.87750    3.649
 3481.00    1.21696   0.91309    3.649
 3482.00    0.70606   0.94198    3.649
 3483.00    0.67997   0.95591    3.649
 3484.00    0.76998   0.95591    3.649
 3485.00    0.77930   0.94634    3.649
 3486.00    1.01942   0.93267    3.649
 3487.00    1.05807   0.92771    3.649
 3488.00    1.10885   0.94439    3.649
 3489.00    1.12028   0.97494    3.649
 3490.00    0.95503   0.99150    3.649
 3491.00    0.90594   0.97553    3.649
 3492.00    0.80953   0.93622    3.649
 3493.00    0.77316   0.90184    3.649
 3494.00    0.99322   0.88887    3.649
 3495.00    1.09635   0.89100    3.649
 3496.00    1.01013   0.89160    3.649
 3497.00    0.96072   0.88255    3.649
 3498.00    1.04093   0.87065    3.649
 3499.00    1.09648   0.87072    3.649
 3500.00    1.08045   0.89519    3.649
 3501.00    1.06712   0.93309    3.649
 3502.00    0.97051   0.95860    3.649
 3503.00    0.87410   0.96702    3.649
 3504.00    0.83912   0.97047    3.649
 3505.00    0.79732   0.97751    3.649
 3506.00    0.97946   0.98480    3.649
 3507.00    1.24086   0.98053    3.649
 3508.00    1.26490   0.96311    3.649
 3509.00    1.30669   0.94489    3.649
 3510.00    1.20863   0.93651    3.649
 3511.00    1.00055   0.93688    3.649
 3512.00    0.98051   0.93695    3.649
 3513.00    0.92778   0.92831    3.649
 3514.00    0.98251   0.91177    3.649
 3515.00    1.16576   0.89197    3.649
 3516.00    1.17490   0.87754    3.649
 3517.00    1.21512   0.88493    3.649
 3518.00    1.20462   0.91600    3.649
 3519.00    1.14021   0.95763    3.649
 3520.00    1.10882   0.99207    3.649
 3521.00    0.80966   1.00263    3.649
 3522.00    0.81382   0.98596    3.649
 3523.00    0.89318   0.95291    3.649
 3524.00    0.89403   0.92056    3.649
 3525.00    1.06667   0.89401    3.649
 3526.00    1.06667   0.86898    3.649
 3527.00    0.87510   0.84750    3.649
 3528.00    0.86705   0.83717    3.649
 3529.00    0.98515   0.84767    3.649
 3530.00    0.99619   0.88236    3.649
 3531.00    0.66763   0.92732    3.649
 3532.00    0.61838   0.95937    3.649
 3533.00    0.94811   0.96769    3.649
 3534.00    1.01831   0.95933    3.649
 3535.00    1.15743   0.95378    3.649
 3536.00    1.19683   0.96462    3.649
 3537.00    1.51234   0.98513    3.649
 3538.00    1.62645   1.00124    3.649
 3539.00    1.36515   1.00761    3.649
 3540.00    1.24732   1.01290    3.649
 3541.00    1.25880   1.02498    3.649
 3542.00    1.26515   1.03771    3.649
 3543.00    1.07670   1.04082    3.649
 3544.00    0.95061   1.03861    3.649
 3545.00    1.09317   1.04273    3.649
 3546.00    1.20785   1.05177    3.649
 3547.00    1.23257   1.05961    3.649
 3548.00    1.25643   1.06061    3.649
 3549.00    1.22249   1.05332    3.649
 3550.00    1.18327   1.04330    3.649
 3551.00    1.10899   1.03696    3.649
 3552.00    1.00598   1.03808    3.649
 3553.00    0.96013   1.04396    3.649
 3554.00    0.88324   1.04467    3.649
 3555.00    1.01000   1.03287    3.649
 3556.00    1.26899   1.01310    3.649
 3557.00    1.17900   0.99840    3.649
 3558.00    0.95178   0.99770    3.649
 3559.00    0.87442   1.00313    3.649
 3560.00    0.62713   1.00253    3.649
 3561.00    0.67432   0.99555    3.649
 3562.00    0.87116   0.99298    3.649
 3563.00    0.94636   1.00575    3.649
 3564.00    1.37781   1.03115    3.649
 3565.00    1.32381   1.04943    3.649
 3566.00    0.85488   1.03374    3.649
 3567.00    0.84996   0.97798    3.649
 3568.00    0.77032   0.91585    3.649
 3569.00    0.76995   0.88210    3.649
 3570.00    0.74218   0.87900    3.649
 3571.00    0.74218   0.87766    3.649
 3572.00    0.73624   0.85734    3.649
 3573.00    0.73605   0.83269    3.649
 3574.00    1.13273   0.82938    3.649
 3575.00    1.16589   0.85064    3.649
 3576.00    1.00148   0.87625    3.649
 3577.00    0.97862   0.88999    3.649
 3578.00    1.16849   0.89368    3.649
 3579.00    1.20662   0.89609    3.649
 3580.00    0.85556   0.89730    3.649
 3581.00    0.76089   0.88645    3.649
 3582.00    0.86068   0.85634    3.649
 3583.00    0.89525   0.81593    3.649
 3584.00    0.97000   0.78514    3.649
 3585.00    1.00242   0.77949    3.649
 3586.00    0.50322   0.79024    3.649
 3587.00    0.23718   0.79343    3.649
 3588.00    0.78770   0.78142    3.649
 3589.00    1.14351   0.76818    3.649
 3590.00    1.08869   0.77161    3.649
 3591.00    1.04606   0.79726    3.649
 3592.00    0.89229   0.83711    3.649
 3593.00    0.74868   0.87957    3.649
 3594.00    0.88200   0.91282    3.649
 3595.00    1.03104   0.93034    3.649
 3596.00    1.10000   0.93727    3.649
 3597.00    1.19244   0.94873    3.649
 3598.00    1.07700   0.97359    3.649
 3599.00    0.89012   1.00389    3.649
 3600.00    1.08983   1.02812    3.649
 3601.00    1.48288   1.04172    3.649
 3602.00    1.46752   1.04338    3.649
 3603.00    1.43026   1.03162    3.649
 3604.00    1.37278   1.00602    3.649
 3605.00    1.19738   0.97108    3.649
 3606.00    1.05065   0.93861    3.649
 3607.00    0.46974   0.92026    3.649
 3608.00    0.48704   0.91704    3.649
 3609.00    0.58017   0.91824    3.649
 3610.00    0.64478   0.91312    3.649
 3611.00    1.15927   0.90119    3.649
 3612.00    1.14598   0.89458    3.649
 3613.00    0.95911   0.90401    3.649
 3614.00    0.94911   0.92176    3.649
 3615.00    0.49393   0.93625    3.649
 3616.00    0.49393   0.94781    3.649
 3617.00    0.76525   0.96256    3.649
 3618.00    0.77183   0.97647    3.649
 3619.00    0.99217   0.96751    3.649
 3620.00    1.00846   0.92563    3.649
 3621.00    0.80185   0.87991    3.649
 3622.00    0.77532   0.86577    3.649
 3623.00    0.37984   0.89108    3.649
 3624.00    0.30510   0.93592    3.649
 3625.00    1.12401   0.97612    3.649
 3626.00    1.33401   1.00126    3.649
 3627.00    1.55695   1.02254    3.649
 3628.00    1.63088   1.05294    3.649
 3629.00    1.10125   1.08885    3.649
 3630.00    0.88075   1.11366    3.649
 3631.00    0.83308   1.10399    3.649
 3632.00    0.80859   1.05199    3.649
 3633.00    0.94727   0.98104    3.649
 3634.00    1.03382   0.92826    3.649
 3635.00    0.92377   0.91575    3.649
 3636.00    0.84102   0.93405    3.649
 3637.00    0.89220   0.95747    3.649
 3638.00    0.93844   0.96869    3.649
 3639.00    0.81993   0.97586    3.649
 3640.00    0.69180   0.99534    3.649
 3641.00    0.80386   1.02744    3.649
 3642.00    0.94910   1.05843    3.649
 3643.00    1.04965   1.06838    3.649
 3644.00    1.20685   1.05200    3.649
 3645.00    1.29470   1.02010    3.649
 3646.00    1.46134   0.98788    3.649
 3647.00    1.36671   0.96653    3.649
 3648.00    1.14622   0.95587    3.649
 3649.00    1.12513   0.94699    3.649
 3650.00    1.06357   0.93699    3.649
 3651.00    1.06899   0.93301    3.649
 3652.00    1.08941   0.94210    3.649
 3653.00    1.08242   0.96609    3.649
 3654.00    1.04706   0.99976    3.649
 3655.00    1.01013   1.03185    3.649
 3656.00    0.73899   1.05654    3.649
 3657.00    0.78635   1.07240    3.649
 3658.00    1.37297   1.08329    3.649
 3659.00    1.37033   1.09679    3.649
 3660.00    1.28459   1.11310    3.649
 3661.00    1.28459   1.12612    3.649
 3662.00    1.13372   1.13090    3.649
 3663.00    1.13136   1.12511    3.649
 3664.00    1.10187   1.10940    3.649
 3665.00    1.09997   1.08802    3.649
 3666.00    1.42747   1.06780    3.649
 3667.00    1.46609   1.05743    3.649
 3668.00    1.56265   1.05781    3.649
 3669.00    1.57978   1.06124    3.649
 3670.00    1.25930   1.05775    3.649
 3671.00    1.18127   1.04568    3.649
 3672.00    1.18997   1.03766    3.649
 3673.00    1.19273   1.04408    3.649
 3674.00    1.05766   1.06221    3.649
 3675.00    1.00365   1.08023    3.649
 3676.00    0.99306   1.08859    3.649
 3677.00    0.98782   1.08558    3.649
 3678.00    1.20470   1.07079    3.649
 3679.00    1.33537   1.04661    3.649
 3680.00    1.13435   1.02088    3.649
 3681.00    0.98824   1.00072    3.649
 3682.00    1.08517   0.99070    3.649
 3683.00    1.16986   0.98906    3.649
 3684.00    1.16298   0.99321    3.649
 3685.00    1.15578   1.00295    3.649
 3686.00    1.25625   1.01114    3.649
 3687.00    1.38214   1.00427    3.649
 3688.00    1.31765   0.97886    3.649
 3689.00    1.22028   0.95025    3.649
 3690.00    0.90271   0.93924    3.649
 3691.00    0.32196   0.95567    3.649
 3692.00    0.46605   0.99224    3.649
 3693.00    0.78889   1.03256    3.649
 3694.00    0.82886   1.05956    3.649
 3695.00    0.94063   1.07037    3.649
 3696.00    0.96782   1.07340    3.649
 3697.00    1.06521   1.07091    3.649
 3698.00    1.10979   1.06166    3.649
 3699.00    1.32238   1.05253    3.649
 3700.00    1.32095   1.06008    3.649
 3701.00    1.31121   1.09358    3.649
 3702.00    1.28662   1.13721    3.649
 3703.00    1.01495   1.16118    3.649
 3704.00    1.01982   1.14153    3.649
 3705.00    1.14273   1.07598    3.649
 3706.00    1.14273   0.98913    3.649
 3707.00    1.03347   0.91781    3.649
 3708.00    1.03269   0.88863    3.649
 3709.00    0.94759   0.89417    3.649
 3710.00    0.94289   0.91477    3.649
 3711.00    1.01247   0.94035    3.649
 3712.00    1.01996   0.95986    3.649
 3713.00    0.89436   0.96813    3.649
 3714.00    0.87351   0.98115    3.649
 3715.00    0.85341   1.01818    3.649
 3716.00    0.84877   1.07847    3.649
 3717.00    1.42156   1.14064    3.649
 3718.00    1.59499   1.18007    0.000
 3719.00    1.49789   1.18783    0.000
 3720.00    1.46063   1.16103    0.000
 3721.00    1.27598   1.09318    0.000
 3722.00    1.18798   0.98880    0.000
 3723.00    1.09234   0.88235    0.000
 3724.00    1.03672   0.81920    0.000
 3725.00    1.00994   0.82801    0.000
 3726.00    0.99112   0.90110    0.000
 3727.00    1.09792   1.00057    0.000
 3728.00    1.18818   1.08094    0.000
 3729.00    1.28849   1.12237    0.000
 3730.00    1.38999   1.13790    0.000
 3731.00    1.36576   1.14829    0.000
 3732.00    1.33640   1.15287    0.000
 3733.00    1.34878   1.13005    0.000
 3734.00    1.36683   1.06281    0.000
 3735.00    1.30808   0.95779    0.000
 3736.00    1.20446   0.84413    0.000
 3737.00    1.16795   0.76030    0.000
 3738.00    1.08924   0.73324    3.649
 3739.00    1.13391   0.76915    3.649
 3740.00    1.25362   0.85754    3.649
 3741.00    1.36737   0.97429    3.649
 3742.00    1.75568   1.08572    3.649
 3743.00    1.74897   1.16653    3.649
 3744.00    1.71870   1.20387    3.649
 3745.00    1.64938   1.19617    3.649
 3746.00    1.21072   1.15386    3.649
 3747.00    1.20427   1.09490    3.649
 3748.00    1.14005   1.03360    3.649
 3749.00    1.13084   0.97086    3.649
 3750.00    0.94151   0.89640    3.649
 3751.00    0.94149   0.81501    3.649
 3752.00    0.92920   0.76029    3.649
 3753.00    0.92920   0.76552    3.649
 3754.00    0.79441   0.83799    3.649
 3755.00    0.78821   0.95550    3.649
 3756.00    0.93386   1.08250    3.649
 3757.00    0.94806   1.18604    3.649
 3758.00    0.82258   1.24415    3.649
 3759.00    0.80320   1.24657    3.649
 3760.00    1.08016   1.20793    3.649
 3761.00    1.14063   1.16139    3.649
 3762.00    1.21945   1.13854    3.649
 3763.00    1.24222   1.14757    3.649
 3764.00    1.24472   1.17153    3.649
 3765.00    1.24564   1.19054    3.649
 3766.00    1.36136   1.19514    3.649
 3767.00    1.41444   1.18314    3.649
 3768.00    1.57459   1.15518    3.649
 3769.00    1.66444   1.11335    3.649
 3770.00    1.50874   1.05958    3.649
 3771.00    1.40307   0.99819    3.649
 3772.00    1.27529   0.93796    3.649
 3773.00    1.17087   0.90022    3.649
 3774.00    1.20007   0.91192    3.649
 3775.00    1.22865   0.97347    3.649
 3776.00    1.29345   1.05486    3.649
 3777.00    1.36938   1.12749    3.649
 3778.00    1.32263   1.18386    3.649
 3779.00    1.25682   1.23400    3.649
 3780.00    1.31371   1.28619    3.649
 3781.00    1.41053   1.33876    3.649
 3782.00    1.47811   1.38788    3.649
 3783.00    1.61835   1.42870    3.649
 3784.00    1.73034   1.45950    3.649
 3785.00    2.01828   1.48096    3.649
 3786.00    1.89451   1.48947    3.649
 3787.00    1.49128   1.47648    3.649
 3788.00    1.39857   1.43774    3.649
 3789.00    1.00317   1.38416    3.649
 3790.00    1.07677   1.33328    3.649
 3791.00    1.51156   1.29554    3.649
 3792.00    1.45943   1.27191    3.649
 3793.00    0.98818   1.25671    3.649
 3794.00    0.96539   1.23774    3.649
 3795.00    0.57145   1.20235    3.649
 3796.00    0.57844   1.14482    0.000
 3797.00    1.30565   1.07042    0.000
 3798.00    1.30565   0.98898    0.000
 3799.00    1.24432   0.90575    0.000
 3800.00    1.24205   0.83462    0.000
 3801.00    0.96542   0.80660    0.000
 3802.00    0.94118   0.84469    0.000
 3803.00    1.23684   0.94006    3.649
 3804.00    1.27926   1.06161    3.649
 3805.00    1.63841   1.17485    3.649
 3806.00    1.71244   1.26028    3.649
 3807.00    2.21630   1.31290   -1.000
 3808.00    2.35497   1.33594   -1.000
 3809.00    1.97455   1.34330    3.649
 3810.00    1.84037   1.35718    3.649
 3811.00    1.50853   1.39132    3.649
 3812.00    1.36211   1.44253    3.649
 3813.00    1.40741   1.49748    3.649
 3814.00    1.43191   1.52912    3.649
 3815.00    1.42873   1.51287    3.649
 3816.00    1.42665   1.45320    3.649
 3817.00    1.45653   1.38135    3.649
 3818.00    1.48014   1.33729    3.649
 3819.00    1.47899   1.33716    3.649
 3820.00    1.47791   1.35837    3.649
 3821.00    1.41093   1.36424    3.649
 3822.00    1.33501   1.33761    3.649
 3823.00    1.16065   1.29934    3.649
 3824.00    0.92339   1.28031    3.649
 3825.00    1.04514   1.27898    3.649
 3826.00    1.24512   1.26690    3.649
 3827.00    1.11431   1.22535    3.649
 3828.00    0.85287   1.16612    3.649
 3829.00    0.70022   1.11448    3.649
 3830.00    0.32342   1.08074    3.649
 3831.00    0.63605   1.05802    3.649
 3832.00    1.60911   1.03291    3.649
 3833.00    1.60861   0.99443    0.000
 3834.00    1.60659   0.93818    0.000
 3835.00    1.68761   0.86562    0.000
 3836.00    2.13589   0.78819    0.000
 3837.00    2.07603   0.72678    0.000
 3838.00    1.58123   0.69876    0.000
 3839.00    1.53276   0.70776    0.000
 3840.00    0.81166   0.74316    0.000
 3841.00    0.81332   0.79334    0.000
 3842.00    0.90475   0.85839    3.649
 3843.00    0.90475   0.94175    3.649
 3844.00    1.35787   1.03868    3.649
 3845.00    1.37061   1.13928    3.649
 3846.00    1.29000   1.22910    3.649
 3847.00    1.28372   1.29705    3.649
 3848.00    1.43587   1.34745    3.649
 3849.00    1.45607   1.39209    3.649
 3850.00    1.47119   1.43121    3.649
 3851.00    1.47413   1.45329    3.649
 3852.00    1.38154   1.45773    3.649
 3853.00    1.35730   1.45982    3.649
 3854.00    1.18922   1.47483    3.649
 3855.00    1.13246   1.50048    3.649
 3856.00    1.00353   1.51757    3.649
 3857.00    0.94884   1.51312    3.649
 3858.00    1.16343   1.49258    3.649
 3859.00    1.27536   1.46768    3.649
 3860.00    1.45284   1.44174    3.649
 3861.00    1.56521   1.41504    3.649
 3862.00    1.53764   1.39719    0.000
 3863.00    1.51660   1.40259    0.000
 3864.00    1.46886   1.43467    0.000
 3865.00    1.42513   1.48016    0.000
 3866.00    1.54707   1.51533    0.000
 3867.00    1.68075   1.52784    0.000
 3868.00    1.77232   1.52618    0.000
 3869.00    1.89276   1.52291    0.000
 3870.00    1.90957   1.52250    0.000
 3871.00    1.93621   1.51890    0.000
 3872.00    1.79001   1.50085    3.649
 3873.00    1.50846   1.46233    3.649
 3874.00    1.42092   1.41089    3.649
 3875.00    1.21334   1.36895    3.649
 3876.00    1.23278   1.35961    3.649
 3877.00    1.29067   1.38347    3.649
 3878.00    1.33607   1.41017    3.649
 3879.00    1.51050   1.40505    3.649
 3880.00    1.46925   1.36449    3.649
 3881.00    1.25488   1.31588    3.649
 3882.00    1.24051   1.28563    0.000
 3883.00    1.13123   1.27335    0.000
 3884.00    1.15167   1.26082    0.000
 3885.00    1.41796   1.23458    0.000
 3886.00    1.41534   1.19332    0.000
 3887.00    1.31880   1.13830    0.000
 3888.00    1.31880   1.06404    0.000
 3889.00    1.30704   0.97107    0.000
 3890.00    1.30682   0.88133    0.000
 3891.00    0.68551   0.82392    0.000
 3892.00    0.64306   0.82007    3.649
 3893.00    0.58739   0.87438    3.649
 3894.00    0.58059   0.96519    3.649
 3895.00    1.25914   1.05563    3.649
 3896.00    1.38295   1.12148    3.649
 3897.00    1.50149   1.16640    3.649
 3898.00    1.53098   1.20924    3.649
 3899.00    1.16325   1.25960    3.649
 3900.00    1.04448   1.30726    3.649
 3901.00    1.23069   1.34099    3.649
 3902.00    1.30659   1.36340    3.649
 3903.00    1.42316   1.38641    3.649
 3904.00    1.48175   1.41339    3.649
 3905.00    1.32502   1.43451    3.649
 3906.00    1.22920   1.43981    3.649
 3907.00    1.51510   1.43103    3.649
 3908.00    1.72603   1.42502    3.649
 3909.00    1.78201   1.43929    3.649
 3910.00    1.83159   1.47970    3.649
 3911.00    1.76601   1.53579    3.649
 3912.00    1.69648   1.58474    3.649
 3913.00    1.50434   1.61407    3.649
 3914.00    1.25998   1.62870    3.649
 3915.00    1.31495   1.63572    3.649
 3916.00    1.39913   1.63812    3.649
 3917.00    1.42342   1.63580    3.649
 3918.00    1.46851   1.62927    3.649
 3919.00    1.55520   1.61986    3.649
 3920.00    1.75281   1.60741    3.649
 3921.00    1.73952   1.58953    3.649
 3922.00    1.70165   1.56652    3.649
 3923.00    1.57592   1.54400    3.649
 3924.00    1.11644   1.53124    3.649
 3925.00    1.09916   1.53412    3.649
 3926.00    1.01460   1.54587    3.649
 3927.00    1.07465   1.54957    3.649
 3928.00    1.49690   1.52991    3.649
 3929.00    1.49303   1.48238    3.649
 3930.00    1.44832   1.41145    3.649
 3931.00    1.45147   1.32668    3.649
 3932.00    1.53921   1.23435    3.649
 3933.00    1.53921   1.12875    3.649
 3934.00    0.71943   1.00407    3.649
 3935.00    0.71053   0.87553    3.649
 3936.00    0.63995   0.78273    3.649
 3937.00    0.63579   0.76426    3.649
 3938.00    0.76785   0.82827    3.649
 3939.00    0.78262   0.95036    3.649
 3940.00    1.20568   1.09159    3.649
 3941.00    1.27800   1.21919    3.649
 3942.00    1.22840   1.31953    3.649
 3943.00    1.21670   1.39339    3.649
 3944.00    0.96188   1.43842    3.649
 3945.00    0.88324   1.45656    3.649
 3946.00    0.71414   1.45698    3.649
 3947.00    0.64797   1.45693   -1.000
 3948.00    0.98418   1.47221    3.649
 3949.00    1.14693   1.49816    3.649
 3950.00    1.45417   1.51934    3.649
 3951.00    1.63547   1.53130    3.649
 3952.00    1.56768   1.53930    3.649
 3953.00    1.51935   1.54375    3.649
 3954.00    1.40614   1.54007    3.649
 3955.00    1.30914   1.53192    3.649
 3956.00    1.35648   1.52775    3.649
 3957.00    1.40504   1.52496    3.649
 3958.00    1.49773   1.51085    3.649
 3959.00    1.61172   1.48425    3.649
 3960.00    1.67316   1.45973    3.649
 3961.00    1.76405   1.44249    0.000
 3962.00    1.78514   1.41624    0.000
 3963.00    1.82290   1.36051    0.000
 3964.00    1.64837   1.27628    0.000
 3965.00    1.26570   1.18717    0.000
 3966.00    1.20299   1.10791    0.000
 3967.00    1.03178   1.02943    0.000
 3968.00    1.07896   0.93162    0.000
 3969.00    1.24322   0.80372    0.000
 3970.00    1.11224   0.66611    0.000
 3971.00    0.50730   0.55675    0.000
 3972.00    0.51105   0.50731    0.000
 3973.00    0.53556   0.53168    0.000
 3974.00    0.55098   0.61891    0.000
 3975.00    0.71098   0.74119    3.649
 3976.00    0.73296   0.87318    3.649
 3977.00    1.22248   0.99811    3.649
 3978.00    1.22248   1.10744    3.649
 3979.00    1.36831   1.20238    3.649
 3980.00    1.36867   1.28755    3.649
 3981.00    1.06743   1.36775    3.649
 3982.00    1.05245   1.43804    3.649
 3983.00    1.53466   1.48742    3.649
 3984.00    1.58369   1.51289    3.649
 3985.00    1.62588   1.52490    3.649
 3986.00    1.63262   1.53856    3.649
 3987.00    1.42052   1.55932    3.649
 3988.00    1.37313   1.58386    3.649
 3989.00    1.66844   1.60913    3.649
 3990.00    1.75543   1.63637    3.649
 3991.00    1.41360   1.66476    3.649
 3992.00    1.28543   1.69017    3.649
 3993.00    1.61259   1.71200    3.649
 3994.00    1.76505   1.73318    3.649
 3995.00    1.97589   1.75324    3.649
 3996.00    2.09593   1.76470    3.649
 3997.00    1.95098   1.76051    3.649
 3998.00    1.85110   1.74265    3.649
 3999.00    2.02479   1.72163    3.649
 4000.00    2.16870   1.71104    3.649
 4001.00    2.01974   1.71883    3.649
 4002.00    1.87193   1.74124    3.649
 4003.00    1.98011   1.77012    3.649
 4004.00    2.10875   1.79553    3.649
 4005.00    2.22214   1.80572    3.649
 4006.00    2.38421   1.79259    3.649
 4007.00    2.21881   1.75807    3.649
 4008.00    1.93317   1.71888    3.649
 4009.00    1.89099   1.70411    3.649
 4010.00    1.80197   1.72695    3.649
 4011.00    1.83493   1.77148    3.649
 4012.00    1.92122   1.81321    3.649
 4013.00    1.94912   1.83813    3.649
 4014.00    2.04176   1.84670    3.649
 4015.00    1.98885   1.84688    3.649
 4016.00    1.75807   1.84622    3.649
 4017.00    1.75788   1.84754    3.649
 4018.00    1.75669   1.84949    3.649
 4019.00    1.80076   1.85058    3.649
 4020.00    2.21492   1.85215    3.649
 4021.00    2.20974   1.85748    3.649
 4022.00    2.11379   1.86649    3.649
 4023.00    2.11291   1.87540    3.649
 4024.00    1.96269   1.87999    0.000
 4025.00    1.96269   1.87842    0.000
 4026.00    1.87417   1.87132    0.000
 4027.00    1.87058   1.86408    0.000
 4028.00    1.65494   1.86650    0.000
 4029.00    1.63517   1.88235    0.000
 4030.00    2.05611   1.90196    0.000
 4031.00    2.11867   1.90446    3.649
 4032.00    1.97999   1.87850    3.649
 4033.00    1.95071   1.83555    3.649
 4034.00    1.66335   1.79670    3.649
 4035.00    1.58266   1.77782    3.649
 4036.00    1.61661   1.78172    3.649
 4037.00    1.62881   1.80231    3.649
 4038.00    1.86308   1.83161    3.649
 4039.00    1.96812   1.86767    3.649
 4040.00    2.17422   1.90587    3.649
 4041.00    2.28740   1.93034    3.649
 4042.00    2.27792   1.93024    3.649
 4043.00    2.27161   1.91485    3.649
 4044.00    2.35670   1.89862    3.649
 4045.00    2.42487   1.88085    3.649
 4046.00    2.07468   1.84481    3.649
 4047.00    1.73857   1.78257    3.649
 4048.00    1.77094   1.72475    3.649
 4049.00    1.80817   1.71058    3.649
 4050.00    1.80692   1.74905    3.649
 4051.00    1.80520   1.81550    3.649
 4052.00    1.87183   1.87414    3.649
 4053.00    1.98288   1.90363    3.649
 4054.00    2.00712   1.90489    3.649
 4055.00    2.05636   1.88925    3.649
 4056.00    1.97180   1.86695    3.649
 4057.00    1.75930   1.84781    3.649
 4058.00    1.76368   1.83508    3.649
 4059.00    1.77755   1.82430    3.649
 4060.00    1.76432   1.81568    3.649
 4061.00    1.70966   1.81610    3.649
 4062.00    1.72584   1.82954    3.649
 4063.00    1.81799   1.84400    3.649
 4064.00    1.82120   1.83588    3.649
 4065.00    1.84871   1.79581    3.649
 4066.00    1.84479   1.74157    3.649
 4067.00    1.78291   1.70519    0.000
 4068.00    1.78564   1.70076    0.000
 4069.00    1.97532   1.71921    0.000
 4070.00    1.97532   1.74490    0.000
 4071.00    1.92492   1.76852    3.649
 4072.00    1.92332   1.77895    3.649
 4073.00    2.46391   1.76546    3.649
 4074.00    2.50817   1.73505   -1.000
 4075.00    2.45937   1.71289    3.649
 4076.00    2.45265   1.71420    3.649
 4077.00    2.07983   1.72267    3.649
 4078.00    2.00562   1.71152    3.649
 4079.00    1.93105   1.67621    3.649
 4080.00    1.91111   1.63754    3.649
 4081.00    1.61081   1.62263    3.649
 4082.00    1.50743   1.64234    3.649
 4083.00    1.45256   1.68627    3.649
 4084.00    1.42891   1.72497    3.649
 4085.00    1.66477   1.73456    3.649
 4086.00    1.78966   1.71441    3.649
 4087.00    1.98879   1.68585    3.649
 4088.00    2.11683   1.67312    3.649
 4089.00    2.10400   1.68514    3.649
 4090.00    2.09406   1.71072    3.649
 4091.00    2.13399   1.72817    3.649
 4092.00    2.17106   1.72366    3.649
 4093.00    2.16130   1.69924    3.649
 4094.00    2.15045   1.66746    3.649
 4095.00    2.00894   1.63702    0.000
 4096.00    1.81999   1.60580    0.000
 4097.00    1.86310   1.56634    0.000
 4098.00    1.93246   1.51555    0.000
 4099.00    1.85919   1.45798    0.000
 4100.00    1.71560   1.39773    0.000
 4101.00    1.60239   1.32968    0.000
 4102.00    1.32917   1.24151    0.000
 4103.00    1.42565   1.13492    0.000
 4104.00    1.71815   1.04199    0.000
 4105.00    1.73778   1.00550    0.000
 4106.00    1.81476   1.04750    0.000
 4107.00    1.77855   1.14986    0.000
 4108.00    1.58517   1.26541    3.649
 4109.00    1.60737   1.35902    3.649
 4110.00    1.78198   1.42281    3.649
 4111.00    1.79527   1.46431    3.649
 4112.00    1.97781   1.49435    3.649
 4113.00    1.97956   1.52278    3.649
 4114.00    2.05581   1.55471    3.649
 4115.00    2.05581   1.58913    3.649
 4116.00    1.87802   1.62465    3.649
 4117.00    1.87393   1.66103    3.649
 4118.00    1.77655   1.69350    3.649
 4119.00    1.76951   1.71420    3.649
 4120.00    1.75758   1.71824    3.649
 4121.00    1.75607   1.71093    3.649
 4122.00    1.83328   1.70275    3.649
 4123.00    1.84774   1.70407    3.649
 4124.00    1.78662   1.71582    3.649
 4125.00    1.77109   1.73149    3.649
 4126.00    1.86560   1.74734    3.649
 4127.00    1.89677   1.76240    3.649
 4128.00    1.84874   1.77311    3.649
 4129.00    1.82884   1.77409    3.649
 4130.00    1.92196   1.76675    3.649
 4131.00    1.96948   1.76030    3.649
 4132.00    1.93363   1.76000    3.649
 4133.00    1.91140   1.75753    3.649
 4134.00    1.97192   1.74255    3.649
 4135.00    2.01725   1.71985    3.649
 4136.00    1.87037   1.70630    3.649
 4137.00    1.73847   1.71654    3.649
 4138.00    1.53246   1.75010    3.649
 4139.00    1.31056   1.79564    3.649
 4140.00    1.65679   1.83850    3.649
 4141.00    2.10371   1.87031    3.649
 4142.00    2.05942   1.88525    3.649
 4143.00    1.99060   1.87817    3.649
 4144.00    1.93365   1.84608    3.649
 4145.00    1.82632   1.79783    3.649
 4146.00    1.88293   1.75256    3.649
 4147.00    2.01421   1.73408    3.649
 4148.00    2.02052   1.75145    3.649
 4149.00    2.03882   1.78831    3.649
 4150.00    2.05372   1.81726    3.649
 4151.00    2.10943   1.82608    3.649
 4152.00    2.13762   1.82385    3.649
 4153.00    2.27920   1.82333    3.649
 4154.00    2.27625   1.82517    3.649
 4155.00    2.25485   1.82073    3.649
 4156.00    2.19817   1.80539    3.649
 4157.00    1.51076   1.78719    3.649
 4158.00    1.50476   1.77832    3.649
 4159.00    1.31880   1.78445    3.649
 4160.00    1.31880   1.80247    3.649
 4161.00    1.83136   1.82591    3.649
 4162.00    1.83873   1.84788    3.649
 4163.00    2.15443   1.86402    3.649
 4164.00    2.17426   1.87462    3.649
 4165.00    1.71352   1.88390    3.649
 4166.00    1.65975   1.89401    3.649
 4167.00    1.42799   1.90100    3.649
 4168.00    1.38727   1.89733    3.649
 4169.00    1.76434   1.88074    3.649
 4170.00    1.85530   1.85953    3.649
 4171.00    2.10681   1.84524    3.649
 4172.00    2.18592   1.83689    3.649
 4173.00    1.90822   1.81960    3.649
 4174.00    1.79771   1.78361    3.649
 4175.00    1.89825   1.73954    3.649
 4176.00    1.94767   1.71394    3.649
 4177.00    1.73912   1.72075    3.649
 4178.00    1.61399   1.74757    3.649
 4179.00    1.34727   1.77135    3.649
 4180.00    1.15420   1.78418    3.649
 4181.00    1.12608   1.79513    3.649
 4182.00    1.10165   1.81027    3.649
 4183.00    1.32126   1.82254    3.649
 4184.00    1.54961   1.82359    3.649
 4185.00    1.62743   1.81724    3.649
 4186.00    1.72455   1.81586    3.649
 4187.00    1.81838   1.82247    3.649
 4188.00    1.95917   1.82522    3.649
 4189.00    1.86492   1.81443    3.649
 4190.00    1.69328   1.79543    3.649
 4191.00    1.65439   1.78281    3.649
 4192.00    1.56764   1.78523    3.649
 4193.00    1.61127   1.79944    3.649
 4194.00    1.73249   1.81798    3.649
 4195.00    1.76034   1.83621    3.649
 4196.00    1.85921   1.84851    3.649
 4197.00    1.81379   1.84685    3.649
 4198.00    1.59939   1.82685    3.649
 4199.00    1.59746   1.79246    3.649
 4200.00    1.58453   1.75522    3.649
 4201.00    1.60009   1.72661    3.649
 4202.00    1.76870   1.71120    3.649
 4203.00    1.77002   1.70792    3.649
 4204.00    1.80249   1.71353    3.649
 4205.00    1.80249   1.72461    3.649
 4206.00    2.01647   1.74085    3.649
 4207.00    2.01773   1.76382    3.649
 4208.00    1.78579   1.79134    3.649
 4209.00    1.77339   1.81873    3.649
 4210.00    1.95865   1.84059    3.649
 4211.00    1.97826   1.85202    3.649
 4212.00    1.92641   1.85296    3.649
 4213.00    1.91789   1.85087    3.649
 4214.00    1.73338   1.85478    3.649
 4215.00    1.69121   1.86361    3.649
 4216.00    1.51198   1.86347    3.649
 4217.00    1.45801   1.84308    3.649
 4218.00    1.71044   1.81015    3.649
 4219.00    1.80685   1.78499    3.649
 4220.00    1.82309   1.78360    3.649
 4221.00    1.83078   1.80540    3.649
 4222.00    1.70370   1.83351    3.649
 4223.00    1.63026   1.85191    3.649
 4224.00    2.00262   1.85392    3.649
 4225.00    2.26311   1.83522    3.649
 4226.00    1.89414   1.79089    3.649
 4227.00    1.58417   1.72203    3.649
 4228.00    1.66974   1.64119    3.649
 4229.00    1.75598   1.57461    3.649
 4230.00    1.71119   1.55560    3.649
 4231.00    1.65714   1.60000    3.649
 4232.00    1.66579   1.68409    3.649
 4233.00    1.67833   1.76190    3.649
 4234.00    1.71888   1.80239    3.649
 4235.00    1.78995   1.80409    3.649
 4236.00    1.77300   1.78496    3.649
 4237.00    1.73663   1.76303    3.649
 4238.00    1.81644   1.74645    3.649
 4239.00    2.02904   1.73598    3.649
 4240.00    2.07761   1.73326    3.649
 4241.00    2.24205   1.74113    3.649
 4242.00    2.22241   1.75780    3.649
 4243.00    2.13450   1.77696    3.649
 4244.00    2.10434   1.79330    3.649
 4245.00    1.91547   1.80588    3.649
 4246.00    1.91151   1.81665    3.649
 4247.00    1.87280   1.82380    3.649
 4248.00    1.86966   1.82036    3.649
 4249.00    1.80717   1.80015    3.649
 4250.00    1.80743   1.76761    3.649
 4251.00    1.91256   1.73829    3.649
 4252.00    1.91256   1.72529    3.649
 4253.00    1.82513   1.73128    3.649
 4254.00    1.82125   1.74954    3.649
 4255.00    1.93032   1.76722    3.649
 4256.00    1.94083   1.77184    3.649
 4257.00    1.76369   1.76194    3.649
 4258.00    1.73656   1.75326    3.649
 4259.00    1.90011   1.75895    3.649
 4260.00    1.93547   1.76942    3.649
 4261.00    1.81743   1.76283    3.649
 4262.00    1.78362   1.73369    3.649
 4263.00    1.84866   1.70388    3.649
 4264.00    1.87248   1.70176    3.649
 4265.00    2.14331   1.73409    3.649
 4266.00    2.26670   1.78159    3.649
 4267.00    2.29901   1.82011    3.649
 4268.00    2.31705   1.83954    3.649
 4269.00    2.31247   1.84030    3.649
 4270.00    2.30937   1.82673    3.649
 4271.00    2.11256   1.79986    3.649
 4272.00    1.95268   1.75888    3.649
 4273.00    1.65834   1.70772    3.649
 4274.00    1.37193   1.65763    3.649
 4275.00    1.37892   1.62273    3.649
 4276.00    1.38708   1.61371    3.649
 4277.00    1.69284   1.62917    3.649
 4278.00    2.12119   1.66121    3.649
 4279.00    1.93698   1.70506    3.649
 4280.00    1.62545   1.75232    3.649
 4281.00    1.75905   1.78349    3.649
 4282.00    2.03505   1.78527    3.649
 4283.00    2.15796   1.76618    3.649
 4284.00    2.47209   1.74730   -1.000
 4285.00    2.36618   1.74057    3.649
 4286.00    2.02393   1.74133    3.649
 4287.00    2.07082   1.73687    3.649
 4288.00    2.26886   1.72338    3.649
 4289.00    2.19632   1.70360    3.649
 4290.00    1.77200   1.67750    3.649
 4291.00    1.80081   1.64300    3.649
 4292.00    2.05707   1.60341    3.649
 4293.00    2.06485   1.57631    3.649
 4294.00    2.19677   1.57925    3.649
 4295.00    2.19152   1.60741    3.649
 4296.00    1.70843   1.63871    3.649
 4297.00    1.70843   1.65409    3.649
 4298.00    1.52269   1.64806    3.649
 4299.00    1.51612   1.62528    3.649
 4300.00    1.49006   1.58728    3.649
 4301.00    1.48782   1.53498    3.649
 4302.00    1.44594   1.47730    3.649
 4303.00    1.43999   1.43252    3.649
 4304.00    1.66673   1.41251    3.649
 4305.00    1.71298   1.41756    3.649
 4306.00    1.84204   1.43840    3.649
 4307.00    1.87736   1.46220    3.649
 4308.00    1.70507   1.47561    3.649
 4309.00    1.64461   1.46856    3.649
 4310.00    1.54242   1.44221    3.649
 4311.00    1.49764   1.41333    3.649
 4312.00    1.42420   1.40342    3.649
 4313.00    1.38472   1.42181    3.649
 4314.00    1.22343   1.45633    3.649
 4315.00    1.11812   1.49228    3.649
 4316.00    1.37492   1.52949    3.649
 4317.00    1.57665   1.57833    3.649
 4318.00    1.93504   1.64287    3.649
 4319.00    2.27303   1.71530    3.649
 4320.00    2.05014   1.77558    3.649
 4321.00    1.79851   1.80835    3.649
 4322.00    1.80662   1.81008    3.649
 4323.00    1.81760   1.78803    3.649
 4324.00    1.91073   1.74830    3.649
 4325.00    2.06276   1.69131    3.649
 4326.00    1.92577   1.62064    3.649
 4327.00    1.65378   1.54990    3.649
 4328.00    1.73819   1.50021    3.649
 4329.00    1.94532   1.49159    3.649
 4330.00    1.83990   1.52605    3.649
 4331.00    1.51437   1.58129    3.649
 4332.00    1.55554   1.62410    0.000
 4333.00    1.72099   1.64017    0.000
 4334.00    1.79063   1.63635    0.000
 4335.00    2.17229   1.62532    0.000
 4336.00    2.10970   1.61157    0.000
 4337.00    1.60003   1.58736    0.000
 4338.00    1.61112   1.54241    0.000
 4339.00    1.77200   1.46864    0.000
 4340.00    1.76697   1.36478    0.000
 4341.00    1.50798   1.24268    0.000
 4342.00    1.50798   1.12991    0.000
 4343.00    1.32445   1.05915    0.000
 4344.00    1.31957   1.05673    0.000
 4345.00    1.76446   1.12169    0.000
 4346.00    1.79861   1.22472    0.000
 4347.00    1.46285   1.32858    3.649
 4348.00    1.41870   1.41504    3.649
 4349.00    1.06633   1.48310    3.649
 4350.00    0.99864   1.53872    3.649
 4351.00    1.15287   1.58210    3.649
 4352.00    1.19289   1.60635    3.649
 4353.00    1.73053   1.60267    3.649
 4354.00    1.91114   1.57686    3.649
 4355.00    1.40302   1.55390    3.649
 4356.00    1.18899   1.55907    3.649
 4357.00    1.31414   1.59533    3.649
 4358.00    1.37913   1.64375    3.649
 4359.00    1.43523   1.68364    3.649
 4360.00    1.47061   1.70907    3.649
 4361.00    1.52390   1.72265    3.649
 4362.00    1.56437   1.73103    3.649
 4363.00    1.40569   1.74284    3.649
 4364.00    1.26121   1.76305    3.649
 4365.00    1.28306   1.78724    3.649
 4366.00    1.30691   1.80857    3.649
 4367.00    1.18428   1.82523    3.649
 4368.00    1.02377   1.83330    3.649
 4369.00    1.02289   1.82574    3.649
 4370.00    1.02151   1.80262    3.649
 4371.00    1.11600   1.77437    3.649
 4372.00    1.29716   1.75178    3.649
 4373.00    1.32714   1.73847    3.649
 4374.00    1.39780   1.73062    3.649
 4375.00    1.33275   1.71921    3.649
 4376.00    1.14060   1.69801    3.649
 4377.00    1.14123   1.67201    3.649
 4378.00    1.14364   1.65637    3.649
 4379.00    1.12051   1.66490    3.649
 4380.00    1.00139   1.69682    3.649
 4381.00    1.04465   1.73533    3.649
 4382.00    1.36902   1.76124    3.649
 4383.00    1.38350   1.76042    3.649
 4384.00    1.56932   1.72525    3.649
 4385.00    1.55382   1.65747    3.649
 4386.00    1.00278   1.57846    3.649
 4387.00    1.00278   1.52563    3.649
 4388.00    1.00528   1.52881    3.649
 4389.00    1.00533   1.57834    3.649
 4390.00    1.25763   1.63628    3.649
 4391.00    1.27445   1.67315    3.649
 4392.00    1.09600   1.68659    3.649
 4393.00    1.07442   1.69052    3.649
 4394.00    0.97432   1.69725    3.649
 4395.00    0.95627   1.70801    3.649
 4396.00    1.15109   1.71476    3.649
 4397.00    1.19926   1.71191    3.649
 4398.00    1.14604   1.70795    3.649
 4399.00    1.12894   1.71735    3.649
 4400.00    1.27257   1.73864    3.649
 4401.00    1.33068   1.75291    3.649
 4402.00    1.20330   1.74734    3.649
 4403.00    1.13970   1.72905    3.649
 4404.00    1.26506   1.71386    3.649
 4405.00    1.34138   1.70701    3.649
 4406.00    1.41268   1.69846    3.649
 4407.00    1.46502   1.68081    3.649
 4408.00    1.08832   1.66314    3.649
 4409.00    0.75659   1.65998    3.649
 4410.00    0.63515   1.67320   -1.000
 4411.00    0.50688   1.69386   -1.000
 4412.00    0.59994   1.71860   -1.000
 4413.00    0.71770   1.75158   -1.000
 4414.00    0.75187   1.78772   -1.000
 4415.00    0.80388   1.80990   -1.000
 4416.00    0.79984   1.80432   -1.000
 4417.00    0.79241   1.77110   -1.000
 4418.00    0.80325   1.72622    3.649
 4419.00    0.82781   1.69556    3.649
 4420.00    0.86496   1.69811    3.649
 4421.00    0.97003   1.73200    3.649
 4422.00    0.92557   1.77841    3.649
 4423.00    0.76402   1.81494   -1.000
 4424.00    0.79730   1.82708   -1.000
 4425.00    0.95879   1.81806    3.649
 4426.00    0.95900   1.80285    3.649
 4427.00    0.96047   1.79245    3.649
 4428.00    0.91921   1.78725    3.649
 4429.00    0.45145   1.78398   -1.000
 4430.00    0.45488   1.78366   -1.000
 4431.00    0.54745   1.78916   -1.000
 4432.00    0.54745   1.79825   -1.000
 4433.00    0.91731   1.80583    3.649
 4434.00    0.92077   1.80818    3.649
 4435.00    0.62343   1.80239   -1.000
 4436.00    0.60623   1.78564   -1.000
 4437.00    0.31404   1.75974   -1.000
 4438.00    0.28172   1.73734   -1.000
 4439.00    0.28075   1.73705   -1.000
 4440.00    0.28059   1.76550   -1.000
 4441.00    0.60735   1.80807   -1.000
 4442.00    0.68372   1.84022   -1.000
 4443.00    0.70658   1.84433   -1.000
 4444.00    0.71360   1.81869   -1.000
 4445.00    0.55660   1.77893   -1.000
 4446.00    0.49561   1.75053   -1.000
 4447.00    0.49787   1.75110   -1.000
 4448.00    0.49897   1.77813   -1.000
 4449.00    0.29985   1.81265   -1.000
 4450.00    0.18285   1.83614   -1.000
 4451.00    0.27592   1.84390   -1.000
 4452.00    0.34196   1.84270   -1.000
 4453.00    0.24656   1.83912   -1.000
 4454.00    0.16531   1.83415   -1.000
 4455.00    0.28688   1.82384   -1.000
 4456.00    0.41085   1.80161   -1.000
 4457.00    0.38648   1.76638   -1.000
 4458.00    0.35665   1.73030   -1.000
 4459.00    0.10663   1.71003   -1.000
