 2049.00    1.27268   1.09002    9.412
 2050.00    1.18705   1.06408    9.412
 2051.00    1.19103   1.03811    9.412
 2052.00    1.21294   1.02559    9.412
 2053.00    1.15543   1.02296    9.412
 2054.00    1.23037   1.02350    9.412
 2055.00    1.39373   1.02444   -1.000
 2056.00    1.35069   1.02540   -1.000
 2057.00    1.34704   1.02642   -1.000
 2058.00    1.36049   1.02786   -1.000
 2059.00    1.21673   1.03063    9.412
 2060.00    1.18013   1.03520    9.412
 2061.00    1.19117   1.03977    9.412
 2062.00    1.33242   1.04255    9.412
 2063.00    1.39908   1.04401   -1.000
 2064.00    1.45963   1.04505   -1.000
 2065.00    1.21479   1.04603    9.412
 2066.00    1.14145   1.04705    9.412
 2067.00    1.28474   1.04877    9.412
 2068.00    1.19709   1.05540    9.412
 2069.00    1.17618   1.07427    9.412
 2070.00    1.32468   1.10406    9.412
 2071.00    1.34871   1.12298    9.412
 2072.00    1.36273   1.12966    9.412
 2073.00    1.35643   1.13107    9.412
 2074.00    1.29207   1.12904    9.412
 2075.00    1.23427   1.11862    9.412
 2076.00    1.05887   1.09695    9.412
 2077.00    1.15980   1.07527    9.412
 2078.00    1.24693   1.06481    9.412
 2079.00    1.30438   1.06304    9.412
 2080.00    1.20474   1.06637    9.412
 2081.00    1.10510   1.07588    9.412
 2082.00    0.95482   1.09056    9.412
 2083.00    1.03089   1.10011    9.412
 2084.00    1.12380   1.10386    9.412
 2085.00    1.29414   1.10526    9.412
 2086.00    1.27353   1.10630    9.412
 2087.00    1.23003   1.10707    9.412
 2088.00    1.21829   1.10601    9.412
 2089.00    1.18678   1.09943    9.412
 2090.00    1.13748   1.08549    9.412
 2091.00    0.88243   1.07153    9.412
 2092.00    0.99810   1.06493    9.412
 2093.00    1.30352   1.06382    9.412
 2094.00    0.94880   1.06455    9.412
 2095.00    0.95816   1.06553    9.412
 2096.00    1.16208   1.06654    9.412
 2097.00    1.30294   1.06761    9.412
 2098.00    1.33190   1.06921    9.412
 2099.00    1.30110   1.07234    9.412
 2100.00    1.10457   1.07753    9.412
 2101.00    1.04990   1.08273    9.412
 2102.00    1.10128   1.08588    9.412
 2103.00    0.96412   1.08749    9.412
 2104.00    0.95718   1.08859    9.412
 2105.00    1.19423   1.08961    9.412
 2106.00    1.14050   1.09063    9.412
 2107.00    1.11429   1.09165    9.412
 2108.00    1.12356   1.09266    9.412
 2109.00    1.25861   1.09365    9.412
 2110.00    1.33017   1.09459    9.412
 2111.00    1.22768   1.09554    9.412
 2112.00    1.16361   1.09653    9.412
 2113.00    1.11340   1.09755    9.412
 2114.00    1.05445   1.09859    9.412
 2115.00    0.98674   1.09966    9.412
 2116.00    0.93247   1.10079    9.412
 2117.00    1.10901   1.10194    9.412
 2118.00    1.17660   1.10308    9.412
 2119.00    1.24433   1.10413    9.412
 2120.00    1.05273   1.10506    9.412
 2121.00    1.05154   1.10599    9.412
 2122.00    1.05485   1.10705    9.412
 2123.00    0.83842   1.10819    9.412
 2124.00    1.01333   1.10936    9.412
 2125.00    1.27474   1.11054    9.412
 2126.00    1.11233   1.11172    9.412
 2127.00    1.12274   1.11272    9.412
 2128.00    1.16949   1.11258    9.412
 2129.00    0.95199   1.10911    9.412
 2130.00    0.92255   1.10128    9.412
 2131.00    0.93451   1.09344    9.412
 2132.00    1.10001   1.08995    9.412
 2133.00    1.08559   1.08979    9.412
 2134.00    0.96642   1.09076    9.412
 2135.00    1.02848   1.09191    9.412
 2136.00    1.00800   1.09307    9.412
 2137.00    0.89929   1.09403    9.412
 2138.00    1.05079   1.09382    9.412
 2139.00    1.13444   1.09019    9.412
 2140.00    1.24206   1.08210    9.412
 2141.00    1.14846   1.07401    9.412
 2142.00    1.10422   1.07036    9.412
 2143.00    1.08599   1.07012    9.412
 2144.00    1.05482   1.07106    9.412
 2145.00    1.04297   1.07219    9.412
 2146.00    1.06943   1.07334    9.412
 2147.00    1.13565   1.07466    9.412
 2148.00    1.18814   1.07697    9.412
 2149.00    1.29486   1.08215    9.412
 2150.00    1.22378   1.09105    9.412
 2151.00    1.15705   1.09997    9.412
 2152.00    0.91699   1.10518    9.412
 2153.00    0.92723   1.10752    9.412
 2154.00    0.93553   1.10887    9.412
 2155.00    0.91197   1.11006    9.412
 2156.00    0.93553   1.11123    9.412
 2157.00    0.95919   1.11229    9.412
 2158.00    0.96864   1.11264    9.412
 2159.00    1.03811   1.11092    9.412
 2160.00    1.11976   1.10657    9.412
 2161.00    1.11724   1.10221    9.412
 2162.00    1.12406   1.10048    9.412
 2163.00    1.13375   1.10081    9.412
 2164.00    1.26950   1.10186    9.412
 2165.00    1.20166   1.10302    9.412
 2166.00    1.06545   1.10419    9.412
 2167.00    1.15985   1.10530    9.412
 2168.00    1.10636   1.10604    9.412
 2169.00    0.97175   1.10569    9.412
 2170.00    0.98234   1.10398    9.412
 2171.00    1.02637   1.10226    9.412
 2172.00    1.12417   1.10191    9.412
 2173.00    1.09203   1.10264    9.412
 2174.00    1.08122   1.10375    9.412
 2175.00    1.07643   1.10492    9.412
 2176.00    1.08984   1.10608    9.412
 2177.00    1.07842   1.10699    9.412
 2178.00    1.02070   1.10644    9.412
 2179.00    0.99215   1.10177    9.412
 2180.00    0.95425   1.09184    9.412
 2181.00    0.83668   1.08191    9.412
 2182.00    0.99464   1.07721    9.412
 2183.00    1.03627   1.07663    9.412
 2184.00    0.78640   1.07751    9.412
 2185.00    0.82107   1.07864    9.412
 2186.00    0.86457   1.07980    9.412
 2187.00    1.06691   1.08108    9.412
 2188.00    1.00291   1.08312    9.412
 2189.00    0.95910   1.08724    9.412
 2190.00    1.00413   1.09401    9.412
 2191.00    0.99198   1.10079    9.412
 2192.00    0.97923   1.10493    9.412
 2193.00    0.85543   1.10699    9.412
 2194.00    0.88733   1.10831    9.412
 2195.00    0.91942   1.10950    9.412
 2196.00    1.06899   1.11067    9.412
 2197.00    1.07455   1.11172    9.412
 2198.00    1.07724   1.11208    9.412
 2199.00    1.00825   1.11052    9.412
 2200.00    0.95126   1.10652    9.412
 2201.00    0.87836   1.10251    9.412
 2202.00    0.95437   1.10093    9.412
 2203.00    0.92467   1.10128    9.412
 2204.00    0.86184   1.10232    9.412
 2205.00    0.94516   1.10349    9.412
 2206.00    0.95385   1.10464    9.412
 2207.00    0.94403   1.10559    9.412
 2208.00    0.86311   1.10530    9.412
 2209.00    0.83049   1.10163    9.412
 2210.00    0.79596   1.09370    9.412
 2211.00    1.08674   1.08577    9.412
 2212.00    1.11980   1.08207    9.412
 2213.00    0.97745   1.08176    9.412
 2214.00    1.07803   1.08267    9.412
 2215.00    1.09399   1.08381    9.412
 2216.00    1.02372   1.08495    9.412
 2217.00    1.08381   1.08590    9.412
 2218.00    1.08050   1.08579    9.412
 2219.00    0.94586   1.08278    9.412
 2220.00    1.03094   1.07621    9.412
 2221.00    1.06598   1.06974    9.412
 2222.00    1.00941   1.06698    9.412
 2223.00    0.95215   1.06715    9.412
 2224.00    0.93487   1.06840    9.412
 2225.00    1.10031   1.06984    9.412
 2226.00    1.03376   1.07130    9.412
 2227.00    0.98752   1.07281    9.412
 2228.00    1.02429   1.07460    9.412
 2229.00    0.88091   1.07713    9.412
 2230.00    0.75994   1.08058   -1.000
 2231.00    0.86668   1.08404    9.412
 2232.00    0.85468   1.08658    9.412
 2233.00    0.84259   1.08839    9.412
 2234.00    1.06833   1.08992    9.412
 2235.00    1.03896   1.09141    9.412
 2236.00    0.99832   1.09289    9.412
 2237.00    0.86961   1.09428    9.412
 2238.00    0.86950   1.09517    9.412
 2239.00    0.88113   1.09470    9.412
 2240.00    0.94132   1.09257    9.412
 2241.00    0.98898   1.09043    9.412
 2242.00    1.05613   1.08995    9.412
 2243.00    1.04151   1.09084    9.412
 2244.00    1.02944   1.09222    9.412
 2245.00    1.01054   1.09370    9.412
 2246.00    0.90525   1.09516    9.412
 2247.00    0.90734   1.09635    9.412
 2248.00    0.96741   1.09605    9.412
 2249.00    0.99381   1.09173    9.412
 2250.00    0.93492   1.08251    9.412
 2251.00    0.74395   1.07327   -1.000
 2252.00    0.94310   1.06892    9.412
 2253.00    1.00805   1.06858    9.412
 2254.00    0.98746   1.06973    9.412
 2255.00    1.03710   1.07116    9.412
 2256.00    1.02849   1.07263    9.412
 2257.00    0.88952   1.07420    9.412
 2258.00    0.82747   1.07632    9.412
 2259.00    0.82273   1.07990    9.412
 2260.00    0.99470   1.08525    9.412
 2261.00    1.16972   1.09060    9.412
 2262.00    1.25421   1.09420    9.412
 2263.00    1.03552   1.09635    9.412
 2264.00    0.95989   1.09795    9.412
 2265.00    0.90291   1.09945    9.412
 2266.00    0.87452   1.10095    9.412
 2267.00    0.90632   1.10239    9.412
 2268.00    0.93282   1.10354    9.412
 2269.00    0.88729   1.10393    9.412
 2270.00    0.94759   1.10341    9.412
 2271.00    1.00842   1.10288    9.412
 2272.00    0.98784   1.10327    9.412
 2273.00    1.00384   1.10443    9.412
 2274.00    1.02334   1.10587    9.412
 2275.00    0.94855   1.10737    9.412
 2276.00    0.98022   1.10888    9.412
 2277.00    1.03129   1.11036    9.412
 2278.00    1.09732   1.11171    9.412
 2279.00    1.07378   1.11272    9.412
 2280.00    1.02259   1.11331    9.412
 2281.00    0.93793   1.11390    9.412
 2282.00    1.03995   1.11491    9.412
 2283.00    1.26764   1.11627    9.412
 2284.00    1.19734   1.11776    9.412
 2285.00    1.15439   1.11928    9.412
 2286.00    1.09002   1.12076    9.412
 2287.00    1.03890   1.12182    9.412
 2288.00    1.00475   1.12067    9.412
 2289.00    0.94845   1.11375    9.412
 2290.00    1.06450   1.09996    9.412
 2291.00    1.12439   1.08615    9.412
 2292.00    1.19128   1.07919    9.412
 2293.00    1.12188   1.07798    9.412
 2294.00    1.08539   1.07898    9.412
 2295.00    1.05581   1.08040    9.412
 2296.00    1.03381   1.08188    9.412
 2297.00    1.02346   1.08339    9.412
 2298.00    1.03041   1.08508    9.412
 2299.00    0.82855   1.08724    9.412
 2300.00    0.71888   1.08996   -1.000
 2301.00    0.86161   1.09269    9.412
 2302.00    1.03388   1.09486    9.412
 2303.00    1.14826   1.09657    9.412
 2304.00    0.95584   1.09810    9.412
 2305.00    0.91655   1.09960    9.412
 2306.00    0.88492   1.10107    9.412
 2307.00    1.00993   1.10227    9.412
 2308.00    1.04223   1.10209    9.412
 2309.00    1.07487   1.09835    9.412
 2310.00    1.02421   1.09043    9.412
 2311.00    0.96651   1.08250    9.412
 2312.00    0.89942   1.07874    9.412
 2313.00    1.02977   1.07852    9.412
 2314.00    1.09724   1.07969    9.412
 2315.00    1.17929   1.08113    9.412
 2316.00    1.04781   1.08247    9.412
 2317.00    1.02876   1.08263    9.412
 2318.00    1.02216   1.07682    9.412
 2319.00    1.03199   1.05574    9.412
 2320.00    1.03572   1.01680    9.412
 2321.00    1.03982   0.97780    9.412
 2322.00    1.09216   0.95658    9.412
 2323.00    1.06396   0.95058    9.412
 2324.00    0.96953   0.95056    9.412
 2325.00    1.10139   0.95173    9.412
 2326.00    1.16495   0.95311    9.412
 2327.00    1.23934   0.95527    9.412
 2328.00    1.01434   0.96137    9.412
 2329.00    0.93782   0.97740    9.412
 2330.00    0.95135   1.00501    9.412
 2331.00    1.02312   1.03264    9.412
 2332.00    1.05019   1.04878    9.412
 2333.00    1.03100   1.05499    9.412
 2334.00    1.01786   1.05721    9.412
 2335.00    1.01850   1.05844    9.412
 2336.00    1.06576   1.05930    9.412
 2337.00    1.06840   1.05991    9.412
 2338.00    1.07355   1.06024    9.412
 2339.00    1.10627   1.06001    9.412
 2340.00    1.11145   1.05918    9.412
 2341.00    1.10394   1.05834    9.412
 2342.00    0.91655   1.05812    9.412
 2343.00    0.97683   1.05842    9.412
 2344.00    1.02929   1.05894    9.412
 2345.00    1.05561   1.05951    9.412
 2346.00    1.02077   1.06008    9.412
 2347.00    0.98549   1.06067    9.412
 2348.00    1.01732   1.06136    9.412
 2349.00    0.94680   1.06230    9.412
 2350.00    0.86203   1.06352    9.412
 2351.00    1.02721   1.06475    9.412
 2352.00    1.02873   1.06569    9.412
 2353.00    1.01526   1.06638    9.412
 2354.00    0.94705   1.06698    9.412
 2355.00    0.95016   1.06755    9.412
 2356.00    0.96831   1.06810    9.412
 2357.00    1.14092   1.06842    9.412
 2358.00    1.14547   1.06768    9.412
 2359.00    1.09754   1.06428    9.412
 2360.00    1.11463   1.05786    9.412
 2361.00    1.10885   1.05143    9.412
 2362.00    1.08605   1.04802    9.412
 2363.00    1.12044   1.04727    9.412
 2364.00    1.11079   1.04758    9.412
 2365.00    1.05415   1.04812    9.412
 2366.00    1.08306   1.04867    9.412
 2367.00    1.08785   1.04915    9.412
 2368.00    1.06776   1.04925    9.412
 2369.00    1.04777   1.04843    9.412
 2370.00    1.02501   1.04656    9.412
 2371.00    0.95950   1.04470    9.412
 2372.00    0.94055   1.04387    9.412
 2373.00    0.95129   1.04397    9.412
 2374.00    1.08201   1.04445    9.412
 2375.00    1.08075   1.04499    9.412
 2376.00    1.07620   1.04552    9.412
 2377.00    1.04093   1.04579    9.412
 2378.00    1.09845   1.04479    9.412
 2379.00    1.12925   1.04071    9.412
 2380.00    0.93743   1.03316    9.412
 2381.00    0.99183   1.02561    9.412
 2382.00    1.03996   1.02152    9.412
 2383.00    1.10619   1.02051    9.412
 2384.00    1.03816   1.02076    9.412
 2385.00    0.96913   1.02127    9.412
 2386.00    1.08647   1.02183    9.412
 2387.00    1.08391   1.02253    9.412
 2388.00    1.07746   1.02387    9.412
 2389.00    1.02220   1.02675    9.412
 2390.00    1.05638   1.03137    9.412
 2391.00    1.10960   1.03598    9.412
 2392.00    1.13688   1.03887    9.412
 2393.00    1.09304   1.04021    9.412
 2394.00    1.01513   1.04092    9.412
 2395.00    0.89578   1.04150    9.412
 2396.00    0.92660   1.04202    9.412
 2397.00    1.02703   1.04225    9.412
 2398.00    1.03411   1.04115    9.412
 2399.00    1.03146   1.03679    9.412
 2400.00    1.02136   1.02883    9.412
 2401.00    1.05858   1.02087    9.412
 2402.00    1.07714   1.01650    9.412
 2403.00    1.09988   1.01537    9.412
 2404.00    1.03623   1.01559    9.412
 2405.00    1.03808   1.01610    9.412
 2406.00    1.12760   1.01665    9.412
 2407.00    1.00366   1.01720    9.412
 2408.00    0.96416   1.01778    9.412
 2409.00    1.03262   1.01845    9.412
 2410.00    1.04730   1.01920    9.412
 2411.00    1.03682   1.01996    9.412
 2412.00    0.92125   1.02062    9.412
 2413.00    1.05635   1.02121    9.412
 2414.00    1.13277   1.02177    9.412
 2415.00    1.05921   1.02232    9.412
 2416.00    0.97346   1.02286    9.412
 2417.00    0.91469   1.02342    9.412
 2418.00    0.98841   1.02403    9.412
 2419.00    0.99818   1.02476    9.412
 2420.00    1.01083   1.02561    9.412
 2421.00    1.27106   1.02646    9.412
 2422.00    1.16224   1.02718    9.412
 2423.00    1.05159   1.02779    9.412
 2424.00    1.06033   1.02835    9.412
 2425.00    1.05375   1.02890    9.412
 2426.00    1.04563   1.02941    9.412
 2427.00    1.04250   1.02960    9.412
 2428.00    0.99101   1.02831    9.412
 2429.00    0.91895   1.02352    9.412
 2430.00    0.79004   1.01494    9.412
 2431.00    0.88396   1.00635    9.412
 2432.00    1.06494   1.00155    9.412
 2433.00    1.13642   1.00024    9.412
 2434.00    1.07521   1.00041    9.412
 2435.00    0.93023   1.00091    9.412
 2436.00    0.87710   1.00146    9.412
 2437.00    0.89260   1.00212    9.412
 2438.00    0.95812   1.00330    9.412
 2439.00    1.11678   1.00569    9.412
 2440.00    1.16204   1.00938    9.412
 2441.00    1.16022   1.01307    9.412
 2442.00    1.04537   1.01546    9.412
 2443.00    1.00038   1.01665    9.412
 2444.00    0.98686   1.01733    9.412
 2445.00    0.99348   1.01793    9.412
 2446.00    1.00760   1.01853    9.412
 2447.00    1.06033   1.01906    9.412
 2448.00    0.98884   1.01914    9.412
 2449.00    0.94444   1.01816    9.412
 2450.00    0.90085   1.01606    9.412
 2451.00    0.93746   1.01396    9.412
 2452.00    0.96483   1.01298    9.412
 2453.00    1.00766   1.01306    9.412
 2454.00    0.94682   1.01359    9.412
 2455.00    0.90433   1.01423    9.412
 2456.00    0.94429   1.01485    9.412
 2457.00    0.93169   1.01531    9.412
 2458.00    0.92452   1.01502    9.412
 2459.00    1.16133   1.01301    9.412
 2460.00    1.09140   1.00916    9.412
 2461.00    1.02023   1.00531    9.412
 2462.00    1.04446   1.00329    9.412
 2463.00    0.93107   1.00300    9.412
 2464.00    0.79485   1.00345    9.412
 2465.00    1.13841   1.00406    9.412
 2466.00    1.07076   1.00468    9.412
 2467.00    0.94231   1.00509    9.412
 2468.00    0.99089   1.00461    9.412
 2469.00    0.99779   1.00206    9.412
 2470.00    0.99982   0.99734    9.412
 2471.00    1.03125   0.99262    9.412
 2472.00    1.05342   0.99007    9.412
 2473.00    1.08683   0.98957    9.412
 2474.00    1.02692   0.98998    9.412
 2475.00    1.03261   0.99058    9.412
 2476.00    1.07852   0.99121    9.412
 2477.00    0.87546   0.99186    9.412
 2478.00    0.87056   0.99254    9.412
 2479.00    1.02779   0.99332    9.412
 2480.00    1.13302   0.99419    9.412
 2481.00    1.12395   0.99507    9.412
 2482.00    0.95289   0.99585    9.412
 2483.00    0.94650   0.99654    9.412
 2484.00    0.93437   0.99718    9.412
 2485.00    0.89044   0.99781    9.412
 2486.00    1.00000   0.99834    9.412
 2487.00    1.04743   0.99808    9.412
 2488.00    0.98215   0.99434    9.412
 2489.00    1.01673   0.98270    9.412
 2490.00    1.05354   0.96288    9.412
 2491.00    1.19788   0.94305    9.412
 2492.00    1.06310   0.93138    9.412
 2493.00    0.96788   0.92760    9.412
 2494.00    1.04208   0.92729    9.412
 2495.00    1.08474   0.92778    9.412
 2496.00    1.11923   0.92844    9.412
 2497.00    0.95233   0.92970    9.412
 2498.00    0.94072   0.93350    9.412
 2499.00    0.92889   0.94302    9.412
 2500.00    0.88376   0.95845    9.412
 2501.00    0.91525   0.97389    9.412
 2502.00    0.95433   0.98344    9.412
 2503.00    1.00078   0.98727    9.412
 2504.00    1.00681   0.98856    9.412
 2505.00    1.01076   0.98920    9.412
 2506.00    0.88409   0.98920    9.412
 2507.00    0.92474   0.98684    9.412
 2508.00    1.01726   0.97917    9.412
 2509.00    1.12996   0.96604    9.412
 2510.00    1.16236   0.95290    9.412
 2511.00    1.18875   0.94522    9.412
 2512.00    1.05887   0.94293    9.412
 2513.00    1.00172   0.94367    9.412
 2514.00    0.93558   0.94747    9.412
 2515.00    0.92602   0.95595    9.412
 2516.00    0.92324   0.96717    9.412
 2517.00    0.92324   0.97566    9.412
 2518.00    0.92324   0.97950    9.412
 2519.00    0.92324   0.98037    9.412
 2520.00    0.92324   0.97888    9.412
 2521.00    0.92324   0.97422    9.412
 2522.00    0.92324   0.96772    9.412
 2523.00    0.92324   0.96304    9.412
 2524.00    1.04871   0.96144    9.412
 2525.00    1.11486   0.96154    9.412
 2526.00    1.11486   0.96207    9.412
 2527.00    1.11486   0.96257    9.412
 2528.00    1.11486   0.96269    9.412
 2529.00    1.11486   0.96197    9.412
 2530.00    1.11486   0.96038    9.412
 2531.00    1.11486   0.95878    9.412
 2532.00    1.11486   0.95806    9.412
 2533.00    1.00096   0.95818    9.412
 2534.00    0.90333   0.95869    9.412
 2535.00    1.00390   0.95928    9.412
 2536.00    1.01262   0.95985    9.412
 2537.00    1.02153   0.96017    9.412
 2538.00    0.87373   0.95942    9.412
 2539.00    0.93192   0.95635    9.412
 2540.00    1.00635   0.95088    9.412
 2541.00    1.05019   0.94541    9.412
 2542.00    1.02271   0.94233    9.412
 2543.00    0.97956   0.94157    9.412
 2544.00    0.91371   0.94187    9.412
 2545.00    0.93812   0.94243    9.412
 2546.00    0.99185   0.94305    9.412
 2547.00    1.02288   0.94382    9.412
 2548.00    0.98243   0.94515    9.412
 2549.00    0.89144   0.94772    9.412
 2550.00    0.89737   0.95158    9.412
 2551.00    0.93427   0.95547    9.412
 2552.00    1.01943   0.95812    9.412
 2553.00    1.12032   0.95956    9.412
 2554.00    1.15971   0.96043    9.412
 2555.00    1.18903   0.96116    9.412
 2556.00    1.01073   0.96186    9.412
 2557.00    0.94758   0.96240    9.412
 2558.00    0.95247   0.96235    9.412
 2559.00    0.91329   0.96105    9.412
 2560.00    0.87721   0.95843    9.412
 2561.00    0.78799   0.95582    9.412
 2562.00    0.90323   0.95451    9.412
 2563.00    0.95020   0.95446    9.412
 2564.00    0.86046   0.95499    9.412
 2565.00    0.82644   0.95568    9.412
 2566.00    0.82036   0.95640    9.412
 2567.00    0.96734   0.95723    9.412
 2568.00    1.06051   0.95843    9.412
 2569.00    1.12058   0.96045    9.412
 2570.00    0.96319   0.96332    9.412
 2571.00    1.01044   0.96619    9.412
 2572.00    1.05054   0.96822    9.412
 2573.00    0.97337   0.96943    9.412
 2574.00    0.90801   0.97026    9.412
 2575.00    0.84110   0.97100    9.412
 2576.00    0.95815   0.97170    9.412
 2577.00    0.89294   0.97226    9.412
 2578.00    0.81081   0.97233    9.412
 2579.00    0.87414   0.97132    9.412
 2580.00    0.90872   0.96920    9.412
 2581.00    0.95133   0.96708    9.412
 2582.00    0.92467   0.96607    9.412
 2583.00    0.93660   0.96612    9.412
 2584.00    0.96185   0.96669    9.412
 2585.00    0.84546   0.96738    9.412
 2586.00    0.84448   0.96807    9.412
 2587.00    0.88221   0.96863    9.412
 2588.00    0.80874   0.96869    9.412
 2589.00    0.82582   0.96768    9.412
 2590.00    0.90717   0.96555    9.412
 2591.00    0.84811   0.96343    9.412
 2592.00    0.83585   0.96241    9.412
 2593.00    0.85052   0.96246    9.412
 2594.00    0.82729   0.96302    9.412
 2595.00    0.81521   0.96371    9.412
 2596.00    0.80175   0.96439    9.412
 2597.00    0.77894   0.96485    9.412
 2598.00    0.77676   0.96453    9.412
 2599.00    0.81419   0.96255    9.412
 2600.00    0.95454   0.95885    9.412
 2601.00    1.04128   0.95515    9.412
 2602.00    1.12167   0.95316    9.412
 2603.00    1.08064   0.95283    9.412
 2604.00    1.06437   0.95328    9.412
 2605.00    1.15668   0.95395    9.412
 2606.00    1.05390   0.95463    9.412
 2607.00    0.98222   0.95515    9.412
 2608.00    1.06484   0.95510    9.412
 2609.00    1.02270   0.95384    9.412
 2610.00    0.98389   0.95133    9.412
 2611.00    0.83996   0.94882    9.412
 2612.00    0.97375   0.94756    9.412
 2613.00    1.11097   0.94750    9.412
 2614.00    1.13568   0.94801    9.412
 2615.00    1.02200   0.94869    9.412
 2616.00    0.88427   0.94938    9.412
 2617.00    0.89934   0.95001    9.412
 2618.00    0.90041   0.95043    9.412
 2619.00    0.90041   0.95039    9.412
 2620.00    0.90041   0.94988    9.412
 2621.00    0.90041   0.94937    9.412
 2622.00    0.90041   0.94933    9.412
 2623.00    0.90041   0.94975    9.412
 2624.00    0.90041   0.95038    9.412
 2625.00    0.90041   0.95107    9.412
 2626.00    0.90041   0.95176    9.412
 2627.00    0.90041   0.95238    9.412
 2628.00    0.90041   0.95271    9.412
 2629.00    0.90075   0.95248    9.412
 2630.00    0.92557   0.95165    9.412
 2631.00    0.92557   0.95083    9.412
 2632.00    0.92557   0.95059    9.412
 2633.00    0.92557   0.95092    9.412
 2634.00    0.92557   0.95154    9.412
 2635.00    0.92557   0.95223    9.412
 2636.00    0.92557   0.95295    9.412
 2637.00    0.92557   0.95374    9.412
 2638.00    0.92557   0.95480    9.412
 2639.00    0.92557   0.95637    9.412
 2640.00    0.92557   0.95849    9.412
 2641.00    0.92557   0.96061    9.412
 2642.00    0.93081   0.96219    9.412
 2643.00    0.98178   0.96324    9.412
 2644.00    0.96556   0.96405    9.412
 2645.00    0.94839   0.96477    9.412
 2646.00    0.85770   0.96547    9.412
 2647.00    0.85562   0.96609    9.412
 2648.00    0.85258   0.96639    9.412
 2649.00    0.76166   0.96606    9.412
 2650.00    0.77176   0.96509    9.412
 2651.00    0.78215   0.96412    9.412
 2652.00    0.80768   0.96380    9.412
 2653.00    0.82513   0.96410    9.412
 2654.00    0.84533   0.96470    9.412
 2655.00    0.81734   0.96540    9.412
 2656.00    0.79542   0.96602    9.412
 2657.00    0.76713   0.96616    9.412
 2658.00    0.67082   0.96466    9.412
 2659.00    0.69072   0.95985    9.412
 2660.00    0.74355   0.95160    9.412
 2661.00    0.67537   0.94334    9.412
 2662.00    0.70370   0.93852    9.412
 2663.00    0.78397   0.93698    9.412
 2664.00    0.53999   0.93709   -1.000
 2665.00    0.43172   0.93765   -1.000
 2666.00    0.30585   0.93828   -1.000
 2667.00    0.87884   0.93897    9.412
 2668.00    1.00851   0.93995    9.412
 2669.00    0.89436   0.94152    9.412
 2670.00    0.77378   0.94370    9.412
 2671.00    0.74557   0.94588    9.412
 2672.00    0.80372   0.94745    9.412
 2673.00    0.75807   0.94843    9.412
 2674.00    0.73990   0.94912    9.412
 2675.00    0.74982   0.94971    9.412
 2676.00    0.80511   0.95027    9.412
 2677.00    0.83906   0.95068    9.412
 2678.00    0.86877   0.95062    9.412
 2679.00    0.93342   0.94962    9.412
 2680.00    0.96738   0.94765    9.412
 2681.00    0.89997   0.94569    9.412
 2682.00    0.84848   0.94469    9.412
 2683.00    0.81108   0.94462    9.412
 2684.00    0.82905   0.94503    9.412
 2685.00    0.82519   0.94557    9.412
 2686.00    0.82448   0.94608    9.412
 2687.00    1.03307   0.94624    9.412
 2688.00    1.02453   0.94526    9.412
 2689.00    1.01573   0.94203    9.412
 2690.00    0.94338   0.93647    9.412
 2691.00    0.89990   0.93090    9.412
 2692.00    0.84978   0.92767    9.412
 2693.00    0.82468   0.92667    9.412
 2694.00    0.83447   0.92682    9.412
 2695.00    0.85098   0.92732    9.412
 2696.00    0.91186   0.92785    9.412
 2697.00    0.86268   0.92824    9.412
 2698.00    0.76752   0.92816    9.412
 2699.00    0.89414   0.92715    9.412
 2700.00    0.88098   0.92519    9.412
 2701.00    0.81059   0.92322    9.412
 2702.00    0.87955   0.92221    9.412
 2703.00    0.89155   0.92213    9.412
 2704.00    0.88216   0.92251    9.412
 2705.00    0.85309   0.92305    9.412
 2706.00    0.85166   0.92357    9.412
 2707.00    0.87272   0.92392    9.412
 2708.00    0.92667   0.92369    9.412
 2709.00    0.93276   0.92235    9.412
 2710.00    0.88242   0.91985    9.412
 2711.00    0.88115   0.91735    9.412
 2712.00    0.85374   0.91601    9.412
 2713.00    0.72511   0.91577    9.412
 2714.00    0.87075   0.91612    9.412
 2715.00    0.94117   0.91664    9.412
 2716.00    0.89463   0.91718    9.412
 2717.00    0.91703   0.91762    9.412
 2718.00    0.94224   0.91777    9.412
 2719.00    1.05053   0.91733    9.412
 2720.00    1.02439   0.91629    9.412
 2721.00    1.00162   0.91525    9.412
 2722.00    0.94287   0.91481    9.412
 2723.00    1.00905   0.91495    9.412
 2724.00    1.06543   0.91540    9.412
 2725.00    0.92918   0.91594    9.412
 2726.00    0.97946   0.91649    9.412
 2727.00    1.03129   0.91701    9.412
 2728.00    0.91952   0.91744    9.412
 2729.00    0.91744   0.91769    9.412
 2730.00    0.91875   0.91776    9.412
 2731.00    0.90660   0.91782    9.412
 2732.00    0.93362   0.91807    9.412
 2733.00    0.97337   0.91850    9.412
 2734.00    0.94292   0.91903    9.412
 2735.00    0.94655   0.91957    9.412
 2736.00    0.95886   0.92004    9.412
 2737.00    1.20578   0.92002    9.412
 2738.00    1.16142   0.91848    9.412
 2739.00    0.98628   0.91411    9.412
 2740.00    0.92848   0.90678    9.412
 2741.00    0.95108   0.89944    9.412
 2742.00    1.03817   0.89506    9.412
 2743.00    1.13817   0.89351    9.412
 2744.00    1.12517   0.89347    9.412
 2745.00    0.99916   0.89392    9.412
 2746.00    1.02751   0.89444    9.412
 2747.00    1.00926   0.89488    9.412
 2748.00    0.90298   0.89507    9.412
 2749.00    0.91187   0.89478    9.412
 2750.00    0.93406   0.89399    9.412
 2751.00    1.02176   0.89321    9.412
 2752.00    1.00329   0.89292    9.412
 2753.00    0.99934   0.89311    9.412
 2754.00    1.03812   0.89355    9.412
 2755.00    1.03490   0.89408    9.412
 2756.00    1.04581   0.89462    9.412
 2757.00    1.17364   0.89511    9.412
 2758.00    1.11668   0.89549    9.412
 2759.00    1.06879   0.89563    9.412
 2760.00    0.97267   0.89553    9.412
 2761.00    0.87720   0.89543    9.412
 2762.00    0.79281   0.89557    9.412
 2763.00    0.75921   0.89594    9.412
 2764.00    0.81935   0.89644    9.412
 2765.00    0.88145   0.89698    9.412
 2766.00    1.05697   0.89756    9.412
 2767.00    1.02782   0.89823    9.412
 2768.00    0.98631   0.89923    9.412
 2769.00    0.89111   0.90083    9.412
 2770.00    0.94939   0.90304    9.412
 2771.00    1.04254   0.90525    9.412
 2772.00    1.03571   0.90685    9.412
 2773.00    0.97781   0.90785    9.412
 2774.00    0.88140   0.90854    9.412
 2775.00    0.97741   0.90911    9.412
 2776.00    0.98285   0.90961    9.412
 2777.00    0.96017   0.90987    9.412
 2778.00    1.12585   0.90946    9.412
 2779.00    1.16571   0.90785    9.412
 2780.00    1.16921   0.90501    9.412
 2781.00    1.40870   0.90214   -1.000
 2782.00    1.41495   0.90042   -1.000
 2783.00    1.22292   0.89980    9.412
 2784.00    1.14717   0.89980    9.412
 2785.00    1.14519   0.89998    9.412
 2786.00    1.24125   0.90006   -1.000
 2787.00    1.22685   0.89936    9.412
 2788.00    1.26077   0.89639   -1.000
 2789.00    1.45549   0.88929   -1.000
 2790.00    1.51361   0.87786   -1.000
 2791.00    1.54035   0.86644   -1.000
 2792.00    1.51179   0.85933   -1.000
 2793.00    1.56749   0.85634   -1.000
 2794.00    1.61095   0.85564   -1.000
 2795.00    1.69108   0.85571   -1.000
 2796.00    1.68201   0.85597   -1.000
 2797.00    1.67176   0.85646   -1.000
 2798.00    1.60829   0.85759   -1.000
 2799.00    1.65139   0.85985   -1.000
 2800.00    1.68906   0.86329   -1.000
 2801.00    1.66090   0.86673   -1.000
 2802.00    1.67180   0.86899   -1.000
 2803.00    1.68308   0.87012   -1.000
 2804.00    1.62145   0.87062   -1.000
 2805.00    1.63029   0.87091   -1.000
 2806.00    1.64324   0.87120   -1.000
 2807.00    1.55272   0.87170   -1.000
 2808.00    1.46496   0.87284   -1.000
 2809.00    1.34894   0.87510   -1.000
 2810.00    1.22892   0.87855   -1.000
 2811.00    1.23120   0.88199   -1.000
 2812.00    1.25983   0.88426   -1.000
 2813.00    1.13041   0.88540    9.412
 2814.00    1.14097   0.88591    9.412
 2815.00    1.20791   0.88619    9.412
 2816.00    1.16455   0.88640    9.412
 2817.00    1.10867   0.88643    9.412
 2818.00    0.99723   0.88595    9.412
 2819.00    1.00091   0.88460    9.412
 2820.00    1.03014   0.88232    9.412
 2821.00    1.11401   0.88003    9.412
 2822.00    0.87131   0.87868    9.412
 2823.00    0.80733   0.87820    9.412
 2824.00    0.90162   0.87823    9.412
 2825.00    0.84329   0.87841    9.412
 2826.00    0.85552   0.87852    9.412
 2827.00    1.04098   0.87807    9.412
 2828.00    1.04483   0.87601    9.412
 2829.00    1.05606   0.87114    9.412
 2830.00    1.11675   0.86331    9.412
 2831.00    1.07083   0.85547    9.412
 2832.00    1.05859   0.85060    9.412
 2833.00    1.22812   0.84853   -1.000
 2834.00    1.11719   0.84807    9.412
 2835.00    1.03006   0.84817    9.412
 2836.00    0.95947   0.84838    9.412
 2837.00    0.94656   0.84859    9.412
 2838.00    0.93683   0.84874    9.412
 2839.00    1.08633   0.84878    9.412
 2840.00    0.97696   0.84873    9.412
 2841.00    0.86357   0.84867    9.412
 2842.00    0.91044   0.84872    9.412
 2843.00    0.91184   0.84887    9.412
 2844.00    0.91184   0.84907    9.412
 2845.00    0.91184   0.84930    9.412
 2846.00    0.91184   0.84950    9.412
 2847.00    0.91184   0.84959    9.412
 2848.00    0.91184   0.84935    9.412
 2849.00    0.91184   0.84856    9.412
 2850.00    0.88199   0.84718    9.412
 2851.00    0.86297   0.84580    9.412
 2852.00    0.86297   0.84500    9.412
 2853.00    0.86297   0.84476    9.412
 2854.00    0.86297   0.84485    9.412
 2855.00    0.86297   0.84506    9.412
 2856.00    0.86297   0.84531    9.412
 2857.00    0.86297   0.84566    9.412
 2858.00    0.87893   0.84628    9.412
 2859.00    0.92665   0.84735    9.412
 2860.00    0.92067   0.84891    9.412
 2861.00    0.89404   0.85048    9.412
 2862.00    0.80254   0.85156    9.412
 2863.00    0.89227   0.85218    9.412
 2864.00    0.91135   0.85253    9.412
 2865.00    0.80873   0.85278    9.412
 2866.00    0.88192   0.85296    9.412
 2867.00    0.93563   0.85291    9.412
 2868.00    1.03150   0.85225    9.412
 2869.00    1.02223   0.85054    9.412
 2870.00    0.99708   0.84772    9.412
 2871.00    0.80382   0.84491    9.412
 2872.00    0.90455   0.84320    9.412
 2873.00    0.98339   0.84253    9.412
 2874.00    1.04043   0.84248    9.412
 2875.00    0.88024   0.84266    9.412
 2876.00    0.73926   0.84285    9.412
 2877.00    0.81194   0.84291    9.412
 2878.00    0.84357   0.84258    9.412
 2879.00    0.87643   0.84163    9.412
 2880.00    0.89089   0.84000    9.412
 2881.00    0.82694   0.83837    9.412
 2882.00    0.74837   0.83741    9.412
 2883.00    0.82670   0.83709    9.412
 2884.00    0.86946   0.83714    9.412
 2885.00    0.92246   0.83733    9.412
 2886.00    1.00993   0.83751    9.412
 2887.00    0.87195   0.83750    9.412
 2888.00    0.61906   0.83698    9.412
 2889.00    0.75234   0.83562    9.412
 2890.00    0.80591   0.83341    9.412
 2891.00    0.86696   0.83129    9.412
 2892.00    0.74321   0.83016    9.412
 2893.00    0.71898   0.82994    9.412
 2894.00    0.73058   0.83026    9.412
 2895.00    0.76820   0.83077    9.412
 2896.00    0.76891   0.83133    9.412
 2897.00    0.73743   0.83189    9.412
 2898.00    0.74455   0.83245    9.412
 2899.00    0.75738   0.83297    9.412
 2900.00    0.79569   0.83328    9.412
 2901.00    0.82810   0.83315    9.412
 2902.00    0.88544   0.83241    9.412
 2903.00    1.09410   0.83116    9.412
 2904.00    0.92976   0.83042    9.412
 2905.00    0.82471   0.83028    9.412
 2906.00    0.71363   0.83060    9.412
 2907.00    0.85440   0.83111    9.412
 2908.00    0.92222   0.83167    9.412
 2909.00    0.69863   0.83223    9.412
 2910.00    0.72997   0.83279    9.412
 2911.00    0.76004   0.83336    9.412
 2912.00    0.88212   0.83392    9.412
 2913.00    0.79195   0.83449    9.412
 2914.00    0.71215   0.83505    9.412
 2915.00    0.72773   0.83561    9.412
 2916.00    0.83468   0.83610    9.412
 2917.00    0.94600   0.83625    9.412
 2918.00    0.98029   0.83552    9.412
 2919.00    0.89601   0.83337    9.412
 2920.00    0.79167   0.82971    9.412
 2921.00    0.95531   0.82605    9.412
 2922.00    0.96060   0.82390    9.412
 2923.00    0.95045   0.82316    9.412
 2924.00    0.71944   0.82331    9.412
 2925.00    0.69600   0.82379    9.412
 2926.00    0.70476   0.82433    9.412
 2927.00    0.79819   0.82489    9.412
 2928.00    0.86523   0.82545    9.412
 2929.00    0.96792   0.82601    9.412
 2930.00    0.91937   0.82657    9.412
 2931.00    0.86715   0.82713    9.412
 2932.00    0.76713   0.82769    9.412
 2933.00    0.91699   0.82825    9.412
 2934.00    0.95647   0.82881    9.412
 2935.00    0.94043   0.82936    9.412
 2936.00    0.96289   0.82982    9.412
 2937.00    0.97445   0.82985    9.412
 2938.00    0.98667   0.82876    9.412
 2939.00    0.93539   0.82590    9.412
 2940.00    0.90069   0.82116    9.412
 2941.00    0.84377   0.81642    9.412
 2942.00    0.92577   0.81355    9.412
 2943.00    0.96057   0.81245    9.412
 2944.00    0.89732   0.81247    9.412
 2945.00    0.80585   0.81292    9.412
 2946.00    0.74168   0.81345    9.412
 2947.00    0.68481   0.81400    9.412
 2948.00    0.74115   0.81456    9.412
 2949.00    0.78403   0.81511    9.412
 2950.00    0.79007   0.81566    9.412
 2951.00    0.81200   0.81621    9.412
 2952.00    0.83279   0.81677    9.412
 2953.00    0.96747   0.81732    9.412
 2954.00    0.92624   0.81787    9.412
 2955.00    0.88329   0.81842    9.412
 2956.00    0.90880   0.81892    9.412
 2957.00    0.83902   0.81920    9.412
 2958.00    0.75266   0.81890    9.412
 2959.00    0.64468   0.81771    9.412
 2960.00    0.67946   0.81557    9.412
 2961.00    0.74136   0.81343    9.412
 2962.00    0.80020   0.81224    9.412
 2963.00    0.81073   0.81194    9.412
 2964.00    0.81626   0.81221    9.412
 2965.00    0.82702   0.81271    9.412
 2966.00    0.84299   0.81325    9.412
 2967.00    0.87160   0.81380    9.412
 2968.00    0.85968   0.81436    9.412
 2969.00    0.86032   0.81491    9.412
 2970.00    0.86879   0.81546    9.412
 2971.00    0.98448   0.81601    9.412
 2972.00    1.01708   0.81657    9.412
 2973.00    1.01091   0.81712    9.412
 2974.00    0.83950   0.81767    9.412
 2975.00    0.78299   0.81821    9.412
 2976.00    0.80960   0.81869    9.412
 2977.00    0.84323   0.81883    9.412
 2978.00    0.87768   0.81812    9.412
 2979.00    0.97233   0.81612    9.412
 2980.00    0.88880   0.81273    9.412
 2981.00    0.84203   0.80935    9.412
 2982.00    0.83073   0.80734    9.412
 2983.00    0.84941   0.80662    9.412
 2984.00    0.85629   0.80675    9.412
 2985.00    0.80432   0.80722    9.412
 2986.00    0.82080   0.80776    9.412
 2987.00    0.83671   0.80830    9.412
 2988.00    0.90312   0.80885    9.412
 2989.00    0.86407   0.80940    9.412
 2990.00    0.82956   0.80995    9.412
 2991.00    0.85298   0.81050    9.412
 2992.00    0.75870   0.81104    9.412
 2993.00    0.66028   0.81159    9.412
 2994.00    0.73068   0.81214    9.412
 2995.00    0.75575   0.81267    9.412
 2996.00    0.78375   0.81312    9.412
 2997.00    0.77328   0.81318    9.412
 2998.00    0.77690   0.81226    9.412
 2999.00    0.78327   0.80988    9.412
 3000.00    0.77488   0.80594    9.412
 3001.00    0.73624   0.80200    9.412
 3002.00    0.67201   0.79962    9.412
 3003.00    0.80398   0.79869    9.412
 3004.00    0.81696   0.79873    9.412
 3005.00    0.79560   0.79917    9.412
 3006.00    0.78121   0.79969    9.412
 3007.00    0.78077   0.80022    9.412
 3008.00    0.78804   0.80075    9.412
 3009.00    0.81718   0.80128    9.412
 3010.00    0.84819   0.80182    9.412
 3011.00    0.91532   0.80235    9.412
 3012.00    0.75802   0.80288    9.412
 3013.00    0.68485   0.80342    9.412
 3014.00    0.62922   0.80395    9.412
 3015.00    0.85763   0.80448    9.412
 3016.00    0.95206   0.80497    9.412
 3017.00    0.90935   0.80529    9.412
 3018.00    0.84677   0.80516    9.412
 3019.00    0.82089   0.80439    9.412
 3020.00    0.87471   0.80293    9.412
 3021.00    0.91238   0.80146    9.412
 3022.00    0.91730   0.80069    9.412
 3023.00    0.71975   0.80056    9.412
 3024.00    0.73725   0.80087    9.412
 3025.00    0.75178   0.80136    9.412
 3026.00    0.77649   0.80188    9.412
 3027.00    0.73786   0.80242    9.412
 3028.00    0.70238   0.80295    9.412
 3029.00    0.58269   0.80348    9.412
 3030.00    0.67091   0.80402    9.412
 3031.00    0.76319   0.80455    9.412
 3032.00    0.84330   0.80509    9.412
 3033.00    0.80767   0.80562    9.412
 3034.00    0.76073   0.80616    9.412
 3035.00    0.77589   0.80668    9.412
 3036.00    0.72588   0.80713    9.412
 3037.00    0.65185   0.80725    9.412
 3038.00    0.77666   0.80652    9.412
 3039.00    0.79820   0.80458    9.412
 3040.00    0.80833   0.80136    9.412
 3041.00    0.87939   0.79813    9.412
 3042.00    0.83019   0.79619    9.412
 3043.00    0.70376   0.79546    9.412
 3044.00    0.76381   0.79557    9.412
 3045.00    0.78552   0.79601    9.412
 3046.00    0.80400   0.79652    9.412
 3047.00    0.80627   0.79705    9.412
 3048.00    0.82586   0.79758    9.412
 3049.00    0.88302   0.79811    9.412
 3050.00    0.76447   0.79864    9.412
 3051.00    0.72156   0.79917    9.412
 3052.00    0.72637   0.79970    9.412
 3053.00    0.78501   0.80024    9.412
 3054.00    0.81711   0.80077    9.412
 3055.00    0.84459   0.80128    9.412
 3056.00    0.74276   0.80173    9.412
 3057.00    0.69856   0.80185    9.412
 3058.00    0.77324   0.80114    9.412
 3059.00    0.76048   0.79927    9.412
 3060.00    0.74073   0.79616    9.412
 3061.00    0.62171   0.79305    9.412
 3062.00    0.62118   0.79117    9.412
 3063.00    0.63357   0.79046    9.412
 3064.00    0.88555   0.79057    9.412
 3065.00    0.81239   0.79101    9.412
 3066.00    0.74622   0.79152    9.412
 3067.00    0.64406   0.79204    9.412
 3068.00    0.68454   0.79257    9.412
 3069.00    0.72696   0.79309    9.412
 3070.00    0.86166   0.79362    9.412
 3071.00    0.88359   0.79415    9.412
 3072.00    0.90514   0.79468    9.412
 3073.00    0.90185   0.79521    9.412
 3074.00    0.89089   0.79573    9.412
 3075.00    0.87538   0.79624    9.412
 3076.00    0.88421   0.79665    9.412
 3077.00    0.82076   0.79667    9.412
 3078.00    0.70996   0.79567    9.412
 3079.00    0.88388   0.79326    9.412
 3080.00    0.89887   0.78935    9.412
 3081.00    0.86578   0.78543    9.412
 3082.00    0.65695   0.78301    9.412
 3083.00    0.64309   0.78200    9.412
 3084.00    0.73137   0.78201    9.412
 3085.00    0.76768   0.78241    9.412
 3086.00    0.75321   0.78291    9.412
 3087.00    0.67611   0.78343    9.412
 3088.00    0.67620   0.78395    9.412
 3089.00    0.64820   0.78447    9.412
 3090.00    0.54147   0.78499    9.412
 3091.00    0.53099   0.78551    9.412
 3092.00    0.54681   0.78604    9.412
 3093.00    0.64867   0.78656    9.412
 3094.00    0.68188   0.78708    9.412
 3095.00    0.70956   0.78759    9.412
 3096.00    0.77527   0.78803    9.412
 3097.00    0.82556   0.78821    9.412
 3098.00    0.84628   0.78769    9.412
 3099.00    0.72475   0.78622    9.412
 3100.00    0.65742   0.78376    9.412
 3101.00    0.62385   0.78130    9.412
 3102.00    0.97527   0.77982    9.412
 3103.00    0.94476   0.77927    9.412
 3104.00    0.91713   0.77937    9.412
 3105.00    0.87332   0.77967    9.412
 3106.00    0.83927   0.77992    9.412
 3107.00    0.80351   0.78011    9.412
 3108.00    0.77385   0.78026    9.412
 3109.00    0.65940   0.78040    9.412
 3110.00    0.51946   0.78052    9.412
 3111.00    0.51365   0.78065    9.412
 3112.00    0.56306   0.78078    9.412
 3113.00    0.63548   0.78090    9.412
 3114.00    0.77761   0.78103    9.412
 3115.00    0.77056   0.78114    9.412
 3116.00    0.72753   0.78115    9.412
 3117.00    0.72021   0.78082    9.412
 3118.00    0.79007   0.77959    9.412
 3119.00    0.93614   0.77714    9.412
 3120.00    0.80824   0.77343    9.412
 3121.00    0.74884   0.76972    9.412
 3122.00    0.67717   0.76727    9.412
 3123.00    0.79816   0.76604    9.412
 3124.00    0.84249   0.76571    9.412
 3125.00    0.86584   0.76572    9.412
 3126.00    0.82772   0.76583    9.412
 3127.00    0.82896   0.76595    9.412
 3128.00    0.88821   0.76607    9.412
 3129.00    0.86605   0.76620    9.412
 3130.00    0.85390   0.76632    9.412
 3131.00    0.84359   0.76645    9.412
 3132.00    0.86475   0.76657    9.412
 3133.00    0.87516   0.76670    9.412
 3134.00    0.86757   0.76682    9.412
 3135.00    0.87932   0.76693    9.412
 3136.00    0.89020   0.76697    9.412
 3137.00    0.92440   0.76674    9.412
 3138.00    0.82766   0.76584    9.412
 3139.00    0.74519   0.76402    9.412
 3140.00    0.57010   0.76126    9.412
 3141.00    0.69615   0.75850    9.412
 3142.00    0.80886   0.75669    9.412
 3143.00    0.77296   0.75578    9.412
 3144.00    0.74061   0.75555    9.412
 3145.00    0.70657   0.75558    9.412
 3146.00    0.77996   0.75569    9.412
 3147.00    0.85901   0.75581    9.412
 3148.00    0.95362   0.75594    9.412
 3149.00    0.97116   0.75606    9.412
 3150.00    0.89934   0.75618    9.412
 3151.00    0.79280   0.75631    9.412
 3152.00    0.81634   0.75643    9.412
 3153.00    0.85426   0.75655    9.412
 3154.00    0.91446   0.75667    9.412
 3155.00    0.80914   0.75677    9.412
 3156.00    0.77770   0.75676    9.412
 3157.00    0.75213   0.75639    9.412
 3158.00    0.87465   0.75505    9.412
 3159.00    0.88561   0.75244    9.412
 3160.00    0.84013   0.74853    9.412
 3161.00    0.70435   0.74462    9.412
 3162.00    0.68789   0.74201    9.412
 3163.00    0.76339   0.74067    9.412
 3164.00    0.86480   0.74029    9.412
 3165.00    0.89439   0.74028    9.412
 3166.00    0.86193   0.74038    9.412
 3167.00    0.86264   0.74050    9.412
 3168.00    0.82492   0.74062    9.412
 3169.00    0.63515   0.74074    9.412
 3170.00    0.68058   0.74086    9.412
 3171.00    0.72330   0.74098    9.412
 3172.00    0.84660   0.74110    9.412
 3173.00    0.83679   0.74122    9.412
 3174.00    0.83650   0.74134    9.412
 3175.00    0.90029   0.74143    9.412
 3176.00    0.85906   0.74141    9.412
 3177.00    0.82253   0.74100    9.412
 3178.00    0.72028   0.73956    9.412
 3179.00    0.68192   0.73679    9.412
 3180.00    0.64754   0.73267    9.412
 3181.00    0.65634   0.72854    9.412
 3182.00    0.77142   0.72577    9.412
 3183.00    0.89273   0.72433    9.412
 3184.00    0.78114   0.72392    9.412
 3185.00    0.78807   0.72389    9.412
 3186.00    0.80140   0.72399    9.412
 3187.00    0.80293   0.72410    9.412
 3188.00    0.77365   0.72422    9.412
 3189.00    0.73078   0.72434    9.412
 3190.00    0.88591   0.72445    9.412
 3191.00    0.91928   0.72457    9.412
 3192.00    0.94268   0.72469    9.412
 3193.00    0.94014   0.72481    9.412
 3194.00    0.91080   0.72492    9.412
 3195.00    0.85129   0.72503    9.412
 3196.00    0.86351   0.72507    9.412
 3197.00    0.87923   0.72493    9.412
 3198.00    0.91107   0.72428    9.412
 3199.00    0.89202   0.72300    9.412
 3200.00    0.86473   0.72106    9.412
 3201.00    0.79904   0.71912    9.412
 3202.00    0.71953   0.71783    9.412
 3203.00    0.67505   0.71719    9.412
 3204.00    0.61918   0.71704    9.412
 3205.00    0.73721   0.71708    9.412
 3206.00    0.78507   0.71719    9.412
 3207.00    0.75523   0.71730    9.412
 3208.00    0.85778   0.71742    9.412
 3209.00    0.91021   0.71754    9.412
 3210.00    0.88545   0.71765    9.412
 3211.00    0.85346   0.71777    9.412
 3212.00    0.83382   0.71789    9.412
 3213.00    0.84551   0.71800    9.412
 3214.00    0.86564   0.71812    9.412
 3215.00    0.87498   0.71822    9.412
 3216.00    0.75141   0.71823    9.412
 3217.00    0.73864   0.71797    9.412
 3218.00    0.72750   0.71698    9.412
 3219.00    0.77824   0.71509    9.412
 3220.00    0.86644   0.71229    9.412
 3221.00    0.95951   0.70949    9.412
 3222.00    0.78553   0.70760    9.412
 3223.00    0.71985   0.70661    9.412
 3224.00    0.64591   0.70635    9.412
 3225.00    0.85617   0.70636    9.412
 3226.00    0.79515   0.70646    9.412
 3227.00    0.68171   0.70657    9.412
 3228.00    0.81650   0.70668    9.412
 3229.00    0.85221   0.70680    9.412
 3230.00    0.88410   0.70691    9.412
 3231.00    0.74045   0.70703    9.412
 3232.00    0.70224   0.70714    9.412
 3233.00    0.67716   0.70726    9.412
 3234.00    0.72429   0.70737    9.412
 3235.00    0.77836   0.70747    9.412
 3236.00    0.88491   0.70749    9.412
 3237.00    0.85699   0.70728    9.412
 3238.00    0.80546   0.70645    9.412
 3239.00    0.67383   0.70485    9.412
 3240.00    0.79115   0.70249    9.412
 3241.00    0.82391   0.70013    9.412
 3242.00    0.77987   0.69853    9.412
 3243.00    0.83882   0.69770    9.412
 3244.00    0.86067   0.69749    9.412
 3245.00    0.83509   0.69751    9.412
 3246.00    0.79554   0.69761    9.412
 3247.00    0.75473   0.69772    9.412
 3248.00    0.62216   0.69783    9.412
 3249.00    0.67898   0.69794    9.412
 3250.00    0.70318   0.69806    9.412
 3251.00    0.56836   0.69817    9.412
 3252.00    0.58841   0.69828    9.412
 3253.00    0.61356   0.69840    9.412
 3254.00    0.81601   0.69851    9.412
 3255.00    0.79358   0.69860    9.412
 3256.00    0.77264   0.69860    9.412
 3257.00    0.65297   0.69833    9.412
 3258.00    0.65772   0.69733    9.412
 3259.00    0.66275   0.69544    9.412
 3260.00    0.80217   0.69268    9.412
 3261.00    0.79718   0.68991    9.412
 3262.00    0.78491   0.68802    9.412
 3263.00    0.78275   0.68702    9.412
 3264.00    0.76788   0.68674    9.412
 3265.00    0.74639   0.68674    9.412
 3266.00    0.66900   0.68683    9.412
 3267.00    0.72270   0.68694    9.412
 3268.00    0.83299   0.68705    9.412
 3269.00    0.69115   0.68716    9.412
 3270.00    0.68134   0.68728    9.412
 3271.00    0.71448   0.68739    9.412
 3272.00    0.69704   0.68750    9.412
 3273.00    0.71672   0.68761    9.412
 3274.00    0.77634   0.68772    9.412
 3275.00    0.73525   0.68781    9.412
 3276.00    0.73630   0.68781    9.412
 3277.00    0.77809   0.68755    9.412
 3278.00    0.71192   0.68659    9.412
 3279.00    0.75420   0.68479    9.412
 3280.00    1.01380   0.68217   -1.000
 3281.00    0.86586   0.67954    9.412
 3282.00    0.79847   0.67774    9.412
 3283.00    0.80040   0.67678    9.412
 3284.00    0.75047   0.67652    9.412
 3285.00    0.73319   0.67651    9.412
 3286.00    0.80349   0.67660    9.412
 3287.00    0.79222   0.67671    9.412
 3288.00    0.78391   0.67682    9.412
 3289.00    0.77359   0.67693    9.412
 3290.00    0.62791   0.67704    9.412
 3291.00    0.51481   0.67715    9.412
 3292.00    0.48881   0.67726    9.412
 3293.00    0.51563   0.67737    9.412
 3294.00    0.54045   0.67748    9.412
 3295.00    0.64943   0.67757    9.412
 3296.00    0.58295   0.67757    9.412
 3297.00    0.51253   0.67734    9.412
 3298.00    0.87186   0.67648    9.412
 3299.00    0.87028   0.67487    9.412
 3300.00    0.85236   0.67252    9.412
 3301.00    0.76844   0.67018    9.412
 3302.00    0.71999   0.66857    9.412
 3303.00    0.65886   0.66770    9.412
 3304.00    0.72806   0.66747    9.412
 3305.00    0.61925   0.66747    9.412
 3306.00    0.41480   0.66756    9.412
 3307.00    0.67082   0.66767    9.412
 3308.00    0.76187   0.66778    9.412
 3309.00    0.85358   0.66789    9.412
 3310.00    0.64812   0.66801    9.412
 3311.00    0.59370   0.66818    9.412
 3312.00    0.58173   0.66864    9.412
 3313.00    0.73860   0.66986    9.412
 3314.00    0.74466   0.67316    9.412
 3315.00    0.61537   0.67889    9.412
 3316.00    0.65006   0.68697    9.412
 3317.00    0.68958   0.69505    9.412
 3318.00    0.79168   0.70078    9.412
 3319.00    0.53435   0.70413    9.412
 3320.00    0.41230   0.70544    9.412
 3321.00    0.39267   0.70611    9.412
 3322.00    0.44955   0.70621    9.412
 3323.00    0.51624   0.70580    9.412
 3324.00    0.76366   0.70409    9.412
 3325.00    0.76419   0.70144    9.412
 3326.00    0.76194   0.69837    9.412
 3327.00    0.73403   0.69609    9.412
 3328.00    0.78783   0.69539    9.412
 3329.00    0.83106   0.69619    9.412
 3330.00    0.86976   0.69759    9.412
 3331.00    0.96809   0.69807    9.412
 3332.00    1.05494   0.69663   -1.000
 3333.00    0.65298   0.69303    9.412
 3334.00    0.55899   0.68794    9.412
 3335.00    0.45922   0.68324    9.412
 3336.00    0.75095   0.67977    9.412
 3337.00    0.75774   0.67828    9.412
 3338.00    0.75304   0.67719    9.412
 3339.00    0.87687   0.67555    9.412
 3340.00    0.84872   0.67374    9.412
 3341.00    0.79262   0.67293    9.412
 3342.00    0.78199   0.67440    9.412
 3343.00    0.80159   0.67778    9.412
 3344.00    0.83809   0.68181    9.412
 3345.00    0.91917   0.68592    9.412
 3346.00    0.85832   0.68938    9.412
 3347.00    0.70102   0.69266    9.412
 3348.00    0.52248   0.69377    9.412
 3349.00    0.52883   0.69226    9.412
 3350.00    0.65336   0.68642    9.412
 3351.00    0.80338   0.67789    9.412
 3352.00    0.81584   0.66856    9.412
 3353.00    0.71206   0.66055    9.412
 3354.00    0.74598   0.65533    9.412
 3355.00    0.74346   0.65366    9.412
 3356.00    0.68368   0.65575    9.412
 3357.00    0.63044   0.65976    9.412
 3358.00    0.60722   0.66401    9.412
 3359.00    0.61367   0.66662    9.412
 3360.00    0.66405   0.66804    9.412
 3361.00    0.67519   0.66878    9.412
 3362.00    0.55863   0.66937    9.412
 3363.00    0.70248   0.66924    9.412
 3364.00    0.80166   0.66705    9.412
 3365.00    0.85751   0.66296    9.412
 3366.00    0.77383   0.65767    9.412
 3367.00    0.71329   0.65353    9.412
 3368.00    0.79808   0.65188    9.412
 3369.00    0.74143   0.65245    9.412
 3370.00    0.69063   0.65388    9.412
 3371.00    0.80093   0.65397    9.412
 3372.00    0.76294   0.65300    9.412
 3373.00    0.72254   0.65176    9.412
 3374.00    0.62059   0.65139    9.412
 3375.00    0.66526   0.65206    9.412
 3376.00    0.72574   0.65352    9.412
 3377.00    0.68375   0.65537    9.412
 3378.00    0.68333   0.65814    9.412
 3379.00    0.68776   0.66142    9.412
 3380.00    0.69916   0.66528    9.412
 3381.00    0.71878   0.66925    9.412
 3382.00    0.75040   0.67315    9.412
 3383.00    0.68295   0.67684    9.412
 3384.00    0.70003   0.67934    9.412
 3385.00    0.76145   0.68028    9.412
 3386.00    0.53786   0.67931    9.412
 3387.00    0.51178   0.67727    9.412
 3388.00    0.58290   0.67570    9.412
 3389.00    0.63059   0.67510    9.412
 3390.00    0.63510   0.67586    9.412
 3391.00    0.60361   0.67746    9.412
 3392.00    0.66532   0.67956    9.412
 3393.00    0.69631   0.68159    9.412
 3394.00    0.72557   0.68310    9.412
 3395.00    0.70292   0.68306    9.412
 3396.00    0.67456   0.68065    9.412
 3397.00    0.58344   0.67526    9.412
 3398.00    0.66437   0.66752    9.412
 3399.00    0.70167   0.65896    9.412
 3400.00    0.64967   0.65208    9.412
 3401.00    0.54764   0.64779    9.412
 3402.00    0.50698   0.64601    9.412
 3403.00    0.79150   0.64555    9.412
 3404.00    0.76074   0.64542    9.412
 3405.00    0.73915   0.64527    9.412
 3406.00    0.78584   0.64496    9.412
 3407.00    0.69799   0.64499    9.412
 3408.00    0.61798   0.64565    9.412
 3409.00    0.55418   0.64684    9.412
 3410.00    0.66749   0.64850    9.412
 3411.00    0.78824   0.64997    9.412
 3412.00    0.70970   0.65110    9.412
 3413.00    0.68240   0.65187    9.412
 3414.00    0.65188   0.65227    9.412
 3415.00    0.52074   0.65250    9.412
 3416.00    0.57463   0.65269    9.412
 3417.00    0.67000   0.65314    9.412
 3418.00    0.75777   0.65368    9.412
 3419.00    0.82290   0.65429    9.412
 3420.00    0.91657   0.65514    9.412
 3421.00    0.89398   0.65620    9.412
 3422.00    0.92192   0.65741    9.412
 3423.00    0.98894   0.65814   -1.000
 3424.00    0.66762   0.65805    9.412
 3425.00    0.64248   0.65721    9.412
 3426.00    0.77670   0.65622    9.412
 3427.00    0.99205   0.65585   -1.000
 3428.00    0.96456   0.65596    9.412
 3429.00    0.67302   0.65620    9.412
 3430.00    0.72309   0.65597    9.412
 3431.00    0.75370   0.65559    9.412
 3432.00    0.79863   0.65554    9.412
 3433.00    0.65520   0.65608    9.412
 3434.00    0.62532   0.65704    9.412
 3435.00    0.81130   0.65720    9.412
 3436.00    1.05879   0.65565   -1.000
 3437.00    1.13894   0.65223   -1.000
 3438.00    0.73699   0.64767    9.412
 3439.00    0.54762   0.64365    9.412
 3440.00    0.41177   0.64105    9.412
 3441.00    0.28519   0.64033   -1.000
 3442.00    0.42837   0.64062    9.412
 3443.00    0.53832   0.64097    9.412
 3444.00    0.51917   0.64066    9.412
 3445.00    0.67386   0.64002    9.412
 3446.00    0.81299   0.63999    9.412
 3447.00    0.38526   0.64077    9.412
 3448.00    0.44997   0.64175    9.412
 3449.00    0.51906   0.64125    9.412
 3450.00    0.48070   0.63818    9.412
 3451.00    0.51531   0.63304    9.412
 3452.00    0.56050   0.62745    9.412
 3453.00    0.69453   0.62301    9.412
 3454.00    0.66224   0.62083    9.412
 3455.00    0.59825   0.62054    9.412
 3456.00    0.69880   0.62150    9.412
 3457.00    0.74289   0.62222    9.412
 3458.00    0.79687   0.62172    9.412
 3459.00    0.89643   0.62071    9.412
 3460.00    0.87549   0.61988    9.412
 3461.00    0.79324   0.62008    9.412
 3462.00    0.55239   0.62125    9.412
 3463.00    0.55053   0.62322    9.412
 3464.00    0.69436   0.62483    9.412
 3465.00    0.70087   0.62607    9.412
 3466.00    0.70580   0.62620    9.412
 3467.00    0.71484   0.62554    9.412
 3468.00    0.61139   0.62451    9.412
 3469.00    0.57074   0.62365    9.412
 3470.00    0.56627   0.62326    9.412
 3471.00    0.65535   0.62267    9.412
 3472.00    0.69721   0.62189    9.412
 3473.00    0.70041   0.62082    9.412
 3474.00    0.58789   0.61993    9.412
 3475.00    0.52344   0.61937    9.412
 3476.00    0.50830   0.61896    9.412
 3477.00    0.57942   0.61840    9.412
 3478.00    0.62930   0.61730    9.412
 3479.00    0.66393   0.61605    9.412
 3480.00    0.63016   0.61513    9.412
 3481.00    0.61487   0.61504    9.412
 3482.00    0.85405   0.61601    9.412
 3483.00    0.76139   0.61803    9.412
 3484.00    0.67720   0.62083    9.412
 3485.00    0.72646   0.62379    9.412
 3486.00    0.64800   0.62637    9.412
 3487.00    0.56415   0.62819    9.412
 3488.00    0.42879   0.62899    9.412
 3489.00    0.22085   0.62892   -1.000
 3490.00   -0.03377   0.62865    0.000
 3491.00    0.39593   0.62871    9.412
 3492.00    0.65679   0.62945    9.412
 3493.00    0.98993   0.62949   -1.000
 3494.00    0.74449   0.62816    9.412
 3495.00    0.69778   0.62561    9.412
 3496.00    0.67274   0.62256    9.412
 3497.00    0.40775   0.61987    9.412
 3498.00    0.41056   0.61715    9.412
 3499.00    0.51957   0.61407    9.412
 3500.00    0.54083   0.61085    9.412
 3501.00    0.51586   0.60819    9.412
 3502.00    0.43946   0.60643    9.412
 3503.00    0.56198   0.60512    9.412
 3504.00    0.56156   0.60366    9.412
 3505.00    0.44193   0.60217    9.412
 3506.00    0.46005   0.60107    9.412
 3507.00    0.47175   0.60062    9.412
 3508.00    0.49045   0.60057    9.412
 3509.00    0.55964   0.60049    9.412
 3510.00    0.60648   0.59973    9.412
 3511.00    0.68218   0.59833    9.412
 3512.00    0.76360   0.59725    9.412
 3513.00    0.79695   0.59708    9.412
 3514.00    0.71252   0.59833    9.412
 3515.00    0.68265   0.60041    9.412
 3516.00    0.66297   0.60247    9.412
 3517.00    0.66286   0.60428    9.412
 3518.00    0.58377   0.60556    9.412
 3519.00    0.51717   0.60604    9.412
 3520.00    0.40132   0.60597    9.412
 3521.00    0.54068   0.60563    9.412
 3522.00    0.66867   0.60534    9.412
 3523.00    0.95819   0.60527   -1.000
 3524.00    0.85424   0.60524    9.412
 3525.00    0.74293   0.60484    9.412
 3526.00    0.81625   0.60397    9.412
 3527.00    0.84600   0.60292    9.412
 3528.00    0.87987   0.60215    9.412
 3529.00    0.55046   0.60232    9.412
 3530.00    0.53678   0.60334    9.412
 3531.00    0.55734   0.60471    9.412
 3532.00    0.57436   0.60603    9.412
 3533.00    0.60398   0.60684    9.412
 3534.00    0.65205   0.60729    9.412
 3535.00    0.56254   0.60752    9.412
 3536.00    0.60991   0.60735    9.412
 3537.00    0.74435   0.60696    9.412
 3538.00    0.97049   0.60660   -1.000
 3539.00    0.90530   0.60629    9.412
 3540.00    0.59891   0.60629    9.412
 3541.00    0.65799   0.60678    9.412
 3542.00    0.73758   0.60766    9.412
 3543.00    0.92861   0.60898    9.412
 3544.00    0.74211   0.61000    9.412
 3545.00    0.66141   0.61017    9.412
 3546.00    0.62547   0.60999    9.412
 3547.00    0.73315   0.60960    9.412
 3548.00    0.75178   0.60911    9.412
 3549.00    0.58984   0.60839    9.412
 3550.00    0.64916   0.60733    9.412
 3551.00    0.66167   0.60599    9.412
 3552.00    0.51495   0.60441    9.412
 3553.00    0.59315   0.60250    9.412
 3554.00    0.63589   0.60087    9.412
 3555.00    0.53752   0.60033    9.412
 3556.00    0.54588   0.60128    9.412
 3557.00    0.54789   0.60337    9.412
 3558.00    0.44650   0.60524    9.412
 3559.00    0.56774   0.60619    9.412
 3560.00    0.67794   0.60596    9.412
 3561.00    0.42973   0.60522    9.412
 3562.00    0.39832   0.60429    9.412
 3563.00    0.36461   0.60313    9.412
 3564.00    0.38584   0.60186    9.412
 3565.00    0.47134   0.60038    9.412
 3566.00    0.57807   0.59931    9.412
 3567.00    0.58812   0.59865    9.412
 3568.00    0.73726   0.59777    9.412
 3569.00    0.95755   0.59578   -1.000
 3570.00    0.81454   0.59224    9.412
 3571.00    0.80571   0.58727    9.412
 3572.00    0.82375   0.58219    9.412
 3573.00    0.44954   0.57802    9.412
 3574.00    0.43553   0.57534    9.412
 3575.00    0.55341   0.57388    9.412
 3576.00    0.90736   0.57314   -1.000
 3577.00    0.92049   0.57238   -1.000
 3578.00    0.73199   0.57142    9.412
 3579.00    0.44160   0.57026    9.412
 3580.00    0.41641   0.56914    9.412
 3581.00    0.62109   0.56814    9.412
 3582.00    0.77632   0.56707    9.412
 3583.00    0.75300   0.56583    9.412
 3584.00    0.42523   0.56423    9.412
 3585.00    0.50017   0.56237    9.412
 3586.00    0.54149   0.56074    9.412
 3587.00    0.57449   0.56011    9.412
 3588.00    0.49604   0.56078    9.412
 3589.00    0.48159   0.56270    9.412
 3590.00    0.69213   0.56477    9.412
 3591.00    0.68549   0.56603    9.412
 3592.00    0.68223   0.56660    9.412
 3593.00    0.69480   0.56681    9.412
 3594.00    0.60795   0.56716    9.412
 3595.00    0.54499   0.56780    9.412
 3596.00    0.65277   0.56858    9.412
 3597.00    0.66896   0.56959    9.412
 3598.00    0.68379   0.57056    9.412
 3599.00    0.68966   0.57124    9.412
 3600.00    0.64187   0.57149    9.412
 3601.00    0.59050   0.57123    9.412
 3602.00    0.62100   0.57100    9.412
 3603.00    0.82135   0.57096    9.412
 3604.00    1.07286   0.57144   -1.000
 3605.00    0.80595   0.57205    9.412
 3606.00    0.76755   0.57233    9.412
 3607.00    0.74405   0.57213    9.412
 3608.00    0.66455   0.57151    9.412
 3609.00    0.58711   0.57112    9.412
 3610.00    0.46931   0.57116    9.412
 3611.00    0.64530   0.57159    9.412
 3612.00    0.69991   0.57210    9.412
 3613.00    0.74530   0.57241    9.412
 3614.00    0.59110   0.57275    9.412
 3615.00    0.51491   0.57331    9.412
 3616.00    0.41788   0.57433    9.412
 3617.00    0.42070   0.57579    9.412
 3618.00    0.46463   0.57756    9.412
 3619.00    0.59972   0.57990    9.412
 3620.00    0.61728   0.58252    9.412
 3621.00    0.62333   0.58504    9.412
 3622.00    0.62051   0.58707    9.412
 3623.00    0.69119   0.58814    9.412
 3624.00    0.74945   0.58853    9.412
 3625.00    0.88040   0.58874    9.412
 3626.00    0.66321   0.58909    9.412
 3627.00    0.53333   0.58943    9.412
 3628.00    0.47151   0.58932    9.412
 3629.00    0.57654   0.58830    9.412
 3630.00    0.65158   0.58616    9.412
 3631.00    0.71323   0.58319    9.412
 3632.00    0.58203   0.57978    9.412
 3633.00    0.48922   0.57644    9.412
 3634.00    0.71189   0.57362    9.412
 3635.00    0.62724   0.57159    9.412
 3636.00    0.54976   0.57035    9.412
 3637.00    0.68397   0.57029    9.412
 3638.00    0.71379   0.57121    9.412
 3639.00    0.74590   0.57247    9.412
 3640.00    0.53967   0.57333    9.412
 3641.00    0.54370   0.57355    9.412
 3642.00    0.55927   0.57299    9.412
 3643.00    0.64109   0.57181    9.412
 3644.00    0.66958   0.57037    9.412
 3645.00    0.70166   0.56897    9.412
 3646.00    0.46412   0.56801    9.412
 3647.00    0.44708   0.56778    9.412
 3648.00    0.47349   0.56841    9.412
 3649.00    0.54315   0.56963    9.412
 3650.00    0.58468   0.57093    9.412
 3651.00    0.64465   0.57182    9.412
 3652.00    0.59150   0.57204    9.412
 3653.00    0.56237   0.57179    9.412
 3654.00    0.52162   0.57141    9.412
 3655.00    0.69260   0.57114    9.412
 3656.00    0.73312   0.57119    9.412
 3657.00    0.69185   0.57138    9.412
 3658.00    0.64388   0.57130    9.412
 3659.00    0.63873   0.57055    9.412
 3660.00    0.69195   0.56914    9.412
 3661.00    0.63034   0.56741    9.412
 3662.00    0.56820   0.56566    9.412
 3663.00    0.39481   0.56433    9.412
 3664.00    0.62918   0.56342    9.412
 3665.00    0.78499   0.56274    9.412
 3666.00    0.96367   0.56220   -1.000
 3667.00    0.78543   0.56156    9.412
 3668.00    0.64933   0.56119    9.412
 3669.00    0.44762   0.56134    9.412
 3670.00    0.51139   0.56170    9.412
 3671.00    0.56821   0.56182    9.412
 3672.00    0.73022   0.56103    9.412
 3673.00    0.69589   0.55930    9.412
 3674.00    0.66425   0.55691    9.412
 3675.00    0.57895   0.55439    9.412
 3676.00    0.56512   0.55232    9.412
 3677.00    0.55019   0.55081    9.412
 3678.00    0.60250   0.54996    9.412
 3679.00    0.59769   0.54953    9.412
 3680.00    0.58889   0.54942    9.412
 3681.00    0.49593   0.54966    9.412
 3682.00    0.53821   0.54981    9.412
 3683.00    0.61332   0.54964    9.412
 3684.00    0.66466   0.54925    9.412
 3685.00    0.66061   0.54873    9.412
 3686.00    0.64115   0.54823    9.412
 3687.00    0.53978   0.54803    9.412
 3688.00    0.60062   0.54807    9.412
 3689.00    0.77006   0.54783    9.412
 3690.00    0.65670   0.54683    9.412
 3691.00    0.60517   0.54467    9.412
 3692.00    0.54540   0.54171    9.412
 3693.00    0.62387   0.53857    9.412
 3694.00    0.65717   0.53594    9.412
 3695.00    0.68437   0.53456    9.412
 3696.00    0.65443   0.53468    9.412
 3697.00    0.64699   0.53584    9.412
 3698.00    0.66358   0.53715    9.412
 3699.00    0.59014   0.53760    9.412
 3700.00    0.56873   0.53587    9.412
 3701.00    0.63689   0.53089    9.412
 3702.00    0.71674   0.52322    9.412
 3703.00    0.73756   0.51421    9.412
 3704.00    0.56344   0.50678    9.412
 3705.00    0.53610   0.50327    9.412
 3706.00    0.51724   0.50383    9.412
 3707.00    0.50933   0.50670    9.412
 3708.00    0.48699   0.50900    9.412
 3709.00    0.47985   0.50911    9.412
 3710.00    0.72328   0.50707    9.412
 3711.00    0.66862   0.50469    9.412
 3712.00    0.61835   0.50411    9.412
 3713.00    0.67906   0.50669    9.412
 3714.00    0.73609   0.51210    9.412
 3715.00    0.79770   0.51883    9.412
 3716.00    0.53439   0.52450    9.412
 3717.00    0.50551   0.52686    9.412
 3718.00    0.48252   0.52509    0.000
 3719.00    0.55297   0.51950    0.000
 3720.00    0.56373   0.51179    0.000
 3721.00    0.57075   0.50536    0.000
 3722.00    0.57056   0.50253    0.000
 3723.00    0.57187   0.50432    0.000
 3724.00    0.57424   0.51035    0.000
 3725.00    0.70649   0.51852    0.000
 3726.00    0.77009   0.52680    0.000
 3727.00    0.85174   0.53358    0.000
 3728.00    0.84133   0.53700    0.000
 3729.00    0.81712   0.53600    0.000
 3730.00    0.76168   0.53019    0.000
 3731.00    0.77266   0.52026    0.000
 3732.00    0.71920   0.50859    0.000
 3733.00    0.53945   0.49817    0.000
 3734.00    0.45727   0.49205    0.000
 3735.00    0.45523   0.49269    0.000
 3736.00    0.57428   0.50004    0.000
 3737.00    0.56298   0.51232    0.000
 3738.00    0.57783   0.52659    9.412
 3739.00    0.68334   0.53986    9.412
 3740.00    0.69872   0.55009    9.412
 3741.00    0.70104   0.55638    9.412
 3742.00    0.65494   0.55866    9.412
 3743.00    0.55293   0.55708    9.412
 3744.00    0.46607   0.55164    9.412
 3745.00    0.24913   0.54225    9.412
 3746.00    0.43839   0.52912    9.412
 3747.00    0.59311   0.51326    9.412
 3748.00    0.74106   0.49749    9.412
 3749.00    0.45122   0.48510    9.412
 3750.00    0.18407   0.47937    9.412
 3751.00    0.60514   0.48167    9.412
 3752.00    0.66397   0.49043    9.412
 3753.00    0.72765   0.50295    9.412
 3754.00    1.18199   0.51581   -1.000
 3755.00    0.96578   0.52683   -1.000
 3756.00    0.66687   0.53476    9.412
 3757.00    0.38637   0.53911    9.412
 3758.00    0.45386   0.54081    9.412
 3759.00    0.59151   0.54093    9.412
 3760.00    0.56229   0.54084    9.412
 3761.00    0.61797   0.54161    9.412
 3762.00    0.72398   0.54272    9.412
 3763.00    0.71110   0.54240    9.412
 3764.00    0.69869   0.53882    9.412
 3765.00    0.67752   0.53079    9.412
 3766.00    0.67633   0.51823    9.412
 3767.00    0.66088   0.50251    9.412
 3768.00    0.62192   0.48597    9.412
 3769.00    0.66977   0.47150    9.412
 3770.00    0.68489   0.46245    9.412
 3771.00    0.68494   0.46143    9.412
 3772.00    0.42026   0.46846    9.412
 3773.00    0.37539   0.48154    9.412
 3774.00    0.60780   0.49762    9.412
 3775.00    0.49750   0.51383    9.412
 3776.00    0.34399   0.52847    9.412
 3777.00   -0.18970   0.54097    0.000
 3778.00    0.40138   0.55120    9.412
 3779.00    0.73880   0.55947    9.412
 3780.00    0.77387   0.56604    9.412
 3781.00    0.55286   0.57076    9.412
 3782.00    0.40983   0.57392    9.412
 3783.00    0.46053   0.57570    9.412
 3784.00    0.35872   0.57597    9.412
 3785.00    0.28485   0.57474    9.412
 3786.00    0.43417   0.57177    9.412
 3787.00    0.37510   0.56714    9.412
 3788.00    0.32052   0.56131    9.412
 3789.00    0.98167   0.55420   -1.000
 3790.00    0.88681   0.54589   -1.000
 3791.00    0.78376   0.53653    9.412
 3792.00    0.54859   0.52560    9.412
 3793.00    0.54960   0.51259    9.412
 3794.00    0.56347   0.49708    9.412
 3795.00    0.29424   0.47987    9.412
 3796.00    0.33973   0.46352    0.000
 3797.00    0.44338   0.45164    0.000
 3798.00    0.75139   0.44772    0.000
 3799.00    0.47984   0.45307    0.000
 3800.00   -0.07876   0.46659    0.000
 3801.00    0.18392   0.48475    0.000
 3802.00    0.37682   0.50354    0.000
 3803.00    0.68068   0.52055    9.412
 3804.00    0.62116   0.53433    9.412
 3805.00    0.59299   0.54466    9.412
 3806.00    0.55885   0.55232    9.412
 3807.00    0.50844   0.55820    9.412
 3808.00    0.46399   0.56294    9.412
 3809.00    0.37351   0.56683    9.412
 3810.00    0.32154   0.56981    9.412
 3811.00    0.30172   0.57170    9.412
 3812.00    0.30349   0.57237    9.412
 3813.00    0.21104   0.57184   -1.000
 3814.00    0.14463   0.57000   -1.000
 3815.00    0.02444   0.56657   -1.000
 3816.00    0.22053   0.56115   -1.000
 3817.00    0.34223   0.55391    9.412
 3818.00    0.42429   0.54633    9.412
 3819.00    0.45152   0.54039    9.412
 3820.00    0.47394   0.53815    9.412
 3821.00    0.52277   0.53989    9.412
 3822.00    0.59722   0.54398    9.412
 3823.00    0.65667   0.54803    9.412
 3824.00    0.67611   0.54998    9.412
 3825.00    0.60804   0.54942    9.412
 3826.00    0.54501   0.54617    9.412
 3827.00    0.23924   0.54039    9.412
 3828.00    0.20070   0.53203   -1.000
 3829.00    0.15905   0.52096   -1.000
 3830.00    0.11456   0.50711   -1.000
 3831.00    0.22204   0.49052    9.412
 3832.00    0.36168   0.47190    9.412
 3833.00    0.55506   0.45342    0.000
 3834.00    0.55202   0.43779    0.000
 3835.00    0.52186   0.42901    0.000
 3836.00    0.54362   0.42985    0.000
 3837.00    0.54355   0.43937    0.000
 3838.00    0.53810   0.45516    0.000
 3839.00    0.66954   0.47403    0.000
 3840.00    0.63412   0.49328    0.000
 3841.00    0.50475   0.51107    0.000
 3842.00    0.59719   0.52652    9.412
 3843.00    0.52914   0.53925    9.412
 3844.00    0.29328   0.54906    9.412
 3845.00    0.35805   0.55634    9.412
 3846.00    0.37236   0.56163    9.412
 3847.00    0.35243   0.56565    9.412
 3848.00    0.28211   0.56894    9.412
 3849.00    0.29432   0.57188    9.412
 3850.00    0.45414   0.57438    9.412
 3851.00    0.53823   0.57626    9.412
 3852.00    0.57317   0.57733    9.412
 3853.00    0.54764   0.57739    9.412
 3854.00    0.62023   0.57674    9.412
 3855.00    0.63646   0.57570    9.412
 3856.00    0.45272   0.57469    9.412
 3857.00    0.49204   0.57407    9.412
 3858.00    0.52138   0.57404    9.412
 3859.00    0.55649   0.57439    9.412
 3860.00    0.66574   0.57451    9.412
 3861.00    0.74157   0.57361    9.412
 3862.00    0.48350   0.57125    0.000
 3863.00    0.45136   0.56776    0.000
 3864.00    0.42154   0.56431    0.000
 3865.00    0.59993   0.56168    0.000
 3866.00    0.71774   0.55983    0.000
 3867.00    0.84576   0.55874    0.000
 3868.00    0.74244   0.55826    0.000
 3869.00    0.65988   0.55800    0.000
 3870.00    0.55995   0.55781    0.000
 3871.00    0.46478   0.55774    0.000
 3872.00    0.48063   0.55767    9.412
 3873.00    0.51725   0.55777    9.412
 3874.00    0.53187   0.55763    9.412
 3875.00    0.52711   0.55670    9.412
 3876.00    0.51499   0.55473    9.412
 3877.00    0.46557   0.55182    9.412
 3878.00    0.44547   0.54835    9.412
 3879.00    0.42284   0.54411    9.412
 3880.00    0.54686   0.53864    9.412
 3881.00    0.58355   0.53131    9.412
 3882.00    0.59756   0.52169    0.000
 3883.00    0.64594   0.50970    0.000
 3884.00    0.63949   0.49485    0.000
 3885.00    0.56973   0.47700    0.000
 3886.00    0.56470   0.45746    0.000
 3887.00    0.55053   0.43898    0.000
 3888.00    0.50127   0.42561    0.000
 3889.00    0.40553   0.42105    0.000
 3890.00    0.37610   0.42690    0.000
 3891.00    0.46073   0.44147    0.000
 3892.00    0.56667   0.46103    9.412
 3893.00    0.61810   0.48163    9.412
 3894.00    0.55433   0.50002    9.412
 3895.00    0.47589   0.51527    9.412
 3896.00    0.43555   0.52740    9.412
 3897.00    0.58027   0.53693    9.412
 3898.00    0.59312   0.54472    9.412
 3899.00    0.60409   0.55136    9.412
 3900.00    0.62429   0.55693    9.412
 3901.00    0.48603   0.56154    9.412
 3902.00    0.35754   0.56523    9.412
 3903.00    0.18769   0.56794   -1.000
 3904.00    0.27465   0.56993    9.412
 3905.00    0.36984   0.57144    9.412
 3906.00    0.70225   0.57288    9.412
 3907.00    0.67735   0.57479    9.412
 3908.00    0.62687   0.57698    9.412
 3909.00    0.61550   0.57886    9.412
 3910.00    0.55722   0.58005    9.412
 3911.00    0.47066   0.58045    9.412
 3912.00    0.41042   0.58023    9.412
 3913.00    0.38851   0.57962    9.412
 3914.00    0.36423   0.57879    9.412
 3915.00    0.13530   0.57804   -1.000
 3916.00    0.05573   0.57734   -1.000
 3917.00   -0.02005   0.57650    0.000
 3918.00    0.62325   0.57541    9.412
 3919.00    0.77341   0.57404    9.412
 3920.00    0.74074   0.57257    9.412
 3921.00    0.62665   0.57109    9.412
 3922.00    0.62982   0.56950    9.412
 3923.00    0.75656   0.56785    9.412
 3924.00    0.58279   0.56646    9.412
 3925.00    0.49858   0.56562    9.412
 3926.00    0.43393   0.56545    9.412
 3927.00    0.45736   0.56587    9.412
 3928.00    0.46925   0.56626    9.412
 3929.00    0.47331   0.56538    9.412
 3930.00    0.41557   0.56224    9.412
 3931.00    0.39686   0.55646    9.412
 3932.00    0.50204   0.54960    9.412
 3933.00    0.40458   0.54430    9.412
 3934.00    0.34718   0.54334    9.412
 3935.00    0.44348   0.54722    9.412
 3936.00    0.40111   0.55388    9.412
 3937.00    0.37349   0.56128    9.412
 3938.00    0.52517   0.56773    9.412
 3939.00    0.45310   0.57252    9.412
 3940.00    0.38599   0.57566    9.412
 3941.00    0.42998   0.57714    9.412
 3942.00    0.43235   0.57696    9.412
 3943.00    0.43483   0.57537    9.412
 3944.00    0.63953   0.57275    9.412
 3945.00    0.65036   0.56985    9.412
 3946.00    0.65268   0.56741    9.412
 3947.00    0.26690   0.56578    9.412
 3948.00    0.26112   0.56498    9.412
 3949.00    0.30474   0.56458    9.412
 3950.00    0.37374   0.56407    9.412
 3951.00    0.36349   0.56307    9.412
 3952.00    0.32789   0.56155    9.412
 3953.00    0.46867   0.55966    9.412
 3954.00    0.50213   0.55757    9.412
 3955.00    0.51548   0.55535    9.412
 3956.00    0.53363   0.55292    9.412
 3957.00    0.53891   0.55009    9.412
 3958.00    0.54067   0.54640    9.412
 3959.00    0.42755   0.54134    9.412
 3960.00    0.46206   0.53442    9.412
 3961.00    0.68857   0.52559    0.000
 3962.00    0.74544   0.51488    0.000
 3963.00    0.70604   0.50194    0.000
 3964.00    0.45550   0.48643    0.000
 3965.00    0.22652   0.46845    0.000
 3966.00    0.09837   0.44830    0.000
 3967.00   -0.00458   0.42743    0.000
 3968.00   -0.03497   0.40908    0.000
 3969.00   -0.01257   0.39731    0.000
 3970.00    0.28481   0.39521    0.000
 3971.00    0.72796   0.40314    0.000
 3972.00    1.00731   0.41930    0.000
 3973.00    0.78168   0.43993    0.000
 3974.00    0.68640   0.46103    0.000
 3975.00    0.60574   0.48028    9.412
 3976.00    0.47589   0.49657    9.412
 3977.00    0.45082   0.50990    9.412
 3978.00    0.42744   0.52059    9.412
 3979.00    0.36245   0.52913    9.412
 3980.00    0.46095   0.53591    9.412
 3981.00    0.56890   0.54125    9.412
 3982.00    0.53448   0.54534    9.412
 3983.00    0.49102   0.54854    9.412
 3984.00    0.43710   0.55125    9.412
 3985.00    0.43710   0.55380    9.412
 3986.00    0.43710   0.55618    9.412
 3987.00    0.43710   0.55830    9.412
 3988.00    0.43710   0.56023    9.412
 3989.00    0.43710   0.56150    9.412
 3990.00    0.43710   0.56225    9.412
 3991.00    0.43710   0.56265    9.412
 3992.00    0.48347   0.56290    9.412
 3993.00    0.58319   0.56321    9.412
 3994.00    0.58319   0.56372    9.412
 3995.00    0.58319   0.56443    9.412
 3996.00    0.58319   0.56516    9.412
 3997.00    0.58319   0.56556    9.412
 3998.00    0.58319   0.56537    9.412
 3999.00    0.58319   0.56456    9.412
 4000.00    0.58319   0.56318    9.412
 4001.00    0.52265   0.56166    9.412
 4002.00    0.27628   0.56036    9.412
 4003.00    0.46200   0.55939    9.412
 4004.00    0.56298   0.55865    9.412
 4005.00    0.62979   0.55811    9.412
 4006.00    0.51809   0.55766    9.412
 4007.00    0.44016   0.55719    9.412
 4008.00    0.33216   0.55682    9.412
 4009.00    0.23923   0.55698    9.412
 4010.00    0.16905   0.55800   -1.000
 4011.00    0.07953   0.55996   -1.000
 4012.00    0.18503   0.56230   -1.000
 4013.00    0.27818   0.56450    9.412
 4014.00    0.51917   0.56655    9.412
 4015.00    0.35826   0.56829    9.412
 4016.00    0.20799   0.56967   -1.000
 4017.00    0.34784   0.57042    9.412
 4018.00    0.71887   0.57024    9.412
 4019.00    1.12516   0.56911   -1.000
 4020.00    0.30944   0.56669    9.412
 4021.00    0.52543   0.56245    9.412
 4022.00    0.85086   0.55605    9.412
 4023.00    0.85289   0.54756    9.412
 4024.00    0.77326   0.53866    0.000
 4025.00    0.65203   0.53194    0.000
 4026.00    0.05943   0.52980    0.000
 4027.00    0.08683   0.53297    0.000
 4028.00    0.28600   0.54023    0.000
 4029.00    0.23878   0.54901    0.000
 4030.00    0.26411   0.55672    0.000
 4031.00    0.33856   0.56255    9.412
 4032.00   -0.03752   0.56629    0.000
 4033.00    0.03821   0.56852   -1.000
 4034.00    0.48643   0.56992    9.412
 4035.00    0.73837   0.57106    9.412
 4036.00    0.75801   0.57183    9.412
 4037.00    0.56044   0.57222    9.412
 4038.00    0.22863   0.57220   -1.000
 4039.00    0.17829   0.57171   -1.000
 4040.00    0.50795   0.57075    9.412
 4041.00    0.52937   0.56957    9.412
 4042.00    0.51918   0.56836    9.412
 4043.00    0.40934   0.56735    9.412
 4044.00    0.68424   0.56676    9.412
 4045.00    0.79786   0.56688    9.412
 4046.00    0.47068   0.56785    9.412
 4047.00    0.18876   0.56944   -1.000
 4048.00    0.04152   0.57123   -1.000
 4049.00    0.56343   0.57273    9.412
 4050.00    0.31801   0.57366    9.412
 4051.00    0.13686   0.57384   -1.000
 4052.00    0.51393   0.57332    9.412
 4053.00    0.46741   0.57239    9.412
 4054.00    0.42389   0.57146    9.412
 4055.00   -0.13257   0.57065    0.000
 4056.00    0.10081   0.56993   -1.000
 4057.00    0.35924   0.56911    9.412
 4058.00    0.42732   0.56827    9.412
 4059.00    0.48187   0.56736    9.412
 4060.00    0.54830   0.56627    9.412
 4061.00    0.63392   0.56473    9.412
 4062.00    0.49853   0.56254    9.412
 4063.00    0.28058   0.55955    9.412
 4064.00    0.32650   0.55558    9.412
 4065.00    0.43826   0.55072    9.412
 4066.00    0.62836   0.54594    9.412
 4067.00    0.65422   0.54162    0.000
 4068.00    0.45965   0.53806    0.000
 4069.00    0.02833   0.53563    0.000
 4070.00    0.48273   0.53432    0.000
 4071.00    0.74153   0.53409    9.412
 4072.00    1.11498   0.53446   -1.000
 4073.00    0.82010   0.53484    9.412
 4074.00    0.63486   0.53479    9.412
 4075.00    0.34324   0.53446    9.412
 4076.00    0.36985   0.53425    9.412
 4077.00    0.39205   0.53461    9.412
 4078.00    0.43981   0.53569    9.412
 4079.00    0.58206   0.53729    9.412
 4080.00    0.60391   0.53883    9.412
 4081.00    0.35415   0.53966    9.412
 4082.00    0.42879   0.53924    9.412
 4083.00    0.45168   0.53732    9.412
 4084.00    0.30124   0.53390    9.412
 4085.00    0.28164   0.52919    9.412
 4086.00    0.27695   0.52341    9.412
 4087.00    0.38100   0.51743    9.412
 4088.00    0.28157   0.51228    9.412
 4089.00    0.22680   0.50906    9.412
 4090.00    0.88228   0.50771   -1.000
 4091.00    0.73954   0.50738    9.412
 4092.00    0.60572   0.50577    9.412
 4093.00    0.42834   0.50075    9.412
 4094.00    0.59181   0.49155    9.412
 4095.00    0.77247   0.47825    0.000
 4096.00    0.65309   0.46178    0.000
 4097.00    0.58194   0.44367    0.000
 4098.00    0.49718   0.42544    0.000
 4099.00    0.61843   0.40818    0.000
 4100.00    0.69392   0.39394    0.000
 4101.00    0.79189   0.38512    0.000
 4102.00    0.61059   0.38420    0.000
 4103.00    0.57376   0.39244    0.000
 4104.00    0.55362   0.40807    0.000
 4105.00    0.53209   0.42761    0.000
 4106.00    0.53310   0.44775    0.000
 4107.00    0.54440   0.46586    0.000
 4108.00    0.61974   0.48084    9.412
 4109.00    0.57559   0.49257    9.412
 4110.00    0.40939   0.50142    9.412
 4111.00    0.53707   0.50778    9.412
 4112.00    0.60853   0.51187    9.412
 4113.00    0.70617   0.51379    9.412
 4114.00    0.53057   0.51424    9.412
 4115.00    0.46457   0.51383    9.412
 4116.00    0.47979   0.51342    9.412
 4117.00    0.53439   0.51354    9.412
 4118.00    0.56207   0.51418    9.412
 4119.00    0.57014   0.51548    9.412
 4120.00    0.52908   0.51743    9.412
 4121.00    0.49874   0.52022    9.412
 4122.00    0.44690   0.52380    9.412
 4123.00    0.40214   0.52752    9.412
 4124.00    0.37008   0.53069    9.412
 4125.00    0.34965   0.53286    9.412
 4126.00    0.38496   0.53391    9.412
 4127.00    0.41671   0.53416    9.412
 4128.00    0.51046   0.53402    9.412
 4129.00    0.60440   0.53383    9.412
 4130.00    0.69265   0.53358    9.412
 4131.00    0.45059   0.53338    9.412
 4132.00    0.49968   0.53339    9.412
 4133.00    0.55487   0.53392    9.412
 4134.00    0.46111   0.53504    9.412
 4135.00    0.50619   0.53642    9.412
 4136.00    0.57020   0.53757    9.412
 4137.00    0.49970   0.53797    9.412
 4138.00    0.42995   0.53742    9.412
 4139.00    0.33322   0.53583    9.412
 4140.00    0.44195   0.53336    9.412
 4141.00    0.53998   0.53035    9.412
 4142.00    0.68981   0.52724    9.412
 4143.00    0.47330   0.52507    9.412
 4144.00    0.43116   0.52478    9.412
 4145.00    0.43193   0.52654    9.412
 4146.00    0.47767   0.52971    9.412
 4147.00    0.44002   0.53315    9.412
 4148.00    0.31008   0.53598    9.412
 4149.00    0.25986   0.53780    9.412
 4150.00    0.29769   0.53876    9.412
 4151.00    0.47332   0.53909    9.412
 4152.00    0.48804   0.53905    9.412
 4153.00    0.50835   0.53883    9.412
 4154.00    0.56793   0.53852    9.412
 4155.00    0.43362   0.53842    9.412
 4156.00    0.42841   0.53863    9.412
 4157.00    0.75067   0.53919    9.412
 4158.00    0.57444   0.53995    9.412
 4159.00    0.46185   0.54065    9.412
 4160.00    0.37263   0.54119    9.412
 4161.00    0.46679   0.54163    9.412
 4162.00    0.52507   0.54203    9.412
 4163.00    0.45603   0.54235    9.412
 4164.00    0.48504   0.54247    9.412
 4165.00    0.50807   0.54215    9.412
 4166.00    0.50364   0.54109    9.412
 4167.00    0.40307   0.53940    9.412
 4168.00    0.30860   0.53751    9.412
 4169.00    0.30569   0.53575    9.412
 4170.00    0.29402   0.53431    9.412
 4171.00    0.28117   0.53318    9.412
 4172.00    0.53528   0.53254    9.412
 4173.00    0.40560   0.53241    9.412
 4174.00    0.22205   0.53259    9.412
 4175.00    0.36136   0.53283    9.412
 4176.00    0.54971   0.53297    9.412
 4177.00    0.81780   0.53301    9.412
 4178.00    0.54475   0.53316    9.412
 4179.00    0.52699   0.53341    9.412
 4180.00    0.56553   0.53366    9.412
 4181.00    0.52624   0.53388    9.412
 4182.00    0.46099   0.53393    9.412
 4183.00    0.33624   0.53373    9.412
