 2673.00    0.77613   0.82383    3.701
 2674.00    0.94415   0.82620    3.701
 2675.00    0.95360   0.82888    3.701
 2676.00    1.01415   0.83091    3.701
 2677.00    1.01690   0.83296    3.701
 2678.00    0.17321   0.83473    3.701
 2679.00    0.14401   0.83623    3.701
 2680.00    0.76552   0.83769    3.701
 2681.00    0.78043   0.83855    3.701
 2682.00    0.65158   0.83944    3.701
 2683.00    0.64979   0.83944    3.701
 2684.00    0.82787   0.83906    3.701
 2685.00    0.82667   0.83781    3.701
 2686.00    0.51780   0.83565    3.701
 2687.00    0.51783   0.83318    3.701
 2688.00    0.51942   0.82945    3.701
 2689.00    0.52120   0.82594    3.701
 2690.00    0.58821   0.82130    3.701
 2691.00    0.59488   0.81749    3.701
 2692.00    0.77529   0.81308    3.701
 2693.00    0.79045   0.80947    3.701
 2694.00    1.10925   0.80692    3.701
 2695.00    1.11543   0.80472    3.701
 2696.00    1.22076   0.80417    3.701
 2697.00    1.21060   0.80379    3.701
 2698.00    1.06492   0.80474    3.701
 2699.00    1.10451   0.80569    3.701
 2700.00    1.59148   0.80749    3.701
 2701.00    1.54491   0.80883    3.701
 2702.00    1.04329   0.81052    3.701
 2703.00    1.06598   0.81137    3.701
 2704.00    1.28283   0.81158    3.701
 2705.00    1.27784   0.81107    3.701
 2706.00    1.23512   0.80920    3.701
 2707.00    1.18642   0.80699    3.701
 2708.00    0.81066   0.80322    3.701
 2709.00    0.78986   0.79956    3.701
 2710.00    0.64357   0.79458    3.701
 2711.00    0.68328   0.79020    3.701
 2712.00    0.93931   0.78516    3.701
 2713.00    1.03756   0.78052    3.701
 2714.00    1.62144   0.77672   -1.000
 2715.00    1.56594   0.77284    3.701
 2716.00    1.26117   0.77032    3.701
 2717.00    1.12891   0.76779    3.701
 2718.00    0.45504   0.76606    3.701
 2719.00    0.52086   0.76465    3.701
 2720.00    0.83367   0.76357    3.701
 2721.00    0.82404   0.76306    3.701
 2722.00    0.78120   0.76265    3.701
 2723.00    0.84635   0.76305    3.701
 2724.00    1.11812   0.76381    3.701
 2725.00    1.06610   0.76509    3.701
 2726.00    0.86233   0.76717    3.701
 2727.00    0.84499   0.76944    3.701
 2728.00    0.78109   0.77263    3.701
 2729.00    0.71010   0.77547    3.701
 2730.00    0.46299   0.77907    3.701
 2731.00    0.54574   0.78150    3.701
 2732.00    0.81827   0.78429    3.701
 2733.00    0.82117   0.78516    3.701
 2734.00    0.83022   0.78489    3.701
 2735.00    0.86013   0.78342    3.701
 2736.00    0.94860   0.77930    3.701
 2737.00    0.87902   0.77456    3.701
 2738.00    0.68371   0.76698    3.701
 2739.00    0.68482   0.75963    3.701
 2740.00    0.68778   0.74995    3.701
 2741.00    0.66390   0.74155    3.701
 2742.00    0.60316   0.73205    3.701
 2743.00    0.76376   0.72401    3.701
 2744.00    1.15273   0.71730    3.701
 2745.00    1.04654   0.71108    3.701
 2746.00    0.80141   0.70803    3.701
 2747.00    0.91066   0.70511    3.701
 2748.00    1.15158   0.70455    3.701
 2749.00    1.03921   0.70433    3.701
 2750.00    0.80237   0.70551    3.701
 2751.00    0.85189   0.70706    3.701
 2752.00    0.95175   0.70924    3.701
 2753.00    0.79912   0.71185    3.701
 2754.00    0.50486   0.71463    3.701
 2755.00    0.63331   0.71787    3.701
 2756.00    0.87024   0.72115    3.701
 2757.00    0.76978   0.72473    3.701
 2758.00    0.59221   0.72871    3.701
 2759.00    0.75477   0.73264    3.701
 2760.00    1.03027   0.73706    3.701
 2761.00    0.87448   0.74120    3.701
 2762.00    0.62121   0.74563    3.701
 2763.00    0.67208   0.74983    3.701
 2764.00    0.75135   0.75386    3.701
 2765.00    0.77659   0.75798    3.701
 2766.00    0.81431   0.76145    3.701
 2767.00    0.80660   0.76505    3.701
 2768.00    0.79553   0.76843    3.701
 2769.00    0.78757   0.77153    3.701
 2770.00    0.77659   0.77468    3.701
 2771.00    0.79789   0.77707    3.701
 2772.00    0.82607   0.77938    3.701
 2773.00    0.82786   0.78072    3.701
 2774.00    0.83014   0.78140    3.701
 2775.00    0.79420   0.78135    3.701
 2776.00    0.75032   0.77975    3.701
 2777.00    0.89006   0.77767    3.701
 2778.00    1.05412   0.77406    3.701
 2779.00    1.03996   0.76996    3.701
 2780.00    1.02397   0.76469    3.701
 2781.00    0.86390   0.75859    3.701
 2782.00    0.69032   0.75156    3.701
 2783.00    0.70854   0.74367    3.701
 2784.00    0.72754   0.73464    3.701
 2785.00    0.81772   0.72425    3.701
 2786.00    0.90808   0.71283    3.701
 2787.00    0.80993   0.70038    3.701
 2788.00    0.71536   0.68586    3.701
 2789.00    0.44447   0.67181    3.701
 2790.00    0.19345   0.65568    3.701
 2791.00    0.61377   0.64153    3.701
 2792.00    0.98794   0.62667    3.701
 2793.00    0.65812   0.61451    3.701
 2794.00    0.37610   0.60375    3.701
 2795.00    0.44957   0.59454    3.701
 2796.00    0.50997   0.59023    3.701
 2797.00    0.60595   0.58634    3.701
 2798.00    0.68179   0.58652    3.701
 2799.00    0.36524   0.58742    3.701
 2800.00    0.12484   0.59095    3.701
 2801.00   -0.03199   0.59543    0.000
 2802.00   -0.14631   0.60155    0.000
 2803.00    0.57186   0.60869    3.701
 2804.00    1.07429   0.61724    3.701
 2805.00    0.85627   0.62710    3.701
 2806.00    0.70979   0.63827    3.701
 2807.00    0.42742   0.65051    3.701
 2808.00    0.24530   0.66469    3.701
 2809.00    0.81785   0.67885    3.701
 2810.00    1.17224   0.69491    3.701
 2811.00    0.73159   0.70982    3.701
 2812.00    0.47021   0.72554    3.701
 2813.00    0.53924   0.73959    3.701
 2814.00    0.57846   0.75296    3.701
 2815.00    0.75439   0.76551    3.701
 2816.00    0.85019   0.77515    3.701
 2817.00    0.66832   0.78486    3.701
 2818.00    0.57346   0.79212    3.701
 2819.00    1.04693   0.79915    3.701
 2820.00    1.28306   0.80493    3.701
 2821.00    0.84747   0.81003    3.701
 2822.00    0.63965   0.81442    3.701
 2823.00    0.44172   0.81798    3.701
 2824.00    0.35155   0.82079    3.701
 2825.00    0.68609   0.82299    3.701
 2826.00    0.83168   0.82399    3.701
 2827.00    0.85795   0.82472    3.701
 2828.00    0.86886   0.82426    3.701
 2829.00    0.85190   0.82364    3.701
 2830.00    0.84520   0.82222    3.701
 2831.00    1.04635   0.82066    3.701
 2832.00    1.12215   0.81861    3.701
 2833.00    0.83555   0.81641    3.701
 2834.00    0.73292   0.81388    3.701
 2835.00    0.78253   0.81113    3.701
 2836.00    0.79941   0.80813    3.701
 2837.00    0.63385   0.80485    3.701
 2838.00    0.58038   0.80127    3.701
 2839.00    0.23809   0.79755    3.701
 2840.00    0.13345   0.79345    3.701
 2841.00    0.42528   0.78938    3.701
 2842.00    0.50958   0.78504    3.701
 2843.00    0.92578   0.78077    3.701
 2844.00    1.03933   0.77635    3.701
 2845.00    1.21368   0.77191    3.701
 2846.00    1.25852   0.76744    3.701
 2847.00    0.86615   0.76289    3.701
 2848.00    0.77121   0.75840    3.701
 2849.00    0.59745   0.75412    3.701
 2850.00    0.55806   0.74987    3.701
 2851.00    0.63784   0.74641    3.701
 2852.00    0.65475   0.74345    3.701
 2853.00    0.85902   0.74168    3.701
 2854.00    0.89940   0.74123    3.701
 2855.00    0.86659   0.74202    3.701
 2856.00    0.86056   0.74484    3.701
 2857.00    0.87629   0.74844    3.701
 2858.00    0.87896   0.75450    3.701
 2859.00    1.09096   0.76068    3.701
 2860.00    1.12419   0.76859    3.701
 2861.00    0.76703   0.77611    3.701
 2862.00    0.71578   0.78426    3.701
 2863.00    0.00002   0.79169    0.000
 2864.00   -0.09365   0.79871    0.000
 2865.00    0.34497   0.80502    3.701
 2866.00    0.39696   0.81029    3.701
 2867.00    1.00632   0.81524    3.701
 2868.00    1.07099   0.81873    3.701
 2869.00    0.88723   0.82217    3.701
 2870.00    0.86990   0.82464    3.701
 2871.00    1.19318   0.82695    3.701
 2872.00    1.21984   0.82872    3.701
 2873.00    1.23963   0.83026    3.701
 2874.00    1.24104   0.83141    3.701
 2875.00    1.02786   0.83235    3.701
 2876.00    1.01506   0.83293    3.701
 2877.00    0.97682   0.83338    3.701
 2878.00    0.97495   0.83349    3.701
 2879.00    0.91863   0.83357    3.701
 2880.00    0.91649   0.83342    3.701
 2881.00    0.81201   0.83330    3.701
 2882.00    0.80913   0.83311    3.701
 2883.00    0.62884   0.83298    3.701
 2884.00    0.62571   0.83292    3.701
 2885.00    0.29038   0.83294    3.701
 2886.00    0.28742   0.83311    3.701
 2887.00    0.10936   0.83335    3.701
 2888.00    0.11476   0.83379    3.701
 2889.00    0.53490   0.83427    3.701
 2890.00    0.54985   0.83501    3.701
 2891.00    1.20071   0.83577    3.701
 2892.00    1.19992   0.83687    3.701
 2893.00    1.17643   0.83808    3.701
 2894.00    1.16903   0.83975    3.701
 2895.00    1.00012   0.84184    3.701
 2896.00    0.99238   0.84436    3.701
 2897.00    0.85138   0.84795    3.701
 2898.00    0.87056   0.85151    3.701
 2899.00    1.16072   0.85718    3.701
 2900.00    1.14076   0.86162    3.701
 2901.00    0.88269   0.86946    3.701
 2902.00    0.85015   0.87420    3.701
 2903.00    0.48366   0.88348    3.701
 2904.00    0.53191   0.88772    3.701
 2905.00    1.01076   0.89707    3.701
 2906.00    0.99070   0.90020    3.701
 2907.00    0.81281   0.90818    3.701
 2908.00    0.84515   0.91001    3.701
 2909.00    1.10329   0.91572    3.701
 2910.00    1.06240   0.91640    3.701
 2911.00    0.76564   0.91968    3.701
 2912.00    0.77541   0.91947    3.701
 2913.00    0.84024   0.92053    3.701
 2914.00    0.89838   0.91953    3.701
 2915.00    1.25299   0.91883    3.701
 2916.00    1.13787   0.91695    3.701
 2917.00    0.48876   0.91499    3.701
 2918.00    0.54654   0.91228    3.701
 2919.00    0.84842   0.90949    3.701
 2920.00    0.91858   0.90630    3.701
 2921.00    1.26009   0.90320    3.701
 2922.00    1.18512   0.90010    3.701
 2923.00    0.84397   0.89726    3.701
 2924.00    0.80360   0.89477    3.701
 2925.00    0.63170   0.89259    3.701
 2926.00    0.65951   0.89095    3.701
 2927.00    0.77060   0.88957    3.701
 2928.00    0.76496   0.88871    3.701
 2929.00    0.74375   0.88799    3.701
 2930.00    0.74615   0.88762    3.701
 2931.00    0.75466   0.88728    3.701
 2932.00    0.73027   0.88709    3.701
 2933.00    0.64837   0.88684    3.701
 2934.00    0.69632   0.88655    3.701
 2935.00    0.84858   0.88615    3.701
 2936.00    0.86918   0.88559    3.701
 2937.00    0.93116   0.88494    3.701
 2938.00    0.76453   0.88411    3.701
 2939.00    0.28848   0.88322    3.701
 2940.00    0.39886   0.88222    3.701
 2941.00    0.69877   0.88123    3.701
 2942.00    0.72194   0.88027    3.701
 2943.00    0.78189   0.87939    3.701
 2944.00    0.78694   0.87865    3.701
 2945.00    0.79937   0.87802    3.701
 2946.00    0.82596   0.87761    3.701
 2947.00    0.88833   0.87729    3.701
 2948.00    0.90888   0.87720    3.701
 2949.00    0.95490   0.87719    3.701
 2950.00    0.88210   0.87736    3.701
 2951.00    0.72623   0.87759    3.701
 2952.00    0.77671   0.87799    3.701
 2953.00    0.87996   0.87845    3.701
 2954.00    0.72110   0.87906    3.701
 2955.00    0.41013   0.87975    3.701
 2956.00    0.58762   0.88059    3.701
 2957.00    0.91995   0.88150    3.701
 2958.00    0.87595   0.88254    3.701
 2959.00    0.79703   0.88362    3.701
 2960.00    0.60708   0.88477    3.701
 2961.00    0.28041   0.88593    3.701
 2962.00    0.44409   0.88705    3.701
 2963.00    0.71379   0.88814    3.701
 2964.00    0.70076   0.88912    3.701
 2965.00    0.68018   0.89004    3.701
 2966.00    0.88291   0.89082    3.701
 2967.00    1.19026   0.89154    3.701
 2968.00    1.00445   0.89213    3.701
 2969.00    0.73399   0.89267    3.701
 2970.00    0.61415   0.89312    3.701
 2971.00    0.44659   0.89355    3.701
 2972.00    0.64827   0.89394    3.701
 2973.00    0.91891   0.89433    3.701
 2974.00    0.86877   0.89470    3.701
 2975.00    0.80417   0.89508    3.701
 2976.00    0.87617   0.89547    3.701
 2977.00    0.96531   0.89587    3.701
 2978.00    0.86540   0.89629    3.701
 2979.00    0.74648   0.89671    3.701
 2980.00    0.70316   0.89714    3.701
 2981.00    0.65359   0.89758    3.701
 2982.00    0.80408   0.89801    3.701
 2983.00    0.96954   0.89843    3.701
 2984.00    0.97215   0.89884    3.701
 2985.00    0.97492   0.89924    3.701
 2986.00    0.79541   0.89963    3.701
 2987.00    0.61307   0.90002    3.701
 2988.00    0.66411   0.90041    3.701
 2989.00    0.71398   0.90080    3.701
 2990.00    0.96271   0.90123    3.701
 2991.00    1.19614   0.90169    3.701
 2992.00    1.16498   0.90223    3.701
 2993.00    1.13686   0.90282    3.701
 2994.00    1.25324   0.90354    3.701
 2995.00    1.35413   0.90434    3.701
 2996.00    0.88672   0.90530    3.701
 2997.00    0.49714   0.90633    3.701
 2998.00    0.65766   0.90750    3.701
 2999.00    0.78627   0.90873    3.701
 3000.00    1.01071   0.91002    3.701
 3001.00    1.18338   0.91133    3.701
 3002.00    0.79739   0.91259    3.701
 3003.00    0.51204   0.91382    3.701
 3004.00    0.94425   0.91492    3.701
 3005.00    1.25091   0.91595    3.701
 3006.00    1.18599   0.91682    3.701
 3007.00    1.14174   0.91761    3.701
 3008.00    0.74728   0.91827    3.701
 3009.00    0.48919   0.91886    3.701
 3010.00    0.54140   0.91936    3.701
 3011.00    0.57416   0.91981    3.701
 3012.00    0.64085   0.92023    3.701
 3013.00    0.68094   0.92063    3.701
 3014.00    0.81507   0.92102    3.701
 3015.00    0.89241   0.92141    3.701
 3016.00    1.08480   0.92182    3.701
 3017.00    1.19114   0.92223    3.701
 3018.00    1.24094   0.92265    3.701
 3019.00    1.26731   0.92309    3.701
 3020.00    1.22330   0.92353    3.701
 3021.00    1.20101   0.92398    3.701
 3022.00    1.20723   0.92441    3.701
 3023.00    1.21023   0.92485    3.701
 3024.00    1.02306   0.92527    3.701
 3025.00    0.93643   0.92568    3.701
 3026.00    0.76797   0.92607    3.701
 3027.00    0.69347   0.92646    3.701
 3028.00    0.51661   0.92684    3.701
 3029.00    0.44194   0.92721    3.701
 3030.00    0.58630   0.92762    3.701
 3031.00    0.64437   0.92802    3.701
 3032.00    0.74857   0.92848    3.701
 3033.00    0.78846   0.92896    3.701
 3034.00    1.01791   0.92953    3.701
 3035.00    1.10152   0.93013    3.701
 3036.00    1.07308   0.93083    3.701
 3037.00    1.06323   0.93158    3.701
 3038.00    1.01003   0.93240    3.701
 3039.00    0.99255   0.93326    3.701
 3040.00    1.15006   0.93415    3.701
 3041.00    1.19913   0.93506    3.701
 3042.00    0.64497   0.93592    3.701
 3043.00    0.48173   0.93679    3.701
 3044.00    0.69522   0.93756    3.701
 3045.00    0.75466   0.93831    3.701
 3046.00    0.87784   0.93895    3.701
 3047.00    0.91019   0.93954    3.701
 3048.00    0.68287   0.94004    3.701
 3049.00    0.62674   0.94050    3.701
 3050.00    0.70386   0.94087    3.701
 3051.00    0.72174   0.94121    3.701
 3052.00    0.85419   0.94148    3.701
 3053.00    0.88292   0.94171    3.701
 3054.00    0.56222   0.94187    3.701
 3055.00    0.49725   0.94200    3.701
 3056.00    1.05204   0.94206    3.701
 3057.00    1.15669   0.94209    3.701
 3058.00    0.89043   0.94207    3.701
 3059.00    0.84393   0.94202    3.701
 3060.00    0.78404   0.94197    3.701
 3061.00    0.77440   0.94189    3.701
 3062.00    1.42127   0.94184    3.701
 3063.00    1.51700   0.94179    3.701
 3064.00    0.95900   0.94180    3.701
 3065.00    0.88353   0.94182    3.701
 3066.00    0.81384   0.94192    3.701
 3067.00    0.80529   0.94204    3.701
 3068.00    0.66784   0.94222    3.701
 3069.00    0.65267   0.94243    3.701
 3070.00    0.24588   0.94270    3.701
 3071.00    0.20597   0.94298    3.701
 3072.00    0.82692   0.94332    3.701
 3073.00    0.88061   0.94367    3.701
 3074.00    0.95629   0.94407    3.701
 3075.00    0.96197   0.94450    3.701
 3076.00    1.18437   0.94496    3.701
 3077.00    1.19852   0.94545    3.701
 3078.00    1.01891   0.94596    3.701
 3079.00    1.00945   0.94650    3.701
 3080.00    1.25046   0.94704    3.701
 3081.00    1.26052   0.94759    3.701
 3082.00    1.20740   0.94813    3.701
 3083.00    1.20574   0.94867    3.701
 3084.00    0.50129   0.94917    3.701
 3085.00    0.48654   0.94966    3.701
 3086.00    0.70920   0.95012    3.701
 3087.00    0.71156   0.95056    3.701
 3088.00    0.81677   0.95099    3.701
 3089.00    0.81644   0.95139    3.701
 3090.00    0.77329   0.95181    3.701
 3091.00    0.77242   0.95222    3.701
 3092.00    0.72765   0.95267    3.701
 3093.00    0.72985   0.95312    3.701
 3094.00    0.80398   0.95364    3.701
 3095.00    0.80785   0.95417    3.701
 3096.00    0.90362   0.95477    3.701
 3097.00    0.89293   0.95540    3.701
 3098.00    0.68471   0.95607    3.701
 3099.00    0.69030   0.95678    3.701
 3100.00    0.78009   0.95747    3.701
 3101.00    0.82984   0.95819    3.701
 3102.00    1.50797   0.95884    3.701
 3103.00    1.43881   0.95950    3.701
 3104.00    0.62271   0.96006    3.701
 3105.00    0.61207   0.96058    3.701
 3106.00    0.50198   0.96099    3.701
 3107.00    0.55339   0.96135    3.701
 3108.00    1.02581   0.96158    3.701
 3109.00    1.01271   0.96175    3.701
 3110.00    0.90439   0.96175    3.701
 3111.00    0.91769   0.96171    3.701
 3112.00    1.01740   0.96141    3.701
 3113.00    0.98821   0.96107    3.701
 3114.00    0.78831   0.96044    3.701
 3115.00    0.68607   0.95972    3.701
 3116.00    0.04452   0.95874   -1.000
 3117.00    0.17666   0.95762    3.701
 3118.00    0.94065   0.95634    3.701
 3119.00    0.97934   0.95489    3.701
 3120.00    1.18672   0.95347    3.701
 3121.00    1.18914   0.95188    3.701
 3122.00    1.20117   0.95051    3.701
 3123.00    1.08613   0.94905    3.701
 3124.00    0.55122   0.94788    3.701
 3125.00    0.66473   0.94675    3.701
 3126.00    1.15899   0.94587    3.701
 3127.00    1.12782   0.94514    3.701
 3128.00    1.00058   0.94457    3.701
 3129.00    0.97402   0.94416    3.701
 3130.00    0.87201   0.94383    3.701
 3131.00    0.85416   0.94364    3.701
 3132.00    0.78950   0.94345    3.701
 3133.00    0.87403   0.94334    3.701
 3134.00    1.16299   0.94319    3.701
 3135.00    1.11127   0.94307    3.701
 3136.00    0.94392   0.94291    3.701
 3137.00    0.86672   0.94274    3.701
 3138.00    0.63024   0.94254    3.701
 3139.00    0.77148   0.94231    3.701
 3140.00    1.18227   0.94209    3.701
 3141.00    1.16911   0.94184    3.701
 3142.00    1.13272   0.94164    3.701
 3143.00    1.19025   0.94142    3.701
 3144.00    1.34145   0.94126    3.701
 3145.00    1.18405   0.94111    3.701
 3146.00    0.79042   0.94103    3.701
 3147.00    0.77290   0.94098    3.701
 3148.00    0.73111   0.94101    3.701
 3149.00    0.79616   0.94108    3.701
 3150.00    0.94426   0.94126    3.701
 3151.00    1.02193   0.94146    3.701
 3152.00    1.19087   0.94186    3.701
 3153.00    1.16540   0.94225    3.701
 3154.00    1.11247   0.94294    3.701
 3155.00    0.99061   0.94364    3.701
 3156.00    0.74867   0.94455    3.701
 3157.00    0.77533   0.94557    3.701
 3158.00    0.82603   0.94669    3.701
 3159.00    0.84607   0.94797    3.701
 3160.00    0.88257   0.94919    3.701
 3161.00    0.71338   0.95057    3.701
 3162.00    0.41808   0.95175    3.701
 3163.00    0.51383   0.95301    3.701
 3164.00    0.67391   0.95403    3.701
 3165.00    0.63021   0.95501    3.701
 3166.00    0.56017   0.95575    3.701
 3167.00    0.75554   0.95634    3.701
 3168.00    1.05597   0.95671    3.701
 3169.00    1.19008   0.95689    3.701
 3170.00    1.38808   0.95676    3.701
 3171.00    1.18387   0.95650    3.701
 3172.00    0.89460   0.95570    3.701
 3173.00    0.81469   0.95492    3.701
 3174.00    0.70595   0.95326    3.701
 3175.00    0.97777   0.95159    3.701
 3176.00    1.33285   0.94926    3.701
 3177.00    1.26784   0.94664    3.701
 3178.00    1.18623   0.94378    3.701
 3179.00    0.98602   0.94042    3.701
 3180.00    0.74440   0.93729    3.701
 3181.00    0.80067   0.93366    3.701
 3182.00    0.86590   0.93062    3.701
 3183.00    1.10066   0.92728    3.701
 3184.00    1.36208   0.92466    3.701
 3185.00    1.19925   0.92208    3.701
 3186.00    1.02489   0.92010    3.701
 3187.00    0.93244   0.91846    3.701
 3188.00    0.83725   0.91723    3.701
 3189.00    0.89237   0.91648    3.701
 3190.00    0.94695   0.91605    3.701
 3191.00    1.12606   0.91601    3.701
 3192.00    1.29647   0.91637    3.701
 3193.00    1.21029   0.91694    3.701
 3194.00    1.13153   0.91813    3.701
 3195.00    0.87366   0.91938    3.701
 3196.00    0.64702   0.92121    3.701
 3197.00    0.67336   0.92323    3.701
 3198.00    0.69562   0.92543    3.701
 3199.00    0.92950   0.92800    3.701
 3200.00    1.11950   0.93039    3.701
 3201.00    0.97842   0.93318    3.701
 3202.00    0.86836   0.93550    3.701
 3203.00    0.91817   0.93806    3.701
 3204.00    0.95548   0.94008    3.701
 3205.00    0.90191   0.94208    3.701
 3206.00    0.86337   0.94362    3.701
 3207.00    0.73503   0.94489    3.701
 3208.00    0.64633   0.94583    3.701
 3209.00    0.81754   0.94636    3.701
 3210.00    0.93105   0.94659    3.701
 3211.00    0.89197   0.94647    3.701
 3212.00    0.86709   0.94586    3.701
 3213.00    0.76319   0.94511    3.701
 3214.00    0.69980   0.94350    3.701
 3215.00    0.70613   0.94199    3.701
 3216.00    0.70983   0.93952    3.701
 3217.00    0.77044   0.93689    3.701
 3218.00    0.80444   0.93406    3.701
 3219.00    0.71232   0.93067    3.701
 3220.00    0.66285   0.92760    3.701
 3221.00    0.65395   0.92393    3.701
 3222.00    0.64937   0.92095    3.701
 3223.00    0.93774   0.91759    3.701
 3224.00    1.07951   0.91501    3.701
 3225.00    0.91585   0.91245    3.701
 3226.00    0.83890   0.91051    3.701
 3227.00    1.00820   0.90898    3.701
 3228.00    1.08428   0.90788    3.701
 3229.00    0.81172   0.90740    3.701
 3230.00    0.69489   0.90731    3.701
 3231.00    0.67528   0.90782    3.701
 3232.00    0.66727   0.90903    3.701
 3233.00    0.88839   0.91043    3.701
 3234.00    0.97449   0.91317    3.701
 3235.00    0.75329   0.91562    3.701
 3236.00    0.67126   0.91979    3.701
 3237.00    0.86493   0.92411    3.701
 3238.00    0.93324   0.92869    3.701
 3239.00    0.92141   0.93419    3.701
 3240.00    0.91745   0.93912    3.701
 3241.00    0.93568   0.94508    3.701
 3242.00    0.94146   0.94988    3.701
 3243.00    1.07894   0.95541    3.701
 3244.00    1.12023   0.95968    3.701
 3245.00    1.25351   0.96408    3.701
 3246.00    1.29136   0.96757    3.701
 3247.00    1.07469   0.97065    3.701
 3248.00    1.01659   0.97331    3.701
 3249.00    1.23718   0.97533    3.701
 3250.00    1.29282   0.97748    3.701
 3251.00    1.23287   0.97880    3.701
 3252.00    1.21868   0.98064    3.701
 3253.00    0.86324   0.98198    3.701
 3254.00    0.78435   0.98409    3.701
 3255.00    0.78270   0.98572    3.701
 3256.00    0.78235   0.98845    3.701
 3257.00    0.82733   0.99111    3.701
 3258.00    0.83602   0.99388    3.701
 3259.00    0.61288   0.99719    3.701
 3260.00    0.57285   1.00011    3.701
 3261.00    1.06750   1.00367    3.701
 3262.00    1.14943   1.00650    3.701
 3263.00    0.77780   1.00978    3.701
 3264.00    0.72112   1.01230    3.701
 3265.00    0.89524   1.01488    3.701
 3266.00    0.91956   1.01693    3.701
 3267.00    1.20561   1.01866    3.701
 3268.00    1.24189   1.02015    3.701
 3269.00    0.92212   1.02109    3.701
 3270.00    0.88549   1.02202    3.701
 3271.00    1.28336   1.02237    3.701
 3272.00    1.32405   1.02268    3.701
 3273.00    1.02535   1.02276    3.701
 3274.00    0.99831   1.02262    3.701
 3275.00    1.07563   1.02247    3.701
 3276.00    1.08174   1.02201    3.701
 3277.00    0.58308   1.02154    3.701
 3278.00    0.54942   1.02099    3.701
 3279.00    0.81843   1.02031    3.701
 3280.00    0.83356   1.01972    3.701
 3281.00    1.17130   1.01897    3.701
 3282.00    1.18665   1.01839    3.701
 3283.00    0.93684   1.01769    3.701
 3284.00    0.92813   1.01718    3.701
 3285.00    1.04485   1.01663    3.701
 3286.00    1.04771   1.01622    3.701
 3287.00    0.80192   1.01585    3.701
 3288.00    0.79845   1.01551    3.701
 3289.00    1.27050   1.01529    3.701
 3290.00    1.27040   1.01502    3.701
 3291.00    0.94046   1.01484    3.701
 3292.00    0.93945   1.01455    3.701
 3293.00    0.87608   1.01433    3.701
 3294.00    0.87176   1.01393    3.701
 3295.00    0.70741   1.01362    3.701
 3296.00    0.70741   1.01303    3.701
 3297.00    0.70741   1.01248    3.701
 3298.00    0.70741   1.01185    3.701
 3299.00    0.70741   1.01109    3.701
 3300.00    0.70741   1.01046    3.701
 3301.00    0.70741   1.00964    3.701
 3302.00    0.70741   1.00903    3.701
 3303.00    0.70741   1.00828    3.701
 3304.00    0.70741   1.00774    3.701
 3305.00    0.70741   1.00717    3.701
 3306.00    0.73842   1.00674    3.701
 3307.00    1.07241   1.00639    3.701
 3308.00    1.07241   1.00607    3.701
 3309.00    1.07241   1.00595    3.701
 3310.00    1.07241   1.00583    3.701
 3311.00    1.07241   1.00584    3.701
 3312.00    1.07241   1.00592    3.701
 3313.00    1.07241   1.00605    3.701
 3314.00    1.07241   1.00631    3.701
 3315.00    1.07241   1.00663    3.701
 3316.00    1.07241   1.00708    3.701
 3317.00    1.07241   1.00774    3.701
 3318.00    1.04081   1.00838    3.701
 3319.00    0.85307   1.00951    3.701
 3320.00    0.87303   1.01042    3.701
 3321.00    0.98287   1.01197    3.701
 3322.00    1.04013   1.01324    3.701
 3323.00    1.33296   1.01492    3.701
 3324.00    1.26674   1.01636    3.701
 3325.00    0.95145   1.01796    3.701
 3326.00    0.96841   1.01932    3.701
 3327.00    1.04387   1.02047    3.701
 3328.00    1.11955   1.02132    3.701
 3329.00    1.43529   1.02157    3.701
 3330.00    1.37169   1.02123    3.701
 3331.00    1.12215   1.02039    3.701
 3332.00    1.08214   1.01859    3.701
 3333.00    0.93420   1.01688    3.701
 3334.00    0.92015   1.01487    3.701
 3335.00    0.87116   1.01267    3.701
 3336.00    0.85790   1.01120    3.701
 3337.00    0.81420   1.00935    3.701
 3338.00    0.79137   1.00789    3.701
 3339.00    0.72012   1.00708    3.701
 3340.00    0.72609   1.00560    3.701
 3341.00    0.74375   1.00561    3.701
 3342.00    0.66001   1.00413    3.701
 3343.00    0.42469   1.00443    3.701
 3344.00    0.49863   1.00207    3.701
 3345.00    0.69631   1.00237    3.701
 3346.00    0.83893   0.99940    3.701
 3347.00    1.20167   0.99840    3.701
 3348.00    1.22870   0.99650    3.701
 3349.00    1.29424   0.99389    3.701
 3350.00    1.22491   0.99295    3.701
 3351.00    1.06450   0.98912    3.701
 3352.00    0.99961   0.98775    3.701
 3353.00    0.85637   0.98378    3.701
 3354.00    0.83243   0.98090    3.701
 3355.00    0.78189   0.97703    3.701
 3356.00    0.89926   0.97186    3.701
 3357.00    1.13590   0.96847    3.701
 3358.00    1.11942   0.96241    3.701
 3359.00    1.08762   0.95908    3.701
 3360.00    1.00832   0.95379    3.701
 3361.00    0.86175   0.95009    3.701
 3362.00    0.91307   0.94613    3.701
 3363.00    1.00388   0.94176    3.701
 3364.00    0.93125   0.93882    3.701
 3365.00    0.80817   0.93450    3.701
 3366.00    0.82296   0.93254    3.701
 3367.00    0.84700   0.92991    3.701
 3368.00    0.99686   0.92906    3.701
 3369.00    1.23063   0.92859    3.701
 3370.00    1.27477   0.92848    3.701
 3371.00    1.34088   0.93021    3.701
 3372.00    1.09611   0.93108    3.701
 3373.00    0.74448   0.93445    3.701
 3374.00    0.83283   0.93676    3.701
 3375.00    0.95463   0.93992    3.701
 3376.00    0.86487   0.94399    3.701
 3377.00    0.74598   0.94681    3.701
 3378.00    0.83397   0.95291    3.701
 3379.00    0.94599   0.95614    3.701
 3380.00    0.94324   0.96292    3.701
 3381.00    0.93988   0.96694    3.701
 3382.00    0.84981   0.97203    3.701
 3383.00    0.74394   0.97649    3.701
 3384.00    0.98801   0.97991    3.701
 3385.00    1.26355   0.98471    3.701
 3386.00    1.14120   0.98757    3.701
 3387.00    1.00837   0.99250    3.701
 3388.00    0.69922   0.99496    3.701
 3389.00    0.37648   0.99869    3.701
 3390.00    0.74939   1.00054    3.701
 3391.00    1.12338   1.00300    3.701
 3392.00    1.15877   1.00508    3.701
 3393.00    1.19291   1.00703    3.701
 3394.00    1.13337   1.00946    3.701
 3395.00    1.07821   1.01042    3.701
 3396.00    1.22233   1.01209    3.701
 3397.00    1.35075   1.01185    3.701
 3398.00    1.26152   1.01177    3.701
 3399.00    1.18507   1.01111    3.701
 3400.00    0.93140   1.00981    3.701
 3401.00    0.72266   1.00862    3.701
 3402.00    0.77692   1.00632    3.701
 3403.00    0.81981   1.00419    3.701
 3404.00    0.87399   1.00126    3.701
 3405.00    0.91515   0.99851    3.701
 3406.00    1.03349   0.99643    3.701
 3407.00    1.11985   0.99473    3.701
 3408.00    0.99693   0.99380    3.701
 3409.00    0.91077   0.99375    3.701
 3410.00    0.97641   0.99396    3.701
 3411.00    1.02055   0.99508    3.701
 3412.00    0.99960   0.99676    3.701
 3413.00    0.98609   0.99910    3.701
 3414.00    0.85410   1.00253    3.701
 3415.00    0.77240   1.00608    3.701
 3416.00    0.93948   1.01061    3.701
 3417.00    1.03868   1.01463    3.701
 3418.00    1.21678   1.01917    3.701
 3419.00    1.31817   1.02277    3.701
 3420.00    1.12396   1.02658    3.701
 3421.00    1.01809   1.02977    3.701
 3422.00    0.69780   1.03303    3.701
 3423.00    0.53075   1.03568    3.701
 3424.00    0.91919   1.03832    3.701
 3425.00    1.11313   1.03985    3.701
 3426.00    1.37109   1.04160    3.701
 3427.00    1.49430   1.04176    3.701
 3428.00    1.10938   1.04171    3.701
 3429.00    0.93381   1.04040    3.701
 3430.00    0.91404   1.03840    3.701
 3431.00    0.90543   1.03623    3.701
 3432.00    0.88657   1.03217    3.701
 3433.00    0.87873   1.02942    3.701
 3434.00    0.92176   1.02350    3.701
 3435.00    0.93881   1.01889    3.701
 3436.00    0.95607   1.01147    3.701
 3437.00    0.96259   1.00534    3.701
 3438.00    1.20790   0.99833    3.701
 3439.00    1.29586   0.99228    3.701
 3440.00    1.17561   0.98752    3.701
 3441.00    1.13464   0.98334    3.701
 3442.00    0.97001   0.98074    3.701
 3443.00    0.91684   0.97820    3.701
 3444.00    0.70206   0.97813    3.701
 3445.00    0.63631   0.97803    3.701
 3446.00    0.65361   0.97987    3.701
 3447.00    0.65863   0.98197    3.701
 3448.00    0.82420   0.98387    3.701
 3449.00    0.86943   0.98606    3.701
 3450.00    1.32032   0.98698    3.701
 3451.00    1.43629   0.98863    3.701
 3452.00    1.12020   0.98951    3.701
 3453.00    1.04371   0.99015    3.701
 3454.00    1.17898   0.99073    3.701
 3455.00    1.20970   0.98880    3.701
 3456.00    1.04753   0.98853    3.701
 3457.00    1.01306   0.98670    3.701
 3458.00    1.08469   0.98642    3.701
 3459.00    1.09887   0.98642    3.701
 3460.00    1.26923   0.98675    3.701
 3461.00    1.30054   0.98889    3.701
 3462.00    1.36002   0.98892    3.701
 3463.00    1.37015   0.99123    3.701
 3464.00    1.46307   0.99206    3.701
 3465.00    1.47766   0.99396    3.701
 3466.00    0.95019   0.99566    3.701
 3467.00    0.87416   0.99682    3.701
 3468.00    0.69598   0.99903    3.701
 3469.00    0.67261   0.99901    3.701
 3470.00    1.20221   0.99941    3.701
 3471.00    1.26497   0.99856    3.701
 3472.00    1.29709   0.99729    3.701
 3473.00    1.30050   0.99659    3.701
 3474.00    0.68641   0.99522    3.701
 3475.00    0.62832   0.99552    3.701
 3476.00    0.84008   0.99502    3.701
 3477.00    0.85760   0.99538    3.701
 3478.00    1.29558   0.99589    3.701
 3479.00    1.32685   0.99595    3.701
 3480.00    1.48677   0.99705    3.701
 3481.00    1.49637   0.99755    3.701
 3482.00    0.90142   0.99939    3.701
 3483.00    0.87216   1.00025    3.701
 3484.00    1.56112   1.00196    3.701
 3485.00    1.58768   1.00210    3.701
 3486.00    0.48420   1.00185    3.701
 3487.00    0.45346   1.00037    3.701
 3488.00    1.17918   0.99866    3.701
 3489.00    1.19180   0.99766    3.701
 3490.00    2.32251   0.99577   -1.000
 3491.00    2.32760   0.99546   -1.000
 3492.00    1.00000   0.99325    3.701
 3493.00    1.00383   0.99222    3.701
 3494.00    1.31376   0.99095    3.701
 3495.00    1.31194   0.99006    3.701
 3496.00    1.23197   0.99177    3.701
 3497.00    1.23349   0.99183    3.701
 3498.00    1.27915   0.99362    3.701
 3499.00    1.25921   0.99411    3.701
 3500.00    0.80440   0.99514    3.701
 3501.00    0.81301   0.99682    3.701
 3502.00    0.97081   0.99681    3.701
 3503.00    0.96599   0.99840    3.701
 3504.00    0.89252   0.99708    3.701
 3505.00    0.87440   0.99697    3.701
 3506.00    0.63915   0.99580    3.701
 3507.00    0.69112   0.99454    3.701
 3508.00    1.27642   0.99422    3.701
 3509.00    1.27938   0.99149    3.701
 3510.00    1.30884   0.99131    3.701
 3511.00    1.28055   0.98817    3.701
 3512.00    1.02896   0.98777    3.701
 3513.00    1.03498   0.98748    3.701
 3514.00    1.08313   0.98641    3.701
 3515.00    1.07756   0.98780    3.701
 3516.00    1.03707   0.98562    3.701
 3517.00    1.04402   0.98618    3.701
 3518.00    1.09015   0.98430    3.701
 3519.00    1.04193   0.98366    3.701
 3520.00    0.74724   0.98412    3.701
 3521.00    0.70523   0.98259    3.701
 3522.00    0.46791   0.98307    3.701
 3523.00    0.63816   0.98154    3.701
 3524.00    1.52937   0.98191    3.701
 3525.00    1.40186   0.98245    3.701
 3526.00    0.78005   0.98441    3.701
 3527.00    0.80837   0.98734    3.701
 3528.00    0.93723   0.98993    3.701
 3529.00    0.96234   0.99374    3.701
 3530.00    1.06941   0.99724    3.701
 3531.00    1.07896   1.00303    3.701
 3532.00    1.11720   1.00811    3.701
 3533.00    1.14574   1.01453    3.701
 3534.00    1.25329   1.01989    3.701
 3535.00    1.17211   1.02494    3.701
 3536.00    0.88380   1.03072    3.701
 3537.00    0.77619   1.03528    3.701
 3538.00    0.41490   1.04123    3.701
 3539.00    0.56614   1.04464    3.701
 3540.00    1.04702   1.04900    3.701
 3541.00    1.02895   1.05225    3.701
 3542.00    0.97446   1.05505    3.701
 3543.00    1.05249   1.05825    3.701
 3544.00    1.27573   1.05947    3.701
 3545.00    1.31014   1.06109    3.701
 3546.00    1.40364   1.06132    3.701
 3547.00    1.32159   1.06150    3.701
 3548.00    1.10936   1.06181    3.701
 3549.00    1.01883   1.06134    3.701
 3550.00    0.79564   1.06031    3.701
 3551.00    0.81922   1.05876    3.701
 3552.00    0.87466   1.05632    3.701
 3553.00    1.00188   1.05498    3.701
 3554.00    1.28725   1.05325    3.701
 3555.00    1.29926   1.05069    3.701
 3556.00    1.32497   1.04845    3.701
 3557.00    1.30234   1.04405    3.701
 3558.00    1.25598   1.04118    3.701
 3559.00    1.21402   1.03743    3.701
 3560.00    1.13179   1.03324    3.701
 3561.00    1.17245   1.02994    3.701
 3562.00    1.24865   1.02218    3.701
 3563.00    1.10730   1.01637    3.701
 3564.00    0.85346   1.00871    3.701
 3565.00    0.80439   1.00262    3.701
 3566.00    0.72001   0.99702    3.701
 3567.00    0.81925   0.98876    3.701
 3568.00    0.98294   0.98219    3.701
 3569.00    1.05682   0.97384    3.701
 3570.00    1.17374   0.96829    3.701
 3571.00    1.12980   0.96268    3.701
 3572.00    1.06311   0.95738    3.701
 3573.00    1.08739   0.95260    3.701
 3574.00    1.12277   0.94731    3.701
 3575.00    1.24846   0.94323    3.701
 3576.00    1.42419   0.93929    3.701
 3577.00    1.35742   0.93558    3.701
 3578.00    1.26774   0.93177    3.701
 3579.00    1.15174   0.92805    3.701
 3580.00    1.00200   0.92457    3.701
 3581.00    1.05263   0.92324    3.701
 3582.00    1.11539   0.92173    3.701
 3583.00    1.06026   0.92092    3.701
 3584.00    0.99462   0.92074    3.701
 3585.00    0.70763   0.92155    3.701
 3586.00    0.37917   0.92522    3.701
 3587.00    0.50049   0.92904    3.701
 3588.00    0.63400   0.93544    3.701
 3589.00    0.82373   0.94183    3.701
 3590.00    1.02451   0.94888    3.701
 3591.00    1.02571   0.95694    3.701
 3592.00    1.02693   0.96442    3.701
 3593.00    1.04966   0.97379    3.701
 3594.00    1.07187   0.98169    3.701
 3595.00    1.16579   0.98895    3.701
 3596.00    1.25402   0.99531    3.701
 3597.00    1.06462   0.99981    3.701
 3598.00    0.89352   1.00411    3.701
 3599.00    0.98119   1.00637    3.701
 3600.00    1.05727   1.00743    3.701
 3601.00    1.08563   1.00753    3.701
 3602.00    1.10928   1.00561    3.701
 3603.00    1.24221   1.00444    3.701
 3604.00    1.34871   1.00199    3.701
 3605.00    1.19904   0.99913    3.701
 3606.00    1.08378   0.99671    3.701
 3607.00    1.17765   0.99292    3.701
 3608.00    1.24711   0.99159    3.701
 3609.00    1.46482   0.99000    3.701
 3610.00    1.61944   0.98844    3.701
 3611.00    1.52694   0.98825    3.701
 3612.00    1.46383   0.98703    3.701
 3613.00    1.27684   0.98852    3.701
 3614.00    1.15450   0.99017    3.701
 3615.00    0.96448   0.99118    3.701
 3616.00    0.84516   0.99369    3.701
 3617.00    1.04651   0.99504    3.701
 3618.00    1.16783   0.99943    3.701
 3619.00    1.27109   1.00342    3.701
 3620.00    1.33070   1.00809    3.701
 3621.00    1.29225   1.01271    3.701
 3622.00    1.27100   1.01549    3.701
 3623.00    1.29190   1.02041    3.701
 3624.00    1.30296   1.02355    3.701
 3625.00    0.95969   1.02874    3.701
 3626.00    0.78566   1.03174    3.701
 3627.00    0.74228   1.03295    3.701
 3628.00    0.72124   1.03400    3.701
 3629.00    0.74205   1.03244    3.701
 3630.00    0.75170   1.03415    3.701
 3631.00    0.93542   1.03306    3.701
 3632.00    1.01667   1.03347    3.701
 3633.00    1.28876   1.03191    3.701
 3634.00    1.40364   1.02886    3.701
 3635.00    1.27280   1.02894    3.701
 3636.00    1.22011   1.02643    3.701
 3637.00    1.37700   1.02792    3.701
 3638.00    1.43721   1.02651    3.701
 3639.00    1.49589   1.02519    3.701
 3640.00    1.51731   1.02455    3.701
 3641.00    1.54064   1.02213    3.701
 3642.00    1.54873   1.02295    3.701
 3643.00    1.09700   1.02182    3.701
 3644.00    0.94837   1.02226    3.701
 3645.00    0.92568   1.02198    3.701
 3646.00    0.91860   1.02191    3.701
 3647.00    0.88906   1.02384    3.701
 3648.00    0.88034   1.02527    3.701
 3649.00    0.90615   1.02937    3.701
 3650.00    0.91334   1.03260    3.701
 3651.00    1.26022   1.03707    3.701
 3652.00    1.35132   1.04209    3.701
 3653.00    1.36263   1.04655    3.701
 3654.00    1.36542   1.05246    3.701
 3655.00    1.40167   1.05729    3.701
 3656.00    1.41009   1.06199    3.701
 3657.00    1.20548   1.06621    3.701
 3658.00    1.16103   1.06925    3.701
 3659.00    0.87785   1.07178    3.701
 3660.00    0.82038   1.07383    3.701
 3661.00    1.00339   1.07395    3.701
 3662.00    1.03791   1.07451    3.701
 3663.00    1.18990   1.07402    3.701
 3664.00    1.21649   1.07286    3.701
 3665.00    1.22638   1.07261    3.701
 3666.00    1.22798   1.06967    3.701
 3667.00    0.85365   1.06847    3.701
 3668.00    0.79814   1.06651    3.701
 3669.00    0.96776   1.06409    3.701
 3670.00    0.99070   1.06340    3.701
 3671.00    1.15642   1.05985    3.701
 3672.00    1.17678   1.05815    3.701
 3673.00    1.21873   1.05555    3.701
 3674.00    1.22337   1.05202    3.701
 3675.00    1.08282   1.05033    3.701
 3676.00    1.06895   1.04635    3.701
 3677.00    0.79544   1.04389    3.701
 3678.00    0.77171   1.04069    3.701
 3679.00    0.78165   1.03694    3.701
 3680.00    0.78239   1.03465    3.701
 3681.00    1.06116   1.03235    3.701
 3682.00    1.07898   1.03091    3.701
 3683.00    0.58900   1.02971    3.701
 3684.00    0.56305   1.02891    3.701
 3685.00    0.68029   1.02835    3.701
 3686.00    0.68525   1.03065    3.701
 3687.00    0.77660   1.03225    3.701
 3688.00    0.77947   1.03529    3.701
 3689.00    0.31240   1.03846    3.701
 3690.00    0.30262   1.04005    3.701
 3691.00    0.91780   1.04578    3.701
 3692.00    0.92448   1.04863    3.701
 3693.00    1.50817   1.05321    3.701
 3694.00    1.50680   1.05666    3.701
 3695.00    1.29401   1.05647    3.701
 3696.00    1.29363   1.05998    3.701
 3697.00    1.27392   1.05864    3.701
 3698.00    1.27668   1.05960    3.701
 3699.00    1.36984   1.05875    3.701
 3700.00    1.35456   1.05389    3.701
 3701.00    0.97365   1.05273    3.701
 3702.00    0.98302   1.04692    3.701
 3703.00    1.16756   1.04465    3.701
 3704.00    1.15723   1.04183    3.701
 3705.00    0.99059   1.03737    3.701
 3706.00    1.00468   1.03716    3.701
 3707.00    1.19667   1.03493    3.701
 3708.00    1.19392   1.03540    3.701
 3709.00    1.16141   1.03682    3.701
 3710.00    1.13137   1.03811    3.701
 3711.00    0.81965   1.04210    3.701
 3712.00    0.83587   1.04551    3.701
 3713.00    0.98571   1.04818    3.701
 3714.00    0.98938   1.05102    3.701
 3715.00    1.01978   1.05343    3.701
 3716.00    0.99843   1.05618    3.701
 3717.00    0.83836   1.05877    3.701
 3718.00    0.80872   1.05962    0.000
 3719.00    0.60581   1.05978    0.000
 3720.00    0.73836   1.06078    0.000
 3721.00    1.57185   1.06173    0.000
 3722.00    1.69610   1.06423    0.000
 3723.00    2.41724   1.06568    0.000
 3724.00    2.66649   1.06622    0.000
 3725.00    4.00499   1.06734    0.000
 3726.00    3.97982   1.06776    0.000
 3727.00    3.85422   1.06955    0.000
 3728.00    3.87956   1.06979    0.000
 3729.00    3.99754   1.06904    0.000
 3730.00    3.66627   1.06751    0.000
 3731.00    2.22149   1.06609    0.000
 3732.00    2.27801   1.06576    0.000
 3733.00    2.50908   1.06599    0.000
 3734.00    2.27909   1.06747    0.000
 3735.00    1.39423   1.06912    0.000
 3736.00    1.51911   1.07306    0.000
 3737.00    1.97157   1.07757    0.000
 3738.00    1.87859   1.08332    3.701
 3739.00    1.56029   1.08992    3.701
 3740.00    1.51591   1.09511    3.701
 3741.00    1.37210   1.10006    3.701
 3742.00    1.38153   1.10342    3.701
 3743.00    1.41044   1.10538    3.701
 3744.00    1.32877   1.10710    3.701
 3745.00    1.09092   1.10724    3.701
 3746.00    1.19337   1.10629    3.701
 3747.00    1.47659   1.10624    3.701
 3748.00    1.26372   1.10713    3.701
 3749.00    0.70361   1.11071    3.701
 3750.00    0.83147   1.11694    3.701
 3751.00    1.15200   1.12468    3.701
 3752.00    1.18022   1.13523    3.701
 3753.00    1.24761   1.14927    3.701
 3754.00    1.18889   1.16420    3.701
 3755.00    1.05520   1.18107    3.701
 3756.00    1.03235   1.19702    3.701
 3757.00    0.98264   1.21117    3.701
 3758.00    1.07468   1.22506    3.701
 3759.00    1.26609   1.23484    3.701
 3760.00    1.29521   1.24162    3.701
 3761.00    1.35317   1.24462    3.701
 3762.00    1.25003   1.24364    3.701
 3763.00    1.05378   1.23939    3.701
 3764.00    0.87266   1.23363    3.701
 3765.00    0.54285   1.22527    3.701
 3766.00    0.86389   1.21680    3.701
 3767.00    1.42419   1.20998    3.701
 3768.00    1.41472   1.20241    3.701
 3769.00    1.39888   1.20136    3.701
 3770.00    1.48913   1.20360    3.701
 3771.00    1.63404   1.20999    3.701
 3772.00    1.57698   1.22409    3.701
 3773.00    1.48915   1.23898    3.701
 3774.00    1.28339   1.26210    3.701
 3775.00    0.97960   1.28985    3.701
 3776.00    1.29154   1.31821    3.701
 3777.00    1.73384   1.35171    3.701
 3778.00    1.59649   1.38118    3.701
 3779.00    1.40940   1.41159    3.701
 3780.00    1.43927   1.44064    3.701
 3781.00    1.47832   1.46310    3.701
 3782.00    1.48383   1.48343    3.701
 3783.00    1.49076   1.49506    3.701
 3784.00    1.43331   1.50072    3.701
 3785.00    1.36396   1.50091    3.701
 3786.00    1.17079   1.49283    3.701
 3787.00    0.94664   1.47945    3.701
 3788.00    1.07906   1.46011    3.701
 3789.00    1.22679   1.43508    3.701
 3790.00    1.42504   1.40745    3.701
 3791.00    1.63754   1.37755    3.701
 3792.00    1.63733   1.34596    3.701
 3793.00    1.63711   1.31708    3.701
 3794.00    1.38262   1.28987    3.701
 3795.00    1.13060   1.26611    3.701
 3796.00    1.11522   1.24917    0.000
 3797.00    1.10056   1.23703    0.000
 3798.00    1.05341   1.23401    0.000
 3799.00    1.01022   1.23917    0.000
 3800.00    1.05452   1.24928    0.000
 3801.00    1.09350   1.26898    0.000
 3802.00    1.26024   1.29318    0.000
 3803.00    1.40114   1.32424    3.701
 3804.00    1.56383   1.36002    3.701
 3805.00    1.69600   1.39487    3.701
 3806.00    1.52288   1.43436    3.701
 3807.00    1.38770   1.46964    3.701
 3808.00    1.30580   1.50627    3.701
 3809.00    1.24434   1.53993    3.701
 3810.00    1.27286   1.56603    3.701
 3811.00    1.29340   1.59313    3.701
 3812.00    1.52735   1.60923    3.701
 3813.00    1.68905   1.62446    3.701
 3814.00    1.34955   1.63482    3.701
 3815.00    1.12423   1.63557    3.701
 3816.00    1.36642   1.63725    3.701
 3817.00    1.52072   1.62791    3.701
 3818.00    1.46234   1.61660    3.701
 3819.00    1.42669   1.60322    3.701
 3820.00    1.59868   1.58152    3.701
 3821.00    1.69942   1.56053    3.701
 3822.00    1.75545   1.53115    3.701
 3823.00    1.78689   1.49800    3.701
 3824.00    1.98710   1.46585    3.701
 3825.00    2.09473   1.42818    3.701
 3826.00    1.49348   1.39140    3.701
 3827.00    1.18396   1.35126    3.701
 3828.00    1.16998   1.30858    3.701
 3829.00    1.16310   1.27125    3.701
 3830.00    1.42217   1.23425    3.701
 3831.00    1.54412   1.20096    3.701
 3832.00    1.54982   1.17339    3.701
 3833.00    1.55238   1.14915    0.000
 3834.00    1.73721   1.13460    0.000
 3835.00    1.81654   1.12826    0.000
 3836.00    1.59500   1.12801    0.000
 3837.00    1.50428   1.13878    0.000
 3838.00    1.06629   1.15703    0.000
 3839.00    0.89552   1.18296    0.000
 3840.00    1.07850   1.21859    0.000
 3841.00    1.14635   1.25699    0.000
 3842.00    1.38591   1.30138    3.701
 3843.00    1.47040   1.34965    3.701
 3844.00    1.32039   1.39725    3.701
 3845.00    1.27012   1.44894    3.701
 3846.00    1.39364   1.49641    3.701
 3847.00    1.43291   1.54247    3.701
 3848.00    1.80726   1.58591    3.701
 3849.00    1.91983   1.62402    3.701
 3850.00    1.97177   1.66176    3.701
 3851.00    1.98652   1.69206    3.701
 3852.00    1.83742   1.71898    3.701
 3853.00    1.79745   1.74179    3.701
 3854.00    1.85348   1.76011    3.701
 3855.00    1.86763   1.77798    3.701
 3856.00    1.90904   1.79026    3.701
 3857.00    1.91887   1.80041    3.701
 3858.00    1.82639   1.80860    3.701
 3859.00    1.80582   1.81409    3.701
 3860.00    1.85408   1.82019    3.701
 3861.00    1.86410   1.82251    3.701
 3862.00    1.81237   1.82347    0.000
 3863.00    1.80237   1.82401    0.000
 3864.00    1.81891   1.82204    0.000
 3865.00    1.82188   1.82050    0.000
 3866.00    2.39569   1.81501    0.000
 3867.00    2.49092   1.80776    0.000
 3868.00    1.91974   1.79918    0.000
 3869.00    1.83244   1.78764    0.000
 3870.00    2.22113   1.77512    0.000
 3871.00    2.27542   1.75846    0.000
 3872.00    2.16960   1.74049    3.701
 3873.00    2.15615   1.71941    3.701
 3874.00    1.85856   1.69450    3.701
 3875.00    1.82438   1.66807    3.701
 3876.00    1.68659   1.63643    3.701
 3877.00    1.67245   1.60565    3.701
 3878.00    1.77863   1.57176    3.701
 3879.00    1.78827   1.53411    3.701
 3880.00    1.71579   1.49672    3.701
 3881.00    1.71006   1.45583    3.701
 3882.00    1.25336   1.41833    0.000
 3883.00    1.22241   1.38262    0.000
 3884.00    1.71175   1.34587    0.000
 3885.00    1.73952   1.31600    0.000
 3886.00    1.99049   1.28866    0.000
 3887.00    2.00196   1.26821    0.000
 3888.00    1.66990   1.25636    0.000
 3889.00    1.65832   1.24750    0.000
 3890.00    1.57812   1.24942    0.000
 3891.00    1.57615   1.25840    0.000
 3892.00    0.84737   1.27338    3.701
 3893.00    0.83690   1.29794    3.701
 3894.00    1.82577   1.32714    3.701
 3895.00    1.82936   1.36107    3.701
 3896.00    1.69147   1.40034    3.701
 3897.00    1.69221   1.43845    3.701
 3898.00    1.73883   1.48210    3.701
 3899.00    1.73898   1.52496    3.701
 3900.00    1.74479   1.56706    3.701
 3901.00    1.74337   1.61011    3.701
 3902.00    1.70461   1.64728    3.701
 3903.00    1.70731   1.68686    3.701
 3904.00    1.76488   1.72228    3.701
 3905.00    1.74614   1.75445    3.701
 3906.00    1.42385   1.78698    3.701
 3907.00    1.44964   1.81265    3.701
 3908.00    1.82103   1.83822    3.701
 3909.00    1.81638   1.86038    3.701
 3910.00    1.75869   1.87814    3.701
 3911.00    1.76317   1.89673    3.701
 3912.00    1.81166   1.90969    3.701
 3913.00    1.81635   1.91987    3.701
 3914.00    1.86129   1.92814    3.701
 3915.00    1.88264   1.93208    3.701
 3916.00    2.06607   1.93423    3.701
 3917.00    2.05964   1.93320    3.701
 3918.00    2.00976   1.92840    3.701
 3919.00    2.03151   1.92211    3.701
 3920.00    2.18519   1.91205    3.701
 3921.00    2.15415   1.89897    3.701
 3922.00    1.95321   1.88334    3.701
 3923.00    1.94378   1.86393    3.701
 3924.00    1.88764   1.84371    3.701
 3925.00    1.90137   1.82170    3.701
 3926.00    1.97691   1.79765    3.701
 3927.00    1.96151   1.77397    3.701
 3928.00    1.88273   1.74936    3.701
 3929.00    1.86079   1.72651    3.701
 3930.00    1.75619   1.70631    3.701
 3931.00    1.74081   1.68720    3.701
 3932.00    1.67219   1.67472    3.701
 3933.00    1.73179   1.66571    3.701
 3934.00    1.98083   1.66020    3.701
 3935.00    1.86254   1.66147    3.701
 3936.00    1.39849   1.66436    3.701
 3937.00    1.46127   1.67401    3.701
 3938.00    1.69335   1.68830    3.701
 3939.00    1.68743   1.70199    3.701
 3940.00    1.66677   1.72232    3.701
 3941.00    1.71601   1.73925    3.701
 3942.00    1.87862   1.75685    3.701
 3943.00    1.83333   1.77558    3.701
 3944.00    1.69181   1.78920    3.701
 3945.00    1.77194   1.80343    3.701
 3946.00    2.00922   1.81284    3.701
 3947.00    1.92057   1.81826    3.701
 3948.00    1.67115   1.82254    3.701
 3949.00    1.67275   1.82108    3.701
 3950.00    1.67703   1.81564    3.701
 3951.00    1.81833   1.80494    3.701
 3952.00    2.17812   1.79099    3.701
 3953.00    2.13903   1.77186    3.701
 3954.00    2.04414   1.74744    3.701
 3955.00    1.95435   1.71870    3.701
 3956.00    1.74659   1.68313    3.701
 3957.00    1.72003   1.64658    3.701
 3958.00    1.66131   1.60356    3.701
 3959.00    1.48104   1.55496    3.701
 3960.00    1.10022   1.50794    3.701
 3961.00    1.26940   1.45478    0.000
 3962.00    1.61088   1.40358    0.000
 3963.00    1.64286   1.35366    0.000
 3964.00    1.70464   1.30109    0.000
 3965.00    1.64353   1.25861    0.000
 3966.00    1.53056   1.21944    0.000
 3967.00    1.44268   1.18577    0.000
 3968.00    1.28702   1.16523    0.000
 3969.00    1.28311   1.14866    0.000
 3970.00    1.27646   1.14476    0.000
 3971.00    1.20242   1.15212    0.000
 3972.00    1.08193   1.16545    0.000
 3973.00    1.07691   1.19268    0.000
 3974.00    1.06907   1.22735    0.000
 3975.00    1.26709   1.26747    3.701
 3976.00    1.56363   1.31654    3.701
 3977.00    1.49743   1.36634    3.701
 3978.00    1.40222   1.42049    3.701
 3979.00    1.39961   1.47636    3.701
 3980.00    1.39600   1.53002    3.701
 3981.00    1.49789   1.58470    3.701
 3982.00    1.63300   1.63658    3.701
 3983.00    1.84722   1.68557    3.701
 3984.00    2.11992   1.73125    3.701
 3985.00    2.04188   1.77286    3.701
 3986.00    1.94638   1.81148    3.701
 3987.00    1.98000   1.84642    3.701
 3988.00    2.01955   1.87781    3.701
 3989.00    2.04574   1.90522    3.701
 3990.00    2.07537   1.92989    3.701
 3991.00    1.89919   1.95183    3.701
 3992.00    1.70776   1.96998    3.701
 3993.00    1.85055   1.98664    3.701
 3994.00    1.99962   2.00085    3.701
 3995.00    2.02747   2.01299    3.701
 3996.00    2.05543   2.02435    3.701
 3997.00    2.07249   2.03311    3.701
 3998.00    2.08896   2.04068    3.701
 3999.00    2.09201   2.04839    3.701
 4000.00    2.09484   2.05320    3.701
 4001.00    1.80793   2.05903    3.701
 4002.00    1.55203   2.06552    3.701
 4003.00    1.70330   2.06959    3.701
 4004.00    1.83290   2.07547    3.701
 4005.00    1.78751   2.08092    3.701
 4006.00    1.75012   2.08517    3.701
 4007.00    1.78331   2.09162    3.701
 4008.00    1.80959   2.09578    3.701
 4009.00    1.83837   2.10105    3.701
 4010.00    1.86025   2.10792    3.701
 4011.00    1.96596   2.11279    3.701
 4012.00    2.04310   2.11832    3.701
 4013.00    2.13415   2.12375    3.701
 4014.00    2.19798   2.12841    3.701
 4015.00    2.10362   2.13297    3.701
 4016.00    2.04010   2.13645    3.701
 4017.00    1.82831   2.14002    3.701
 4018.00    1.69143   2.14262    3.701
 4019.00    2.08009   2.14477    3.701
 4020.00    2.32090   2.14647    3.701
 4021.00    2.23081   2.14718    3.701
 4022.00    2.17731   2.14886    3.701
 4023.00    2.13918   2.14877    3.701
 4024.00    2.11747   2.14864    0.000
 4025.00    2.25905   2.14933    0.000
 4026.00    2.33630   2.14821    0.000
 4027.00    2.11143   2.14858    0.000
 4028.00    1.99389   2.14859    0.000
 4029.00    2.00247   2.14870    0.000
 4030.00    2.00676   2.15047    0.000
 4031.00    2.18496   2.15010    3.701
 4032.00    2.27008   2.15203    3.701
 4033.00    2.36573   2.15376    3.701
 4034.00    2.40940   2.15348    3.701
 4035.00    2.58267   2.15608    3.701
 4036.00    2.65824   2.15637    3.701
 4037.00    2.41149   2.15726    3.701
 4038.00    2.30888   2.15937    3.701
 4039.00    2.39283   2.15697    3.701
 4040.00    2.42611   2.15774    3.701
 4041.00    2.49015   2.15803    3.701
 4042.00    2.51431   2.15560    3.701
 4043.00    2.38793   2.15631    3.701
 4044.00    2.34257   2.15505    3.701
 4045.00    1.87500   2.15321    3.701
 4046.00    1.71548   2.15386    3.701
 4047.00    1.83274   2.15164    3.701
 4048.00    1.87066   2.14990    3.701
 4049.00    2.05633   2.15029    3.701
 4050.00    2.11324   2.14895    3.701
 4051.00    2.43760   2.14772    3.701
 4052.00    2.53156   2.14735    3.701
 4053.00    2.53858   2.14488    3.701
 4054.00    2.54051   2.14317    3.701
 4055.00    2.06883   2.14157    3.701
 4056.00    1.94714   2.13652    3.701
 4057.00    2.33061   2.13296    3.701
 4058.00    2.42354   2.12823    3.701
 4059.00    2.09071   2.12202    3.701
 4060.00    2.01513   2.11704    3.701
 4061.00    2.28625   2.11046    3.701
 4062.00    2.34387   2.10381    3.701
 4063.00    2.23107   2.09781    3.701
 4064.00    2.20870   2.09022    3.701
 4065.00    1.41531   2.08336    3.701
 4066.00    1.26893   2.07538    3.701
 4067.00    2.12065   2.06776    0.000
 4068.00    2.26597   2.06157    0.000
 4069.00    1.96732   2.05428    0.000
 4070.00    1.92041   2.04721    0.000
 4071.00    1.91158   2.04040    3.701
 4072.00    1.91031   2.03340    3.701
 4073.00    1.40881   2.02714    3.701
 4074.00    1.34287   2.02010    3.701
 4075.00    1.41941   2.01405    3.701
 4076.00    1.42853   2.00809    3.701
 4077.00    1.94649   2.00108    3.701
 4078.00    2.00177   1.99389    3.701
 4079.00    1.83115   1.98610    3.701
 4080.00    1.81500   1.97811    3.701
 4081.00    2.09208   1.96925    3.701
 4082.00    2.11508   1.95869    3.701
 4083.00    1.75891   1.94736    3.701
 4084.00    1.73338   1.93343    3.701
 4085.00    1.66306   1.91691    3.701
 4086.00    1.65882   1.89857    3.701
 4087.00    1.78912   1.87672    3.701
 4088.00    1.79557   1.85246    3.701
 4089.00    1.73291   1.82492    3.701
 4090.00    1.73050   1.79423    3.701
 4091.00    1.74985   1.76153    3.701
 4092.00    1.75039   1.72589    3.701
 4093.00    1.89100   1.68949    3.701
 4094.00    1.89352   1.65208    3.701
 4095.00    1.64153   1.61356    0.000
 4096.00    1.63806   1.57787    0.000
 4097.00    1.00530   1.54346    0.000
 4098.00    1.01920   1.51315    0.000
 4099.00    2.14412   1.48960    0.000
 4100.00    2.13695   1.46857    0.000
 4101.00    1.81769   1.45552    0.000
 4102.00    1.81653   1.44968    0.000
 4103.00    1.78120   1.44836    0.000
 4104.00    1.78866   1.45677    0.000
 4105.00    1.95894   1.47061    0.000
 4106.00    1.92940   1.49023    0.000
 4107.00    1.38835   1.51770    0.000
 4108.00    1.37393   1.54718    3.701
 4109.00    1.15400   1.58111    3.701
 4110.00    1.19629   1.61894    3.701
 4111.00    1.74732   1.65567    3.701
 4112.00    1.80246   1.69346    3.701
 4113.00    2.42757   1.73113    3.701
 4114.00    2.40854   1.76616    3.701
 4115.00    2.21795   1.80051    3.701
 4116.00    2.16808   1.83256    3.701
 4117.00    1.72454   1.86123    3.701
 4118.00    1.70151   1.88837    3.701
 4119.00    1.51677   1.91225    3.701
 4120.00    1.57684   1.93290    3.701
 4121.00    2.01487   1.95233    3.701
 4122.00    2.07360   1.96808    3.701
 4123.00    2.46537   1.98174    3.701
 4124.00    2.36726   1.99511    3.701
 4125.00    1.76772   2.00512    3.701
 4126.00    1.75110   2.01473    3.701
 4127.00    1.65720   2.02375    3.701
 4128.00    1.85702   2.03093    3.701
 4129.00    2.90485   2.03867   -1.000
 4130.00    2.84170   2.04533    3.701
 4131.00    2.53321   2.05178    3.701
 4132.00    2.43589   2.05862    3.701
 4133.00    1.99159   2.06409    3.701
 4134.00    1.97104   2.07007    3.701
 4135.00    1.88342   2.07589    3.701
 4136.00    1.90780   2.08059    3.701
 4137.00    2.00549   2.08636    3.701
 4138.00    2.14139   2.09030    3.701
 4139.00    2.65425   2.09428    3.701
 4140.00    2.54450   2.09902    3.701
 4141.00    2.15365   2.10201    3.701
 4142.00    2.12544   2.10540    3.701
 4143.00    2.03073   2.10807    3.701
 4144.00    2.06542   2.10984    3.701
 4145.00    2.17574   2.11239    3.701
 4146.00    2.20259   2.11408    3.701
 4147.00    2.28356   2.11559    3.701
 4148.00    2.35076   2.11788    3.701
 4149.00    2.54323   2.11931    3.701
 4150.00    2.40356   2.12159    3.701
 4151.00    2.02312   2.12406    3.701
 4152.00    2.08149   2.12673    3.701
 4153.00    2.23282   2.12943    3.701
 4154.00    2.09539   2.13159    3.701
 4155.00    1.75658   2.13432    3.701
 4156.00    1.83871   2.13663    3.701
 4157.00    2.03188   2.13886    3.701
 4158.00    2.16621   2.14116    3.701
 4159.00    2.46787   2.14220    3.701
 4160.00    2.38778   2.14338    3.701
 4161.00    2.21592   2.14410    3.701
 4162.00    2.16351   2.14354    3.701
 4163.00    2.05620   2.14306    3.701
 4164.00    2.08621   2.14112    3.701
 4165.00    2.14501   2.13869    3.701
 4166.00    2.24835   2.13603    3.701
 4167.00    2.44225   2.13166    3.701
 4168.00    2.32648   2.12799    3.701
 4169.00    2.11835   2.12378    3.701
 4170.00    2.12755   2.11906    3.701
 4171.00    2.14339   2.11545    3.701
 4172.00    2.19128   2.11103    3.701
 4173.00    2.27043   2.10726    3.701
 4174.00    2.30501   2.10446    3.701
 4175.00    2.35974   2.10164    3.701
 4176.00    2.20426   2.10049    3.701
 4177.00    1.96808   2.09864    3.701
 4178.00    1.96767   2.09738    3.701
 4179.00    1.96708   2.09781    3.701
 4180.00    1.93215   2.09704    3.701
 4181.00    1.88330   2.09835    3.701
 4182.00    1.85216   2.09872    3.701
 4183.00    1.81032   2.09785    3.701
 4184.00    1.78364   2.09921    3.701
 4185.00    1.74920   2.09876    3.701
 4186.00    1.85549   2.09793    3.701
 4187.00    1.98736   2.09826    3.701
 4188.00    2.10472   2.09576    3.701
 4189.00    2.24469   2.09431    3.701
 4190.00    2.04092   2.09320    3.701
 4191.00    1.80724   2.08957    3.701
 4192.00    1.72321   2.08752    3.701
 4193.00    1.63074   2.08490    3.701
 4194.00    1.67234   2.08096    3.701
 4195.00    1.71636   2.07901    3.701
 4196.00    1.83677   2.07679    3.701
 4197.00    1.95932   2.07356    3.701
 4198.00    1.76277   2.07243    3.701
 4199.00    1.57039   2.07151    3.701
 4200.00    1.85418   2.07019    3.701
 4201.00    2.12077   2.07062    3.701
 4202.00    1.84281   2.07116    3.701
 4203.00    1.59171   2.07171    3.701
 4204.00    1.91188   2.07424    3.701
 4205.00    2.18999   2.07624    3.701
 4206.00    2.04795   2.07768    3.701
 4207.00    1.92932   2.08118    3.701
 4208.00    1.86169   2.08289    3.701
 4209.00    1.80740   2.08420    3.701
 4210.00    1.89922   2.08740    3.701
 4211.00    1.97008   2.08745    3.701
 4212.00    1.93882   2.08748    3.701
 4213.00    1.91568   2.08846    3.701
 4214.00    2.21792   2.08626    3.701
 4215.00    2.43280   2.08427    3.701
 4216.00    2.24115   2.08208    3.701
 4217.00    2.11028   2.07766    3.701
 4218.00    2.04077   2.07405    3.701
 4219.00    1.99520   2.06919    3.701
 4220.00    2.08047   2.06431    3.701
 4221.00    2.13402   2.06010    3.701
 4222.00    2.23777   2.05433    3.701
 4223.00    2.30027   2.05004    3.701
 4224.00    2.43753   2.04623    3.701
 4225.00    2.51684   2.04157    3.701
 4226.00    2.19889   2.03910    3.701
 4227.00    2.02278   2.03670    3.701
 4228.00    2.17125   2.03497    3.701
 4229.00    2.25003   2.03467    3.701
 4230.00    2.04963   2.03419    3.701
 4231.00    1.94803   2.03538    3.701
 4232.00    1.95623   2.03730    3.701
 4233.00    1.96020   2.03840    3.701
 4234.00    1.98978   2.04175    3.701
 4235.00    2.00350   2.04507    3.701
 4236.00    2.17040   2.04714    3.701
 4237.00    2.24438   2.05069    3.701
 4238.00    2.35331   2.05366    3.701
 4239.00    2.39930   2.05532    3.701
 4240.00    2.13619   2.05797    3.701
 4241.00    2.03023   2.06002    3.701
 4242.00    2.51871   2.06096    3.701
 4243.00    2.70618   2.06219    3.701
 4244.00    2.22916   2.06324    3.701
 4245.00    2.05489   2.06337    3.701
 4246.00    2.08565   2.06326    3.701
 4247.00    2.09634   2.06313    3.701
 4248.00    2.15186   2.06263    3.701
 4249.00    2.17017   2.06190    3.701
 4250.00    2.24228   2.06112    3.701
 4251.00    2.26478   2.06034    3.701
 4252.00    2.02103   2.05938    3.701
 4253.00    1.94903   2.05866    3.701
 4254.00    1.93692   2.05811    3.701
 4255.00    1.93355   2.05752    3.701
 4256.00    1.92312   2.05732    3.701
 4257.00    1.92037   2.05671    3.701
 4258.00    1.74116   2.05641    3.701
 4259.00    1.69685   2.05655    3.701
 4260.00    1.69965   2.05566    3.701
 4261.00    1.70030   2.05478    3.701
 4262.00    1.45312   2.05469    3.701
 4263.00    1.39934   2.05324    3.701
 4264.00    1.84186   2.05115    3.701
 4265.00    1.93182   2.05048    3.701
 4266.00    2.12910   2.04832    3.701
 4267.00    2.16644   2.04540    3.701
 4268.00    1.76972   2.04413    3.701
 4269.00    1.70030   2.04123    3.701
