 2540.00    1.03268   0.55392    1.112
 2541.00    0.42441   0.55356    1.112
 2542.00    0.14370   0.55327    1.112
 2543.00   -1.06302   0.55318    0.000
 2544.00   -1.09886   0.55350    0.000
 2545.00   -1.18285   0.55443    0.000
 2546.00   -0.58255   0.55606    0.000
 2547.00    0.28336   0.55856    1.112
 2548.00    0.03231   0.56268    1.112
 2549.00   -0.19963   0.56796    0.000
 2550.00    0.04159   0.57344    1.112
 2551.00    0.18319   0.57908    1.112
 2552.00   -0.00964   0.58451    0.000
 2553.00   -0.07722   0.58960    0.000
 2554.00    0.59293   0.59353    1.112
 2555.00    0.71043   0.59577    1.112
 2556.00    0.20691   0.59681    1.112
 2557.00    0.24763   0.59690    1.112
 2558.00    1.03545   0.59573    1.112
 2559.00    0.75205   0.59369    1.112
 2560.00   -0.52058   0.59144    0.000
 2561.00   -0.66984   0.58906    0.000
 2562.00   -1.03091   0.58680    0.000
 2563.00   -0.34244   0.58476    0.000
 2564.00    0.67816   0.58346    1.112
 2565.00    0.81964   0.58326    1.112
 2566.00    0.95384   0.58389    1.112
 2567.00   -0.06802   0.58530    0.000
 2568.00   -0.68498   0.58798    0.000
 2569.00   -0.27183   0.59156    0.000
 2570.00   -0.12202   0.59528    0.000
 2571.00   -0.02668   0.59912    0.000
 2572.00   -0.00908   0.60284    0.000
 2573.00   -0.22298   0.60641    0.000
 2574.00   -0.25096   0.60922    0.000
 2575.00   -0.50735   0.61091    0.000
 2576.00   -0.66846   0.61193    0.000
 2577.00   -1.42516   0.61240    0.000
 2578.00   -0.73106   0.61219    0.000
 2579.00    1.00271   0.61150    1.112
 2580.00    0.09978   0.61069    1.112
 2581.00   -1.27605   0.60981    0.000
 2582.00   -1.20753   0.60894    0.000
 2583.00   -1.14079   0.60807    0.000
 2584.00    0.42564   0.60739    1.112
 2585.00    1.39822   0.60701    1.112
 2586.00    0.02900   0.60669    1.112
 2587.00   -0.48440   0.60634    0.000
 2588.00    0.03636   0.60567    1.112
 2589.00    0.13729   0.60477    1.112
 2590.00   -2.15149   0.60390    0.000
 2591.00   -2.19110   0.60300    0.000
 2592.00   -0.80425   0.60212    0.000
 2593.00   -0.69133   0.60118    0.000
 2594.00   -0.13486   0.60036    0.000
 2595.00   -0.51222   0.59974    0.000
 2596.00   -1.48594   0.59902    0.000
 2597.00   -1.06713   0.59809    0.000
 2598.00   -0.41109   0.59645    0.000
 2599.00   -0.27576   0.59428    0.000
 2600.00   -0.14043   0.59211    0.000
 2601.00   -0.09009   0.58990    0.000
 2602.00   -0.05796   0.58776    0.000
 2603.00    0.27004   0.58559    1.112
 2604.00    0.39715   0.58389    1.112
 2605.00    0.29588   0.58286    1.112
 2606.00    0.27529   0.58201    1.112
 2607.00   -0.36675   0.58123    0.000
 2608.00   -0.40824   0.58012    0.000
 2609.00   -0.43631   0.57878    0.000
 2610.00   -0.22458   0.57752    0.000
 2611.00    0.86981   0.57626    1.112
 2612.00    0.84339   0.57510    1.112
 2613.00    0.77285   0.57404    1.112
 2614.00    0.40210   0.57356    1.112
 2615.00   -0.19564   0.57391    0.000
 2616.00    0.40798   0.57484    1.112
 2617.00    1.02832   0.57638    1.112
 2618.00    0.83407   0.57907    1.112
 2619.00    0.70659   0.58263    1.112
 2620.00    0.07734   0.58631    1.112
 2621.00   -0.17457   0.59005    0.000
 2622.00    1.25199   0.59378    1.112
 2623.00    1.55572   0.59764    1.112
 2624.00   -2.03357   0.60104    0.000
 2625.00   -2.22620   0.60382    0.000
 2626.00   -1.00741   0.60665    0.000
 2627.00   -0.71681   0.60972    0.000
 2628.00    0.86119   0.61387    1.112
 2629.00    0.81270   0.61890    1.112
 2630.00    0.67879   0.62390    1.112
 2631.00    0.90702   0.62894    1.112
 2632.00    1.28544   0.63396    1.112
 2633.00    0.57416   0.63914    1.112
 2634.00   -0.17637   0.64371    0.000
 2635.00   -0.24391   0.64748    0.000
 2636.00   -0.28947   0.65137    0.000
 2637.00    0.47372   0.65561    1.112
 2638.00    0.78922   0.66139    1.112
 2639.00    1.07855   0.66846    1.112
 2640.00    1.14298   0.67550    1.112
 2641.00   -0.47664   0.68253    0.000
 2642.00   -0.59222   0.68955    0.000
 2643.00   -0.35142   0.69666    0.000
 2644.00   -0.30770   0.70259    0.000
 2645.00   -0.05788   0.70704    0.000
 2646.00   -0.35835   0.71121    0.000
 2647.00   -1.21676   0.71535    0.000
 2648.00   -0.90316   0.72043    0.000
 2649.00   -0.36833   0.72634    0.000
 2650.00    0.50548   0.73212    1.112
 2651.00    1.45218   0.73775    1.112
 2652.00    0.62709   0.74323    1.112
 2653.00    0.05451   0.74839    1.112
 2654.00    0.79633   0.75159    1.112
 2655.00    1.11322   0.75228    1.112
 2656.00    1.56275   0.75126    1.112
 2657.00    1.66748   0.74842    1.112
 2658.00    1.35480   0.74218    1.112
 2659.00    1.29065   0.73309    1.112
 2660.00    0.15405   0.72371    1.112
 2661.00    0.03795   0.71439    1.112
 2662.00   -0.66164   0.70499    0.000
 2663.00   -0.62194   0.69575    0.000
 2664.00   -0.50453   0.68919    0.000
 2665.00   -0.49395   0.68583    0.000
 2666.00   -0.47539   0.68403    0.000
 2667.00    0.49623   0.68363    1.112
 2668.00    1.57710   0.68504    1.112
 2669.00    0.92549   0.68787    1.112
 2670.00    0.46083   0.69100    1.112
 2671.00   -0.84703   0.69422    0.000
 2672.00   -1.42344   0.69756    0.000
 2673.00   -0.48741   0.70094    0.000
 2674.00   -0.25986   0.70373    0.000
 2675.00    1.55349   0.70590    1.112
 2676.00    1.72441   0.70791    1.112
 2677.00    1.80227   0.70986    1.112
 2678.00    1.65472   0.71207    1.112
 2679.00    0.71528   0.71457    1.112
 2680.00    0.46575   0.71700    1.112
 2681.00   -0.29871   0.71931    0.000
 2682.00   -0.64872   0.72156    0.000
 2683.00   -1.28067   0.72361    0.000
 2684.00   -0.83055   0.72461    0.000
 2685.00   -0.31641   0.72433    0.000
 2686.00    0.02242   0.72307    1.112
 2687.00    0.27067   0.72074    1.112
 2688.00    0.02369   0.71622    1.112
 2689.00   -0.08858   0.70973    0.000
 2690.00    0.71656   0.70308    1.112
 2691.00    0.92056   0.69661    1.112
 2692.00    0.67957   0.68994    1.112
 2693.00    0.63835   0.68348    1.112
 2694.00   -0.25360   0.67914    0.000
 2695.00   -0.22437   0.67707    0.000
 2696.00   -0.02686   0.67622    0.000
 2697.00   -0.02880   0.67650    0.000
 2698.00   -0.03493   0.67843    0.000
 2699.00    0.27970   0.68176    1.112
 2700.00    0.86440   0.68527    1.112
 2701.00    1.09446   0.68873    1.112
 2702.00    1.36431   0.69229    1.112
 2703.00    1.28879   0.69567    1.112
 2704.00    1.23195   0.69770    1.112
 2705.00   -0.18347   0.69817    0.000
 2706.00   -0.84678   0.69762    0.000
 2707.00    0.06567   0.69599    1.112
 2708.00    0.30638   0.69232    1.112
 2709.00    0.98243   0.68675    1.112
 2710.00    1.05630   0.68100    1.112
 2711.00    1.06451   0.67540    1.112
 2712.00    1.02975   0.66946    1.112
 2713.00    0.78037   0.66363    1.112
 2714.00    0.56372   0.65932    1.112
 2715.00   -0.15076   0.65639    0.000
 2716.00   -0.09587   0.65398    0.000
 2717.00    0.00916   0.65199    1.112
 2718.00   -0.17604   0.65017    0.000
 2719.00   -0.39911   0.64828    0.000
 2720.00   -0.25755   0.64649    0.000
 2721.00   -0.14810   0.64489    0.000
 2722.00    0.04910   0.64330    1.112
 2723.00    0.14434   0.64186    1.112
 2724.00   -0.13036   0.64125    0.000
 2725.00   -0.20574   0.64158    0.000
 2726.00    1.13247   0.64255    1.112
 2727.00    1.28358   0.64414    1.112
 2728.00    0.19956   0.64694    1.112
 2729.00    0.12061   0.65086    1.112
 2730.00   -0.48268   0.65487    0.000
 2731.00   -0.18067   0.65865    0.000
 2732.00    0.85320   0.66251    1.112
 2733.00    0.36523   0.66605    1.112
 2734.00   -0.59726   0.66782    0.000
 2735.00   -0.39008   0.66747    0.000
 2736.00   -0.13353   0.66557    0.000
 2737.00    0.13638   0.66213    1.112
 2738.00    0.35095   0.65560    1.112
 2739.00    1.35554   0.64601    1.112
 2740.00    1.85545   0.63613    1.112
 2741.00    1.22870   0.62674    1.112
 2742.00    1.04994   0.61664    1.112
 2743.00    0.93632   0.60696    1.112
 2744.00    0.92205   0.60042    1.112
 2745.00    1.98064   0.59670    1.112
 2746.00    1.95451   0.59446    1.112
 2747.00    1.73069   0.59374    1.112
 2748.00    1.52685   0.59507    1.112
 2749.00    0.80198   0.59794    1.112
 2750.00    0.25527   0.60112    1.112
 2751.00   -0.85555   0.60434    0.000
 2752.00   -0.67997   0.60797    0.000
 2753.00   -0.45668   0.61162    0.000
 2754.00   -0.70986   0.61464    0.000
 2755.00   -0.91656   0.61746    0.000
 2756.00   -0.45687   0.62044    0.000
 2757.00   -0.22125   0.62346    0.000
 2758.00   -0.35605   0.62710    0.000
 2759.00   -0.39598   0.63169    0.000
 2760.00    0.23755   0.63630    1.112
 2761.00    0.32244   0.64064    1.112
 2762.00   -0.74836   0.64535    0.000
 2763.00   -0.83309   0.64995    0.000
 2764.00   -1.50090   0.65352    0.000
 2765.00   -1.23279   0.65652    0.000
 2766.00   -0.24153   0.65944    0.000
 2767.00    0.34769   0.66211    1.112
 2768.00    1.58133   0.66492    1.112
 2769.00    1.14072   0.66825    1.112
 2770.00    0.56515   0.67151    1.112
 2771.00    0.32249   0.67445    1.112
 2772.00    0.11904   0.67746    1.112
 2773.00   -0.02085   0.68015    0.000
 2774.00   -0.09477   0.68158    0.000
 2775.00    0.90078   0.68145    1.112
 2776.00    1.20720   0.68012    1.112
 2777.00    0.12657   0.67772    1.112
 2778.00   -0.02780   0.67316    0.000
 2779.00    0.20408   0.66632    1.112
 2780.00    0.18613   0.65917    1.112
 2781.00   -0.01488   0.65231    0.000
 2782.00   -0.08101   0.64438    0.000
 2783.00   -0.33544   0.63644    0.000
 2784.00   -0.32626   0.62993    0.000
 2785.00   -0.30646   0.62316    0.000
 2786.00   -0.41204   0.61532    0.000
 2787.00   -0.55371   0.60722    0.000
 2788.00    0.01338   0.59690    1.112
 2789.00    0.50163   0.58304    1.112
 2790.00    0.40916   0.56905    1.112
 2791.00    0.35886   0.55628    1.112
 2792.00   -0.64010   0.54216    0.000
 2793.00   -0.95893   0.52884    0.000
 2794.00   -0.25242   0.51995    0.000
 2795.00   -0.14536   0.51428    0.000
 2796.00    0.66144   0.51028    1.112
 2797.00    0.60330   0.50848    1.112
 2798.00   -0.16760   0.50934    0.000
 2799.00   -0.22810   0.51188    0.000
 2800.00   -0.47054   0.51490    0.000
 2801.00   -0.68518   0.51813    0.000
 2802.00   -1.16280   0.52222    0.000
 2803.00   -0.63490   0.52658    0.000
 2804.00    0.09289   0.53073    1.112
 2805.00    0.36458   0.53634    1.112
 2806.00    0.60478   0.54374    1.112
 2807.00   -0.03511   0.55196    0.000
 2808.00   -0.39332   0.56318    0.000
 2809.00   -0.32528   0.57875    0.000
 2810.00   -0.30278   0.59464    0.000
 2811.00   -0.46369   0.60919    0.000
 2812.00   -0.48949   0.62576    0.000
 2813.00    0.53625   0.64159    1.112
 2814.00    0.67017   0.65277    1.112
 2815.00    1.83258   0.66180    1.112
 2816.00    1.55535   0.67028    1.112
 2817.00    0.39520   0.67693    1.112
 2818.00   -0.16003   0.68252    0.000
 2819.00   -1.43441   0.68897    0.000
 2820.00   -0.82248   0.69512    0.000
 2821.00    0.04433   0.70039    1.112
 2822.00    0.18042   0.70610    1.112
 2823.00    0.30395   0.71138    1.112
 2824.00    1.11130   0.71476    1.112
 2825.00    1.57632   0.71669    1.112
 2826.00    0.82021   0.71772    1.112
 2827.00    0.56123   0.71769    1.112
 2828.00   -0.17495   0.71615    0.000
 2829.00   -0.29957   0.71337    0.000
 2830.00    0.27063   0.71033    1.112
 2831.00    0.33529   0.70744    1.112
 2832.00    0.87482   0.70389    1.112
 2833.00    1.02412   0.70040    1.112
 2834.00    1.67633   0.69781    1.112
 2835.00    1.41428   0.69512    1.112
 2836.00    0.79290   0.69201    1.112
 2837.00    0.50168   0.68908    1.112
 2838.00    0.07777   0.68565    1.112
 2839.00   -0.01441   0.68093    0.000
 2840.00   -0.10033   0.67617    0.000
 2841.00    0.40562   0.67188    1.112
 2842.00    0.70542   0.66676    1.112
 2843.00   -0.47107   0.66175    0.000
 2844.00   -0.88813   0.65803    0.000
 2845.00    0.32563   0.65406    1.112
 2846.00    0.54212   0.64939    1.112
 2847.00    0.11604   0.64501    1.112
 2848.00    0.19337   0.63991    1.112
 2849.00    1.47592   0.63288    1.112
 2850.00    1.27625   0.62582    1.112
 2851.00    0.36473   0.61977    1.112
 2852.00    0.29161   0.61297    1.112
 2853.00    0.11262   0.60704    1.112
 2854.00   -0.12369   0.60391    0.000
 2855.00   -0.47759   0.60366    0.000
 2856.00   -0.11218   0.60568    0.000
 2857.00    0.23785   0.60961    1.112
 2858.00    0.46200   0.61700    1.112
 2859.00    0.59875   0.62823    1.112
 2860.00   -0.37647   0.64008    0.000
 2861.00   -0.73408   0.65083    0.000
 2862.00   -0.47319   0.66371    0.000
 2863.00   -0.42425   0.67590    0.000
 2864.00    0.42973   0.68421    1.112
 2865.00    0.44724   0.69142    1.112
 2866.00    0.07111   0.69837    1.112
 2867.00    0.07536   0.70357    1.112
 2868.00    0.09563   0.70783    1.112
 2869.00    0.18496   0.71293    1.112
 2870.00    0.41078   0.71772    1.112
 2871.00    0.84318   0.72170    1.112
 2872.00    1.50881   0.72622    1.112
 2873.00    0.55289   0.73035    1.112
 2874.00   -0.38729   0.73301    0.000
 2875.00   -0.29012   0.73490    0.000
 2876.00   -0.22916   0.73623    0.000
 2877.00   -0.19622   0.73678    0.000
 2878.00   -0.18374   0.73649    0.000
 2879.00    0.40181   0.73561    1.112
 2880.00    0.51714   0.73454    1.112
 2881.00    0.74721   0.73357    1.112
 2882.00    0.73246   0.73237    1.112
 2883.00    0.26284   0.73138    1.112
 2884.00    0.30599   0.73097    1.112
 2885.00    0.52199   0.73119    1.112
 2886.00    0.36501   0.73201    1.112
 2887.00   -0.04503   0.73326    0.000
 2888.00    0.32712   0.73527    1.112
 2889.00    0.91609   0.73826    1.112
 2890.00   -0.01380   0.74144    0.000
 2891.00   -0.95282   0.74435    0.000
 2892.00    0.51639   0.74787    1.112
 2893.00    1.46401   0.75126    1.112
 2894.00    0.82587   0.75378    1.112
 2895.00    0.57556   0.75647    1.112
 2896.00   -0.28794   0.75925    0.000
 2897.00   -0.46654   0.76180    0.000
 2898.00   -0.07333   0.76673    0.000
 2899.00    0.05191   0.77222    1.112
 2900.00    1.96353   0.77822    1.112
 2901.00    1.65002   0.78709    1.112
 2902.00    0.00305   0.79952    1.112
 2903.00    0.30235   0.80907    1.112
 2904.00    1.11048   0.81871    1.112
 2905.00    0.95947   0.83238    1.112
 2906.00    0.71372   0.84027    1.112
 2907.00    0.67611   0.84651    1.112
 2908.00    0.63712   0.85243    1.112
 2909.00    0.24313   0.85668    1.112
 2910.00   -0.01809   0.85872    0.000
 2911.00    0.68464   0.86035    1.112
 2912.00    0.96935   0.86145    1.112
 2913.00    0.44903   0.86177    1.112
 2914.00    0.33638   0.86184    1.112
 2915.00    0.63270   0.86110    1.112
 2916.00    0.66084   0.85939    1.112
 2917.00    0.80966   0.85731    1.112
 2918.00    0.77595   0.85435    1.112
 2919.00    0.58982   0.84967    1.112
 2920.00    0.82649   0.84478    1.112
 2921.00    1.48743   0.84068    1.112
 2922.00    1.44847   0.83542    1.112
 2923.00    1.38326   0.83064    1.112
 2924.00    1.10311   0.82785    1.112
 2925.00    0.80488   0.82547    1.112
 2926.00    0.24520   0.82364    1.112
 2927.00   -0.13620   0.82285    0.000
 2928.00   -0.13205   0.82269    0.000
 2929.00   -0.13032   0.82271    0.000
 2930.00    1.18629   0.82297    1.112
 2931.00    1.48430   0.82339    1.112
 2932.00    1.46697   0.82372    1.112
 2933.00    1.42772   0.82394    1.112
 2934.00    0.41799   0.82407    1.112
 2935.00    0.36212   0.82375    1.112
 2936.00    0.03657   0.82281    1.112
 2937.00    0.10265   0.82163    1.112
 2938.00    0.29385   0.81994    1.112
 2939.00    0.36569   0.81713    1.112
 2940.00    0.48949   0.81419    1.112
 2941.00    0.33289   0.81179    1.112
 2942.00    0.16173   0.80858    1.112
 2943.00    0.50015   0.80571    1.112
 2944.00    0.73714   0.80415    1.112
 2945.00   -0.24361   0.80276    0.000
 2946.00   -0.66696   0.80176    0.000
 2947.00    0.65509   0.80146    1.112
 2948.00    0.96755   0.80152    1.112
 2949.00    1.87829   0.80171    1.112
 2950.00    1.90005   0.80209    1.112
 2951.00   -0.01551   0.80259    0.000
 2952.00   -0.12245   0.80315    0.000
 2953.00   -0.77998   0.80376    0.000
 2954.00   -0.37024   0.80442    0.000
 2955.00    0.85735   0.80520    1.112
 2956.00    0.65969   0.80615    1.112
 2957.00    0.30920   0.80718    1.112
 2958.00    1.02889   0.80832    1.112
 2959.00    1.83657   0.80978    1.112
 2960.00    0.82714   0.81127    1.112
 2961.00    0.10080   0.81261    1.112
 2962.00   -0.22818   0.81418    0.000
 2963.00   -0.37468   0.81565    0.000
 2964.00    0.23566   0.81677    1.112
 2965.00    0.38611   0.81786    1.112
 2966.00    0.96662   0.81883    1.112
 2967.00    1.01891   0.81961    1.112
 2968.00    0.87803   0.82030    1.112
 2969.00    0.82151   0.82096    1.112
 2970.00    0.45401   0.82156    1.112
 2971.00    0.38348   0.82213    1.112
 2972.00    0.16455   0.82268    1.112
 2973.00    0.24883   0.82323    1.112
 2974.00    0.40264   0.82376    1.112
 2975.00    1.05456   0.82427    1.112
 2976.00    1.80658   0.82474    1.112
 2977.00    1.22468   0.82520    1.112
 2978.00    0.79407   0.82563    1.112
 2979.00    0.60339   0.82600    1.112
 2980.00    0.51573   0.82636    1.112
 2981.00   -0.07938   0.82675    0.000
 2982.00   -0.23221   0.82710    0.000
 2983.00    0.73415   0.82746    1.112
 2984.00    0.82752   0.82791    1.112
 2985.00    0.41313   0.82835    1.112
 2986.00    0.56488   0.82882    1.112
 2987.00    1.61078   0.82934    1.112
 2988.00    1.43407   0.82987    1.112
 2989.00    0.86534   0.83041    1.112
 2990.00    0.43259   0.83095    1.112
 2991.00   -0.38032   0.83150    0.000
 2992.00    0.08428   0.83202    1.112
 2993.00    0.63462   0.83251    1.112
 2994.00    1.03693   0.83298    1.112
 2995.00    1.34277   0.83338    1.112
 2996.00    1.26126   0.83364    1.112
 2997.00    1.22263   0.83384    1.112
 2998.00    0.60435   0.83398    1.112
 2999.00    0.43882   0.83389    1.112
 3000.00    0.88704   0.83377    1.112
 3001.00    0.94124   0.83378    1.112
 3002.00    1.35444   0.83360    1.112
 3003.00    1.44026   0.83349    1.112
 3004.00    2.06887   0.83366    1.112
 3005.00    1.77481   0.83381    1.112
 3006.00    0.79298   0.83406    1.112
 3007.00    0.70473   0.83446    1.112
 3008.00    0.53405   0.83491    1.112
 3009.00    0.75575   0.83540    1.112
 3010.00    1.02543   0.83595    1.112
 3011.00   -0.09913   0.83653    0.000
 3012.00   -0.97726   0.83717    0.000
 3013.00    0.06341   0.83793    1.112
 3014.00    0.57165   0.83879    1.112
 3015.00    1.03247   0.83982    1.112
 3016.00    1.16076   0.84126    1.112
 3017.00   -0.34368   0.84290    0.000
 3018.00   -0.52688   0.84469    0.000
 3019.00   -1.25795   0.84718    0.000
 3020.00   -1.10895   0.84975    0.000
 3021.00    0.05459   0.85196    1.112
 3022.00    0.16079   0.85471    1.112
 3023.00    0.52896   0.85721    1.112
 3024.00    0.45057   0.85894    1.112
 3025.00    0.29440   0.86074    1.112
 3026.00    0.14726   0.86223    1.112
 3027.00   -0.03657   0.86326    0.000
 3028.00    0.24675   0.86418    1.112
 3029.00    0.47398   0.86499    1.112
 3030.00    0.16892   0.86567    1.112
 3031.00    0.01543   0.86632    1.112
 3032.00   -0.56160   0.86698    0.000
 3033.00   -0.72852   0.86768    0.000
 3034.00    0.96978   0.86842    1.112
 3035.00    1.18833   0.86925    1.112
 3036.00    0.14403   0.87030    1.112
 3037.00    0.25925   0.87147    1.112
 3038.00    1.25615   0.87270    1.112
 3039.00    1.22622   0.87430    1.112
 3040.00    1.11839   0.87595    1.112
 3041.00    0.78840   0.87741    1.112
 3042.00    0.11121   0.87915    1.112
 3043.00    0.15502   0.88076    1.112
 3044.00    0.21123   0.88196    1.112
 3045.00    0.37489   0.88321    1.112
 3046.00    0.50970   0.88430    1.112
 3047.00    0.35354   0.88512    1.112
 3048.00    0.27263   0.88591    1.112
 3049.00    0.63805   0.88664    1.112
 3050.00    0.74779   0.88732    1.112
 3051.00    0.29660   0.88802    1.112
 3052.00    0.23472   0.88876    1.112
 3053.00    1.15685   0.88968    1.112
 3054.00    1.17743   0.89077    1.112
 3055.00    1.27659   0.89204    1.112
 3056.00    1.02059   0.89397    1.112
 3057.00    0.06015   0.89623    1.112
 3058.00    0.02377   0.89862    1.112
 3059.00   -0.05326   0.90207    0.000
 3060.00   -0.24330   0.90566    0.000
 3061.00   -0.49403   0.90870    0.000
 3062.00    0.09492   0.91253    1.112
 3063.00    0.59311   0.91597    1.112
 3064.00    0.94576   0.91830    1.112
 3065.00    1.13390   0.92082    1.112
 3066.00    0.92711   0.92283    1.112
 3067.00    0.86268   0.92408    1.112
 3068.00    0.69548   0.92527    1.112
 3069.00    0.67111   0.92623    1.112
 3070.00    0.18471   0.92696    1.112
 3071.00    0.20868   0.92763    1.112
 3072.00    0.52192   0.92824    1.112
 3073.00    0.73246   0.92872    1.112
 3074.00    1.55470   0.92912    1.112
 3075.00    1.51316   0.92944    1.112
 3076.00    1.42250   0.92946    1.112
 3077.00    1.69972   0.92933    1.112
 3078.00    2.07544   0.92916    1.112
 3079.00    1.43875   0.92851    1.112
 3080.00    0.88571   0.92780    1.112
 3081.00    0.69011   0.92734    1.112
 3082.00    0.58269   0.92653    1.112
 3083.00    0.72548   0.92590    1.112
 3084.00    0.77160   0.92574    1.112
 3085.00    0.76230   0.92550    1.112
 3086.00    0.76087   0.92550    1.112
 3087.00    0.11940   0.92584    1.112
 3088.00    0.17467   0.92620    1.112
 3089.00    0.91703   0.92668    1.112
 3090.00    0.87560   0.92733    1.112
 3091.00    0.70698   0.92807    1.112
 3092.00    0.76165   0.92893    1.112
 3093.00    0.88469   0.93021    1.112
 3094.00    0.72452   0.93187    1.112
 3095.00    0.50147   0.93377    1.112
 3096.00    1.08303   0.93703    1.112
 3097.00    1.60224   0.94103    1.112
 3098.00    0.93163   0.94505    1.112
 3099.00    0.55222   0.95122    1.112
 3100.00    1.04927   0.95767    1.112
 3101.00    1.21582   0.96299    1.112
 3102.00    0.60512   0.96983    1.112
 3103.00    0.50539   0.97578    1.112
 3104.00    1.81248   0.97974    1.112
 3105.00    1.83876   0.98398    1.112
 3106.00    1.67641   0.98706    1.112
 3107.00    1.62220   0.98874    1.112
 3108.00    1.39211   0.99025    1.112
 3109.00    1.21315   0.99121    1.112
 3110.00    0.79760   0.99163    1.112
 3111.00    0.99474   0.99190    1.112
 3112.00    1.27683   0.99198    1.112
 3113.00    1.22816   0.99164    1.112
 3114.00    1.18355   0.99095    1.112
 3115.00    0.56624   0.99009    1.112
 3116.00    0.20692   0.98811    1.112
 3117.00    1.41572   0.98550    1.112
 3118.00    1.83508   0.98294    1.112
 3119.00    1.11230   0.97862    1.112
 3120.00    0.98752   0.97406    1.112
 3121.00    0.89577   0.97041    1.112
 3122.00    0.91097   0.96551    1.112
 3123.00    1.14565   0.96134    1.112
 3124.00    1.21806   0.95866    1.112
 3125.00    1.53904   0.95574    1.112
 3126.00    1.47364   0.95377    1.112
 3127.00    1.31693   0.95281    1.112
 3128.00    1.31693   0.95195    1.112
 3129.00    1.31693   0.95155    1.112
 3130.00    1.31693   0.95148    1.112
 3131.00    1.31693   0.95147    1.112
 3132.00    1.31693   0.95157    1.112
 3133.00    1.31693   0.95177    1.112
 3134.00    1.31693   0.95202    1.112
 3135.00    1.31693   0.95230    1.112
 3136.00    1.31693   0.95272    1.112
 3137.00    1.31693   0.95322    1.112
 3138.00    0.50934   0.95371    1.112
 3139.00    0.47265   0.95442    1.112
 3140.00    0.47265   0.95516    1.112
 3141.00    0.47265   0.95579    1.112
 3142.00    0.47265   0.95657    1.112
 3143.00    0.47265   0.95726    1.112
 3144.00    0.47265   0.95777    1.112
 3145.00    0.47265   0.95831    1.112
 3146.00    0.47265   0.95873    1.112
 3147.00    0.47265   0.95904    1.112
 3148.00    0.47265   0.95933    1.112
 3149.00    0.77027   0.95958    1.112
 3150.00    0.95353   0.95984    1.112
 3151.00    1.03612   0.96017    1.112
 3152.00    1.06678   0.96052    1.112
 3153.00    1.38241   0.96119    1.112
 3154.00    1.44271   0.96221    1.112
 3155.00    1.33148   0.96325    1.112
 3156.00    1.27258   0.96535    1.112
 3157.00    0.44610   0.96809    1.112
 3158.00    0.54494   0.97061    1.112
 3159.00    1.02527   0.97477    1.112
 3160.00    0.92115   0.97916    1.112
 3161.00    0.65506   0.98272    1.112
 3162.00    0.49766   0.98737    1.112
 3163.00    0.25313   0.99133    1.112
 3164.00    0.34999   0.99412    1.112
 3165.00    0.44610   0.99705    1.112
 3166.00    0.59793   0.99906    1.112
 3167.00    0.69406   1.00032    1.112
 3168.00   -0.13611   1.00139    0.000
 3169.00   -0.45472   1.00198    0.000
 3170.00    0.88864   1.00226    1.112
 3171.00    1.15794   1.00227    1.112
 3172.00    0.93282   1.00210    1.112
 3173.00    0.85467   1.00126    1.112
 3174.00   -0.28414   0.99966    0.000
 3175.00   -0.21328   0.99802    0.000
 3176.00    0.14779   0.99417    1.112
 3177.00    0.55506   0.98899    1.112
 3178.00    1.63193   0.98438    1.112
 3179.00    1.18934   0.97638    1.112
 3180.00    0.48166   0.96789    1.112
 3181.00    0.44866   0.96112    1.112
 3182.00    0.41501   0.95212    1.112
 3183.00    1.11179   0.94461    1.112
 3184.00    1.56536   0.93929    1.112
 3185.00    1.05025   0.93376    1.112
 3186.00    0.84600   0.93021    1.112
 3187.00    0.31481   0.92799    1.112
 3188.00    0.20324   0.92620    1.112
 3189.00   -0.10461   0.92541    0.000
 3190.00   -0.07945   0.92506    0.000
 3191.00    0.84960   0.92502    1.112
 3192.00    1.04599   0.92526    1.112
 3193.00    2.09675   0.92586    1.112
 3194.00    1.89450   0.92689    1.112
 3195.00    1.34160   0.92799    1.112
 3196.00    0.97587   0.93018    1.112
 3197.00    0.37452   0.93310    1.112
 3198.00    0.69032   0.93568    1.112
 3199.00    1.02096   0.94001    1.112
 3200.00    0.79212   0.94460    1.112
 3201.00    0.63900   0.94830    1.112
 3202.00   -0.29743   0.95313    0.000
 3203.00   -0.68090   0.95717    0.000
 3204.00    0.37486   0.96018    1.112
 3205.00    0.60689   0.96327    1.112
 3206.00    2.26766   0.96528    1.112
 3207.00    2.35374   0.96671    1.112
 3208.00    1.44028   0.96785    1.112
 3209.00    1.36431   0.96844    1.112
 3210.00    0.93677   0.96879    1.112
 3211.00    0.59009   0.96883    1.112
 3212.00   -0.39034   0.96862    0.000
 3213.00   -0.31127   0.96793    0.000
 3214.00   -0.17755   0.96646    0.000
 3215.00   -0.54718   0.96489    0.000
 3216.00   -0.94452   0.96152    0.000
 3217.00   -0.22112   0.95684    0.000
 3218.00    0.27686   0.95273    1.112
 3219.00    0.52399   0.94561    1.112
 3220.00    0.62859   0.93803    1.112
 3221.00    0.46329   0.93201    1.112
 3222.00    0.42527   0.92403    1.112
 3223.00    2.48331   0.91748    1.112
 3224.00    2.60841   0.91256    1.112
 3225.00    1.32225   0.90758    1.112
 3226.00    1.18111   0.90455    1.112
 3227.00    0.34405   0.90239    1.112
 3228.00    0.41134   0.90079    1.112
 3229.00    0.60830   0.90025    1.112
 3230.00    0.81060   0.90006    1.112
 3231.00    1.16256   0.90052    1.112
 3232.00    0.96451   0.90154    1.112
 3233.00    0.74591   0.90346    1.112
 3234.00    0.57403   0.90706    1.112
 3235.00    0.45245   0.91100    1.112
 3236.00    0.91270   0.91845    1.112
 3237.00    1.11369   0.92875    1.112
 3238.00    0.70684   0.93786    1.112
 3239.00    0.60916   0.95324    1.112
 3240.00    1.49114   0.96962    1.112
 3241.00    1.54293   0.98268    1.112
 3242.00    0.53617   0.99985    1.112
 3243.00    0.48987   1.01390    1.112
 3244.00    0.19995   1.02488    1.112
 3245.00    0.14794   1.03585    1.112
 3246.00   -0.00971   1.04259    0.000
 3247.00    0.55058   1.04786    1.112
 3248.00    1.55361   1.05196    1.112
 3249.00    1.05466   1.05393    1.112
 3250.00    0.48918   1.05560    1.112
 3251.00    1.00295   1.05697    1.112
 3252.00    1.37637   1.05803    1.112
 3253.00    1.52189   1.05950    1.112
 3254.00    1.58744   1.06190    1.112
 3255.00    1.58744   1.06449    1.112
 3256.00    1.58744   1.06904    1.112
 3257.00    1.58744   1.07537    1.112
 3258.00    1.58744   1.08098    1.112
 3259.00    1.58744   1.09035    1.112
 3260.00    1.58744   1.10035    1.112
 3261.00    1.58744   1.10831    1.112
 3262.00    1.58744   1.11874    1.112
 3263.00    1.58744   1.12722    1.112
 3264.00    1.58744   1.13406    1.112
 3265.00    1.58744   1.14080    1.112
 3266.00    1.58744   1.14488    1.112
 3267.00    1.58744   1.14827    1.112
 3268.00    1.58744   1.15084    1.112
 3269.00    0.80064   1.15203    1.112
 3270.00    0.33395   1.15307    1.112
 3271.00    0.33395   1.15369    1.112
 3272.00    0.33395   1.15396    1.112
 3273.00    0.33395   1.15416    1.112
 3274.00    0.33395   1.15417    1.112
 3275.00    0.33395   1.15412    1.112
 3276.00    0.33395   1.15388    1.112
 3277.00    0.33395   1.15344    1.112
 3278.00    0.33395   1.15307    1.112
 3279.00    0.33395   1.15232    1.112
 3280.00    0.33395   1.15150    1.112
 3281.00    0.33395   1.15089    1.112
 3282.00    0.33395   1.15003    1.112
 3283.00    0.33395   1.14938    1.112
 3284.00    0.33395   1.14887    1.112
 3285.00    0.67421   1.14838    1.112
 3286.00    0.93520   1.14817    1.112
 3287.00    1.16798   1.14801    1.112
 3288.00    1.27941   1.14792    1.112
 3289.00    1.25717   1.14795    1.112
 3290.00    1.25114   1.14797    1.112
 3291.00    1.75771   1.14789    1.112
 3292.00    1.80439   1.14770    1.112
 3293.00    0.24537   1.14735    1.112
 3294.00    0.32399   1.14645    1.112
 3295.00    0.91343   1.14537    1.112
 3296.00    0.95624   1.14348    1.112
 3297.00    1.10116   1.14065    1.112
 3298.00    1.17600   1.13817    1.112
 3299.00    1.32233   1.13388    1.112
 3300.00    1.25106   1.12927    1.112
 3301.00    1.16350   1.12567    1.112
 3302.00    1.20935   1.12088    1.112
 3303.00    1.24550   1.11711    1.112
 3304.00    1.76825   1.11393    1.112
 3305.00    2.02610   1.11088    1.112
 3306.00    2.77208   1.10922    1.112
 3307.00    2.98245   1.10768    1.112
 3308.00   -1.30427   1.10661    0.000
 3309.00   -1.83391   1.10623    0.000
 3310.00   -4.40527   1.10583    0.000
 3311.00   -3.94859   1.10565    0.000
 3312.00   -0.29416   1.10552    0.000
 3313.00    0.22634   1.10534    1.112
 3314.00    2.05641   1.10533    1.112
 3315.00    3.08350   1.10529    1.112
 3316.00    5.15204   1.10548   -1.000
 3317.00    3.42204   1.10611    1.112
 3318.00    1.23924   1.10718    1.112
 3319.00    0.55085   1.10909    1.112
 3320.00   -0.00674   1.11188    0.000
 3321.00    0.61785   1.11583    1.112
 3322.00    0.93520   1.12044    1.112
 3323.00    1.20331   1.12619    1.112
 3324.00    1.28184   1.13318    1.112
 3325.00    0.82549   1.13941    1.112
 3326.00    0.76549   1.14566    1.112
 3327.00    0.91669   1.15106    1.112
 3328.00    1.00845   1.15537    1.112
 3329.00    1.78723   1.15858    1.112
 3330.00    1.52599   1.15910    1.112
 3331.00    0.57126   1.15757    1.112
 3332.00    0.73652   1.15379    1.112
 3333.00    1.07947   1.14786    1.112
 3334.00    1.44043   1.14105    1.112
 3335.00    1.90823   1.13384    1.112
 3336.00    1.69656   1.12786    1.112
 3337.00    1.52048   1.12429    1.112
 3338.00    1.09198   1.12248    1.112
 3339.00    0.86754   1.12304    1.112
 3340.00    0.66586   1.12613    1.112
 3341.00    0.60446   1.13036    1.112
 3342.00    0.95701   1.13645    1.112
 3343.00    1.00647   1.14201    1.112
 3344.00    1.23332   1.14608    1.112
 3345.00    1.26716   1.14905    1.112
 3346.00    1.55259   1.15038    1.112
 3347.00    1.17894   1.14882    1.112
 3348.00   -0.24161   1.14685    0.000
 3349.00   -0.10360   1.14507    0.000
 3350.00    0.19157   1.14226    1.112
 3351.00    0.39442   1.14081    1.112
 3352.00    0.66446   1.13737    1.112
 3353.00    0.56330   1.13299    1.112
 3354.00    0.47688   1.12851    1.112
 3355.00    0.10866   1.11997    1.112
 3356.00   -0.08991   1.11035    0.000
 3357.00   -0.16360   1.09764    0.000
 3358.00   -0.18687   1.08275    0.000
 3359.00    0.46663   1.06982    1.112
 3360.00    0.56397   1.05699    1.112
 3361.00    0.07086   1.04815    1.112
 3362.00    0.01483   1.04191    1.112
 3363.00   -0.44626   1.03738    0.000
 3364.00   -0.36672   1.03487    0.000
 3365.00   -0.05185   1.03116    0.000
 3366.00    0.32623   1.02816    1.112
 3367.00    1.15990   1.02376    1.112
 3368.00    1.28401   1.01941    1.112
 3369.00    1.45375   1.01594    1.112
 3370.00    0.72755   1.01302    1.112
 3371.00    0.09054   1.01306    1.112
 3372.00    0.60007   1.01645    1.112
 3373.00    0.88289   1.02284    1.112
 3374.00    1.69287   1.03243    1.112
 3375.00    1.95797   1.04304    1.112
 3376.00    0.66302   1.05282    1.112
 3377.00    0.45879   1.06190    1.112
 3378.00    0.97559   1.06960    1.112
 3379.00    0.95310   1.07673    1.112
 3380.00    0.56053   1.08339    1.112
 3381.00    0.67503   1.08985    1.112
 3382.00    1.14823   1.09679    1.112
 3383.00    0.77735   1.10330    1.112
 3384.00   -0.06610   1.11134    0.000
 3385.00    0.30944   1.11872    1.112
 3386.00    0.83715   1.12482    1.112
 3387.00    0.93225   1.13017    1.112
 3388.00    1.01791   1.13381    1.112
 3389.00    0.61932   1.13687    1.112
 3390.00    0.39167   1.13888    1.112
 3391.00    0.05272   1.14065    1.112
 3392.00   -0.06219   1.14377    0.000
 3393.00    1.58512   1.14887    1.112
 3394.00    1.85960   1.15646    1.112
 3395.00    0.00188   1.16457    1.112
 3396.00    0.02199   1.17372    1.112
 3397.00    0.99825   1.18273    1.112
 3398.00    0.98926   1.18932    1.112
 3399.00    0.95048   1.19352    1.112
 3400.00    1.23221   1.19420    1.112
 3401.00    1.89406   1.19069    1.112
 3402.00    1.63503   1.18445    1.112
 3403.00    1.26101   1.17548    1.112
 3404.00    1.00141   1.16510    1.112
 3405.00    0.76134   1.15427    1.112
 3406.00    1.28099   1.14338    1.112
 3407.00    1.58634   1.13392    1.112
 3408.00    0.84758   1.12624    1.112
 3409.00    0.58833   1.12100    1.112
 3410.00    1.51743   1.11691    1.112
 3411.00    1.68064   1.11462    1.112
 3412.00    1.62382   1.11402    1.112
 3413.00    1.56296   1.11614    1.112
 3414.00    0.80026   1.12104    1.112
 3415.00    0.93001   1.12777    1.112
 3416.00    1.51460   1.13720    1.112
 3417.00    1.36754   1.14713    1.112
 3418.00    1.01094   1.15922    1.112
 3419.00    1.32299   1.17063    1.112
 3420.00    1.78653   1.18088    1.112
 3421.00    1.96617   1.18973    1.112
 3422.00    2.13692   1.19669    1.112
 3423.00    1.61798   1.20359    1.112
 3424.00    1.30401   1.20820    1.112
 3425.00    1.78826   1.21252    1.112
 3426.00    1.96408   1.21545    1.112
 3427.00    1.60918   1.21867    1.112
 3428.00    1.54358   1.22282    1.112
 3429.00    1.45180   1.22350    1.112
 3430.00    1.51917   1.22273    1.112
 3431.00    2.55663   1.21871    1.112
 3432.00    2.26154   1.21227    1.112
 3433.00    0.87083   1.20425    1.112
 3434.00    0.88824   1.19228    1.112
 3435.00    0.93184   1.17669    1.112
 3436.00    0.70691   1.15932    1.112
 3437.00    0.36348   1.13961    1.112
 3438.00    0.55675   1.11967    1.112
 3439.00    0.74536   1.10051    1.112
 3440.00    0.85838   1.08210    1.112
 3441.00    0.92870   1.06914    1.112
 3442.00    0.36487   1.06027    1.112
 3443.00    0.15319   1.05753    1.112
 3444.00    0.20841   1.06025    1.112
 3445.00    0.21914   1.06800    1.112
 3446.00    1.11431   1.08066    1.112
 3447.00    1.20383   1.09556    1.112
 3448.00    1.85506   1.11179    1.112
 3449.00    1.74105   1.12555    1.112
 3450.00    1.17830   1.13690    1.112
 3451.00    1.02192   1.14453    1.112
 3452.00    0.61739   1.14852    1.112
 3453.00    0.61288   1.15044    1.112
 3454.00    0.60579   1.14785    1.112
 3455.00    1.11167   1.14316    1.112
 3456.00    1.61853   1.13652    1.112
 3457.00    1.45222   1.12880    1.112
 3458.00    1.34583   1.12313    1.112
 3459.00    0.83823   1.11718    1.112
 3460.00    0.64104   1.11368    1.112
 3461.00    1.51569   1.11279    1.112
 3462.00    1.69411   1.11475    1.112
 3463.00    1.00716   1.11860    1.112
 3464.00    1.00000   1.12424    1.112
 3465.00    1.66239   1.13076    1.112
 3466.00    1.48664   1.13814    1.112
 3467.00    0.57658   1.14553    1.112
 3468.00    0.96366   1.14939    1.112
 3469.00    1.99854   1.15126    1.112
 3470.00    1.87254   1.14983    1.112
 3471.00    1.66921   1.14606    1.112
 3472.00    1.69009   1.14020    1.112
 3473.00    1.71158   1.13273    1.112
 3474.00    0.43046   1.12484    1.112
 3475.00   -0.41203   1.11906    0.000
 3476.00    0.94397   1.11572    1.112
 3477.00    1.48813   1.11488    1.112
 3478.00    0.52692   1.11697    1.112
 3479.00    0.32158   1.12099    1.112
 3480.00    1.15424   1.12727    1.112
 3481.00    1.22968   1.13451    1.112
 3482.00    1.59144   1.14085    1.112
 3483.00    1.63564   1.14628    1.112
 3484.00    1.87612   1.15030    1.112
 3485.00    1.10153   1.15299    1.112
 3486.00   -1.03999   1.15357    0.000
 3487.00    0.02245   1.15090    1.112
 3488.00    1.78582   1.14661    1.112
 3489.00    1.53486   1.14096    1.112
 3490.00    1.26978   1.13619    1.112
 3491.00    1.59213   1.13169    1.112
 3492.00    1.81002   1.12763    1.112
 3493.00    1.56693   1.12556    1.112
 3494.00    1.46620   1.12470    1.112
 3495.00    0.86183   1.12812    1.112
 3496.00    0.72680   1.13450    1.112
 3497.00    0.21150   1.14404    1.112
 3498.00    0.14461   1.15586    1.112
 3499.00   -0.53092   1.16578    0.000
 3500.00   -0.52019   1.17763    0.000
 3501.00   -0.45863   1.18811    0.000
 3502.00   -0.45715   1.19801    0.000
 3503.00   -0.45292   1.20536    0.000
 3504.00    0.42930   1.20709    1.112
 3505.00    1.93541   1.20726    1.112
 3506.00    1.58956   1.20405    1.112
 3507.00    1.21449   1.19921    1.112
 3508.00    1.02778   1.19162    1.112
 3509.00    0.89808   1.18309    1.112
 3510.00    1.78567   1.17442    1.112
 3511.00    2.16528   1.16783    1.112
 3512.00    1.24287   1.16220    1.112
 3513.00    1.02762   1.15833    1.112
 3514.00    1.83482   1.15785    1.112
 3515.00    1.86335   1.15821    1.112
 3516.00    0.61551   1.16083    1.112
 3517.00    0.56406   1.16112    1.112
 3518.00    0.25281   1.15945    1.112
 3519.00    0.41503   1.15648    1.112
 3520.00    0.89604   1.15009    1.112
 3521.00    0.44974   1.14400    1.112
 3522.00   -0.33497   1.13506    0.000
 3523.00   -0.42768   1.12671    0.000
 3524.00   -0.53092   1.12081    0.000
 3525.00   -0.32308   1.11808    0.000
 3526.00   -0.17473   1.12126    0.000
 3527.00   -0.33313   1.12818    0.000
 3528.00   -0.40303   1.13853    0.000
 3529.00    1.99143   1.15176    1.112
 3530.00    2.57441   1.16648    1.112
 3531.00    0.48758   1.18271    1.112
 3532.00    0.28575   1.19949    1.112
 3533.00    0.01762   1.21481    1.112
 3534.00    0.11494   1.22907    1.112
 3535.00    0.73714   1.24093    1.112
 3536.00    1.09915   1.25200    1.112
 3537.00    2.21109   1.26242    1.112
 3538.00    0.99862   1.27099    1.112
 3539.00   -1.19514   1.27845    0.000
 3540.00    1.10270   1.28298    1.112
 3541.00    3.73259   1.28763    1.112
 3542.00    1.60554   1.29104    1.112
 3543.00    0.04402   1.29351    1.112
 3544.00   -1.77156   1.29489    0.000
 3545.00   -2.59869   1.29349    0.000
 3546.00    2.00298   1.29246    1.112
 3547.00    3.17065   1.28936    1.112
 3548.00    0.74246   1.28639    1.112
 3549.00    0.50085   1.28185    1.112
 3550.00    0.74450   1.27617    1.112
 3551.00    0.60907   1.27006    1.112
 3552.00   -0.30811   1.26298    0.000
 3553.00   -0.14160   1.25709    0.000
 3554.00    0.38854   1.25145    1.112
 3555.00    0.70596   1.24660    1.112
 3556.00    1.29711   1.24181    1.112
 3557.00    1.35728   1.23651    1.112
 3558.00    1.42798   1.23171    1.112
 3559.00    1.53679   1.22611    1.112
 3560.00    1.61885   1.22018    1.112
 3561.00    1.41683   1.21149    1.112
 3562.00    1.32194   1.20016    1.112
 3563.00    0.97285   1.18550    1.112
 3564.00    0.88062   1.16800    1.112
 3565.00    0.60692   1.15174    1.112
 3566.00    0.59106   1.13400    1.112
 3567.00    1.77940   1.11768    1.112
 3568.00    1.63299   1.10137    1.112
 3569.00    0.58003   1.08715    1.112
 3570.00    0.88995   1.07778    1.112
 3571.00    1.91348   1.07072    1.112
 3572.00    2.14739   1.06620    1.112
 3573.00    2.59587   1.06242    1.112
 3574.00    1.96819   1.05812    1.112
 3575.00    1.21065   1.05450    1.112
 3576.00    1.29909   1.04783    1.112
 3577.00    1.36760   1.04030    1.112
 3578.00    2.11207   1.02918    1.112
 3579.00    2.47244   1.01680    1.112
 3580.00    5.56056   1.00435   -1.000
 3581.00    6.41046   0.99181   -1.000
 3582.00    3.12703   0.98234    1.112
 3583.00    2.73337   0.97446    1.112
 3584.00    1.40159   0.97047    1.112
 3585.00    1.36012   0.97165    1.112
 3586.00    1.04250   0.97804    1.112
 3587.00    1.01348   0.99044    1.112
 3588.00    0.91398   1.00805    1.112
 3589.00    0.96182   1.02903    1.112
 3590.00    1.05628   1.05444    1.112
 3591.00    0.78116   1.08050    1.112
 3592.00    0.44015   1.10850    1.112
 3593.00    1.25500   1.13611    1.112
 3594.00    1.90338   1.16256    1.112
 3595.00    1.17617   1.18723    1.112
 3596.00    0.81350   1.20670    1.112
 3597.00    0.08045   1.22283    1.112
 3598.00   -0.12923   1.23306    0.000
 3599.00    0.32760   1.23839    1.112
 3600.00    0.38525   1.23750    1.112
 3601.00    0.80518   1.23158    1.112
 3602.00    0.84655   1.22166    1.112
 3603.00    1.18011   1.20900    1.112
 3604.00    1.29369   1.19529    1.112
 3605.00    1.69818   1.18106    1.112
 3606.00    1.71006   1.16819    1.112
 3607.00    1.73421   1.15706    1.112
 3608.00    1.52972   1.14966    1.112
 3609.00    1.26939   1.14571    1.112
 3610.00    1.47316   1.14580    1.112
 3611.00    1.63968   1.14750    1.112
 3612.00    1.20485   1.15139    1.112
 3613.00    0.98149   1.15634    1.112
 3614.00    1.53992   1.16150    1.112
 3615.00    1.70578   1.16693    1.112
 3616.00    2.66089   1.17126    1.112
 3617.00    2.78948   1.17583    1.112
 3618.00    1.69256   1.18373    1.112
 3619.00    1.57271   1.19298    1.112
 3620.00    0.59890   1.20665    1.112
 3621.00    0.81330   1.22091    1.112
 3622.00    1.60827   1.23786    1.112
 3623.00    1.68380   1.25535    1.112
 3624.00    1.84229   1.27291    1.112
 3625.00    1.29929   1.28881    1.112
 3626.00    0.58927   1.29996    1.112
 3627.00    1.35617   1.30570    1.112
 3628.00    1.99979   1.30488    1.112
 3629.00    1.61760   1.29866    1.112
 3630.00    1.41545   1.29064    1.112
 3631.00    0.97339   1.28095    1.112
 3632.00    0.83715   1.27368    1.112
 3633.00    0.92148   1.26684    1.112
 3634.00    0.93356   1.26456    1.112
 3635.00    1.35311   1.26489    1.112
 3636.00    1.35856   1.26952    1.112
 3637.00    1.35006   1.27724    1.112
 3638.00    1.55731   1.28492    1.112
 3639.00    2.35708   1.29260    1.112
 3640.00    2.07529   1.29578    1.112
 3641.00    1.46581   1.29676    1.112
 3642.00    2.09331   1.29342    1.112
 3643.00    2.93703   1.28807    1.112
 3644.00    1.88947   1.28110    1.112
 3645.00    0.98666   1.27381    1.112
 3646.00    1.08645   1.26789    1.112
 3647.00    1.14079   1.26550    1.112
 3648.00    1.21955   1.26725    1.112
 3649.00    1.24472   1.27510    1.112
 3650.00    1.16551   1.28712    1.112
 3651.00    1.15348   1.30460    1.112
 3652.00    2.46311   1.32425    1.112
 3653.00    2.32762   1.34645    1.112
 3654.00    0.64370   1.36925    1.112
 3655.00    0.65924   1.39089    1.112
 3656.00    0.72171   1.41180    1.112
 3657.00    1.24763   1.42783    1.112
 3658.00    2.42060   1.44148    1.112
 3659.00    1.84519   1.44950    1.112
 3660.00    1.05033   1.45416    1.112
 3661.00    1.32697   1.45474    1.112
 3662.00    1.57201   1.45237    1.112
 3663.00    1.34950   1.44818    1.112
 3664.00    1.22467   1.44223    1.112
 3665.00    1.38459   1.43546    1.112
 3666.00    1.43762   1.42869    1.112
 3667.00    1.06285   1.42220    1.112
 3668.00    1.00264   1.41673    1.112
 3669.00    1.02220   1.41306    1.112
 3670.00    1.00968   1.40969    1.112
 3671.00    0.86378   1.40727    1.112
 3672.00    0.93328   1.40318    1.112
 3673.00    1.22459   1.39830    1.112
 3674.00    1.35667   1.39163    1.112
 3675.00    1.66051   1.38245    1.112
 3676.00    1.61445   1.37296    1.112
 3677.00    1.54906   1.36117    1.112
 3678.00    1.33481   1.34980    1.112
 3679.00    1.13993   1.33803    1.112
 3680.00    0.94483   1.32729    1.112
 3681.00    0.83221   1.31825    1.112
 3682.00    0.37043   1.31006    1.112
 3683.00    0.21185   1.30418    1.112
 3684.00    0.31484   1.30014    1.112
 3685.00    0.33231   1.29833    1.112
 3686.00    1.21271   1.30043    1.112
 3687.00    1.35087   1.30490    1.112
 3688.00    2.65203   1.31326    1.112
 3689.00    2.52654   1.32279    1.112
 3690.00    1.97747   1.33463    1.112
 3691.00    1.52566   1.34625    1.112
 3692.00    0.45307   1.35831    1.112
 3693.00    1.05272   1.37061    1.112
 3694.00    1.92734   1.38147    1.112
 3695.00    1.46441   1.39165    1.112
 3696.00    1.03208   1.39814    1.112
 3697.00    1.84364   1.40262    1.112
 3698.00    2.32552   1.40133    1.112
 3699.00    1.68453   1.39609    1.112
 3700.00    1.45673   1.38514    1.112
 3701.00    1.63096   1.36992    1.112
 3702.00    1.66216   1.35030    1.112
 3703.00    1.70712   1.32980    1.112
 3704.00    1.68031   1.30862    1.112
 3705.00    1.29132   1.29111    1.112
 3706.00    1.19426   1.27628    1.112
 3707.00    0.75045   1.26805    1.112
 3708.00    0.71575   1.26496    1.112
 3709.00    0.63070   1.26885    1.112
 3710.00    0.77144   1.27749    1.112
 3711.00    0.98243   1.28993    1.112
 3712.00    1.42447   1.30305    1.112
 3713.00    1.84832   1.31409    1.112
 3714.00    1.33198   1.32015    1.112
 3715.00    1.01665   1.32053    1.112
 3716.00    0.49845   1.31372    1.112
 3717.00    0.30795   1.30111    1.112
 3718.00    0.96447   1.28474    0.000
 3719.00    1.08808   1.26606    0.000
 3720.00    0.64800   1.24993    0.000
 3721.00    0.66522   1.23638    0.000
 3722.00    1.25944   1.22859    0.000
 3723.00    1.08499   1.22506    0.000
 3724.00    0.24874   1.22592    0.000
 3725.00    0.89884   1.22903    0.000
 3726.00    2.54426   1.23205    0.000
 3727.00    2.39200   1.23464    0.000
 3728.00    2.15737   1.23249    0.000
 3729.00    3.40944   1.22543    0.000
 3730.00    4.64210   1.21311    0.000
 3731.00    3.43484   1.19513    0.000
 3732.00    2.67670   1.17665    0.000
 3733.00    2.17894   1.15732    0.000
 3734.00    1.98976   1.14420    0.000
 3735.00    2.90363   1.13532    0.000
 3736.00    3.08427   1.13551    0.000
 3737.00    1.37330   1.14043    0.000
 3738.00    1.27959   1.15178    1.112
 3739.00    1.36885   1.16437    1.112
 3740.00    1.38578   1.17765    1.112
 3741.00    1.47082   1.18721    1.112
 3742.00    1.26622   1.19337    1.112
 3743.00    0.73048   1.19278    1.112
 3744.00    0.72624   1.18819    1.112
 3745.00    0.71951   1.17838    1.112
 3746.00    0.86218   1.16791    1.112
 3747.00    1.00639   1.15779    1.112
 3748.00    1.11571   1.15291    1.112
 3749.00    1.18629   1.15400    1.112
 3750.00    1.13518   1.16320    1.112
 3751.00    1.11510   1.17928    1.112
 3752.00    2.03194   1.20085    1.112
 3753.00    2.22190   1.22557    1.112
 3754.00    2.11236   1.25051    1.112
 3755.00    2.08858   1.27352    1.112
 3756.00    1.76632   1.29348    1.112
 3757.00    1.57656   1.30905    1.112
 3758.00    0.57603   1.32043    1.112
 3759.00    0.75294   1.32686    1.112
 3760.00    1.23180   1.32944    1.112
 3761.00    1.07288   1.32831    1.112
 3762.00    0.81373   1.32456    1.112
 3763.00    1.01832   1.31931    1.112
 3764.00    1.23086   1.31292    1.112
 3765.00    0.65908   1.30692    1.112
 3766.00    0.27960   1.30184    1.112
 3767.00    0.23536   1.29860    1.112
 3768.00    0.21741   1.29857    1.112
 3769.00    1.52342   1.30210    1.112
 3770.00    1.80666   1.31104    1.112
 3771.00    2.73277   1.32430    1.112
 3772.00    2.71452   1.34381    1.112
 3773.00    0.78303   1.36678    1.112
 3774.00    1.08120   1.39484    1.112
 3775.00    2.73403   1.42501    1.112
 3776.00    2.11791   1.45705    1.112
 3777.00    0.39300   1.48905    1.112
 3778.00    1.38208   1.51859    1.112
 3779.00    3.04088   1.54549    1.112
 3780.00    2.23446   1.56618    1.112
 3781.00    1.37434   1.58173    1.112
 3782.00    1.17231   1.58843    1.112
 3783.00    1.03435   1.58868    1.112
 3784.00    1.61841   1.58024    1.112
 3785.00    1.86328   1.56560    1.112
 3786.00    1.97670   1.54488    1.112
 3787.00    2.00245   1.51929    1.112
 3788.00    1.63480   1.49056    1.112
 3789.00    1.60574   1.45863    1.112
 3790.00    1.61979   1.42556    1.112
 3791.00    1.64183   1.39135    1.112
 3792.00    1.77055   1.35778    1.112
 3793.00    1.69535   1.32576    1.112
 3794.00    1.47748   1.29664    1.112
 3795.00    1.19521   1.27245    1.112
 3796.00    0.70824   1.25507    0.000
 3797.00    1.17931   1.24580    0.000
 3798.00    1.69521   1.24588    0.000
 3799.00    1.82228   1.25556    0.000
 3800.00    1.91145   1.27310    0.000
 3801.00    1.30219   1.29881    0.000
 3802.00    1.03858   1.32829    0.000
 3803.00    1.31569   1.36203    1.112
 3804.00    1.38138   1.39500    1.112
 3805.00    1.02443   1.42781    1.112
 3806.00    1.02495   1.45612    1.112
 3807.00    2.08868   1.48082    1.112
 3808.00    2.01372   1.49867    1.112
 3809.00    1.55188   1.50997    1.112
 3810.00    1.56091   1.51426    1.112
 3811.00    1.58799   1.51151    1.112
 3812.00    1.55694   1.50344    1.112
 3813.00    1.50184   1.49034    1.112
 3814.00    1.28006   1.47365    1.112
 3815.00    1.03067   1.45422    1.112
 3816.00    1.83620   1.43257    1.112
 3817.00    2.41699   1.40997    1.112
 3818.00    1.48003   1.38713    1.112
 3819.00    1.06184   1.36462    1.112
 3820.00    1.57059   1.34244    1.112
 3821.00    1.69638   1.32026    1.112
 3822.00    1.90640   1.29835    1.112
 3823.00    1.92001   1.27622    1.112
 3824.00    1.63138   1.25395    1.112
 3825.00    1.50219   1.23164    1.112
 3826.00    0.65866   1.20773    1.112
 3827.00    0.51780   1.18441    1.112
 3828.00    0.07996   1.15842    1.112
 3829.00    0.26537   1.13420    1.112
 3830.00    0.60407   1.10801    1.112
 3831.00    0.92023   1.08514    1.112
 3832.00    1.28529   1.06286    1.112
 3833.00    1.34657   1.04651    0.000
 3834.00    1.39196   1.03433    0.000
 3835.00    1.45857   1.02975    0.000
 3836.00    1.48923   1.03297    0.000
 3837.00    1.56029   1.04449    0.000
 3838.00    1.57859   1.06614    0.000
 3839.00    1.11925   1.09419    0.000
 3840.00    1.07019   1.13214    0.000
 3841.00    0.99989   1.17207    0.000
 3842.00    1.10587   1.21882    1.112
 3843.00    1.83947   1.26309    1.112
 3844.00    1.26138   1.30989    1.112
 3845.00   -0.60415   1.35054    0.000
 3846.00    0.16937   1.38920    1.112
 3847.00    1.62394   1.42077    1.112
 3848.00    1.86409   1.44733    1.112
 3849.00    2.14883   1.46816    1.112
 3850.00    1.84293   1.48239    1.112
 3851.00    1.61015   1.49228    1.112
 3852.00    0.98491   1.49591    1.112
 3853.00    0.68826   1.49763    1.112
 3854.00    1.48633   1.49420    1.112
 3855.00    1.70030   1.49111    1.112
 3856.00    0.85687   1.48511    1.112
 3857.00    0.79125   1.48174    1.112
 3858.00    3.91037   1.47816    1.112
 3859.00    3.72591   1.47809    1.112
 3860.00    2.36843   1.47929    1.112
 3861.00    2.28621   1.48244    1.112
 3862.00    2.01091   1.48747    0.000
 3863.00    1.76252   1.49245    0.000
 3864.00    1.28106   1.49830    0.000
 3865.00    0.87641   1.50210    0.000
 3866.00    0.38321   1.50532    0.000
 3867.00    0.21468   1.50536    0.000
 3868.00    0.08294   1.50387    0.000
 3869.00    0.82609   1.50023    0.000
 3870.00    1.18943   1.49556    0.000
 3871.00    1.69389   1.49006    0.000
 3872.00    1.83454   1.48454    1.112
 3873.00    1.71056   1.47701    1.112
 3874.00    1.69809   1.46946    1.112
 3875.00    2.62469   1.46045    1.112
 3876.00    2.49780   1.45111    1.112
 3877.00    1.50215   1.44028    1.112
 3878.00    1.35774   1.42750    1.112
 3879.00    0.85571   1.41328    1.112
 3880.00    0.66642   1.39627    1.112
 3881.00    0.28853   1.37880    1.112
 3882.00    0.27917   1.35860    0.000
 3883.00    0.26746   1.33880    0.000
 3884.00    0.97261   1.31906    0.000
 3885.00    1.53928   1.30226    0.000
 3886.00    1.58282   1.28940    0.000
 3887.00    1.60475   1.28189    0.000
 3888.00    1.29455   1.28169    0.000
 3889.00    1.20470   1.28778    0.000
 3890.00    1.02454   1.30160    0.000
 3891.00    1.00130   1.32078    0.000
 3892.00    0.93741   1.34622    1.112
 3893.00    0.86797   1.37513    1.112
 3894.00    0.28712   1.40617    1.112
 3895.00    0.88361   1.43805    1.112
 3896.00    3.03853   1.46811    1.112
 3897.00    2.68989   1.49766    1.112
 3898.00    1.97285   1.52357    1.112
 3899.00    1.34632   1.54819    1.112
 3900.00    0.54079   1.56915    1.112
 3901.00    1.03808   1.58898    1.112
 3902.00    1.44850   1.60725    1.112
 3903.00    2.36542   1.62511    1.112
 3904.00    2.84156   1.64370    1.112
 3905.00    2.21730   1.66251    1.112
 3906.00    2.02931   1.68298    1.112
 3907.00    0.95315   1.70264    1.112
 3908.00    0.80488   1.72386    1.112
 3909.00    2.55653   1.74246    1.112
 3910.00    2.60751   1.76058    1.112
 3911.00    2.89951   1.77418    1.112
 3912.00    2.79540   1.78471    1.112
 3913.00    2.40423   1.78962    1.112
 3914.00    2.46654   1.78954    1.112
 3915.00    2.59861   1.78396    1.112
 3916.00    2.28202   1.77293    1.112
 3917.00    1.86391   1.75785    1.112
 3918.00    1.32766   1.73811    1.112
 3919.00    0.87317   1.71583    1.112
 3920.00    0.62571   1.68988    1.112
 3921.00    0.49341   1.66123    1.112
 3922.00   -0.01873   1.62924    0.000
 3923.00   -0.17872   1.59320    0.000
 3924.00    1.21484   1.55413    1.112
 3925.00    1.41882   1.50939    1.112
 3926.00    2.66421   1.46290    1.112
 3927.00    2.65290   1.41101    1.112
 3928.00    2.32943   1.36009    1.112
 3929.00    1.94984   1.30752    1.112
 3930.00    0.46513   1.26077    1.112
 3931.00    0.48945   1.21874    1.112
 3932.00    0.54259   1.18772    1.112
 3933.00    0.71078   1.16740    1.112
 3934.00    0.93896   1.16057    1.112
 3935.00    0.94612   1.16753    1.112
 3936.00    0.95236   1.18647    1.112
 3937.00    0.81657   1.21756    1.112
 3938.00    0.74183   1.25634    1.112
 3939.00    0.75970   1.30209    1.112
 3940.00    0.76549   1.35031    1.112
 3941.00    1.13067   1.40029    1.112
 3942.00    1.18731   1.44837    1.112
 3943.00    2.17444   1.49472    1.112
 3944.00    2.05809   1.53691    1.112
 3945.00    0.57235   1.57600    1.112
 3946.00    0.79930   1.61047    1.112
 3947.00    1.72567   1.64169    1.112
 3948.00    1.68477   1.66803    1.112
 3949.00    1.59261   1.69098    1.112
 3950.00    1.70875   1.70853    1.112
 3951.00    1.87064   1.72167    1.112
 3952.00    1.92333   1.72860    1.112
 3953.00    1.97042   1.72942    1.112
 3954.00    2.40908   1.72328    1.112
 3955.00    2.65751   1.70900    1.112
 3956.00    2.41490   1.68715    1.112
 3957.00    2.33350   1.65562    1.112
 3958.00    0.59732   1.61704    1.112
 3959.00    0.31265   1.56851    1.112
 3960.00    1.28780   1.51475    1.112
 3961.00    1.37319   1.45238    0.000
 3962.00    2.00363   1.38819    0.000
 3963.00    2.07162   1.31980    0.000
 3964.00    2.36115   1.25487    0.000
 3965.00    2.55826   1.19288    0.000
 3966.00    3.01699   1.14054    0.000
 3967.00    2.18216   1.09903    0.000
 3968.00    0.98642   1.07226    0.000
 3969.00    1.51937   1.06291    0.000
 3970.00    2.00840   1.07002    0.000
 3971.00    1.65870   1.09719    0.000
 3972.00    1.45493   1.13837    0.000
 3973.00    1.53206   1.19695    0.000
 3974.00    1.55885   1.26386    0.000
 3975.00    2.22829   1.34112    1.112
 3976.00    2.34408   1.41999    1.112
 3977.00    1.34871   1.50101    1.112
 3978.00    1.37115   1.57826    1.112
 3979.00    2.14053   1.65168    1.112
 3980.00    2.08051   1.71850    1.112
 3981.00    1.81363   1.77856    1.112
 3982.00    1.67732   1.83196    1.112
 3983.00    1.34990   1.87852    1.112
 3984.00    1.98850   1.91967    1.112
 3985.00    2.92943   1.95548    1.112
 3986.00    3.01565   1.98730    1.112
 3987.00    3.09696   2.01550    1.112
 3988.00    2.71456   2.04026    1.112
 3989.00    2.48513   2.06236    1.112
 3990.00    1.99849   2.08096    1.112
 3991.00    1.82357   2.09751    1.112
 3992.00    2.25508   2.11081    1.112
 3993.00    2.33366   2.12262    1.112
 3994.00    1.22939   2.13187    1.112
 3995.00    1.21583   2.14015    1.112
 3996.00    1.73257   2.14701    1.112
 3997.00    1.84527   2.15309    1.112
 3998.00    2.36930   2.15868    1.112
 3999.00    2.41777   2.16346    1.112
 4000.00    2.53799   2.16821    1.112
 4001.00    2.21773   2.17246    1.112
 4002.00    1.73272   2.17704    1.112
 4003.00    2.30638   2.18160    1.112
 4004.00    2.86184   2.18686    1.112
 4005.00    2.17366   2.19307    1.112
 4006.00    1.74901   2.20082    1.112
 4007.00    1.89221   2.21040    1.112
 4008.00    1.94544   2.22179    1.112
 4009.00    2.46588   2.23524    1.112
 4010.00    2.56548   2.24951    1.112
 4011.00    2.91113   2.26534    1.112
 4012.00    2.95576   2.28014    1.112
 4013.00    3.36778   2.29578    1.112
 4014.00    3.17878   2.30851    1.112
 4015.00    2.25871   2.32164    1.112
 4016.00    2.16915   2.33064    1.112
 4017.00    1.93972   2.33992    1.112
 4018.00    2.20431   2.34487    1.112
 4019.00    2.61624   2.35003    1.112
 4020.00    2.95529   2.35132    1.112
 4021.00    3.29236   2.35251    1.112
 4022.00    3.22935   2.35025    1.112
 4023.00    3.18937   2.34729    1.112
 4024.00    1.78710   2.34114    0.000
 4025.00    1.24762   2.33405    0.000
 4026.00    2.62885   2.32411    0.000
 4027.00    2.90672   2.31371    0.000
 4028.00    2.39815   2.30150    0.000
 4029.00    2.33139   2.29040    0.000
 4030.00    1.69497   2.27962    0.000
 4031.00    1.72408   2.27195    1.112
 4032.00    1.87268   2.26701    1.112
 4033.00    2.01420   2.26627    1.112
 4034.00    2.38888   2.26973    1.112
 4035.00    2.49115   2.27585    1.112
 4036.00    2.65485   2.28527    1.112
 4037.00    2.64283   2.29326    1.112
 4038.00    2.63057   2.30222    1.112
 4039.00    2.59307   2.30589    1.112
 4040.00    2.56862   2.30874    1.112
 4041.00    2.87556   2.30495    1.112
 4042.00    2.99757   2.30080    1.112
 4043.00    2.61489   2.29227    1.112
 4044.00    2.53424   2.28577    1.112
 4045.00    2.50615   2.27909    1.112
 4046.00    2.49037   2.27651    1.112
 4047.00    2.20679   2.27681    1.112
 4048.00    2.23863   2.28092    1.112
 4049.00    2.40932   2.28801    1.112
 4050.00    2.44651   2.29622    1.112
 4051.00    2.54833   2.30528    1.112
 4052.00    2.28156   2.31199    1.112
 4053.00    1.84245   2.31728    1.112
 4054.00    2.62598   2.31798    1.112
 4055.00    3.44712   2.31654    1.112
 4056.00    3.00491   2.31020    1.112
 4057.00    2.70842   2.30246    1.112
 4058.00    3.24119   2.29083    1.112
 4059.00    3.45988   2.27923    1.112
 4060.00    2.13793   2.26540    1.112
 4061.00    1.84644   2.25294    1.112
 4062.00    2.81411   2.24004    1.112
 4063.00    2.92288   2.22954    1.112
 4064.00    3.77590   2.22005    1.112
 4065.00    3.53271   2.21322    1.112
 4066.00    2.15885   2.20794    1.112
 4067.00    1.65094   2.20475    0.000
 4068.00    0.21091   2.20267    0.000
 4069.00   -0.38869   2.20168    0.000
 4070.00   -1.40378   2.20093    0.000
 4071.00    0.60633   2.20065    1.112
 4072.00    2.76927   2.20025    1.112
 4073.00    3.69333   2.20074    1.112
 4074.00    4.33008   2.20171    1.112
 4075.00    1.83343   2.20482    1.112
 4076.00    0.77559   2.20950    1.112
 4077.00    2.61052   2.21738    1.112
 4078.00    3.03328   2.22759    1.112
 4079.00    1.60255   2.24095    1.112
 4080.00    1.54529   2.25652    1.112
 4081.00    3.33520   2.27388    1.112
 4082.00    3.04414   2.29240    1.112
 4083.00    1.31113   2.31058    1.112
 4084.00    1.53630   2.32825    1.112
 4085.00    2.19707   2.34334    1.112
 4086.00    2.63964   2.35584    1.112
 4087.00    3.41125   2.36374    1.112
 4088.00    2.80720   2.36675    1.112
 4089.00    2.13982   2.36353    1.112
 4090.00    0.10575   2.35338    1.112
 4091.00   -1.33455   2.33608    0.000
 4092.00   -0.91315   2.31108    0.000
 4093.00   -0.72891   2.27932    0.000
 4094.00    2.18624   2.24129    1.112
 4095.00    2.88722   2.19876    0.000
 4096.00    4.49579   2.15386    0.000
 4097.00    4.53077   2.10852    0.000
 4098.00    0.48777   2.06645    0.000
 4099.00    0.44786   2.02882    0.000
 4100.00    0.19689   1.99998    0.000
 4101.00    0.62662   1.97953    0.000
 4102.00    1.93275   1.97114    0.000
 4103.00    1.87282   1.97238    0.000
 4104.00    1.76530   1.98542    0.000
 4105.00    2.18026   2.00610    0.000
 4106.00    2.65148   2.03523    0.000
 4107.00    2.93969   2.06799    0.000
 4108.00    3.14959   2.10453    1.112
 4109.00    2.32385   2.14074    1.112
 4110.00    1.95107   2.17674    1.112
 4111.00    0.81486   2.20983    1.112
 4112.00    0.52959   2.24038    1.112
 4113.00    1.83948   2.26706    1.112
 4114.00    1.95172   2.29040    1.112
 4115.00    1.07868   2.30990    1.112
 4116.00    1.18674   2.32643    1.112
 4117.00    1.90753   2.33955    1.112
 4118.00    2.12784   2.35072    1.112
 4119.00    2.82088   2.35891    1.112
 4120.00    2.56060   2.36635    1.112
 4121.00    2.08054   2.37088    1.112
 4122.00    1.93199   2.37552    1.112
 4123.00    1.75896   2.37686    1.112
 4124.00    0.97875   2.37861    1.112
 4125.00    0.39559   2.37661    1.112
 4126.00    1.63365   2.37519    1.112
 4127.00    2.20929   2.37028    1.112
 4128.00    3.38300   2.36651    1.112
 4129.00    3.68944   2.36071    1.112
 4130.00    4.22605   2.35706    1.112
 4131.00    4.28285   2.35356    1.112
 4132.00    4.23751   2.35298    1.112
 4133.00    4.05666   2.35404    1.112
 4134.00    2.77929   2.35753    1.112
 4135.00    2.42855   2.36259    1.112
 4136.00    1.28278   2.36808    1.112
 4137.00    1.09790   2.37368    1.112
 4138.00    0.74646   2.37738    1.112
 4139.00    0.53542   2.37969    1.112
 4140.00    0.28273   2.37910    1.112
 4141.00    1.03533   2.37697    1.112
 4142.00    1.61376   2.37290    1.112
 4143.00    1.37792   2.36858    1.112
 4144.00    1.26477   2.36435    1.112
 4145.00    1.43845   2.36139    1.112
 4146.00    1.48571   2.36012    1.112
 4147.00    1.62683   2.36078    1.112
 4148.00    1.66418   2.36336    1.112
 4149.00    4.72340   2.36758    1.112
 4150.00    4.38015   2.37316    1.112
 4151.00    1.79436   2.37999    1.112
 4152.00    1.92338   2.38771    1.112
 4153.00    2.36139   2.39680    1.112
 4154.00    2.55986   2.40682    1.112
 4155.00    2.94878   2.41847    1.112
 4156.00    2.41187   2.43118    1.112
 4157.00    1.75097   2.44511    1.112
 4158.00    1.39193   2.45960    1.112
 4159.00    1.10821   2.47372    1.112
 4160.00    2.09199   2.48720    1.112
 4161.00    2.57778   2.49786    1.112
 4162.00    3.20554   2.50656    1.112
 4163.00    3.38282   2.51014    1.112
 4164.00    2.90095   2.51117    1.112
 4165.00    2.84149   2.50583    1.112
 4166.00    2.86873   2.49864    1.112
 4167.00    2.77636   2.48535    1.112
 4168.00    2.03535   2.47209    1.112
 4169.00    2.26071   2.45441    1.112
 4170.00    3.05419   2.43923    1.112
 4171.00    2.99117   2.42211    1.112
 4172.00    2.86411   2.40965    1.112
 4173.00    2.25507   2.39767    1.112
 4174.00    1.48586   2.39141    1.112
 4175.00    1.60454   2.38709    1.112
 4176.00    1.70077   2.38813    1.112
 4177.00    2.66428   2.39111    1.112
 4178.00    3.15491   2.39791    1.112
 4179.00    3.38616   2.40550    1.112
 4180.00    3.45409   2.41496    1.112
 4181.00    2.43757   2.42370    1.112
 4182.00    2.30327   2.43275    1.112
 4183.00    2.46919   2.44003    1.112
 4184.00    2.35106   2.44682    1.112
 4185.00    1.32429   2.45149    1.112
 4186.00    1.41315   2.45556    1.112
 4187.00    1.73883   2.45750    1.112
 4188.00    2.16505   2.45890    1.112
 4189.00    3.05145   2.45805    1.112
 4190.00    2.81134   2.45652    1.112
 4191.00    2.49954   2.45234    1.112
 4192.00    2.09767   2.44716    1.112
 4193.00    1.76272   2.43925    1.112
 4194.00    2.59585   2.43045    1.112
 4195.00    3.03320   2.41976    1.112
 4196.00    2.68646   2.40938    1.112
 4197.00    2.58060   2.39908    1.112
 4198.00    2.98395   2.39127    1.112
 4199.00    3.04080   2.38589    1.112
 4200.00    1.39101   2.38518    1.112
 4201.00    1.40526   2.38833    1.112
 4202.00    1.73296   2.39714    1.112
 4203.00    1.82619   2.40932    1.112
 4204.00    2.18117   2.42626    1.112
 4205.00    2.03614   2.44433    1.112
 4206.00    1.72560   2.46482    1.112
 4207.00    1.81823   2.48341    1.112
 4208.00    1.94168   2.50193    1.112
 4209.00    2.05432   2.51604    1.112
 4210.00    2.15063   2.52865    1.112
 4211.00    2.31512   2.53568    1.112
 4212.00    2.40391   2.54119    1.112
 4213.00    1.54331   2.54110    1.112
 4214.00    1.27119   2.54011    1.112
 4215.00    1.91163   2.53375    1.112
 4216.00    2.00723   2.52674    1.112
 4217.00    2.01959   2.51412    1.112
 4218.00    2.09494   2.50025    1.112
 4219.00    2.84681   2.48044    1.112
 4220.00    2.59473   2.45888    1.112
 4221.00    1.59378   2.43220    1.112
 4222.00    1.66220   2.40488    1.112
 4223.00    1.81339   2.37542    1.112
 4224.00    2.34825   2.34838    1.112
 4225.00    3.08121   2.32380    1.112
 4226.00    2.78614   2.30519    1.112
 4227.00    2.52680   2.29299    1.112
 4228.00    2.50279   2.28857    1.112
 4229.00    2.48944   2.29173    1.112
 4230.00    2.20763   2.30175    1.112
 4231.00    2.11515   2.31751    1.112
 4232.00    4.43015   2.33733    1.112
 4233.00    4.79678   2.35990    1.112
 4234.00    1.56615   2.38384    1.112
 4235.00    1.51934   2.40823    1.112
 4236.00    1.96306   2.43249    1.112
 4237.00    1.85576   2.45617    1.112
 4238.00    1.41091   2.47902    1.112
 4239.00    2.14066   2.50065    1.112
 4240.00    3.80597   2.52061    1.112
 4241.00    3.48568   2.53825    1.112
 4242.00    3.03516   2.55278    1.112
 4243.00    2.75580   2.56370    1.112
 4244.00    2.50393   2.57002    1.112
 4245.00    1.97953   2.57241    1.112
 4246.00    1.67970   2.56951    1.112
 4247.00    0.16892   2.56419    1.112
 4248.00   -0.34390   2.55412    0.000
 4249.00    1.74402   2.54453    1.112
 4250.00    2.09260   2.53175    1.112
 4251.00    1.97336   2.52236    1.112
 4252.00    1.97520   2.51156    1.112
 4253.00    2.04498   2.50590    1.112
 4254.00    2.16126   2.50015    1.112
 4255.00    2.66354   2.49994    1.112
 4256.00    2.97010   2.50002    1.112
 4257.00    3.69108   2.50546    1.112
 4258.00    3.50815   2.51035    1.112
 4259.00    3.24349   2.52031    1.112
 4260.00    2.51230   2.52760    1.112
 4261.00    1.83477   2.53930    1.112
 4262.00    2.69233   2.54513    1.112
 4263.00    3.19728   2.55407    1.112
 4264.00    1.79598   2.55394    1.112
 4265.00    1.30299   2.55554    1.112
 4266.00    2.21871   2.54631    1.112
 4267.00    2.38018   2.53859    1.112
 4268.00    2.37176   2.52099    1.112
 4269.00    2.38930   2.50693    1.112
 4270.00    2.62407   2.48642    1.112
 4271.00    2.14444   2.47316    1.112
 4272.00   -0.02357   2.45721    0.000
 4273.00   -0.05209   2.45183    0.000
 4274.00   -0.12139   2.44566    0.000
 4275.00    0.94415   2.45116    1.112
 4276.00    2.53016   2.45483    1.112
 4277.00    2.76660   2.46830    1.112
 4278.00    2.99177   2.47674    1.112
 4279.00    2.44408   2.49118    1.112
 4280.00    2.11272   2.49766    1.112
 4281.00    2.17619   2.50608    1.112
 4282.00    2.19927   2.50563    1.112
 4283.00    3.45428   2.50424    1.112
 4284.00    3.68669   2.49558    1.112
 4285.00    5.02844   2.48457    1.112
 4286.00    4.87361   2.46974    1.112
 4287.00    1.68933   2.45215    1.112
 4288.00    1.59498   2.43450    1.112
 4289.00    1.14956   2.41392    1.112
 4290.00    2.00773   2.39587    1.112
 4291.00    4.15903   2.37384    1.112
 4292.00    3.81307   2.35553    1.112
 4293.00    3.28429   2.33155    1.112
 4294.00    2.30240   2.31147    1.112
 4295.00    1.34324   2.28415    1.112
 4296.00    0.98674   2.26099    1.112
 4297.00    0.76470   2.23017    1.112
 4298.00    1.07363   2.20489    1.112
 4299.00    1.18990   2.17320    1.112
 4300.00    2.56643   2.14853    1.112
 4301.00    2.83467   2.12043    1.112
 4302.00    3.49969   2.10080    1.112
 4303.00    3.44301   2.08190    1.112
 4304.00    1.91035   2.07236    1.112
 4305.00    1.56782   2.06746    1.112
 4306.00   -0.12891   2.07232    0.000
 4307.00   -0.03677   2.08537    0.000
 4308.00    0.20214   2.10817    1.112
 4309.00    1.33726   2.14050    1.112
 4310.00    3.12264   2.18195    1.112
 4311.00    2.35341   2.23115    1.112
 4312.00    1.58118   2.28769    1.112
 4313.00    1.24858   2.34643    1.112
 4314.00    1.03537   2.40904    1.112
 4315.00    1.70666   2.46601    1.112
 4316.00    1.96807   2.52232    1.112
 4317.00    2.15868   2.56545    1.112
 4318.00    2.19770   2.60430    1.112
 4319.00    3.75097   2.62616    1.112
 4320.00    3.81753   2.64345    1.112
 4321.00    3.22242   2.64529    1.112
 4322.00    3.06512   2.64589    1.112
 4323.00    2.24916   2.63585    1.112
 4324.00    2.31819   2.63044    1.112
 4325.00    2.50299   2.61905    1.112
 4326.00    2.24545   2.61782    1.112
 4327.00    1.82937   2.61159    1.112
 4328.00    1.65511   2.61724    1.112
 4329.00    1.47568   2.61526    1.112
 4330.00    1.97767   2.62228    1.112
 4331.00    2.30813   2.61870    1.112
 4332.00    1.92139   2.61785    0.000
 4333.00    1.76601   2.60604    0.000
 4334.00   -1.14923   2.59048    0.000
 4335.00   -1.77306   2.56861    0.000
 4336.00   -0.75143   2.54111    0.000
 4337.00   -0.39363   2.51569    0.000
 4338.00    5.75070   2.48735    0.000
 4339.00    5.58071   2.46897    0.000
 4340.00    4.65244   2.45175    0.000
 4341.00    3.34447   2.44929    0.000
 4342.00   -0.28077   2.45021    0.000
 4343.00    0.76291   2.46598    0.000
 4344.00    2.49876   2.48464    0.000
 4345.00    2.45751   2.51403    0.000
 4346.00    2.41386   2.54258    0.000
 4347.00    1.49083   2.57664    1.112
 4348.00    0.86566   2.60514    1.112
 4349.00    2.58377   2.63564    1.112
 4350.00    3.29737   2.65854    1.112
 4351.00    4.85863   2.68397    1.112
 4352.00    5.20858   2.70181    1.112
 4353.00    4.71462   2.72444    1.112
 4354.00    4.59162   2.74059    1.112
 4355.00    2.43540   2.76314    1.112
 4356.00    2.29139   2.78057    1.112
 4357.00    1.46205   2.80451    1.112
 4358.00    2.11068   2.82504    1.112
 4359.00    3.97318   2.84849    1.112
 4360.00    3.88986   2.86859    1.112
 4361.00    3.74747   2.88653    1.112
 4362.00    4.80846   2.90154    1.112
 4363.00    5.96021   2.91100   -1.000
 4364.00    4.14624   2.91757    1.112
 4365.00    2.88487   2.91672    1.112
 4366.00    1.37111   2.91353    1.112
 4367.00    0.72296   2.90239    1.112
 4368.00    1.60776   2.88956    1.112
 4369.00    1.81457   2.87044    1.112
 4370.00    3.04261   2.85076    1.112
 4371.00    3.13980   2.82722    1.112
 4372.00    2.88252   2.80331    1.112
 4373.00    2.64120   2.77904    1.112
 4374.00    1.17830   2.75344    1.112
 4375.00    1.67407   2.72994    1.112
 4376.00    3.14598   2.70280    1.112
 4377.00    3.05459   2.67976    1.112
 4378.00    2.89372   2.65151    1.112
 4379.00    2.77049   2.62921    1.112
 4380.00    2.63300   2.60216    1.112
 4381.00    4.60909   2.58225    1.112
 4382.00    6.02247   2.56063   -1.000
 4383.00    4.51051   2.54583    1.112
 4384.00    3.84184   2.53418    1.112
 4385.00    3.59547   2.52892    1.112
 4386.00    3.53530   2.53102    1.112
 4387.00    4.04859   2.53830    1.112
 4388.00    4.06230   2.55453    1.112
 4389.00    2.68155   2.57356    1.112
 4390.00    2.73380   2.59900    1.112
 4391.00    3.06923   2.62399    1.112
 4392.00    3.40712   2.65007    1.112
 4393.00    4.44772   2.67421    1.112
 4394.00    3.68736   2.69546    1.112
 4395.00    2.30868   2.71405    1.112
 4396.00    2.70725   2.72741    1.112
 4397.00    3.16431   2.73671    1.112
 4398.00    2.97226   2.74103    1.112
 4399.00    2.83098   2.74098    1.112
 4400.00    5.06750   2.73814    1.112
 4401.00    6.08873   2.73197   -1.000
 4402.00    6.98998   2.72596   -1.000
 4403.00    7.21902   2.71879   -1.000
 4404.00    2.82148   2.71576    1.112
 4405.00    2.37272   2.71333    1.112
 4406.00    2.28197   2.71844    1.112
 4407.00    2.51823   2.72322    1.112
 4408.00    4.12175   2.73732    1.112
 4409.00    3.42072   2.74950    1.112
 4410.00    1.18574   2.77011    1.112
 4411.00    2.35317   2.78666    1.112
 4412.00    4.52964   2.80872    1.112
 4413.00    4.47775   2.82546    1.112
 4414.00    4.41670   2.84560    1.112
 4415.00    1.23786   2.85929    1.112
 4416.00   -1.16194   2.87616    0.000
 4417.00   -0.00495   2.88604    0.000
 4418.00    0.53907   2.89998    1.112
 4419.00    2.23288   2.90773    1.112
 4420.00    2.68171   2.92003    1.112
 4421.00    1.47895   2.92603    1.112
 4422.00    1.37211   2.93486    1.112
 4423.00    3.61676   2.93791    1.112
 4424.00    3.18655   2.94146    1.112
 4425.00    0.07832   2.94145   -1.000
 4426.00    0.81219   2.94158    1.112
 4427.00    3.24247   2.93998    1.112
 4428.00    2.83983   2.93909    1.112
 4429.00    2.06612   2.93647    1.112
 4430.00    2.55859   2.93573    1.112
 4431.00    3.15413   2.93409    1.112
 4432.00    2.05279   2.93435    1.112
 4433.00    1.19788   2.93555    1.112
 4434.00    1.92784   2.93767    1.112
 4435.00    2.28197   2.94285    1.112
 4436.00    1.69944   2.94733    1.112
 4437.00    1.53865   2.95660    1.112
 4438.00    1.42977   2.96332    1.112
 4439.00    1.42564   2.97725    1.112
 4440.00    3.41352   2.98655    1.112
 4441.00    3.35484   3.00257    1.112
 4442.00    2.90429   3.01178    1.112
 4443.00    3.04291   3.02535    1.112
 4444.00    3.51878   3.03241    1.112
 4445.00    3.20311   3.04135    1.112
 4446.00    2.57911   3.04550    1.112
 4447.00    2.83395   3.04858    1.112
 4448.00    3.15013   3.04702    1.112
 4449.00    5.48715   3.04146    1.112
 4450.00    7.34856   3.03025   -1.000
 4451.00    3.92201   3.01618    1.112
 4452.00    2.21125   2.99696    1.112
 4453.00    3.81119   2.97843    1.112
 4454.00    4.26946   2.95549    1.112
 4455.00    3.40265   2.93743    1.112
 4456.00    3.29299   2.91716    1.112
 4457.00    3.11625   2.90406    1.112
 4458.00    2.78868   2.89312    1.112
 4459.00    0.09712   2.88982   -1.000
 4460.00    0.45376   2.89155    1.112
 4461.00    1.72747   2.89834    1.112
 4462.00    2.10618   2.91029    1.112
 4463.00    2.87821   2.92498    1.112
 4464.00    3.12464   2.94438    1.112
 4465.00    3.43897   2.96451    1.112
 4466.00    2.77645   2.98824    1.112
 4467.00    2.23396   3.01133    1.112
 4468.00    2.64143   3.03528    1.112
 4469.00    2.85119   3.05861    0.000
 4470.00    2.36463   3.08082    0.000
 4471.00    2.21971   3.10305    0.000
 4472.00    0.46142   3.12287    0.000
 4473.00    0.22360   3.14201    0.000
 4474.00    1.30716   3.15879    0.000
 4475.00    1.54126   3.17248    0.000
 4476.00    3.52716   3.18468    1.112
 4477.00    3.81458   3.19079    1.112
 4478.00    4.88348   3.19781    1.112
 4479.00    5.07984   3.19830    1.112
 4480.00    5.49280   3.20179    1.112
 4481.00    4.96272   3.20051    1.112
 4482.00    4.26751   3.20085    1.112
 4483.00    2.83024   3.20011    1.112
 4484.00    1.62284   3.19888    1.112
 4485.00    1.46026   3.20267    1.112
 4486.00    1.37418   3.20161    1.112
 4487.00    3.35066   3.20757    1.112
 4488.00    3.96065   3.20585    1.112
 4489.00    3.32369   3.21041    1.112
 4490.00    3.23229   3.20775    1.112
 4491.00    4.02213   3.21064    1.112
 4492.00    3.82764   3.21099    1.112
 4493.00    1.86406   3.21510    1.112
 4494.00    1.14077   3.22201    1.112
 4495.00   -1.65448   3.22942    0.000
 4496.00   -0.72108   3.24182    0.000
 4497.00    1.30009   3.25331    1.112
 4498.00    1.86032   3.27087    1.112
 4499.00    2.61436   3.28916    1.112
 4500.00    2.89014   3.31152    1.112
 4501.00    3.12828   3.33286    1.112
 4502.00    3.71099   3.35630    1.112
 4503.00    4.02895   3.37598    1.112
 4504.00    2.83469   3.39725    1.112
 4505.00    2.45200   3.41293    1.112
 4506.00    1.41867   3.42978    1.112
 4507.00    1.26109   3.43888    1.112
 4508.00    2.96608   3.44654    1.112
 4509.00    3.20798   3.44800    1.112
 4510.00    5.30813   3.44639    1.112
 4511.00    4.93446   3.44171    1.112
 4512.00    3.42785   3.43492    1.112
 4513.00    3.73693   3.42534    1.112
 4514.00    4.42782   3.41530    1.112
 4515.00    4.72285   3.40225    1.112
 4516.00    5.13120   3.38935    1.112
 4517.00    3.35945   3.37479    1.112
 4518.00    1.78692   3.36010    1.112
 4519.00    3.80915   3.34383    1.112
 4520.00    4.94598   3.32576    1.112
 4521.00    4.53039   3.30605    1.112
 4522.00    4.39258   3.28344    1.112
 4523.00    3.13692   3.26049    1.112
 4524.00    2.93476   3.23438    1.112
 4525.00    2.17900   3.20770    1.112
 4526.00    2.07912   3.18038    1.112
 4527.00    1.20783   3.15360    1.112
 4528.00    1.61107   3.13078    1.112
 4529.00    3.30387   3.11008    1.112
 4530.00    3.83739   3.09533    1.112
 4531.00    5.06620   3.08554    1.112
 4532.00    4.29650   3.08264    1.112
 4533.00    3.20292   3.08624    1.112
 4534.00    2.91649   3.09534    1.112
 4535.00    2.65571   3.10940    1.112
 4536.00    2.52943   3.12615    1.112
 4537.00    2.45647   3.14606    1.112
 4538.00    2.98577   3.16709    1.112
 4539.00    3.16776   3.18933    1.112
 4540.00    1.94193   3.21026    1.112
 4541.00    1.73319   3.22921    1.112
 4542.00    2.66265   3.24336    1.112
 4543.00    2.68785   3.25465    1.112
 4544.00    2.58138   3.26119    1.112
 4545.00    2.73727   3.26663    1.112
 4546.00    3.42151   3.26841    1.112
 4547.00    3.14926   3.26925    1.112
 4548.00    2.50142   3.26930    1.112
 4549.00    2.91011   3.26869    1.112
 4550.00    3.50742   3.27158    1.112
 4551.00    3.16319   3.27352    1.112
 4552.00    2.84109   3.28077    1.112
 4553.00    2.12361   3.28761    1.112
 4554.00    1.69670   3.30009    1.112
 4555.00    2.67218   3.31244    1.112
 4556.00    3.01973   3.32759    1.112
 4557.00    1.77378   3.34354    1.112
 4558.00    1.54985   3.36034    1.112
 4559.00    2.86370   3.37914    1.112
 4560.00    2.80921   3.39498    1.112
 4561.00    1.28176   3.41278    1.112
 4562.00    1.56231   3.42372    1.112
 4563.00    2.85158   3.43640    1.112
 4564.00    2.89850   3.44311    1.112
 4565.00    3.01362   3.45095    1.112
 4566.00    3.30236   3.45472    1.112
 4567.00    3.73564   3.45943    1.112
 4568.00    3.68521   3.46131    1.112
 4569.00    3.63681   3.46503    1.112
 4570.00    3.52842   3.46555    1.112
 4571.00    3.46216   3.46667    1.112
 4572.00    3.79196   3.46396    1.112
 4573.00    3.91335   3.46041    1.112
 4574.00    4.04243   3.45546    1.112
 4575.00    4.06677   3.44883    1.112
 4576.00    2.91532   3.44284    1.112
 4577.00    2.89328   3.43355    1.112
 4578.00    3.44461   3.42526    1.112
 4579.00    3.33473   3.41351    1.112
 4580.00    2.80710   3.40460    1.112
 4581.00    2.33247   3.39351    1.112
 4582.00    1.12826   3.38607    1.112
 4583.00    1.46279   3.37824    1.112
 4584.00    1.97935   3.37413    1.112
 4585.00    2.47853   3.37251    1.112
 4586.00    2.97094   3.37135    1.112
 4587.00    2.83740   3.37419    1.112
 4588.00    2.75337   3.37432    1.112
 4589.00    3.36876   3.37878    1.112
 4590.00    3.60321   3.38092    1.112
 4591.00    2.65419   3.38435    1.112
 4592.00    2.46594   3.38676    1.112
 4593.00    2.01537   3.38666    1.112
 4594.00    2.10063   3.38799    1.112
 4595.00    4.01109   3.38663    1.112
 4596.00    3.95769   3.38796    1.112
 4597.00    3.68850   3.38808    1.112
 4598.00    3.38248   3.39058    1.112
 4599.00    2.57927   3.39348    1.112
 4600.00    2.72135   3.39781    1.112
 4601.00    2.94713   3.40521    1.112
 4602.00    3.13154   3.41176    1.112
 4603.00    3.31813   3.42278    1.112
 4604.00    4.37604   3.43267    1.112
 4605.00    5.05978   3.44661    1.112
 4606.00    4.20177   3.46058    1.112
 4607.00    3.86440   3.47584    1.112
 4608.00    3.58091   3.49265    1.112
 4609.00    3.52207   3.50701    1.112
 4610.00    2.79662   3.52502    1.112
 4611.00    2.80534   3.53702    1.112
 4612.00    3.90152   3.55243    1.112
 4613.00    3.81574   3.56196    1.112
 4614.00    3.36261   3.57214    1.112
 4615.00    3.22631   3.57992    1.112
 4616.00    2.85691   3.58644    1.112
 4617.00    3.45308   3.59329    1.112
 4618.00    4.42626   3.59680    1.112
 4619.00    3.71757   3.60220    1.112
 4620.00    2.98065   3.60303    1.112
 4621.00    2.86536   3.60627    1.112
 4622.00    2.78869   3.60581    1.112
 4623.00    3.23357   3.60643    1.112
 4624.00    3.41446   3.60520    1.112
 4625.00    3.62679   3.60270    1.112
 4626.00    3.67299   3.60006    1.112
 4627.00    4.32442   3.59385    1.112
 4628.00    4.38815   3.58972    1.112
 4629.00    4.75159   3.58084    1.112
 4630.00    4.51597   3.57444    1.112
 4631.00    3.20496   3.56418    1.112
 4632.00    3.23304   3.55485    1.112
 4633.00    3.31186   3.54421    1.112
 4634.00    3.10293   3.53208    1.112
 4635.00    2.75180   3.52112    1.112
 4636.00    3.20112   3.50688    1.112
 4637.00    3.68129   3.49544    1.112
 4638.00    3.26617   3.48051    1.112
 4639.00    2.98214   3.46890    1.112
 4640.00    2.96709   3.45577    1.112
 4641.00    2.96076   3.44396    1.112
 4642.00    4.37855   3.43526    1.112
 4643.00    4.70155   3.42439    1.112
 4644.00    4.63125   3.42065    1.112
 4645.00    4.60421   3.41157    1.112
 4646.00    4.02605   3.41056    1.112
 4647.00    4.00112   3.40511    1.112
 4648.00    3.85531   3.40597    1.112
 4649.00    3.78828   3.40833    1.112
 4650.00    3.59381   3.41326    1.112
 4651.00    3.73996   3.42432    1.112
 4652.00    3.99237   3.43479    1.112
 4653.00    4.22887   3.44963    1.112
 4654.00    4.48813   3.46282    1.112
 4655.00    3.66345   3.47674    1.112
 4656.00    3.08419   3.48877    1.112
 4657.00    3.71591   3.50016    1.112
 4658.00    3.98955   3.50850    1.112
 4659.00    0.94399   3.51560   -1.000
 4660.00    0.22078   3.51812   -1.000
 4661.00    2.98629   3.51850    1.112
 4662.00    3.29861   3.51297    1.112
 4663.00    5.55013   3.50468    1.112
 4664.00    5.32968   3.49308    1.112
 4665.00    3.96598   3.47871    1.112
 4666.00    3.88873   3.46575    1.112
 4667.00    3.65639   3.45164    1.112
 4668.00    4.05682   3.44056    1.112
 4669.00    4.76914   3.43234    1.112
 4670.00    3.21966   3.42658    1.112
 4671.00    1.47388   3.42679    1.112
 4672.00    1.76170   3.42696    1.112
 4673.00    1.96964   3.43303    1.112
 4674.00    3.87248   3.43577    1.112
 4675.00    4.72371   3.44252    1.112
 4676.00    3.07133   3.44644    1.112
 4677.00    2.66150   3.45112    1.112
 4678.00    2.23355   3.45559    1.112
 4679.00    2.20200   3.45692    1.112
 4680.00    2.64451   3.45958    1.112
 4681.00    2.72189   3.45813    1.112
 4682.00    3.22931   3.45944    1.112
 4683.00    3.20909   3.45804    1.112
 4684.00    3.14614   3.45956    1.112
 4685.00    3.36304   3.46076    1.112
 4686.00    3.75969   3.46267    1.112
 4687.00    5.06461   3.46598    1.112
 4688.00    6.57282   3.46834   -1.000
 4689.00    4.73211   3.47153    1.112
 4690.00    3.36723   3.47378    1.112
 4691.00    6.70523   3.47609   -1.000
 4692.00    8.24327   3.47669   -1.000
 4693.00    0.53807   3.47677   -1.000
 4694.00   -1.44976   3.47475    0.000
 4695.00    0.23369   3.47260   -1.000
 4696.00    0.43913   3.46689   -1.000
 4697.00    2.28424   3.46199    1.112
 4698.00    2.22791   3.45326    1.112
 4699.00    1.83704   3.44514    1.112
 4700.00    2.96968   3.43497    1.112
 4701.00    6.62968   3.42523   -1.000
 4702.00    5.63099   3.41636    1.112
 4703.00    3.74896   3.40840    1.112
 4704.00    3.52485   3.40378    1.112
 4705.00    3.25860   3.40012    1.112
 4706.00    4.19142   3.40026    1.112
 4707.00    4.90267   3.40196    1.112
 4708.00    4.32124   3.40579    1.112
 4709.00    4.04477   3.41180    1.112
 4710.00    4.67322   3.42056    1.112
 4711.00    4.84221   3.43205    1.112
 4712.00    5.04908   3.44631    1.112
 4713.00    5.03740   3.46160    1.112
 4714.00    1.08323   3.47900    1.112
 4715.00    1.15027   3.49478    1.112
 4716.00    1.64595   3.51281    1.112
 4717.00    2.52900   3.52795    1.112
 4718.00    5.49382   3.54472    1.112
 4719.00    5.61189   3.55922    1.112
 4720.00    5.84124   3.57040    1.112
 4721.00    2.88194   3.58021    1.112
 4722.00   -0.73212   3.58215    0.000
 4723.00    1.30564   3.58482    1.112
 4724.00    2.90319   3.57964    1.112
 4725.00    6.25814   3.57597    1.112
 4726.00    7.90024   3.56740   -1.000
 4727.00    2.98249   3.55840    1.112
 4728.00    1.60945   3.54887    1.112
 4729.00    2.47783   3.53555    1.112
 4730.00    2.58556   3.52781    1.112
 4731.00    3.68450   3.51749    1.112
 4732.00    3.67673   3.51464    1.112
 4733.00    3.61558   3.51184    1.112
 4734.00    4.10426   3.51461    1.112
 4735.00    5.80553   3.51777    1.112
 4736.00    4.84111   3.52357    1.112
 4737.00    2.91369   3.53156    1.112
 4738.00    5.68860   3.53926    1.112
 4739.00    9.16563   3.55093   -1.000
 4740.00    6.33929   3.56113    1.112
 4741.00    4.06576   3.57447    1.112
 4742.00    4.14315   3.58532    1.112
 4743.00    4.18222   3.59683    1.112
 4744.00    1.35452   3.60801    1.112
 4745.00    0.53312   3.61676   -1.000
 4746.00    1.59466   3.62664    1.112
 4747.00    1.73225   3.63320    1.112
 4748.00    4.49699   3.63895    1.112
 4749.00    4.22663   3.64382    1.112
 4750.00    1.84237   3.64503    1.112
 4751.00    2.72752   3.64647    1.112
 4752.00    5.93444   3.64387    1.112
 4753.00    6.02485   3.63977    1.112
 4754.00    6.21122   3.63493    1.112
 4755.00    5.23861   3.62464    1.112
 4756.00    3.98564   3.61733    1.112
 4757.00    5.27770   3.60390    1.112
 4758.00    6.34616   3.59388    1.112
 4759.00    4.19149   3.58076    1.112
 4760.00    3.07017   3.56797    1.112
 4761.00    3.21677   3.55690    1.112
 4762.00    3.26103   3.54307    1.112
 4763.00    2.56566   3.53525    1.112
 4764.00    2.46986   3.52364    1.112
 4765.00    1.75660   3.51784    1.112
 4766.00    1.98246   3.51281    1.112
 4767.00    4.09403   3.51040    1.112
 4768.00    4.18480   3.51432    1.112
 4769.00    4.52635   3.51725    1.112
 4770.00    4.66267   3.52780    1.112
 4771.00    4.95193   3.53482    1.112
 4772.00    5.74514   3.54572    1.112
 4773.00    6.79375   3.55514   -1.000
 4774.00    5.92480   3.56302    1.112
 4775.00    5.18759   3.57362    1.112
 4776.00    3.27946   3.57890    1.112
 4777.00    2.25816   3.58542    1.112
 4778.00    5.54716   3.58712    1.112
 4779.00    6.57603   3.58759    1.112
 4780.00    2.26545   3.58645    1.112
 4781.00    1.63310   3.58211    1.112
 4782.00    1.75298   3.57925    1.112
 4783.00    1.90737   3.57484    1.112
 4784.00    3.39621   3.57143    1.112
 4785.00    3.47439   3.57073    1.112
 4786.00    3.78107   3.56966    1.112
 4787.00    3.65979   3.57557    1.112
 4788.00    3.39417   3.57970    1.112
 4789.00    3.30156   3.59134    1.112
 4790.00    3.17567   3.60184    1.112
 4791.00    3.05765   3.61548    1.112
 4792.00    2.95473   3.63057    1.112
 4793.00    3.67446   3.64452    1.112
 4794.00    4.07140   3.66200    1.112
 4795.00    4.19171   3.67576    1.112
 4796.00    4.23077   3.69193    1.112
 4797.00    3.81951   3.70352    1.112
 4798.00    3.75546   3.71311    1.112
 4799.00    3.26050   3.71875    1.112
 4800.00    3.23761   3.72271    1.112
 4801.00    3.12593   3.72442    1.112
 4802.00    3.04034   3.72598    1.112
 4803.00    2.68985   3.72629    1.112
 4804.00    3.40045   3.72762    1.112
 4805.00    5.00723   3.72576    1.112
 4806.00    4.61127   3.72428    1.112
 4807.00    4.05879   3.72236    1.112
 4808.00    3.52295   3.72128    1.112
 4809.00    3.04362   3.72177    1.112
 4810.00    3.23435   3.72375    1.112
 4811.00    3.34248   3.72809    1.112
 4812.00    2.31867   3.73211    1.112
 4813.00    1.97473   3.73702    1.112
 4814.00    2.18655   3.74231    1.112
 4815.00    2.22135   3.74645    1.112
 4816.00    3.09583   3.75067    1.112
 4817.00    3.13214   3.75376    1.112
 4818.00    3.23104   3.75452    1.112
 4819.00    3.25674   3.75583    1.112
 4820.00    3.36637   3.75292    1.112
 4821.00    3.37566   3.75167    1.112
 4822.00    3.39731   3.74533    1.112
 4823.00    3.35328   3.73839    1.112
 4824.00    3.29009   3.73072    1.112
 4825.00    3.79038   3.71991    1.112
 4826.00    4.25035   3.71293    1.112
 4827.00    3.64835   3.70413    1.112
 4828.00    3.29682   3.69869    1.112
 4829.00    2.71355   3.69232    1.112
 4830.00    2.51043   3.68586    1.112
 4831.00    2.33999   3.68134    1.112
 4832.00    2.31040   3.67610    1.112
 4833.00    2.82777   3.67153    1.112
 4834.00    2.94014   3.66931    1.112
 4835.00    4.11471   3.66592    1.112
 4836.00    4.03874   3.66514    1.112
 4837.00    3.69985   3.66258    1.112
 4838.00    4.11858   3.66013    1.112
 4839.00    5.12674   3.65822    1.112
 4840.00    4.05757   3.65473    1.112
 4841.00    2.47902   3.65249    1.112
 4842.00    3.38268   3.64942    1.112
 4843.00    4.23657   3.64586    1.112
 4844.00    3.64942   3.64283    1.112
 4845.00    3.29714   3.63740    1.112
 4846.00    5.48464   3.63141    1.112
 4847.00    6.27192   3.62515    1.112
 4848.00    3.48497   3.61182    1.112
 4849.00    2.97650   3.59936    1.112
 4850.00   -3.46232   3.57785    0.000
 4851.00   -3.15117   3.55741    0.000
 4852.00    5.38402   3.53242    1.112
 4853.00    5.02848   3.50121    1.112
 4854.00    3.37256   3.47062    0.000
 4855.00    3.53646   3.42838    0.000
 4856.00    3.94342   3.39135    0.000
 4857.00    4.08929   3.34987    0.000
 4858.00    4.31042   3.31441    0.000
 4859.00    3.49949   3.28480    0.000
 4860.00    2.71351   3.25397    0.000
 4861.00    4.59075   3.23250    0.000
 4862.00    5.75031   3.21114    0.000
 4863.00    8.00256   3.20260    0.000
 4864.00    8.84186   3.20342    0.000
 4865.00    5.83357   3.21043    0.000
 4866.00    5.25573   3.22634    0.000
 4867.00    1.99050   3.24375    0.000
 4868.00    1.82974   3.26574    0.000
 4869.00    2.04960   3.29156    1.112
 4870.00    2.19401   3.31740    1.112
 4871.00    2.89944   3.34824    1.112
 4872.00    2.49658   3.37456    1.112
 4873.00    1.46205   3.40123    1.112
 4874.00    1.28608   3.42973    1.112
 4875.00    1.01156   3.45476    1.112
 4876.00    2.74657   3.48227    1.112
 4877.00    4.47482   3.50293    1.112
 4878.00    4.31121   3.52278    1.112
 4879.00    4.20720   3.53904    1.112
 4880.00    5.87570   3.55146    1.112
 4881.00    6.51917   3.56392    1.112
 4882.00    5.63060   3.57211    1.112
 4883.00    5.45121   3.57741    1.112
 4884.00    5.58739   3.58096    1.112
 4885.00    5.55585   3.58155    1.112
 4886.00    4.83978   3.58205    1.112
 4887.00    4.59505   3.58421    1.112
 4888.00    3.34366   3.58721    1.112
 4889.00    4.09284   3.59762    1.112
 4890.00    6.07863   3.60669    1.112
 4891.00    5.54698   3.62183    1.112
 4892.00    4.69513   3.63726    1.112
 4893.00    4.36678   3.65511    1.112
 4894.00    4.03130   3.68035    1.112
 4895.00    4.08029   3.70395    1.112
 4896.00    4.11228   3.73327    1.112
 4897.00    4.09553   3.75505    1.112
 4898.00    4.08886   3.77628    1.112
 4899.00    4.05659   3.79375    1.112
 4900.00    4.04978   3.80641    1.112
 4901.00    4.03446   3.82027    1.112
 4902.00    3.95570   3.82812    1.112
 4903.00    2.35818   3.83442    1.112
 4904.00    2.46867   3.83470    1.112
 4905.00    3.06312   3.83001    1.112
 4906.00    3.21879   3.82817    1.112
 4907.00    3.64597   3.82117    1.112
 4908.00    3.54842   3.81623    1.112
 4909.00    3.38752   3.80750    1.112
 4910.00    3.38095   3.79595    1.112
 4911.00    3.37405   3.78516    1.112
 4912.00    3.38637   3.76847    1.112
 4913.00    3.39464   3.75572    1.112
 4914.00    3.64301   3.73965    1.112
 4915.00    3.74520   3.72151    1.112
 4916.00    4.56839   3.70633    1.112
 4917.00    4.75050   3.68778    1.112
 4918.00    3.20420   3.67502    1.112
 4919.00    3.09781   3.66053    1.112
 4920.00    3.37522   3.64801    1.112
 4921.00    3.65103   3.64288    1.112
 4922.00    5.21516   3.63843    1.112
 4923.00    4.55941   3.64877    1.112
 4924.00    2.69549   3.65772    1.112
 4925.00    3.28165   3.67518    1.112
 4926.00    4.27502   3.68934    1.112
 4927.00    3.64997   3.70519    1.112
 4928.00    2.97674   3.72470    1.112
 4929.00    2.91987   3.74023    1.112
 4930.00    2.88064   3.76192    1.112
 4931.00    3.58805   3.77325    1.112
 4932.00    3.88813   3.78596    1.112
 4933.00    3.04784   3.78904    1.112
 4934.00    2.85393   3.78893    1.112
 4935.00    0.00638   3.79084   -1.000
 4936.00   -0.25167   3.78867    0.000
 4937.00   -0.83409   3.79580    0.000
 4938.00    0.20514   3.79549   -1.000
 4939.00    6.40521   3.79813    1.112
 4940.00    5.96946   3.80219    1.112
 4941.00    4.68902   3.80736    1.112
 4942.00    5.32160   3.82300    1.112
 4943.00    6.42565   3.83509    1.112
 4944.00    6.20791   3.85428    1.112
 4945.00    5.96686   3.86724    1.112
 4946.00    6.28165   3.87852    1.112
 4947.00    6.50499   3.88782    0.000
 4948.00    4.09722   3.89440    0.000
 4949.00    3.04213   3.90153    0.000
 4950.00    3.20941   3.90038    0.000
 4951.00    3.24975   3.89498    0.000
 4952.00    5.01502   3.88040    0.000
 4953.00    5.17686   3.86455    0.000
 4954.00    5.17686   3.84324    0.000
 4955.00    5.17686   3.82395    0.000
 4956.00    5.17686   3.80491    0.000
 4957.00    5.17686   3.78120    0.000
 4958.00    5.17686   3.76022    0.000
 4959.00    5.17686   3.73601    0.000
 4960.00    5.17686   3.72354    0.000
 4961.00    5.17686   3.71479    0.000
 4962.00    5.17686   3.70776    0.000
 4963.00    3.79041   3.70486    0.000
 4964.00    2.77867   3.70022    0.000
 4965.00    2.77867   3.70117    0.000
 4966.00    2.77867   3.70285    0.000
 4967.00    2.77867   3.70733    0.000
 4968.00    2.77867   3.71523    0.000
 4969.00    2.77867   3.72091    1.112
 4970.00    2.77867   3.72562    1.112
 4971.00    2.77867   3.73054    1.112
 4972.00    2.77867   3.73229    1.112
 4973.00    2.77867   3.73395    1.112
 4974.00    2.88858   3.73190    1.112
 4975.00    3.23527   3.72736    1.112
 4976.00    2.87045   3.72018    1.112
 4977.00    2.19613   3.70964    1.112
 4978.00    3.40087   3.69452    1.112
 4979.00    4.80704   3.67945    1.112
 4980.00    3.25328   3.66151    1.112
 4981.00    2.08962   3.64801    1.112
 4982.00    2.77734   3.63452    1.112
 4983.00    3.09782   3.61976    1.112
 4984.00    6.45540   3.61075    1.112
 4985.00    7.33462   3.60046   -1.000
 4986.00    4.21043   3.60144    1.112
 4987.00    3.89511   3.60138    1.112
 4988.00    5.46093   3.60760    1.112
 4989.00    5.27034   3.61440    1.112
 4990.00    3.91813   3.61918    1.112
 4991.00    4.42380   3.62691    1.112
 4992.00    6.08019   3.63088    1.112
 4993.00    5.53594   3.63918    1.112
 4994.00    4.49917   3.64174    1.112
 4995.00    4.03993   3.64053    1.112
 4996.00    3.48894   3.63698    1.112
 4997.00    7.60607   3.62728   -1.000
 4998.00   10.77665   3.62107    0.000
 4999.00    8.69508   3.60860    0.000
 5000.00    7.69418   3.59427    0.000
 5001.00    5.11869   3.57839    0.000
 5002.00    4.41600   3.55691    0.000
 5003.00    1.90787   3.54321    0.000
 5004.00    1.65577   3.52630    0.000
 5005.00    7.76702   3.51483    0.000
 5006.00    7.95416   3.50057    0.000
 5007.00    9.36394   3.48353    0.000
 5008.00    8.54013   3.47223    0.000
 5009.00    5.74342   3.45977    0.000
 5010.00    5.76531   3.45593    0.000
 5011.00    5.80819   3.44926    0.000
 5012.00    6.22960   3.44420    0.000
 5013.00    6.74833   3.43935    0.000
 5014.00    7.50863   3.43399    0.000
 5015.00    8.10943   3.43467    0.000
 5016.00   12.12791   3.43711    0.000
 5017.00   14.11663   3.44337    0.000
 5018.00   17.77443   3.45007    0.000
 5019.00   18.81034   3.45673    0.000
 5020.00   15.44561   3.46819    0.000
 5021.00   15.02826   3.48229    0.000
 5022.00    7.05831   3.49795    0.000
 5023.00    6.51269   3.51390   -1.000
 5024.00    2.11390   3.52791    1.112
 5025.00    1.90506   3.54668    1.112
 5026.00    1.16765   3.56395    1.112
 5027.00    2.20826   3.58260    1.112
 5028.00    4.31097   3.59627    1.112
 5029.00    4.76391   3.60804    1.112
 5030.00    5.33710   3.61888    1.112
 5031.00    5.66993   3.62344    1.112
 5032.00    5.94031   3.63038    1.112
 5033.00    4.17686   3.62880    1.112
 5034.00    3.27693   3.63019    1.112
 5035.00   11.55374   3.62447   -1.000
 5036.00   13.99179   3.61258   -1.000
 5037.00    8.24543   3.60409   -1.000
 5038.00    7.48264   3.59129   -1.000
 5039.00   15.66622   3.59082   -1.000
 5040.00   15.80890   3.58433   -1.000
 5041.00   16.55672   3.57936   -1.000
 5042.00   14.64410   3.57715   -1.000
 5043.00    7.61367   3.57677   -1.000
 5044.00    6.72570   3.58781   -1.000
 5045.00    4.87487   3.59619    1.112
 5046.00    4.01440   3.60968    1.112
 5047.00    2.89481   3.62127    1.112
 5048.00    3.71632   3.63580    1.112
 5049.00    4.40104   3.65010    1.112
 5050.00    3.76163   3.66613    1.112
 5051.00    3.42597   3.68118    1.112
 5052.00    5.19840   3.69575    1.112
 5053.00    5.73951   3.71258    1.112
 5054.00    7.05561   3.72529   -1.000
 5055.00    7.24111   3.74121   -1.000
 5056.00    4.82313   3.75308    1.112
 5057.00    4.60448   3.76278    1.112
 5058.00    2.87304   3.77397    1.112
 5059.00    3.80923   3.77856    1.112
 5060.00    7.38435   3.78242   -1.000
 5061.00    7.69039   3.78233   -1.000
 5062.00    8.34713   3.77796   -1.000
 5063.00    8.68180   3.77584   -1.000
 5064.00    9.12867   3.76567   -1.000
 5065.00    9.86636   3.75418   -1.000
 5066.00   10.49838   3.74118   -1.000
 5067.00    7.10386   3.72716   -1.000
 5068.00    5.26740   3.71630    1.112
 5069.00    3.29029   3.70158    1.112
 5070.00    2.66346   3.68866    1.112
 5071.00    1.60921   3.67577    1.112
 5072.00    1.45117   3.66441    1.112
 5073.00    3.25964   3.65249    1.112
 5074.00    3.21489   3.64188    1.112
 5075.00    2.39217   3.63126    1.112
 5076.00    2.29220   3.62117    1.112
 5077.00    1.89406   3.61382    1.112
 5078.00    1.47853   3.60568    1.112
 5079.00    0.55810   3.60206   -1.000
 5080.00    1.44448   3.59636    1.112
 5081.00    2.66158   3.59403    1.112
 5082.00    2.66795   3.59731    1.112
 5083.00    2.67356   3.60199    1.112
 5084.00    3.12042   3.61135    1.112
 5085.00    3.36950   3.62045    1.112
