 4017.00    0.72597   1.40748   -1.000
 4018.00    1.16567   1.40834    9.347
 4019.00    1.12739   1.40964    9.347
 4020.00    1.06361   1.41087   -1.000
 4021.00    1.04463   1.40756   -1.000
 4022.00    1.15533   1.40086    9.347
 4023.00    1.26743   1.38650    9.347
 4024.00    1.16314   1.34142    0.000
 4025.00    0.99678   1.27486    0.000
 4026.00    0.99591   1.22597    0.000
 4027.00    1.04988   1.21787    0.000
 4028.00    1.13386   1.26290    0.000
 4029.00    1.04379   1.32721    0.000
 4030.00    0.91650   1.38235    0.000
 4031.00    0.95825   1.40380   -1.000
 4032.00    1.02137   1.41215   -1.000
 4033.00    0.87850   1.41297   -1.000
 4034.00    1.00464   1.41197   -1.000
 4035.00    0.89308   1.40891   -1.000
 4036.00    0.92280   1.40411   -1.000
 4037.00    1.15016   1.39980    9.347
 4038.00    1.18035   1.40198    9.347
 4039.00    1.00042   1.40621   -1.000
 4040.00    1.00634   1.40659   -1.000
 4041.00    1.08822   1.40404    9.347
 4042.00    1.13195   1.40136    9.347
 4043.00    1.13639   1.39677    9.347
 4044.00    1.01991   1.39199   -1.000
 4045.00    0.97956   1.39101   -1.000
 4046.00    1.04582   1.39407   -1.000
 4047.00    1.03754   1.40005   -1.000
 4048.00    0.94923   1.40584   -1.000
 4049.00    0.94368   1.41060   -1.000
 4050.00    0.99343   1.41424   -1.000
 4051.00    1.10025   1.41604    9.347
 4052.00    1.13843   1.41366    9.347
 4053.00    0.99938   1.40770   -1.000
 4054.00    0.97418   1.40135   -1.000
 4055.00    1.09303   1.39765    9.347
 4056.00    0.93744   1.39637   -1.000
 4057.00    0.97553   1.39617   -1.000
 4058.00    0.96718   1.39779   -1.000
 4059.00    0.94472   1.39998   -1.000
 4060.00    0.94350   1.39733   -1.000
 4061.00    0.93064   1.39369   -1.000
 4062.00    0.94785   1.38827   -1.000
 4063.00    0.87926   1.38619   -1.000
 4064.00    0.72937   1.38246   -1.000
 4065.00    0.87929   1.36388   -1.000
 4066.00    0.86515   1.34409   -1.000
 4067.00    0.87204   1.33742    0.000
 4068.00    0.89137   1.32586    0.000
 4069.00    0.92109   1.30812    0.000
 4070.00    0.94175   1.29357    0.000
 4071.00    0.97030   1.28434   -1.000
 4072.00    1.03390   1.29064    9.347
 4073.00    1.10687   1.29941    9.347
 4074.00    0.75898   1.30363   -1.000
 4075.00    0.95611   1.30373   -1.000
 4076.00    0.98712   1.30141    9.347
 4077.00    0.95603   1.29892   -1.000
 4078.00    0.95284   1.29854   -1.000
 4079.00    0.99075   1.30233    9.347
 4080.00    0.90777   1.30914   -1.000
 4081.00    0.93377   1.31365   -1.000
 4082.00    1.07954   1.31496    9.347
 4083.00    1.02980   1.31075    9.347
 4084.00    0.85707   1.30127   -1.000
 4085.00    0.87555   1.29100   -1.000
 4086.00    0.95011   1.28266   -1.000
 4087.00    0.95466   1.27020   -1.000
 4088.00    1.15375   1.25505    9.347
 4089.00    1.13099   1.24126    9.347
 4090.00    1.15687   1.23223    9.347
 4091.00    1.23859   1.23270    9.347
 4092.00    1.03851   1.23375    9.347
 4093.00    1.14161   1.22890    9.347
 4094.00    1.07940   1.20905    9.347
 4095.00    0.99450   1.18248    0.000
 4096.00    1.03777   1.14804    0.000
 4097.00    1.12942   1.10104    0.000
 4098.00    1.03871   1.04680    0.000
 4099.00    0.96091   0.98304    0.000
 4100.00    0.91311   0.90181    0.000
 4101.00    0.77910   0.82458    0.000
 4102.00    0.74240   0.77135    0.000
 4103.00    0.85843   0.77852    0.000
 4104.00    1.00260   0.84666    0.000
 4105.00    1.05575   0.94246    0.000
 4106.00    1.01476   1.02223    0.000
 4107.00    0.92722   1.08856    0.000
 4108.00    0.93965   1.13113    9.347
 4109.00    1.05421   1.16365    9.347
 4110.00    1.09852   1.18813    9.347
 4111.00    1.08351   1.20650    9.347
 4112.00    1.07118   1.22566    9.347
 4113.00    1.04176   1.24059    9.347
 4114.00    0.96232   1.25074    9.347
 4115.00    1.03201   1.25402    9.347
 4116.00    0.98332   1.25198    9.347
 4117.00    1.02599   1.25164    9.347
 4118.00    1.14996   1.25403    9.347
 4119.00    1.02866   1.25059    9.347
 4120.00    0.99102   1.24103    9.347
 4121.00    1.04778   1.23472    9.347
 4122.00    1.06129   1.24426    9.347
 4123.00    0.86330   1.26693   -1.000
 4124.00    1.18631   1.28966    9.347
 4125.00    1.13826   1.30007    9.347
 4126.00    1.06355   1.30021    9.347
 4127.00    0.99966   1.29161    9.347
 4128.00    0.96904   1.28001    9.347
 4129.00    1.05391   1.27357    9.347
 4130.00    1.03139   1.27293    9.347
 4131.00    0.98807   1.27621    9.347
 4132.00    0.99436   1.28227    9.347
 4133.00    0.75280   1.28929   -1.000
 4134.00    0.87691   1.29666   -1.000
 4135.00    0.98230   1.30465    9.347
 4136.00    1.03101   1.30835    9.347
 4137.00    1.02532   1.31112    9.347
 4138.00    1.05706   1.31109    9.347
 4139.00    1.03148   1.30820    9.347
 4140.00    1.03468   1.30411    9.347
 4141.00    1.16417   1.29664    9.347
 4142.00    1.10397   1.28132    9.347
 4143.00    1.04390   1.25464    9.347
 4144.00    0.95306   1.23227    9.347
 4145.00    0.84913   1.23477   -1.000
 4146.00    0.87219   1.25754   -1.000
 4147.00    0.99977   1.28575    9.347
 4148.00    1.00167   1.30721    9.347
 4149.00    0.98204   1.31602   -1.000
 4150.00    1.01876   1.31720    9.347
 4151.00    0.90279   1.31492   -1.000
 4152.00    1.00000   1.30928    9.347
 4153.00    1.01004   1.30192    9.347
 4154.00    0.93249   1.29911   -1.000
 4155.00    0.94904   1.30283   -1.000
 4156.00    0.92574   1.31192   -1.000
 4157.00    0.94473   1.31542   -1.000
 4158.00    0.98651   1.31785   -1.000
 4159.00    1.04797   1.31830    9.347
 4160.00    0.98331   1.31809   -1.000
 4161.00    0.97513   1.31805   -1.000
 4162.00    1.00076   1.31499    9.347
 4163.00    1.05441   1.31258    9.347
 4164.00    1.12402   1.31450    9.347
 4165.00    1.09427   1.32089    9.347
 4166.00    1.06294   1.32586    9.347
 4167.00    0.99572   1.31871    9.347
 4168.00    0.84563   1.30763   -1.000
 4169.00    1.05177   1.30118    9.347
 4170.00    1.05807   1.29820    9.347
 4171.00    1.04805   1.29916    9.347
 4172.00    1.02568   1.29848    9.347
 4173.00    0.91560   1.29767   -1.000
 4174.00    0.94022   1.29784   -1.000
 4175.00    0.98285   1.30392    9.347
 4176.00    0.97325   1.31023   -1.000
 4177.00    0.82887   1.31041   -1.000
 4178.00    0.76411   1.30556   -1.000
 4179.00    0.93771   1.30295   -1.000
 4180.00    1.01817   1.30515    9.347
 4181.00    0.99637   1.30972    9.347
 4182.00    0.94361   1.31462   -1.000
 4183.00    0.93560   1.31510   -1.000
 4184.00    0.88098   1.31365   -1.000
 4185.00    0.84136   1.31081   -1.000
 4186.00    0.87006   1.30684   -1.000
 4187.00    1.04174   1.30343    9.347
 4188.00    1.05581   1.30027    9.347
 4189.00    1.05432   1.29276    9.347
 4190.00    1.04684   1.28318    9.347
 4191.00    1.03849   1.27943    9.347
 4192.00    0.99025   1.28064    9.347
 4193.00    1.01567   1.28078    9.347
 4194.00    1.02508   1.27980    9.347
 4195.00    0.94859   1.27676   -1.000
 4196.00    1.11507   1.27314    9.347
 4197.00    1.06997   1.26808    9.347
 4198.00    0.96094   1.26163    9.347
 4199.00    0.83522   1.25167   -1.000
 4200.00    0.90399   1.24233   -1.000
 4201.00    0.93827   1.24226    9.347
 4202.00    1.00945   1.24902    9.347
 4203.00    1.02636   1.25829    9.347
 4204.00    0.90187   1.26604   -1.000
 4205.00    0.93308   1.26955   -1.000
 4206.00    1.12335   1.27279    9.347
 4207.00    1.11656   1.27796    9.347
 4208.00    0.97362   1.28048    9.347
 4209.00    1.10539   1.28065    9.347
 4210.00    1.12187   1.27844    9.347
 4211.00    1.06365   1.27670    9.347
 4212.00    1.00927   1.27821    9.347
 4213.00    1.01081   1.27989    9.347
 4214.00    1.14376   1.28066    9.347
 4215.00    1.08646   1.27987    9.347
 4216.00    1.02169   1.27736    9.347
 4217.00    0.97662   1.27630    9.347
 4218.00    1.05384   1.27858    9.347
 4219.00    1.07454   1.28164    9.347
 4220.00    1.02222   1.27967    9.347
 4221.00    0.98221   1.27713    9.347
 4222.00    1.01193   1.27713    9.347
 4223.00    0.94801   1.27736   -1.000
 4224.00    0.89901   1.27619   -1.000
 4225.00    0.88146   1.27107   -1.000
 4226.00    0.88023   1.26654   -1.000
 4227.00    0.81085   1.26419   -1.000
 4228.00    0.85677   1.26456   -1.000
 4229.00    0.82849   1.26631   -1.000
 4230.00    0.84801   1.26874   -1.000
 4231.00    1.00445   1.27037    9.347
 4232.00    0.98462   1.26710    9.347
 4233.00    1.00875   1.26046    9.347
 4234.00    1.01528   1.25522    9.347
 4235.00    1.01415   1.25433    9.347
 4236.00    1.06811   1.25784    9.347
 4237.00    0.94693   1.26254    9.347
 4238.00    0.96404   1.26369    9.347
 4239.00    1.01931   1.26314    9.347
 4240.00    1.07434   1.26187    9.347
 4241.00    0.99919   1.25919    9.347
 4242.00    1.04714   1.25848    9.347
 4243.00    1.05973   1.26091    9.347
 4244.00    1.05418   1.26452    9.347
 4245.00    1.13722   1.26825    9.347
 4246.00    1.19698   1.26664    9.347
 4247.00    1.17899   1.26180    9.347
 4248.00    1.14111   1.25955    9.347
 4249.00    1.10570   1.25859    9.347
 4250.00    1.13781   1.25692    9.347
 4251.00    1.10454   1.25381    9.347
 4252.00    1.08877   1.24684    9.347
 4253.00    1.10258   1.23819    9.347
 4254.00    1.20970   1.23452    9.347
 4255.00    1.03366   1.23364    9.347
 4256.00    0.99183   1.23859    9.347
 4257.00    0.99044   1.24298    9.347
 4258.00    1.00071   1.24523    9.347
 4259.00    0.95536   1.24667    9.347
 4260.00    0.99759   1.24734    9.347
 4261.00    1.02277   1.24606    9.347
 4262.00    1.05474   1.24779    9.347
 4263.00    1.22804   1.25031    9.347
 4264.00    1.10670   1.25177    9.347
 4265.00    1.19079   1.24829    9.347
 4266.00    1.26277   1.23656    9.347
 4267.00    1.21546   1.22239    9.347
 4268.00    1.25091   1.21660    9.347
 4269.00    1.10379   1.22056    9.347
 4270.00    1.00970   1.23080    9.347
 4271.00    0.95268   1.23805    9.347
 4272.00    0.84220   1.23842   -1.000
 4273.00    0.90218   1.23560   -1.000
 4274.00    0.96964   1.23108    9.347
 4275.00    1.00722   1.22518    9.347
 4276.00    0.98618   1.22278    9.347
 4277.00    1.05797   1.22298    9.347
 4278.00    1.23005   1.22778    9.347
 4279.00    1.26413   1.23326    9.347
 4280.00    1.19806   1.23808    9.347
 4281.00    1.14096   1.23460    9.347
 4282.00    1.16747   1.22892    9.347
 4283.00    1.07941   1.22623    9.347
 4284.00    1.01890   1.22344    9.347
 4285.00    1.05695   1.22319    9.347
 4286.00    0.84651   1.22627   -1.000
 4287.00    0.95999   1.22985    9.347
 4288.00    1.03889   1.23108    9.347
 4289.00    1.06858   1.22457    9.347
 4290.00    0.99374   1.20806    9.347
 4291.00    0.87360   1.19649    9.347
 4292.00    0.80069   1.19612   -1.000
 4293.00    0.85255   1.19928   -1.000
 4294.00    1.09671   1.20317    9.347
 4295.00    0.88510   1.20161    9.347
 4296.00    0.89242   1.19721    9.347
 4297.00    0.93077   1.19691    9.347
 4298.00    0.95660   1.19769    9.347
 4299.00    0.81291   1.19746   -1.000
 4300.00    0.80400   1.19740   -1.000
 4301.00    0.84852   1.19548   -1.000
 4302.00    0.86293   1.19028    9.347
 4303.00    0.80631   1.18276   -1.000
 4304.00    0.84750   1.17853   -1.000
 4305.00    0.80815   1.18271   -1.000
 4306.00    0.75881   1.18919   -1.000
 4307.00    0.71511   1.19091   -1.000
 4308.00    0.72494   1.18730   -1.000
 4309.00    0.76574   1.18478   -1.000
 4310.00    0.72386   1.18710   -1.000
 4311.00    0.68868   1.18957   -1.000
 4312.00    0.69561   1.18795   -1.000
 4313.00    0.69561   1.18268   -1.000
 4314.00    0.69561   1.17865   -1.000
 4315.00    0.69561   1.17823   -1.000
 4316.00    0.69561   1.18088   -1.000
 4317.00    0.69561   1.18266   -1.000
 4318.00    0.76182   1.18141   -1.000
 4319.00    1.01021   1.17797    9.347
 4320.00    1.01021   1.17690    9.347
 4321.00    1.01021   1.17725    9.347
 4322.00    1.01021   1.17662    9.347
 4323.00    1.01021   1.17528    9.347
 4324.00    1.01021   1.16687    9.347
 4325.00    0.99186   1.15508    9.347
 4326.00    0.88061   1.14642    9.347
 4327.00    1.01363   1.14392    9.347
 4328.00    0.98802   1.14534    9.347
 4329.00    0.99766   1.13951    9.347
 4330.00    1.11184   1.13031    9.347
 4331.00    1.14489   1.11942    9.347
 4332.00    1.24751   1.10513    0.000
 4333.00    1.24617   1.08995    0.000
 4334.00    1.17416   1.06946    0.000
 4335.00    1.07926   1.03848    0.000
 4336.00    1.18486   0.99965    0.000
 4337.00    1.29670   0.94424    0.000
 4338.00    1.28465   0.87665    0.000
 4339.00    1.08212   0.79767    0.000
 4340.00    0.95641   0.72459    0.000
 4341.00    0.87603   0.70167    0.000
 4342.00    0.95869   0.73045    0.000
 4343.00    1.08231   0.80111    0.000
 4344.00    0.93295   0.88100    0.000
 4345.00    1.13210   0.94368    0.000
 4346.00    1.13963   0.98587    0.000
 4347.00    1.16859   1.02283    9.347
 4348.00    1.28195   1.04569    9.347
 4349.00    1.28901   1.06351    9.347
 4350.00    1.21104   1.07616    9.347
 4351.00    1.06563   1.08663    9.347
 4352.00    0.90084   1.10079    9.347
 4353.00    0.81293   1.11420    9.347
 4354.00    0.93275   1.12864    9.347
 4355.00    1.12832   1.14009    9.347
 4356.00    1.23069   1.14793    9.347
 4357.00    1.16901   1.15114    9.347
 4358.00    1.15527   1.15344    9.347
 4359.00    1.13595   1.15758    9.347
 4360.00    1.14064   1.15987    9.347
 4361.00    1.14286   1.15925    9.347
 4362.00    1.07088   1.15932    9.347
 4363.00    1.09597   1.16252    9.347
 4364.00    1.32212   1.16776    9.347
 4365.00    1.45672   1.17035    9.347
 4366.00    1.39662   1.16470    9.347
 4367.00    1.13349   1.15371    9.347
 4368.00    1.30379   1.14714    9.347
 4369.00    1.26248   1.14131    9.347
 4370.00    1.14363   1.13737    9.347
 4371.00    1.21658   1.13551    9.347
 4372.00    1.22962   1.13811    9.347
 4373.00    1.30808   1.13902    9.347
 4374.00    1.27698   1.13730    9.347
 4375.00    1.08065   1.13337    9.347
 4376.00    1.14306   1.12899    9.347
 4377.00    1.08264   1.12824    9.347
 4378.00    1.09122   1.12716    9.347
 4379.00    1.14759   1.12824    9.347
 4380.00    1.24178   1.13010    9.347
 4381.00    1.10826   1.13010    9.347
 4382.00    1.04242   1.12618    9.347
 4383.00    0.99577   1.12108    9.347
 4384.00    0.96126   1.11621    9.347
 4385.00    0.84453   1.10647    9.347
 4386.00    1.03065   1.08741    9.347
 4387.00    1.10303   1.06127    9.347
 4388.00    1.13574   1.03960    9.347
 4389.00    1.27222   1.03940    9.347
 4390.00    1.16361   1.06271    9.347
 4391.00    1.10563   1.09632    9.347
 4392.00    1.02314   1.11283    9.347
 4393.00    0.90694   1.12217    9.347
 4394.00    1.04465   1.12162    9.347
 4395.00    1.24685   1.11627    9.347
 4396.00    1.27464   1.11397    9.347
 4397.00    1.21994   1.11738    9.347
 4398.00    1.21517   1.12041    9.347
 4399.00    1.09192   1.12077    9.347
 4400.00    1.14295   1.12045    9.347
 4401.00    1.15616   1.12302    9.347
 4402.00    1.08423   1.12200    9.347
 4403.00    1.10923   1.11895    9.347
 4404.00    1.19574   1.11680    9.347
 4405.00    1.22056   1.11532    9.347
 4406.00    1.18124   1.11667    9.347
 4407.00    1.02155   1.11839    9.347
 4408.00    1.06755   1.11806    9.347
 4409.00    1.13916   1.11587    9.347
 4410.00    1.18946   1.11472    9.347
 4411.00    1.19980   1.11360    9.347
 4412.00    1.07330   1.11297    9.347
 4413.00    1.25694   1.10891    9.347
 4414.00    1.29798   1.10113    9.347
 4415.00    1.27059   1.09203    9.347
 4416.00    1.26657   1.08672    9.347
 4417.00    1.28753   1.08702    9.347
 4418.00    1.26554   1.09185    9.347
 4419.00    1.19569   1.09597    9.347
 4420.00    1.07875   1.10039    9.347
 4421.00    1.03525   1.10310    9.347
 4422.00    1.20687   1.10627    9.347
 4423.00    1.22982   1.10698    9.347
 4424.00    1.19436   1.10606    9.347
 4425.00    1.22166   1.10578    9.347
 4426.00    1.30644   1.10572    9.347
 4427.00    1.26603   1.10413    9.347
 4428.00    1.21081   1.10087    9.347
 4429.00    1.16341   1.09707    9.347
 4430.00    1.14954   1.09538    9.347
 4431.00    1.12462   1.09708    9.347
 4432.00    1.22266   1.09971    9.347
 4433.00    1.31841   1.10108    9.347
 4434.00    1.19503   1.10287    9.347
 4435.00    1.24342   1.10095    9.347
 4436.00    1.19896   1.09551    9.347
 4437.00    1.19606   1.09054    9.347
 4438.00    1.26290   1.09048    9.347
 4439.00    1.39488   1.09573    9.347
 4440.00    1.34218   1.10309    9.347
 4441.00    1.33845   1.10537    9.347
 4442.00    1.32610   1.10381    9.347
 4443.00    1.20121   1.10078    9.347
 4444.00    1.29016   1.10013    9.347
 4445.00    1.23913   1.10463    9.347
 4446.00    1.16153   1.10800    9.347
 4447.00    1.08802   1.10518    9.347
 4448.00    1.23615   1.10028    9.347
 4449.00    1.33894   1.10246    9.347
 4450.00    1.39594   1.10858    9.347
 4451.00    1.39462   1.10921    9.347
 4452.00    1.27134   1.10783    9.347
 4453.00    1.19550   1.10709    9.347
 4454.00    1.22228   1.10345    9.347
 4455.00    1.19515   1.10084    9.347
 4456.00    1.10488   1.09920    9.347
 4457.00    1.31772   1.09833    9.347
 4458.00    1.22070   1.10120    9.347
 4459.00    1.24340   1.10671    9.347
 4460.00    1.29521   1.11126    9.347
 4461.00    1.26203   1.11304    9.347
 4462.00    1.07495   1.11101    9.347
 4463.00    1.18133   1.10336    9.347
 4464.00    1.26338   1.09520    9.347
 4465.00    1.26606   1.09202    9.347
 4466.00    1.15919   1.08626    9.347
 4467.00    1.17315   1.07576    9.347
 4468.00    1.20093   1.05800    9.347
 4469.00    1.23481   1.03505    0.000
 4470.00    1.26928   1.00040    0.000
 4471.00    1.17554   0.96360    0.000
 4472.00    1.17665   0.96094    0.000
 4473.00    1.22524   0.98654    0.000
 4474.00    1.30586   1.02955    0.000
 4475.00    1.26030   1.06174    0.000
 4476.00    1.37365   1.07937    9.347
 4477.00    1.47128   1.08585   -1.000
 4478.00    1.50499   1.08932   -1.000
 4479.00    1.36299   1.08149    9.347
 4480.00    1.23140   1.06174    9.347
 4481.00    1.22346   1.04308    9.347
 4482.00    1.22446   1.04163    9.347
 4483.00    1.21833   1.05689    9.347
 4484.00    1.18407   1.07640    9.347
 4485.00    1.37898   1.09266    9.347
 4486.00    1.39515   1.10069    9.347
 4487.00    1.35157   1.10036    9.347
 4488.00    1.35954   1.09530    9.347
 4489.00    1.39145   1.08948    9.347
 4490.00    1.34710   1.08675    9.347
 4491.00    1.28489   1.08657    9.347
 4492.00    1.22043   1.08718    9.347
 4493.00    1.23915   1.08875    9.347
 4494.00    1.27312   1.09029    9.347
 4495.00    1.31272   1.09437    9.347
 4496.00    1.31806   1.09897    9.347
 4497.00    1.21534   1.09634    9.347
 4498.00    1.26827   1.08900    9.347
 4499.00    1.34767   1.08181    9.347
 4500.00    1.42439   1.06864   -1.000
 4501.00    1.48608   1.05911   -1.000
 4502.00    1.47119   1.05982   -1.000
 4503.00    1.29659   1.06404    9.347
 4504.00    1.33573   1.07020    9.347
 4505.00    1.43799   1.07272   -1.000
 4506.00    1.47039   1.07069   -1.000
 4507.00    1.43430   1.06477   -1.000
 4508.00    1.42023   1.05603   -1.000
 4509.00    1.42334   1.05154   -1.000
 4510.00    1.44184   1.05165   -1.000
 4511.00    1.45534   1.05675   -1.000
 4512.00    1.45157   1.06035   -1.000
 4513.00    1.38749   1.06112   -1.000
 4514.00    1.35048   1.06010    9.347
 4515.00    1.45769   1.05682   -1.000
 4516.00    1.32060   1.05201    9.347
 4517.00    1.28258   1.05047    9.347
 4518.00    1.30476   1.04938    9.347
 4519.00    1.37215   1.04755   -1.000
 4520.00    1.35385   1.04581    9.347
 4521.00    1.43824   1.04490   -1.000
 4522.00    1.42029   1.04576   -1.000
 4523.00    1.36948   1.04908   -1.000
 4524.00    1.33789   1.04764    9.347
 4525.00    1.25616   1.04381    9.347
 4526.00    1.22208   1.04298    9.347
 4527.00    1.19907   1.04440    9.347
 4528.00    1.18839   1.04697    9.347
 4529.00    1.22955   1.03902    9.347
 4530.00    1.21449   1.02893    9.347
 4531.00    1.22160   1.02887    9.347
 4532.00    1.26760   1.03408    9.347
 4533.00    1.39545   1.04203   -1.000
 4534.00    1.19069   1.03849    9.347
 4535.00    1.20497   1.02964    9.347
 4536.00    1.23565   1.03062    9.347
 4537.00    1.26869   1.03577    9.347
 4538.00    1.37040   1.03840   -1.000
 4539.00    1.32988   1.03983    9.347
 4540.00    1.32916   1.04019    9.347
 4541.00    1.32019   1.03611    9.347
 4542.00    1.25102   1.03246    9.347
 4543.00    1.24442   1.03272    9.347
 4544.00    1.27061   1.03723    9.347
 4545.00    1.31691   1.04367    9.347
 4546.00    1.36638   1.04103   -1.000
 4547.00    1.28524   1.03236    9.347
 4548.00    1.28418   1.02836    9.347
 4549.00    1.26614   1.02350    9.347
 4550.00    1.24496   1.02002    9.347
 4551.00    1.23164   1.01981    9.347
 4552.00    1.32261   1.02184    9.347
 4553.00    1.31080   1.02031    9.347
 4554.00    1.26684   1.01695    9.347
 4555.00    1.21189   1.01847    9.347
 4556.00    1.26764   1.02179    9.347
 4557.00    1.19474   1.02780    9.347
 4558.00    1.24011   1.03166    9.347
 4559.00    1.27792   1.03266    9.347
 4560.00    1.19218   1.03323    9.347
 4561.00    1.13046   1.03132    9.347
 4562.00    1.33116   1.02592    9.347
 4563.00    1.46878   1.02600   -1.000
 4564.00    1.50653   1.03060   -1.000
 4565.00    1.37993   1.03018   -1.000
 4566.00    1.32642   1.02877    9.347
 4567.00    1.33286   1.02512    9.347
 4568.00    1.35803   1.02358   -1.000
 4569.00    1.37834   1.02317   -1.000
 4570.00    1.51946   1.02385   -1.000
 4571.00    1.48016   1.02551   -1.000
 4572.00    1.43068   1.02596   -1.000
 4573.00    1.39769   1.02434   -1.000
 4574.00    1.48409   1.02253   -1.000
 4575.00    1.44009   1.02116   -1.000
 4576.00    1.40229   1.02033   -1.000
 4577.00    1.38365   1.02366   -1.000
 4578.00    1.40588   1.02706   -1.000
 4579.00    1.44128   1.02600   -1.000
 4580.00    1.45241   1.02119   -1.000
 4581.00    1.41012   1.01465   -1.000
 4582.00    1.32795   1.01125    9.347
 4583.00    1.29447   1.00905    9.347
 4584.00    1.34757   1.00766   -1.000
 4585.00    1.35106   1.00530   -1.000
 4586.00    1.33871   1.00273   -1.000
 4587.00    1.32729   1.00391    9.347
 4588.00    1.46108   1.00511   -1.000
 4589.00    1.36546   1.00595   -1.000
 4590.00    1.30201   1.00645    9.347
 4591.00    1.30218   1.00467    9.347
 4592.00    1.48032   1.00728   -1.000
 4593.00    1.34801   1.00965   -1.000
 4594.00    1.39224   1.00980   -1.000
 4595.00    1.44411   1.00874   -1.000
 4596.00    1.38472   1.00626   -1.000
 4597.00    1.24678   1.00840    9.347
 4598.00    1.25633   1.01694    9.347
 4599.00    1.31863   1.02235    9.347
 4600.00    1.39666   1.02236   -1.000
 4601.00    1.29991   1.01555    9.347
 4602.00    1.34790   1.00858   -1.000
 4603.00    1.33945   1.00352   -1.000
 4604.00    1.33960   1.00199   -1.000
 4605.00    1.39762   1.00313   -1.000
 4606.00    1.37102   1.00175   -1.000
 4607.00    1.43618   1.00095   -1.000
 4608.00    1.42170   1.00095   -1.000
 4609.00    1.34941   1.00048   -1.000
 4610.00    1.38930   1.00265   -1.000
 4611.00    1.39215   1.00355   -1.000
 4612.00    1.35805   1.00382   -1.000
 4613.00    1.37240   1.00727   -1.000
 4614.00    1.51535   1.00665   -1.000
 4615.00    1.45033   1.00295   -1.000
 4616.00    1.35776   1.00217   -1.000
 4617.00    1.29820   1.00135    9.347
 4618.00    1.28198   0.99917    9.347
 4619.00    1.35945   0.99852   -1.000
 4620.00    1.45735   0.99950   -1.000
 4621.00    1.46218   0.99923   -1.000
 4622.00    1.45883   0.99871   -1.000
 4623.00    1.49589   0.99921   -1.000
 4624.00    1.55935   1.00190   -1.000
 4625.00    1.45197   1.00722   -1.000
 4626.00    1.37035   1.00957   -1.000
 4627.00    1.34015   1.00812   -1.000
 4628.00    1.46651   1.00299   -1.000
 4629.00    1.33171   0.99852   -1.000
 4630.00    1.24987   0.99419    9.347
 4631.00    1.28996   0.99064    9.347
 4632.00    1.54929   0.99141   -1.000
 4633.00    1.47002   0.99445   -1.000
 4634.00    1.43359   0.99732   -1.000
 4635.00    1.39073   0.99880   -1.000
 4636.00    1.35743   0.99711   -1.000
 4637.00    1.42855   0.99132   -1.000
 4638.00    1.38460   0.98834   -1.000
 4639.00    1.32223   0.98615   -1.000
 4640.00    1.27455   0.98519    9.347
 4641.00    1.26862   0.98421    9.347
 4642.00    1.27219   0.98284    9.347
 4643.00    1.30349   0.98386    9.347
 4644.00    1.32054   0.98923   -1.000
 4645.00    1.32365   0.99649   -1.000
 4646.00    1.31873   1.00068    9.347
 4647.00    1.23996   0.99017    9.347
 4648.00    1.20506   0.98035    9.347
 4649.00    1.20320   0.97554    9.347
 4650.00    1.24323   0.97382    9.347
 4651.00    1.30990   0.97415   -1.000
 4652.00    1.36179   0.97700   -1.000
 4653.00    1.41850   0.98102   -1.000
 4654.00    1.45710   0.98607   -1.000
 4655.00    1.36108   0.98936   -1.000
 4656.00    1.30845   0.98991    9.347
 4657.00    1.32439   0.98873   -1.000
 4658.00    1.36677   0.99051   -1.000
 4659.00    1.42359   0.99374   -1.000
 4660.00    1.42668   0.99429   -1.000
 4661.00    1.28684   0.99195    9.347
 4662.00    1.26841   0.98775    9.347
 4663.00    1.34344   0.98464   -1.000
 4664.00    1.39843   0.98614   -1.000
 4665.00    1.33726   0.98767   -1.000
 4666.00    1.29901   0.98745    9.347
 4667.00    1.23275   0.98560    9.347
 4668.00    1.10547   0.98154    9.347
 4669.00    1.23098   0.97534    9.347
 4670.00    1.22779   0.97156    9.347
 4671.00    1.22955   0.97326    9.347
 4672.00    1.24406   0.97413    9.347
 4673.00    1.30086   0.97554   -1.000
 4674.00    1.36101   0.97448   -1.000
 4675.00    1.30844   0.97435   -1.000
 4676.00    1.27139   0.97532    9.347
 4677.00    1.31607   0.97272   -1.000
 4678.00    1.43445   0.96840   -1.000
 4679.00    1.40896   0.96855   -1.000
 4680.00    1.36810   0.97041   -1.000
 4681.00    1.31917   0.97047   -1.000
 4682.00    1.26427   0.96736    9.347
 4683.00    1.23575   0.96224    9.347
 4684.00    1.20729   0.96035    9.347
 4685.00    1.21719   0.95816    9.347
 4686.00    1.29562   0.95082   -1.000
 4687.00    1.32588   0.94757   -1.000
 4688.00    1.40071   0.95257   -1.000
 4689.00    1.39022   0.96040   -1.000
 4690.00    1.32809   0.96683   -1.000
 4691.00    1.32399   0.96652   -1.000
 4692.00    1.31838   0.96336   -1.000
 4693.00    1.34253   0.96146   -1.000
 4694.00    1.34622   0.96082   -1.000
 4695.00    1.30147   0.95956   -1.000
 4696.00    1.28962   0.95867   -1.000
 4697.00    1.30108   0.95855   -1.000
 4698.00    1.30483   0.95756   -1.000
 4699.00    1.29897   0.95610   -1.000
 4700.00    1.27144   0.95402    9.347
 4701.00    1.36689   0.95355   -1.000
 4702.00    1.41912   0.95420   -1.000
 4703.00    1.38152   0.95364   -1.000
 4704.00    1.20864   0.95373    9.347
 4705.00    1.35826   0.95441   -1.000
 4706.00    1.33902   0.95428   -1.000
 4707.00    1.32812   0.95281   -1.000
 4708.00    1.30598   0.95320   -1.000
 4709.00    1.17819   0.95150    9.347
 4710.00    1.32634   0.94568   -1.000
 4711.00    1.33066   0.93736   -1.000
 4712.00    1.33148   0.92605   -1.000
 4713.00    1.37976   0.91304   -1.000
 4714.00    1.47699   0.90165   -1.000
 4715.00    1.35464   0.90896   -1.000
 4716.00    1.28079   0.92370   -1.000
 4717.00    1.26301   0.93804    9.347
 4718.00    1.34765   0.94692   -1.000
 4719.00    1.33898   0.95080   -1.000
 4720.00    1.39463   0.95228   -1.000
 4721.00    1.44538   0.95229   -1.000
 4722.00    1.46244   0.94978   -1.000
 4723.00    1.42684   0.94763   -1.000
 4724.00    1.45364   0.94723   -1.000
 4725.00    1.43738   0.94925   -1.000
 4726.00    1.40348   0.95070   -1.000
 4727.00    1.42447   0.94708   -1.000
 4728.00    1.38634   0.94276   -1.000
 4729.00    1.29194   0.93986   -1.000
 4730.00    1.28423   0.93924   -1.000
 4731.00    1.43487   0.94087   -1.000
 4732.00    1.30414   0.94356   -1.000
 4733.00    1.34446   0.94695   -1.000
 4734.00    1.35022   0.94927   -1.000
 4735.00    1.32864   0.94893   -1.000
 4736.00    1.28505   0.94675   -1.000
 4737.00    1.42427   0.94497   -1.000
 4738.00    1.37835   0.94288   -1.000
 4739.00    1.35569   0.94107   -1.000
 4740.00    1.42961   0.94218   -1.000
 4741.00    1.35839   0.94399   -1.000
 4742.00    1.41494   0.94164   -1.000
 4743.00    1.42323   0.93821   -1.000
 4744.00    1.39756   0.93698   -1.000
 4745.00    1.35767   0.93692   -1.000
 4746.00    1.35310   0.94182   -1.000
 4747.00    1.43430   0.94375   -1.000
 4748.00    1.48182   0.94396   -1.000
 4749.00    1.44893   0.94553   -1.000
 4750.00    1.47091   0.94752   -1.000
 4751.00    1.37075   0.95030   -1.000
 4752.00    1.36531   0.95176   -1.000
 4753.00    1.41716   0.95336   -1.000
 4754.00    1.45949   0.95093   -1.000
 4755.00    1.57810   0.94674   -1.000
 4756.00    1.49752   0.94487   -1.000
 4757.00    1.40875   0.94490   -1.000
 4758.00    1.37017   0.94638   -1.000
 4759.00    1.36171   0.94829   -1.000
 4760.00    1.37291   0.95058   -1.000
 4761.00    1.36721   0.94775   -1.000
 4762.00    1.33832   0.94451   -1.000
 4763.00    1.24853   0.94231    9.347
 4764.00    1.37121   0.93805   -1.000
 4765.00    1.40785   0.93378   -1.000
 4766.00    1.39260   0.93536   -1.000
 4767.00    1.32497   0.93769   -1.000
 4768.00    1.24078   0.93682    9.347
 4769.00    1.25890   0.93682    9.347
 4770.00    1.23588   0.93923    9.347
 4771.00    1.23512   0.94318    9.347
 4772.00    1.44136   0.94618   -1.000
 4773.00    1.47563   0.94345   -1.000
 4774.00    1.46023   0.94229   -1.000
 4775.00    1.48633   0.94416   -1.000
 4776.00    1.58002   0.94495   -1.000
 4777.00    1.38018   0.94422   -1.000
 4778.00    1.48301   0.94195   -1.000
 4779.00    1.44014   0.93915   -1.000
 4780.00    1.34388   0.93849   -1.000
 4781.00    1.37784   0.94006   -1.000
 4782.00    1.32848   0.94320   -1.000
 4783.00    1.32704   0.94530   -1.000
 4784.00    1.34293   0.94524   -1.000
 4785.00    1.37034   0.93946   -1.000
 4786.00    1.37310   0.93542   -1.000
 4787.00    1.26454   0.93436   -1.000
 4788.00    1.28935   0.93562   -1.000
 4789.00    1.36590   0.93840   -1.000
 4790.00    1.34364   0.94268   -1.000
 4791.00    1.39768   0.94650   -1.000
 4792.00    1.38544   0.94717   -1.000
 4793.00    1.37426   0.94504   -1.000
 4794.00    1.38148   0.94145   -1.000
 4795.00    1.43007   0.94457   -1.000
 4796.00    1.44561   0.94729   -1.000
 4797.00    1.44289   0.94506   -1.000
 4798.00    1.42751   0.94614   -1.000
 4799.00    1.40155   0.95027   -1.000
 4800.00    1.36950   0.94947   -1.000
 4801.00    1.33788   0.94762   -1.000
 4802.00    1.31972   0.94395   -1.000
 4803.00    1.32272   0.94145   -1.000
 4804.00    1.40741   0.94160   -1.000
 4805.00    1.39720   0.93712   -1.000
 4806.00    1.35656   0.93180   -1.000
 4807.00    1.31102   0.93017   -1.000
 4808.00    1.30790   0.92945   -1.000
 4809.00    1.21904   0.92963    9.347
 4810.00    1.20759   0.93176    9.347
 4811.00    1.24891   0.93515    9.347
 4812.00    1.34189   0.93383   -1.000
 4813.00    1.42256   0.93105   -1.000
 4814.00    1.42056   0.92856   -1.000
 4815.00    1.35738   0.92857   -1.000
 4816.00    1.30441   0.92958   -1.000
 4817.00    1.41212   0.93019   -1.000
 4818.00    1.39975   0.92985   -1.000
 4819.00    1.44436   0.92578   -1.000
 4820.00    1.49789   0.92412   -1.000
 4821.00    1.54288   0.92859   -1.000
 4822.00    1.39262   0.92968   -1.000
 4823.00    1.41780   0.92853   -1.000
 4824.00    1.39516   0.92159   -1.000
 4825.00    1.36265   0.91601   -1.000
 4826.00    1.38469   0.91536   -1.000
 4827.00    1.30862   0.91536   -1.000
 4828.00    1.35487   0.91465   -1.000
 4829.00    1.36130   0.91367   -1.000
 4830.00    1.29986   0.91267   -1.000
 4831.00    1.43972   0.91216   -1.000
 4832.00    1.46350   0.91248   -1.000
 4833.00    1.40772   0.91225   -1.000
 4834.00    1.33621   0.91338   -1.000
 4835.00    1.35109   0.91388   -1.000
 4836.00    1.33934   0.90889   -1.000
 4837.00    1.34165   0.90434   -1.000
 4838.00    1.35079   0.90171   -1.000
 4839.00    1.36183   0.89991   -1.000
 4840.00    1.27372   0.90002   -1.000
 4841.00    1.36407   0.90068   -1.000
 4842.00    1.37360   0.89953   -1.000
 4843.00    1.34158   0.89367   -1.000
 4844.00    1.30463   0.88665   -1.000
 4845.00    1.16333   0.87939    9.347
 4846.00    1.26762   0.87543   -1.000
 4847.00    1.33598   0.87271   -1.000
 4848.00    1.31634   0.86887   -1.000
 4849.00    1.32975   0.86125   -1.000
 4850.00    1.31501   0.85135   -1.000
 4851.00    1.33708   0.84193   -1.000
 4852.00    1.34900   0.82954   -1.000
 4853.00    1.26446   0.81905   -1.000
 4854.00    1.29645   0.80580    0.000
 4855.00    1.25372   0.79083    0.000
 4856.00    1.22520   0.76761    0.000
 4857.00    1.22454   0.73597    0.000
 4858.00    1.16091   0.70896    0.000
 4859.00    1.08771   0.66980    0.000
 4860.00    1.10111   0.61831    0.000
 4861.00    1.12073   0.56691    0.000
 4862.00    1.02302   0.52418    0.000
 4863.00    1.01790   0.52545    0.000
 4864.00    1.05462   0.55751    0.000
 4865.00    1.08300   0.60639    0.000
 4866.00    1.09193   0.65811    0.000
 4867.00    1.06610   0.70297    0.000
 4868.00    1.16665   0.73610    0.000
 4869.00    1.24915   0.76543   -1.000
 4870.00    1.28983   0.78206   -1.000
 4871.00    1.22299   0.79980   -1.000
 4872.00    1.12562   0.81641    9.347
 4873.00    1.18514   0.82923   -1.000
 4874.00    1.22467   0.84114   -1.000
 4875.00    1.21746   0.84933   -1.000
 4876.00    1.22565   0.85551   -1.000
 4877.00    1.22906   0.85828   -1.000
 4878.00    1.18713   0.86137   -1.000
 4879.00    1.16369   0.86613    9.347
 4880.00    1.26416   0.87302   -1.000
 4881.00    1.19259   0.87849    9.347
 4882.00    1.19714   0.88014    9.347
 4883.00    1.22044   0.88002   -1.000
 4884.00    1.26467   0.87859   -1.000
 4885.00    1.50157   0.87903   -1.000
 4886.00    1.29686   0.88180   -1.000
 4887.00    1.24184   0.88341   -1.000
 4888.00    1.24949   0.88423   -1.000
 4889.00    1.24520   0.88741   -1.000
 4890.00    1.14976   0.88980    9.347
 4891.00    1.15812   0.89050    9.347
 4892.00    1.17966   0.89069    9.347
 4893.00    1.19696   0.89145    9.347
 4894.00    1.13030   0.89129    9.347
 4895.00    1.25745   0.89047   -1.000
 4896.00    1.31505   0.89088   -1.000
 4897.00    1.33327   0.89205   -1.000
 4898.00    1.32371   0.89305   -1.000
 4899.00    1.22561   0.89389   -1.000
 4900.00    1.31772   0.89412   -1.000
 4901.00    1.39276   0.89388   -1.000
 4902.00    1.41595   0.89353   -1.000
 4903.00    1.33381   0.89364   -1.000
 4904.00    1.32092   0.89445   -1.000
 4905.00    1.28592   0.89377   -1.000
 4906.00    1.25971   0.89255   -1.000
 4907.00    1.28673   0.89259   -1.000
 4908.00    1.33770   0.89271   -1.000
 4909.00    1.32488   0.88964   -1.000
 4910.00    1.25516   0.88231   -1.000
 4911.00    1.15092   0.87448    9.347
 4912.00    1.28877   0.87096   -1.000
 4913.00    1.30332   0.87419   -1.000
 4914.00    1.26795   0.87715   -1.000
 4915.00    1.24453   0.87978   -1.000
 4916.00    1.31464   0.87829   -1.000
 4917.00    1.37351   0.87346   -1.000
 4918.00    1.29962   0.86695   -1.000
 4919.00    1.22126   0.85664   -1.000
 4920.00    1.16008   0.83741    9.347
 4921.00    1.15845   0.81260   -1.000
 4922.00    1.22225   0.78412   -1.000
 4923.00    1.19119   0.77210   -1.000
 4924.00    1.15146   0.77757   -1.000
 4925.00    1.19424   0.80108   -1.000
 4926.00    1.24299   0.82202   -1.000
 4927.00    1.24578   0.84668   -1.000
 4928.00    1.28428   0.85987   -1.000
 4929.00    1.35958   0.86995   -1.000
 4930.00    1.39816   0.87595   -1.000
 4931.00    1.33914   0.87858   -1.000
 4932.00    1.35585   0.87869   -1.000
 4933.00    1.35019   0.87521   -1.000
 4934.00    1.20101   0.87353   -1.000
 4935.00    1.21020   0.87409   -1.000
 4936.00    1.19394   0.87564   -1.000
 4937.00    1.22461   0.87723   -1.000
 4938.00    1.29845   0.87532   -1.000
 4939.00    1.30562   0.87350   -1.000
 4940.00    1.21216   0.87554   -1.000
 4941.00    1.21309   0.87641   -1.000
 4942.00    1.23319   0.87564   -1.000
 4943.00    1.20815   0.87354   -1.000
 4944.00    1.32972   0.87039   -1.000
 4945.00    1.33768   0.87147   -1.000
 4946.00    1.32248   0.87226   -1.000
 4947.00    1.30178   0.87366    0.000
 4948.00    1.36746   0.87580    0.000
 4949.00    1.35617   0.87881    0.000
 4950.00    1.33864   0.87923    0.000
 4951.00    1.33109   0.87871    0.000
 4952.00    1.35581   0.87819    0.000
 4953.00    1.38793   0.87749    0.000
 4954.00    1.32190   0.87548    0.000
 4955.00    1.23164   0.86995    0.000
 4956.00    1.13780   0.86164    0.000
 4957.00    1.13399   0.85924    0.000
 4958.00    1.23082   0.85659    0.000
 4959.00    1.28234   0.85343    0.000
 4960.00    1.31186   0.85376    0.000
 4961.00    1.32693   0.85537    0.000
 4962.00    1.24751   0.85865    0.000
 4963.00    1.23172   0.86073    0.000
 4964.00    1.24531   0.86104    0.000
 4965.00    1.27716   0.85854    0.000
 4966.00    1.25898   0.85525    0.000
 4967.00    1.21736   0.85362    0.000
 4968.00    1.23514   0.85303    0.000
 4969.00    1.26127   0.85492   -1.000
 4970.00    1.25557   0.85624   -1.000
 4971.00    1.22806   0.85684   -1.000
 4972.00    1.19621   0.85724   -1.000
 4973.00    1.21025   0.85723   -1.000
 4974.00    1.26600   0.85906   -1.000
 4975.00    1.30913   0.85890   -1.000
 4976.00    1.19807   0.85723   -1.000
 4977.00    1.17980   0.85596   -1.000
 4978.00    1.19767   0.85424   -1.000
 4979.00    1.22541   0.85328   -1.000
 4980.00    1.22967   0.85266   -1.000
 4981.00    1.21581   0.85148   -1.000
 4982.00    1.19473   0.85062   -1.000
 4983.00    1.17382   0.85051   -1.000
 4984.00    1.19883   0.84645   -1.000
 4985.00    1.17400   0.84304   -1.000
 4986.00    1.17604   0.84310   -1.000
 4987.00    1.18493   0.84607   -1.000
 4988.00    1.18857   0.85063   -1.000
 4989.00    1.26042   0.85088   -1.000
 4990.00    1.17888   0.84955   -1.000
 4991.00    1.16957   0.84823   -1.000
 4992.00    1.23110   0.84732   -1.000
 4993.00    1.25455   0.84684   -1.000
 4994.00    1.23377   0.84798   -1.000
 4995.00    1.20903   0.84981   -1.000
 4996.00    1.18025   0.85027   -1.000
 4997.00    1.14561   0.84968    9.347
 4998.00    1.24063   0.84999    0.000
 4999.00    1.18736   0.84883    0.000
 5000.00    1.14378   0.84341    0.000
 5001.00    1.12075   0.83444    0.000
 5002.00    1.11518   0.82662    0.000
 5003.00    1.08964   0.82495    0.000
 5004.00    1.13569   0.82374    0.000
 5005.00    1.22008   0.82184    0.000
 5006.00    1.33831   0.82208    0.000
 5007.00    1.16095   0.82371    0.000
 5008.00    1.16966   0.82477    0.000
 5009.00    1.19541   0.82561    0.000
 5010.00    1.21646   0.82610    0.000
 5011.00    1.15725   0.82770    0.000
 5012.00    1.08307   0.82765    0.000
 5013.00    1.08233   0.82276    0.000
 5014.00    1.09900   0.81102    0.000
 5015.00    1.10336   0.79286    0.000
 5016.00    1.16086   0.77872    0.000
 5017.00    1.10119   0.77279    0.000
 5018.00    1.08026   0.78121    0.000
 5019.00    1.10129   0.80067    0.000
 5020.00    1.14335   0.81048    0.000
 5021.00    1.14999   0.81920    0.000
 5022.00    1.12212   0.82538    0.000
 5023.00    1.10258   0.82585    9.347
 5024.00    1.12437   0.82337    9.347
 5025.00    1.11912   0.82573    9.347
 5026.00    1.09825   0.82806    9.347
 5027.00    1.10718   0.82908    9.347
 5028.00    1.13254   0.82771    9.347
 5029.00    1.08781   0.82597    9.347
 5030.00    1.16839   0.82546   -1.000
 5031.00    1.26424   0.82601   -1.000
 5032.00    1.33136   0.82459   -1.000
 5033.00    1.32605   0.82337   -1.000
 5034.00    1.27171   0.82236   -1.000
 5035.00    1.17190   0.82415   -1.000
 5036.00    1.16517   0.82647   -1.000
 5037.00    1.22159   0.82531   -1.000
 5038.00    1.15895   0.82567   -1.000
 5039.00    1.10185   0.82645    9.347
 5040.00    1.06527   0.82267    9.347
 5041.00    1.05128   0.81516    9.347
 5042.00    1.07253   0.80943    9.347
 5043.00    1.12384   0.80824    9.347
 5044.00    1.09499   0.81429    9.347
 5045.00    1.08608   0.81926    9.347
 5046.00    1.09838   0.82162    9.347
 5047.00    1.12562   0.81406    9.347
 5048.00    1.11911   0.80221    9.347
 5049.00    1.15598   0.79984   -1.000
 5050.00    1.19095   0.80357   -1.000
 5051.00    1.19647   0.81247   -1.000
 5052.00    1.20882   0.81536   -1.000
 5053.00    1.15416   0.81751   -1.000
 5054.00    1.15008   0.81971   -1.000
 5055.00    1.18318   0.81962   -1.000
 5056.00    1.18053   0.81398   -1.000
 5057.00    1.13027   0.80958    9.347
 5058.00    1.19829   0.81114   -1.000
 5059.00    1.25298   0.81821   -1.000
 5060.00    1.21586   0.82436   -1.000
 5061.00    1.17201   0.82595   -1.000
 5062.00    1.17786   0.82702   -1.000
 5063.00    1.21132   0.82829   -1.000
 5064.00    1.24642   0.82727   -1.000
 5065.00    1.16441   0.82539   -1.000
 5066.00    1.06882   0.82320    9.347
 5067.00    1.10142   0.82170    9.347
 5068.00    1.15338   0.81960   -1.000
 5069.00    1.17537   0.81870   -1.000
 5070.00    1.12461   0.81840    9.347
 5071.00    1.08255   0.81945    9.347
 5072.00    1.06599   0.81983    9.347
 5073.00    1.08717   0.81744    9.347
 5074.00    1.22650   0.81505   -1.000
 5075.00    1.08073   0.81247    9.347
 5076.00    1.11911   0.81396    9.347
 5077.00    1.14771   0.81462   -1.000
 5078.00    1.06743   0.81382    9.347
 5079.00    1.02179   0.81435    9.347
 5080.00    1.10720   0.81506    9.347
 5081.00    1.08326   0.81419    9.347
 5082.00    0.98939   0.81422    9.347
 5083.00    0.98117   0.81510    9.347
 5084.00    1.06397   0.81433    9.347
 5085.00    1.08622   0.81126    9.347
 5086.00    1.09885   0.80951    9.347
 5087.00    1.12092   0.81000    9.347
 5088.00    1.09783   0.81106    9.347
 5089.00    1.10845   0.81168    9.347
 5090.00    1.13101   0.81153    9.347
 5091.00    1.16941   0.81316   -1.000
 5092.00    1.26130   0.81685   -1.000
 5093.00    1.20633   0.81733   -1.000
 5094.00    1.15195   0.81652   -1.000
 5095.00    1.12565   0.81266    9.347
 5096.00    1.15094   0.80974   -1.000
 5097.00    1.12307   0.80732    9.347
 5098.00    1.14694   0.80600   -1.000
 5099.00    1.12621   0.80685    9.347
 5100.00    1.06658   0.80358    9.347
 5101.00    0.96465   0.80003    9.347
 5102.00    1.08332   0.79916    9.347
 5103.00    1.06980   0.80145    9.347
 5104.00    1.06788   0.80569    9.347
 5105.00    1.14133   0.80732   -1.000
 5106.00    1.12824   0.80771    9.347
 5107.00    1.10667   0.80654    9.347
 5108.00    1.09856   0.80613    9.347
 5109.00    1.09262   0.80693    9.347
 5110.00    1.04172   0.80724    9.347
 5111.00    1.08550   0.80646    9.347
 5112.00    1.08592   0.80715    9.347
 5113.00    1.08983   0.80765    9.347
 5114.00    1.11664   0.80714    9.347
 5115.00    1.11586   0.80560    9.347
 5116.00    1.11345   0.80317    9.347
 5117.00    1.12708   0.80481   -1.000
 5118.00    1.15034   0.80691   -1.000
 5119.00    1.16880   0.80945   -1.000
 5120.00    1.11839   0.81037    9.347
 5121.00    1.07468   0.80925    9.347
 5122.00    1.06426   0.80792    9.347
 5123.00    1.10795   0.80576    9.347
 5124.00    1.08143   0.80409    9.347
 5125.00    1.10014   0.80326    9.347
 5126.00    1.08590   0.80140    9.347
 5127.00    1.04926   0.79970    9.347
 5128.00    1.01068   0.79737    9.347
 5129.00    0.93268   0.79570    9.347
 5130.00    0.97421   0.79613    9.347
 5131.00    1.03515   0.79849    9.347
 5132.00    1.08211   0.79910    9.347
 5133.00    1.09043   0.79830    9.347
 5134.00    1.07447   0.79732    9.347
 5135.00    1.05326   0.79519    9.347
 5136.00    1.02528   0.79633    9.347
 5137.00    0.97486   0.79933    9.347
 5138.00    1.04485   0.80230    9.347
 5139.00    1.05833   0.80200    9.347
 5140.00    1.08081   0.80077    9.347
 5141.00    1.13530   0.79938   -1.000
 5142.00    1.12713   0.79837   -1.000
 5143.00    1.09394   0.79753    9.347
 5144.00    1.07950   0.79654    9.347
 5145.00    1.06749   0.79378    9.347
 5146.00    1.00216   0.79076    9.347
 5147.00    1.06630   0.78764    9.347
 5148.00    1.04006   0.78555    9.347
 5149.00    1.02942   0.78646    9.347
 5150.00    1.07279   0.78973    9.347
 5151.00    1.04075   0.78755    9.347
 5152.00    1.02602   0.78428    9.347
 5153.00    1.00908   0.78218    9.347
 5154.00    1.00281   0.78151    9.347
 5155.00    1.05286   0.78307    9.347
 5156.00    1.01280   0.78354    0.000
 5157.00    1.05650   0.78759    0.000
 5158.00    1.06923   0.79147    0.000
 5159.00    1.00839   0.79433    0.000
 5160.00    1.07682   0.79569    0.000
 5161.00    1.08430   0.79605    0.000
 5162.00    1.05592   0.79476    0.000
 5163.00    1.00651   0.79327    0.000
 5164.00    0.95811   0.79228    0.000
 5165.00    0.89243   0.79051    9.347
 5166.00    0.90756   0.78647    9.347
 5167.00    0.91242   0.77732    9.347
 5168.00    0.87768   0.76839    9.347
 5169.00    0.74575   0.75927    9.347
 5170.00    0.76161   0.75642    9.347
 5171.00    0.78955   0.75855    9.347
 5172.00    0.81425   0.76213    9.347
 5173.00    0.79421   0.76289    9.347
 5174.00    0.75817   0.76216    9.347
 5175.00    0.82605   0.76267    9.347
 5176.00    0.88059   0.76454    9.347
 5177.00    0.88339   0.76622    9.347
 5178.00    0.87037   0.76536    9.347
 5179.00    0.99977   0.76649    9.347
 5180.00    1.01210   0.76577    9.347
 5181.00    0.97117   0.76553    9.347
 5182.00    1.00740   0.76386    9.347
 5183.00    0.94085   0.76216    9.347
 5184.00    0.85554   0.76150    9.347
 5185.00    0.82084   0.76091    9.347
 5186.00    0.86663   0.76369    9.347
 5187.00    0.92998   0.76838    9.347
 5188.00    0.92123   0.77094    9.347
 5189.00    0.89601   0.77075    9.347
 5190.00    0.87774   0.76957    9.347
 5191.00    0.92864   0.76891    9.347
 5192.00    0.95502   0.76495    9.347
 5193.00    0.89507   0.76041    0.000
 5194.00    0.88777   0.75715    0.000
 5195.00    0.97558   0.75789    0.000
 5196.00    0.96897   0.76165    0.000
 5197.00    0.96285   0.76292    0.000
 5198.00    0.98327   0.76405    0.000
 5199.00    1.01093   0.76407    0.000
 5200.00    1.00750   0.76546    0.000
 5201.00    0.94699   0.76700    0.000
 5202.00    0.96661   0.76771    0.000
 5203.00    0.97005   0.76739    9.347
 5204.00    0.93346   0.76547    9.347
 5205.00    0.97921   0.76175    9.347
 5206.00    0.96946   0.75549    9.347
 5207.00    0.93061   0.75361    9.347
 5208.00    0.88055   0.75361    9.347
 5209.00    0.84660   0.75504    9.347
 5210.00    0.89676   0.75443    9.347
 5211.00    0.95266   0.75267    9.347
 5212.00    0.97550   0.75365    9.347
 5213.00    0.95266   0.75853    9.347
 5214.00    1.02388   0.76259    9.347
 5215.00    1.02928   0.76422    9.347
 5216.00    1.01225   0.76188    9.347
 5217.00    0.99055   0.76037    9.347
 5218.00    0.99740   0.76027    9.347
 5219.00    1.04494   0.76348    9.347
 5220.00    1.05443   0.76641    9.347
 5221.00    1.05881   0.76671    9.347
 5222.00    1.06287   0.76609    9.347
 5223.00    1.02227   0.76603    9.347
 5224.00    0.98717   0.76498    9.347
 5225.00    0.99493   0.76210    9.347
 5226.00    1.01730   0.75423    9.347
 5227.00    1.00841   0.74789    9.347
 5228.00    0.98987   0.74363    9.347
 5229.00    0.98543   0.74621    9.347
 5230.00    0.98256   0.75502    9.347
 5231.00    0.97698   0.76162    9.347
 5232.00    0.89937   0.76312    9.347
 5233.00    0.94529   0.76030    9.347
 5234.00    0.98543   0.75595    9.347
 5235.00    0.99795   0.75296    9.347
 5236.00    0.91991   0.75289    9.347
 5237.00    1.04862   0.75275    9.347
 5238.00    1.05854   0.75783    9.347
 5239.00    1.07595   0.76082    9.347
 5240.00    1.12207   0.76122   -1.000
 5241.00    1.09655   0.75900   -1.000
 5242.00    1.10518   0.75502   -1.000
 5243.00    1.11089   0.75474   -1.000
 5244.00    1.10485   0.75606   -1.000
 5245.00    1.06120   0.75788    9.347
 5246.00    1.01802   0.75730    9.347
 5247.00    0.99727   0.75362    9.347
 5248.00    0.97940   0.75021    9.347
 5249.00    0.96326   0.74791    9.347
 5250.00    0.97518   0.74843    9.347
 5251.00    0.91638   0.74898    9.347
 5252.00    0.94595   0.74778    9.347
 5253.00    1.00601   0.74579    9.347
 5254.00    1.02029   0.74516    9.347
 5255.00    1.07659   0.74765   -1.000
 5256.00    1.00258   0.74899    9.347
 5257.00    0.94750   0.75032    9.347
 5258.00    0.94818   0.75249    9.347
 5259.00    1.12869   0.75379   -1.000
 5260.00    1.08799   0.75327   -1.000
 5261.00    1.03253   0.75123    9.347
 5262.00    0.97493   0.74698    9.347
 5263.00    0.93174   0.74283    9.347
 5264.00    0.91006   0.73786    9.347
 5265.00    0.84564   0.73547    9.347
 5266.00    0.82706   0.73384    9.347
 5267.00    0.86801   0.73318    0.000
 5268.00    0.81429   0.73472    0.000
 5269.00    0.80169   0.73769    0.000
 5270.00    0.84738   0.73714    0.000
 5271.00    0.90568   0.73441    0.000
 5272.00    0.91498   0.73303    0.000
 5273.00    0.95596   0.73489    0.000
 5274.00    0.94435   0.73953    0.000
 5275.00    0.94161   0.73996    9.347
 5276.00    0.95836   0.73888    9.347
 5277.00    0.99408   0.73810    9.347
 5278.00    1.01780   0.74000    9.347
 5279.00    1.01835   0.74450    9.347
 5280.00    1.00187   0.74575    9.347
 5281.00    0.96428   0.74305    9.347
 5282.00    0.92402   0.74108    9.347
 5283.00    0.97918   0.73944    9.347
 5284.00    1.00082   0.73876    9.347
 5285.00    0.97339   0.73961    9.347
 5286.00    1.04046   0.74174    9.347
 5287.00    1.05643   0.74526    9.347
 5288.00    1.05723   0.74892    9.347
 5289.00    1.06594   0.75164    9.347
 5290.00    1.12247   0.75114   -1.000
 5291.00    0.99329   0.74726    9.347
 5292.00    1.05127   0.74473    9.347
 5293.00    1.09299   0.74434   -1.000
 5294.00    1.08288   0.74452   -1.000
 5295.00    0.96673   0.74463    9.347
 5296.00    0.97528   0.74090    9.347
 5297.00    1.01324   0.73703    9.347
 5298.00    1.04115   0.73247    9.347
 5299.00    0.99780   0.73085    9.347
 5300.00    0.90296   0.72960    9.347
 5301.00    0.91418   0.73192    9.347
 5302.00    0.96057   0.73436    9.347
 5303.00    1.02568   0.73701    9.347
 5304.00    1.00597   0.73962    9.347
 5305.00    0.96968   0.74224    9.347
 5306.00    0.97703   0.74301    9.347
 5307.00    0.98520   0.74106    9.347
 5308.00    0.93841   0.73843    9.347
 5309.00    0.98833   0.73695    9.347
 5310.00    1.04054   0.73772    9.347
 5311.00    1.04689   0.73827    9.347
 5312.00    1.00274   0.73696    9.347
 5313.00    0.97133   0.73483    9.347
 5314.00    1.00562   0.73302    9.347
 5315.00    1.08133   0.73061   -1.000
 5316.00    1.12153   0.72654   -1.000
 5317.00    1.00456   0.72358    9.347
 5318.00    0.80684   0.72094    9.347
 5319.00    0.75212   0.72459    9.347
 5320.00    0.74659   0.73301    9.347
 5321.00    0.78060   0.73576    9.347
 5322.00    0.84259   0.73404    9.347
 5323.00    0.79661   0.73271    9.347
 5324.00    0.78467   0.73164    9.347
 5325.00    0.76487   0.73162    9.347
 5326.00    0.68134   0.73105    9.347
 5327.00    0.82616   0.72930    9.347
 5328.00    0.91351   0.72554    9.347
 5329.00    0.91855   0.71929    9.347
 5330.00    0.84894   0.71647    9.347
 5331.00    0.87804   0.71863    9.347
 5332.00    0.80141   0.72258    9.347
 5333.00    0.82005   0.72490    9.347
 5334.00    0.85709   0.72645    9.347
 5335.00    0.83821   0.72823    9.347
 5336.00    0.91050   0.72887    9.347
 5337.00    0.88992   0.72942    9.347
 5338.00    0.84936   0.72666    9.347
 5339.00    0.80491   0.72318    9.347
 5340.00    0.83775   0.72057    9.347
 5341.00    0.85398   0.71990    9.347
 5342.00    0.87966   0.71967    9.347
 5343.00    0.90328   0.71993    9.347
 5344.00    0.91119   0.71866    9.347
 5345.00    0.87832   0.71754    9.347
 5346.00    0.91120   0.71641    9.347
 5347.00    0.90905   0.71447    9.347
 5348.00    0.86585   0.71342    9.347
 5349.00    0.82989   0.71381    9.347
 5350.00    0.85965   0.71589    9.347
 5351.00    0.87664   0.71898    9.347
 5352.00    0.90445   0.71972    9.347
 5353.00    0.97469   0.72234    9.347
 5354.00    0.97390   0.72508    9.347
 5355.00    0.94452   0.72576    9.347
 5356.00    0.93579   0.72675    9.347
 5357.00    0.95261   0.72535    9.347
 5358.00    0.99385   0.72389    9.347
 5359.00    1.03493   0.72366    9.347
 5360.00    1.04124   0.72297    9.347
 5361.00    1.03192   0.71975    9.347
 5362.00    1.01549   0.71693    9.347
 5363.00    1.03750   0.71508   -1.000
 5364.00    0.94799   0.71347    9.347
 5365.00    0.87443   0.71199    9.347
 5366.00    0.83500   0.71165    9.347
 5367.00    0.86334   0.71235    9.347
 5368.00    0.85047   0.71240    9.347
 5369.00    0.86787   0.71250    9.347
 5370.00    0.90507   0.71257    9.347
 5371.00    0.96471   0.71071    9.347
 5372.00    0.86313   0.70793    9.347
 5373.00    0.89333   0.70493    9.347
 5374.00    0.93054   0.70654    9.347
 5375.00    0.96330   0.70856    9.347
 5376.00    1.00012   0.71249    9.347
 5377.00    0.90520   0.71279    9.347
 5378.00    0.86201   0.71184    9.347
 5379.00    0.85755   0.71177    9.347
 5380.00    0.90454   0.71246    9.347
 5381.00    0.95574   0.71297    9.347
 5382.00    0.95324   0.71332    9.347
 5383.00    0.94394   0.71326    9.347
 5384.00    0.92093   0.71149    9.347
 5385.00    0.78054   0.70853    9.347
 5386.00    0.83098   0.70685    9.347
 5387.00    0.87128   0.70597    9.347
 5388.00    0.88417   0.70572    9.347
 5389.00    0.83842   0.70545    9.347
 5390.00    0.89261   0.70274    9.347
 5391.00    0.86945   0.70222    9.347
 5392.00    0.85405   0.70195    9.347
 5393.00    0.85002   0.70214    9.347
 5394.00    0.83133   0.70296    9.347
 5395.00    0.76153   0.70243    9.347
 5396.00    0.79011   0.70091    9.347
 5397.00    0.84037   0.69730    9.347
 5398.00    0.86250   0.69391    9.347
 5399.00    0.80903   0.69366    9.347
 5400.00    0.74228   0.69912    9.347
 5401.00    0.74553   0.70201    9.347
 5402.00    0.80692   0.70220    9.347
 5403.00    0.81055   0.70074    9.347
 5404.00    0.84602   0.69990    9.347
 5405.00    0.84470   0.69848    9.347
 5406.00    0.82586   0.69643    9.347
 5407.00    0.79459   0.69256    9.347
 5408.00    0.78549   0.69250    9.347
 5409.00    0.78791   0.69227    9.347
 5410.00    0.79762   0.68930    9.347
 5411.00    0.80696   0.68400    9.347
 5412.00    0.76370   0.68054    9.347
 5413.00    0.82597   0.68098    9.347
 5414.00    0.84440   0.68337    9.347
 5415.00    0.83277   0.68774    9.347
 5416.00    0.78482   0.69215    9.347
 5417.00    0.92426   0.69511    9.347
 5418.00    0.91255   0.69756    9.347
 5419.00    0.87374   0.69992    9.347
 5420.00    0.82949   0.70074    9.347
 5421.00    0.86289   0.69978    9.347
 5422.00    0.86386   0.69733    9.347
 5423.00    0.81788   0.69641    9.347
 5424.00    0.78642   0.69711    9.347
 5425.00    0.82071   0.69509    9.347
 5426.00    0.80633   0.69188    9.347
 5427.00    0.82223   0.69344    9.347
 5428.00    0.83764   0.69676    9.347
 5429.00    0.84126   0.69710    9.347
 5430.00    0.76733   0.69436    9.347
 5431.00    0.78286   0.68898    9.347
 5432.00    0.80135   0.68726    9.347
 5433.00    0.80845   0.68636    9.347
 5434.00    0.78869   0.68696    9.347
 5435.00    0.80811   0.68647    9.347
 5436.00    0.81107   0.68517    9.347
 5437.00    0.80216   0.68884    9.347
 5438.00    0.79226   0.69396    9.347
 5439.00    0.84591   0.69610    9.347
 5440.00    0.79012   0.69620    9.347
 5441.00    0.77353   0.69565    9.347
 5442.00    0.79677   0.69750    9.347
 5443.00    0.87939   0.69827    9.347
 5444.00    0.84713   0.69490    9.347
 5445.00    0.78712   0.69091    9.347
 5446.00    0.75633   0.68968    9.347
 5447.00    0.75844   0.68820    9.347
 5448.00    0.80985   0.68614    9.347
 5449.00    0.81335   0.68013    9.347
 5450.00    0.79432   0.67347    9.347
 5451.00    0.79228   0.67197    9.347
 5452.00    0.83913   0.67075    9.347
 5453.00    0.68901   0.66854    9.347
 5454.00    0.73518   0.66648    9.347
 5455.00    0.78716   0.66582    9.347
 5456.00    0.82697   0.66648    9.347
 5457.00    0.80775   0.66861    9.347
 5458.00    0.79713   0.67088    9.347
 5459.00    0.72964   0.67291    9.347
 5460.00    0.71360   0.67241    9.347
 5461.00    0.83464   0.67140    9.347
 5462.00    0.83328   0.66995    9.347
 5463.00    0.76241   0.66943    9.347
 5464.00    0.72864   0.67004    9.347
 5465.00    0.72626   0.67061    9.347
 5466.00    0.71195   0.67008    9.347
 5467.00    0.72946   0.66962    9.347
 5468.00    0.76065   0.66944    9.347
 5469.00    0.75741   0.67130    9.347
 5470.00    0.67856   0.67364    9.347
 5471.00    0.80886   0.67294    9.347
 5472.00    0.78486   0.67083    9.347
 5473.00    0.77441   0.66982    9.347
 5474.00    0.77413   0.66901    9.347
 5475.00    0.73985   0.66811    9.347
 5476.00    0.73096   0.66794    9.347
 5477.00    0.72775   0.66813    9.347
 5478.00    0.74140   0.66656    9.347
 5479.00    0.78423   0.66646    9.347
 5480.00    0.71254   0.66835    9.347
 5481.00    0.70661   0.66793    9.347
 5482.00    0.70210   0.66652    9.347
 5483.00    0.70338   0.66581    9.347
 5484.00    0.74473   0.66695    9.347
 5485.00    0.73421   0.67011    9.347
 5486.00    0.69868   0.67140    9.347
 5487.00    0.68354   0.67171    9.347
 5488.00    0.71981   0.66914    9.347
 5489.00    0.80550   0.66845    9.347
 5490.00    0.75971   0.66889    9.347
 5491.00    0.73830   0.66892    9.347
 5492.00    0.73896   0.66798    9.347
 5493.00    0.74144   0.66713    9.347
 5494.00    0.74172   0.66660    9.347
 5495.00    0.74613   0.66711    9.347
 5496.00    0.73863   0.66817    9.347
 5497.00    0.70748   0.66753    9.347
 5498.00    0.70907   0.66475    9.347
 5499.00    0.67875   0.66102    9.347
 5500.00    0.65810   0.65880    9.347
 5501.00    0.65238   0.65727    9.347
 5502.00    0.68618   0.65590    9.347
 5503.00    0.64131   0.65551    9.347
 5504.00    0.67212   0.65426    9.347
 5505.00    0.71310   0.65453    9.347
 5506.00    0.73726   0.65453    9.347
 5507.00    0.74096   0.65131    9.347
 5508.00    0.73977   0.64721    9.347
 5509.00    0.71947   0.64472    9.347
 5510.00    0.69440   0.64586    9.347
 5511.00    0.71772   0.64903    9.347
 5512.00    0.71699   0.64895    9.347
 5513.00    0.70736   0.64938    9.347
 5514.00    0.68921   0.64850    9.347
 5515.00    0.66060   0.64745    9.347
 5516.00    0.72307   0.64637    9.347
 5517.00    0.70504   0.64599    9.347
 5518.00    0.70001   0.64677    9.347
 5519.00    0.70914   0.64856    9.347
 5520.00    0.74059   0.65068    9.347
 5521.00    0.75820   0.65293    9.347
 5522.00    0.74562   0.65365    9.347
 5523.00    0.72653   0.65347    9.347
 5524.00    0.70916   0.65296    9.347
 5525.00    0.71104   0.65214    9.347
 5526.00    0.69644   0.65098    9.347
 5527.00    0.67727   0.64846    9.347
 5528.00    0.66671   0.64741    9.347
 5529.00    0.71687   0.64760    9.347
 5530.00    0.67328   0.64856    9.347
 5531.00    0.66975   0.64757    9.347
 5532.00    0.68268   0.64757    9.347
 5533.00    0.70759   0.64826    9.347
 5534.00    0.70793   0.64664    9.347
 5535.00    0.66845   0.64336    9.347
 5536.00    0.64180   0.64240    9.347
 5537.00    0.64131   0.64270    9.347
 5538.00    0.72865   0.64427    9.347
 5539.00    0.72176   0.64528    9.347
 5540.00    0.71237   0.64583    9.347
 5541.00    0.70450   0.64555    9.347
 5542.00    0.70052   0.64559    9.347
 5543.00    0.63620   0.64484    9.347
 5544.00    0.68588   0.64344    9.347
 5545.00    0.71166   0.64085    9.347
 5546.00    0.72195   0.64087    9.347
 5547.00    0.74261   0.64288    9.347
 5548.00    0.72639   0.64567    9.347
 5549.00    0.70929   0.64647    9.347
 5550.00    0.69028   0.64534    9.347
 5551.00    0.66964   0.64526    9.347
 5552.00    0.75784   0.64592    9.347
 5553.00    0.72682   0.64626    9.347
 5554.00    0.67343   0.64620    9.347
 5555.00    0.62365   0.64590    9.347
 5556.00    0.65444   0.64555    9.347
 5557.00    0.66466   0.64573    9.347
 5558.00    0.64196   0.64666    9.347
 5559.00    0.63843   0.64625    9.347
 5560.00    0.67582   0.64350    9.347
 5561.00    0.68847   0.64270    9.347
 5562.00    0.67547   0.64183    9.347
 5563.00    0.64300   0.64111    9.347
 5564.00    0.60742   0.64172    9.347
 5565.00    0.61202   0.64243    9.347
 5566.00    0.66144   0.64292    9.347
 5567.00    0.65195   0.64185    9.347
 5568.00    0.63996   0.64174    9.347
 5569.00    0.64273   0.64294    9.347
 5570.00    0.62470   0.64198    9.347
 5571.00    0.63514   0.64114    9.347
 5572.00    0.62217   0.63871    9.347
 5573.00    0.60154   0.63814    9.347
 5574.00    0.61213   0.63758    9.347
 5575.00    0.62378   0.63903    9.347
 5576.00    0.61493   0.64159    9.347
 5577.00    0.58734   0.64211    9.347
 5578.00    0.53973   0.64035    9.347
 5579.00    0.60555   0.63821    9.347
 5580.00    0.63434   0.63835    9.347
 5581.00    0.62924   0.63897    9.347
 5582.00    0.60436   0.64046    9.347
 5583.00    0.58301   0.64043    9.347
 5584.00    0.62825   0.64089    9.347
 5585.00    0.62899   0.64253    9.347
 5586.00    0.62116   0.64195    9.347
 5587.00    0.61299   0.63953    9.347
 5588.00    0.56576   0.63655    9.347
 5589.00    0.54594   0.63462    9.347
 5590.00    0.55023   0.63450    9.347
 5591.00    0.57241   0.63383    9.347
 5592.00    0.61102   0.63347    9.347
 5593.00    0.63476   0.63318    9.347
 5594.00    0.60481   0.63387    9.347
 5595.00    0.59512   0.63438    9.347
 5596.00    0.62962   0.63729    9.347
 5597.00    0.67500   0.63976    9.347
 5598.00    0.61178   0.63973    9.347
 5599.00    0.57462   0.63631    9.347
 5600.00    0.55170   0.63246    9.347
 5601.00    0.51931   0.63015    9.347
 5602.00    0.54142   0.62986    9.347
 5603.00    0.52822   0.63009    9.347
 5604.00    0.54595   0.63082    9.347
 5605.00    0.61381   0.63063    9.347
 5606.00    0.57738   0.63216    9.347
 5607.00    0.60641   0.63262    9.347
 5608.00    0.63124   0.63328    9.347
 5609.00    0.64388   0.63356    9.347
 5610.00    0.61749   0.63494    9.347
 5611.00    0.67271   0.63402    9.347
 5612.00    0.68162   0.63413    9.347
 5613.00    0.65561   0.63520    9.347
 5614.00    0.59329   0.63426    9.347
 5615.00    0.53174   0.63348    9.347
 5616.00    0.55898   0.63152    9.347
 5617.00    0.57222   0.62985    9.347
 5618.00    0.57283   0.62675    9.347
 5619.00    0.55491   0.62541    9.347
 5620.00    0.55707   0.62580    9.347
 5621.00    0.58569   0.62671    9.347
 5622.00    0.58698   0.62744    9.347
 5623.00    0.54617   0.62866    9.347
 5624.00    0.56515   0.62884    9.347
 5625.00    0.55589   0.62837    9.347
 5626.00    0.53298   0.62645    9.347
 5627.00    0.51832   0.62301    9.347
 5628.00    0.56480   0.62256    9.347
 5629.00    0.53436   0.62250    9.347
 5630.00    0.50817   0.62481    9.347
 5631.00    0.49117   0.62378    9.347
 5632.00    0.48740   0.62320    9.347
 5633.00    0.51630   0.62265    9.347
 5634.00    0.56592   0.62043    9.347
 5635.00    0.63085   0.62112    9.347
 5636.00    0.67245   0.62396    9.347
 5637.00    0.59659   0.62549    9.347
 5638.00    0.53210   0.62289    9.347
 5639.00    0.51356   0.61956    9.347
 5640.00    0.53727   0.61577    9.347
 5641.00    0.60606   0.61379    9.347
 5642.00    0.67509   0.61327    9.347
 5643.00    0.58551   0.61491    9.347
 5644.00    0.55208   0.61798    9.347
 5645.00    0.55244   0.61744    9.347
 5646.00    0.56736   0.61595    9.347
 5647.00    0.47905   0.61417    9.347
 5648.00    0.49750   0.61442    9.347
 5649.00    0.54237   0.61531    9.347
 5650.00    0.59288   0.61646    9.347
 5651.00    0.46695   0.61687    9.347
 5652.00    0.49048   0.61567    9.347
 5653.00    0.51246   0.61496    9.347
 5654.00    0.52019   0.61446    9.347
 5655.00    0.47941   0.61492    9.347
 5656.00    0.48884   0.61707    9.347
 5657.00    0.51698   0.61563    9.347
 5658.00    0.50729   0.61318    9.347
 5659.00    0.44970   0.61117    9.347
 5660.00    0.46880   0.61007    9.347
 5661.00    0.49200   0.61089    9.347
 5662.00    0.52928   0.61241    9.347
 5663.00    0.54951   0.61197    9.347
 5664.00    0.48534   0.61081    9.347
 5665.00    0.67626   0.61084    9.347
 5666.00    0.67288   0.60963    9.347
 5667.00    0.62032   0.60856    9.347
 5668.00    0.54451   0.60587    9.347
 5669.00    0.51563   0.60695    9.347
 5670.00    0.50468   0.60731    9.347
 5671.00    0.50550   0.60610    9.347
 5672.00    0.52071   0.60667    9.347
 5673.00    0.56650   0.60801    9.347
 5674.00    0.54911   0.60729    9.347
 5675.00    0.57852   0.60691    9.347
 5676.00    0.59243   0.60796    9.347
 5677.00    0.57733   0.60752    9.347
 5678.00    0.51948   0.60471    9.347
 5679.00    0.46754   0.60512    9.347
 5680.00    0.45488   0.60501    9.347
 5681.00    0.46754   0.60540    9.347
 5682.00    0.50255   0.60616    9.347
 5683.00    0.48811   0.60685    9.347
 5684.00    0.54288   0.60571    9.347
 5685.00    0.61711   0.60467    9.347
 5686.00    0.69057   0.60539    9.347
 5687.00    0.56537   0.60667    9.347
 5688.00    0.50124   0.60613    9.347
 5689.00    0.48096   0.60422    9.347
 5690.00    0.48730   0.60346    9.347
 5691.00    0.51380   0.60235    9.347
 5692.00    0.55466   0.60197    9.347
 5693.00    0.52170   0.60322    9.347
 5694.00    0.49790   0.60409    9.347
 5695.00    0.49814   0.60618    9.347
 5696.00    0.52840   0.60502    9.347
 5697.00    0.48010   0.60472    9.347
 5698.00    0.47485   0.60449    9.347
 5699.00    0.48694   0.60441    9.347
 5700.00    0.49187   0.60303    9.347
 5701.00    0.46572   0.60278    9.347
 5702.00    0.43975   0.60227    9.347
 5703.00    0.41125   0.60288    9.347
 5704.00    0.38654   0.60337    9.347
 5705.00    0.45509   0.60169    9.347
 5706.00    0.52366   0.59946    9.347
 5707.00    0.53055   0.59748    9.347
 5708.00    0.49691   0.59869    9.347
 5709.00    0.42160   0.59992    9.347
 5710.00    0.41411   0.59980    9.347
 5711.00    0.46593   0.59970    9.347
 5712.00    0.49358   0.59905    9.347
 5713.00    0.48655   0.59866    9.347
 5714.00    0.50659   0.59780    9.347
 5715.00    0.50433   0.59929    9.347
 5716.00    0.45530   0.59988    9.347
 5717.00    0.41857   0.60027    9.347
 5718.00    0.48033   0.60123    9.347
 5719.00    0.45965   0.60211    9.347
 5720.00    0.46955   0.60146    9.347
 5721.00    0.44931   0.60086    9.347
 5722.00    0.40474   0.59915    9.347
 5723.00    0.54569   0.59777    9.347
 5724.00    0.54339   0.59685    9.347
 5725.00    0.51862   0.59892    9.347
 5726.00    0.48071   0.59986    9.347
 5727.00    0.43129   0.59677    9.347
 5728.00    0.44649   0.59503    9.347
 5729.00    0.47714   0.59520    9.347
 5730.00    0.47038   0.59678    9.347
 5731.00    0.42850   0.59959    9.347
 5732.00    0.48864   0.60054    9.347
 5733.00    0.52441   0.59924    9.347
 5734.00    0.49355   0.59994    9.347
 5735.00    0.45143   0.60111    9.347
 5736.00    0.45619   0.60324    9.347
 5737.00    0.43490   0.60181    9.347
 5738.00    0.44693   0.59958    9.347
 5739.00    0.45778   0.59736    9.347
 5740.00    0.46488   0.59508    9.347
 5741.00    0.49352   0.59221    9.347
 5742.00    0.49957   0.59442    9.347
 5743.00    0.48933   0.59684    9.347
 5744.00    0.47143   0.59639    9.347
 5745.00    0.45020   0.59657    9.347
 5746.00    0.43534   0.59619    9.347
 5747.00    0.42164   0.59622    9.347
 5748.00    0.41817   0.59639    9.347
 5749.00    0.42395   0.59572    9.347
 5750.00    0.40975   0.59660    9.347
 5751.00    0.45898   0.59738    9.347
 5752.00    0.48055   0.59758    9.347
 5753.00    0.49619   0.59759    9.347
 5754.00    0.52564   0.59490    9.347
 5755.00    0.46465   0.59393    9.347
 5756.00    0.43203   0.59521    9.347
 5757.00    0.42733   0.59631    9.347
 5758.00    0.44655   0.59888    9.347
 5759.00    0.43696   0.60001    9.347
 5760.00    0.53681   0.59938    9.347
 5761.00    0.51179   0.59686    9.347
 5762.00    0.44214   0.59317    9.347
 5763.00    0.38064   0.58886    9.347
 5764.00    0.46298   0.58721    9.347
 5765.00    0.50565   0.58806    9.347
 5766.00    0.49520   0.59077    9.347
 5767.00    0.44211   0.59126    9.347
 5768.00    0.47133   0.58907    9.347
 5769.00    0.47225   0.58822    9.347
 5770.00    0.44998   0.58837    9.347
 5771.00    0.42299   0.58745    9.347
 5772.00    0.40640   0.58822    9.347
 5773.00    0.42095   0.58907    9.347
 5774.00    0.43447   0.58748    9.347
 5775.00    0.42725   0.58777    9.347
 5776.00    0.40142   0.58608    9.347
 5777.00    0.39125   0.58381    9.347
 5778.00    0.38354   0.58320    9.347
 5779.00    0.39594   0.58210    9.347
 5780.00    0.41462   0.58031    9.347
 5781.00    0.43048   0.57796    9.347
 5782.00    0.45705   0.57508    9.347
 5783.00    0.43297   0.57699    9.347
 5784.00    0.39599   0.57954    9.347
 5785.00    0.36625   0.58101    9.347
 5786.00    0.49078   0.58065    9.347
 5787.00    0.56441   0.58067    9.347
 5788.00    0.49236   0.58260    9.347
 5789.00    0.41233   0.58374    9.347
 5790.00    0.44273   0.58302    9.347
 5791.00    0.39063   0.58186    9.347
 5792.00    0.36497   0.58032    9.347
 5793.00    0.39477   0.58183    9.347
 5794.00    0.46747   0.58502    9.347
 5795.00    0.47449   0.58720    9.347
 5796.00    0.51111   0.58801    9.347
 5797.00    0.45245   0.58771    9.347
 5798.00    0.39241   0.58639    9.347
 5799.00    0.41068   0.58527    9.347
 5800.00    0.44347   0.58450    9.347
 5801.00    0.44622   0.58504    9.347
 5802.00    0.46057   0.58729    9.347
 5803.00    0.47746   0.58950    9.347
 5804.00    0.40067   0.59117    9.347
 5805.00    0.40502   0.58957    9.347
 5806.00    0.43114   0.58995    9.347
 5807.00    0.44941   0.58970    9.347
 5808.00    0.43104   0.58812    9.347
 5809.00    0.42210   0.58846    9.347
 5810.00    0.39474   0.58900    9.347
 5811.00    0.40302   0.58814    9.347
 5812.00    0.43566   0.58423    9.347
 5813.00    0.38443   0.57922    9.347
 5814.00    0.38346   0.57725    9.347
 5815.00    0.38241   0.57809    9.347
 5816.00    0.39010   0.57903    9.347
 5817.00    0.41819   0.57825    9.347
 5818.00    0.39838   0.57793    9.347
 5819.00    0.39862   0.57748    9.347
 5820.00    0.41469   0.57818    9.347
 5821.00    0.43140   0.58095    9.347
 5822.00    0.34229   0.57980    9.347
 5823.00    0.33785   0.57821    9.347
 5824.00    0.33248   0.57626    9.347
 5825.00    0.35775   0.57564    9.347
 5826.00    0.45324   0.57616    9.347
 5827.00    0.56442   0.57660    9.347
 5828.00    0.54527   0.57678    9.347
 5829.00    0.48310   0.57849    9.347
 5830.00    0.40652   0.57835    9.347
 5831.00    0.45208   0.57891    9.347
 5832.00    0.42940   0.57877    9.347
 5833.00    0.43506   0.57830    9.347
 5834.00    0.43907   0.57923    9.347
 5835.00    0.41953   0.57872    9.347
 5836.00    0.33228   0.57718    9.347
 5837.00    0.37740   0.57610    9.347
 5838.00    0.40932   0.57488    9.347
 5839.00    0.42001   0.57458    9.347
 5840.00    0.41095   0.57435    9.347
 5841.00    0.37940   0.57361    9.347
 5842.00    0.39415   0.57315    9.347
 5843.00    0.40665   0.57368    9.347
 5844.00    0.38327   0.57487    9.347
 5845.00    0.41686   0.57592    9.347
 5846.00    0.38850   0.57418    9.347
 5847.00    0.36523   0.57275    9.347
 5848.00    0.34994   0.57093    9.347
 5849.00    0.33491   0.56952    9.347
 5850.00    0.36649   0.56762    9.347
 5851.00    0.39541   0.56713    9.347
 5852.00    0.41907   0.56659    9.347
 5853.00    0.43253   0.56275    9.347
 5854.00    0.37238   0.56172    9.347
 5855.00    0.38269   0.56256    9.347
 5856.00    0.36497   0.56264    9.347
 5857.00    0.32935   0.56148    9.347
 5858.00    0.34915   0.55992    9.347
 5859.00    0.31915   0.55909    9.347
 5860.00    0.29773   0.55800    9.347
 5861.00    0.29541   0.55979    9.347
 5862.00    0.32774   0.56165    9.347
 5863.00    0.36501   0.56243    9.347
 5864.00    0.37155   0.56240    9.347
 5865.00    0.38959   0.56008    9.347
 5866.00    0.40789   0.55780    9.347
 5867.00    0.35707   0.55471    9.347
 5868.00    0.33509   0.55265    0.000
 5869.00    0.32659   0.55155    0.000
 5870.00    0.31777   0.55237    0.000
 5871.00    0.30094   0.55192    0.000
 5872.00    0.32811   0.54978    0.000
 5873.00    0.33672   0.54562    0.000
 5874.00    0.34181   0.53377    0.000
 5875.00    0.35090   0.51588    0.000
 5876.00    0.40624   0.49580    0.000
 5877.00    0.36654   0.48605    0.000
 5878.00    0.35032   0.49639    0.000
 5879.00    0.34115   0.52320    0.000
 5880.00    0.33362   0.53183    0.000
 5881.00    0.17338   0.53796    0.000
 5882.00    0.28769   0.53796    0.000
 5883.00    0.38181   0.53820    0.000
 5884.00    0.42739   0.54035    0.000
 5885.00    0.32654   0.54007    0.000
 5886.00    0.39055   0.54078    0.000
 5887.00    0.37427   0.53931    0.000
 5888.00    0.31228   0.53561    0.000
 5889.00    0.20540   0.52655    0.000
 5890.00    0.34158   0.51244    0.000
 5891.00    0.39248   0.50042    0.000
 5892.00    0.34149   0.50386    0.000
 5893.00    0.22881   0.51525    0.000
 5894.00    0.19702   0.52518    0.000
 5895.00    0.23074   0.52136    0.000
 5896.00    0.22150   0.51430    0.000
 5897.00    0.25865   0.50990    0.000
 5898.00    0.40332   0.51436    0.000
 5899.00    0.35250   0.52396    0.000
 5900.00    0.38219   0.52803    0.000
 5901.00    0.34184   0.52859    0.000
 5902.00    0.27463   0.52911    0.000
 5903.00    0.37209   0.52925    0.000
 5904.00    0.33897   0.53278    0.000
 5905.00    0.39316   0.53677    0.000
 5906.00    0.40402   0.53927    0.000
 5907.00    0.29360   0.53791    9.347
 5908.00    0.35818   0.53439    9.347
 5909.00    0.36669   0.53541    9.347
 5910.00    0.34586   0.53711    9.347
 5911.00    0.31310   0.53840    9.347
 5912.00    0.32890   0.53879    9.347
 5913.00    0.28417   0.53953    9.347
 5914.00    0.29042   0.53785    9.347
 5915.00    0.30179   0.53517    9.347
 5916.00    0.29934   0.53318    9.347
 5917.00    0.29234   0.53252    9.347
 5918.00    0.31961   0.53213    9.347
 5919.00    0.31407   0.53202    9.347
 5920.00    0.29149   0.53072    9.347
 5921.00    0.31020   0.53200    9.347
 5922.00    0.30952   0.53255    9.347
 5923.00    0.26525   0.53256    9.347
 5924.00    0.24035   0.53180    9.347
 5925.00    0.26920   0.53036    9.347
 5926.00    0.26986   0.53168    9.347
 5927.00    0.32168   0.53353    9.347
 5928.00    0.31325   0.53558    9.347
 5929.00    0.27528   0.53552    9.347
 5930.00    0.31494   0.53483    9.347
 5931.00    0.34720   0.53398    9.347
 5932.00    0.29752   0.53574    9.347
 5933.00    0.28479   0.53610    9.347
 5934.00    0.36923   0.53581    9.347
 5935.00    0.33769   0.53641    9.347
 5936.00    0.28889   0.53560    9.347
 5937.00    0.30265   0.53474    9.347
 5938.00    0.34152   0.53652    9.347
 5939.00    0.27924   0.53831    9.347
 5940.00    0.26663   0.53910    9.347
 5941.00    0.24979   0.53612    9.347
 5942.00    0.25918   0.53060    9.347
 5943.00    0.31401   0.52873    9.347
 5944.00    0.24643   0.52813    9.347
 5945.00    0.25434   0.53023    9.347
 5946.00    0.27489   0.53020    9.347
 5947.00    0.28990   0.53063    9.347
 5948.00    0.23538   0.53131    9.347
 5949.00    0.30370   0.53103    9.347
 5950.00    0.30951   0.53089    9.347
 5951.00    0.28798   0.53033    9.347
 5952.00    0.24498   0.52995    9.347
 5953.00    0.22191   0.53036    9.347
 5954.00    0.29533   0.53165    9.347
 5955.00    0.27826   0.53197    9.347
 5956.00    0.22076   0.52947    9.347
 5957.00    0.26754   0.52690    9.347
 5958.00    0.25327   0.52322    9.347
 5959.00    0.28768   0.52183    9.347
 5960.00    0.30483   0.52488    9.347
 5961.00    0.27646   0.52673    9.347
 5962.00    0.26699   0.52878    9.347
 5963.00    0.29077   0.52932    9.347
 5964.00    0.28316   0.52868    9.347
 5965.00    0.25787   0.52853    9.347
 5966.00    0.24580   0.52895    9.347
 5967.00    0.25588   0.52888    9.347
 5968.00    0.24451   0.52852    9.347
 5969.00    0.22265   0.52746    9.347
 5970.00    0.19245   0.52774   -1.000
 5971.00    0.35850   0.52856    9.347
 5972.00    0.18864   0.52944   -1.000
 5973.00    0.16614   0.53048   -1.000
 5974.00    0.24194   0.52993    9.347
 5975.00    0.33131   0.52883    9.347
 5976.00    0.38675   0.52722    9.347
 5977.00    0.36724   0.52512    9.347
 5978.00    0.31509   0.52317    9.347
 5979.00    0.23868   0.51968    9.347
 5980.00    0.16338   0.51923   -1.000
 5981.00    0.20608   0.52230    9.347
 5982.00    0.25942   0.52544    9.347
 5983.00    0.29540   0.52631    9.347
 5984.00    0.22527   0.52550    9.347
 5985.00    0.27579   0.52462    9.347
 5986.00    0.28362   0.52523    9.347
 5987.00    0.26107   0.52726    9.347
 5988.00    0.20659   0.52772   -1.000
 5989.00    0.21332   0.52658    9.347
 5990.00    0.23541   0.52616    9.347
 5991.00    0.24457   0.52550    9.347
 5992.00    0.24481   0.52511    9.347
 5993.00    0.24201   0.52590    9.347
 5994.00    0.23367   0.52787    9.347
 5995.00    0.23088   0.52917    9.347
 5996.00    0.22558   0.52921    9.347
 5997.00    0.21462   0.52831    9.347
 5998.00    0.12334   0.52908   -1.000
 5999.00    0.18454   0.52879   -1.000
 6000.00    0.28050   0.52837    9.347
 6001.00    0.36952   0.52695    9.347
 6002.00    0.34699   0.52528    9.347
 6003.00    0.28645   0.52319    9.347
 6004.00    0.26904   0.52185    9.347
 6005.00    0.24132   0.52269    9.347
 6006.00    0.18816   0.52406   -1.000
 6007.00    0.06683   0.52493   -1.000
 6008.00    0.18806   0.52305   -1.000
 6009.00    0.21848   0.52112    9.347
 6010.00    0.21335   0.52062    9.347
 6011.00    0.28982   0.52179    9.347
 6012.00    0.21258   0.52092    9.347
 6013.00    0.18228   0.52062   -1.000
 6014.00    0.17405   0.52166   -1.000
 6015.00    0.18633   0.52188   -1.000
 6016.00    0.21216   0.52233    9.347
 6017.00    0.23314   0.52368    9.347
 6018.00    0.27518   0.52265    9.347
 6019.00    0.31024   0.52242    9.347
 6020.00    0.26912   0.52260    9.347
 6021.00    0.25074   0.52240    9.347
 6022.00    0.23294   0.52366    9.347
 6023.00    0.25218   0.52411    9.347
 6024.00    0.31961   0.52306    9.347
 6025.00    0.25790   0.52249    9.347
 6026.00    0.22367   0.52226    9.347
 6027.00    0.23127   0.52329    9.347
 6028.00    0.24954   0.52542    9.347
 6029.00    0.21554   0.52549    9.347
 6030.00    0.25578   0.52667    9.347
 6031.00    0.26155   0.52670    9.347
 6032.00    0.22109   0.52507    9.347
 6033.00    0.13113   0.52467   -1.000
 6034.00    0.21250   0.52534    9.347
 6035.00    0.30373   0.52493    9.347
 6036.00    0.35086   0.52436    9.347
 6037.00    0.34044   0.52345    9.347
 6038.00    0.19908   0.52269   -1.000
 6039.00    0.28669   0.52237    9.347
 6040.00    0.24831   0.52290    9.347
 6041.00    0.20429   0.52243   -1.000
 6042.00    0.18159   0.52136   -1.000
 6043.00    0.14120   0.51967   -1.000
 6044.00    0.24757   0.51819    9.347
 6045.00    0.21858   0.51941    9.347
 6046.00    0.15723   0.52219   -1.000
 6047.00    0.25043   0.52470    9.347
 6048.00    0.29706   0.52626    9.347
 6049.00    0.30059   0.52549    9.347
 6050.00    0.26445   0.52451    9.347
 6051.00    0.18916   0.52476   -1.000
 6052.00    0.20080   0.52469   -1.000
 6053.00    0.13497   0.52314   -1.000
 6054.00    0.09050   0.52156   -1.000
 6055.00    0.05322   0.52122   -1.000
 6056.00   -0.00291   0.52231    0.000
 6057.00    0.27183   0.52033    9.347
 6058.00    0.28067   0.51788    9.347
 6059.00    0.24725   0.51793    9.347
 6060.00    0.21316   0.51788    9.347
 6061.00    0.22241   0.51940    9.347
 6062.00    0.25827   0.51920    9.347
 6063.00    0.25910   0.51913    9.347
 6064.00    0.23805   0.51864    9.347
 6065.00    0.20202   0.51781    9.347
 6066.00    0.22426   0.51624    9.347
 6067.00    0.20973   0.51682    9.347
 6068.00    0.18308   0.51737   -1.000
 6069.00    0.15396   0.51982   -1.000
 6070.00    0.25780   0.52098    9.347
 6071.00    0.23554   0.52011    9.347
 6072.00    0.21509   0.51994    9.347
 6073.00    0.20587   0.51979    9.347
 6074.00    0.23270   0.51822    9.347
 6075.00    0.19325   0.51720   -1.000
 6076.00    0.21906   0.51754    9.347
 6077.00    0.21532   0.51808    9.347
 6078.00    0.16724   0.51704   -1.000
 6079.00    0.20166   0.51654    9.347
 6080.00    0.30787   0.51563    9.347
 6081.00    0.30385   0.51354    9.347
 6082.00    0.26271   0.51143    9.347
 6083.00    0.27942   0.50934    9.347
 6084.00    0.19708   0.51008    9.347
 6085.00    0.11934   0.51237   -1.000
 6086.00    0.10831   0.51346   -1.000
 6087.00    0.17381   0.51385   -1.000
 6088.00    0.12874   0.51379   -1.000
 6089.00    0.15529   0.51321   -1.000
 6090.00    0.16637   0.51356   -1.000
 6091.00    0.15235   0.51318   -1.000
 6092.00    0.07802   0.51213   -1.000
 6093.00    0.09938   0.51338   -1.000
 6094.00    0.16899   0.51435   -1.000
 6095.00    0.23777   0.51539    9.347
 6096.00    0.28547   0.51593    9.347
 6097.00    0.14392   0.51457   -1.000
 6098.00    0.19525   0.51406    9.347
 6099.00    0.19569   0.51366    9.347
 6100.00    0.18831   0.51582   -1.000
 6101.00    0.23363   0.51664    9.347
 6102.00    0.19852   0.51359    9.347
 6103.00    0.19081   0.50963    9.347
 6104.00    0.19068   0.50690    9.347
 6105.00    0.19073   0.50787    9.347
 6106.00    0.09612   0.50976   -1.000
 6107.00    0.19487   0.51083    9.347
 6108.00    0.15066   0.51195   -1.000
 6109.00    0.08445   0.51208   -1.000
 6110.00    0.15581   0.51352   -1.000
 6111.00    0.13435   0.51425   -1.000
 6112.00    0.16390   0.51337   -1.000
 6113.00    0.18622   0.51152   -1.000
 6114.00    0.18840   0.50959    9.347
 6115.00    0.12286   0.51130   -1.000
 6116.00    0.15040   0.51311   -1.000
 6117.00    0.17408   0.51235   -1.000
 6118.00    0.18559   0.51151   -1.000
 6119.00    0.16473   0.51093   -1.000
 6120.00    0.09948   0.50852   -1.000
 6121.00    0.13736   0.50565   -1.000
 6122.00    0.16322   0.50402   -1.000
 6123.00    0.15791   0.50310   -1.000
 6124.00    0.09901   0.50367   -1.000
 6125.00    0.10422   0.50397   -1.000
 6126.00    0.17080   0.50486   -1.000
 6127.00    0.21139   0.50659    9.347
 6128.00    0.09150   0.50890   -1.000
 6129.00    0.35227   0.50939    9.347
 6130.00    0.23926   0.50868    9.347
 6131.00    0.15121   0.50803   -1.000
 6132.00    0.14723   0.50904   -1.000
 6133.00    0.25450   0.50901    9.347
 6134.00    0.26638   0.50862    9.347
 6135.00    0.24109   0.50739    9.347
 6136.00    0.19212   0.50390    9.347
 6137.00    0.11865   0.50281   -1.000
 6138.00    0.13545   0.50180   -1.000
 6139.00    0.04590   0.50237   -1.000
 6140.00    0.07559   0.50264   -1.000
 6141.00    0.23351   0.50414    9.347
 6142.00    0.21074   0.50361    9.347
 6143.00    0.12981   0.50146   -1.000
 6144.00    0.14052   0.50266   -1.000
 6145.00    0.17011   0.50399   -1.000
 6146.00    0.14461   0.50414   -1.000
 6147.00    0.22202   0.50442    9.347
 6148.00    0.21168   0.50444    9.347
 6149.00    0.19173   0.50164    9.347
 6150.00    0.17251   0.49825   -1.000
 6151.00    0.16299   0.49552   -1.000
 6152.00    0.13949   0.49520   -1.000
 6153.00    0.21661   0.49628    9.347
 6154.00    0.30341   0.49701    9.347
 6155.00    0.30301   0.49647    9.347
 6156.00    0.17621   0.49416    9.347
 6157.00    0.14493   0.49244   -1.000
 6158.00    0.13367   0.49165   -1.000
 6159.00    0.13303   0.49014   -1.000
 6160.00    0.11196   0.48663   -1.000
 6161.00    0.14753   0.48463   -1.000
 6162.00    0.15480   0.48326   -1.000
 6163.00    0.16495   0.47975    9.347
 6164.00    0.21411   0.47796    9.347
 6165.00    0.15318   0.47794   -1.000
 6166.00    0.18513   0.47904    9.347
 6167.00    0.13373   0.48042   -1.000
 6168.00    0.01550   0.48131   -1.000
 6169.00    0.20847   0.48060    9.347
 6170.00    0.17542   0.47802    9.347
 6171.00    0.13108   0.47827   -1.000
 6172.00    0.09813   0.47888   -1.000
 6173.00    0.10766   0.48026   -1.000
 6174.00    0.12897   0.48060   -1.000
 6175.00    0.07799   0.48122   -1.000
 6176.00    0.07897   0.48085   -1.000
 6177.00    0.12879   0.47954   -1.000
 6178.00    0.06307   0.47927   -1.000
 6179.00    0.13347   0.47953   -1.000
 6180.00    0.13655   0.48080   -1.000
 6181.00    0.12628   0.48046   -1.000
 6182.00    0.14729   0.47999   -1.000
 6183.00    0.14402   0.48074   -1.000
 6184.00    0.14872   0.48245   -1.000
 6185.00    0.15296   0.48171   -1.000
 6186.00    0.13888   0.47962   -1.000
 6187.00   -0.07059   0.47700    0.000
 6188.00    0.08661   0.47461   -1.000
 6189.00    0.10327   0.47464   -1.000
 6190.00    0.12953   0.47393   -1.000
 6191.00    0.31252   0.47294    9.347
 6192.00    0.13510   0.47135   -1.000
 6193.00    0.14623   0.47197   -1.000
 6194.00    0.14013   0.47334   -1.000
 6195.00    0.10759   0.47423   -1.000
 6196.00    0.11893   0.47393   -1.000
 6197.00    0.13112   0.47369   -1.000
 6198.00    0.13237   0.47340   -1.000
 6199.00    0.12905   0.47310   -1.000
 6200.00    0.12401   0.47253   -1.000
 6201.00    0.10709   0.47367   -1.000
 6202.00    0.09086   0.47487   -1.000
 6203.00    0.09569   0.47526   -1.000
 6204.00    0.11767   0.47513   -1.000
 6205.00    0.11281   0.47574   -1.000
 6206.00    0.08374   0.47622   -1.000
 6207.00    0.10016   0.47669   -1.000
 6208.00    0.12539   0.47731   -1.000
 6209.00    0.13312   0.47745   -1.000
 6210.00    0.13705   0.47708   -1.000
 6211.00    0.09965   0.47683   -1.000
 6212.00    0.11571   0.47595   -1.000
 6213.00    0.16339   0.47537    9.347
 6214.00    0.01211   0.47230   -1.000
 6215.00    0.24978   0.47012    9.347
 6216.00    0.23835   0.46874    9.347
 6217.00    0.15812   0.46782    9.347
 6218.00    0.11586   0.46797   -1.000
 6219.00    0.08944   0.46775   -1.000
 6220.00    0.13979   0.46677   -1.000
 6221.00    0.17571   0.46624    9.347
 6222.00    0.18627   0.46573    9.347
 6223.00    0.14071   0.46515   -1.000
 6224.00    0.13547   0.46432   -1.000
 6225.00    0.11950   0.46331   -1.000
 6226.00    0.10194   0.46311   -1.000
 6227.00    0.08931   0.46254   -1.000
 6228.00    0.09942   0.46328   -1.000
 6229.00    0.13636   0.46382   -1.000
 6230.00    0.14450   0.46319   -1.000
 6231.00    0.12442   0.46063   -1.000
 6232.00    0.09956   0.45962   -1.000
 6233.00    0.09526   0.45957   -1.000
 6234.00    0.10018   0.46058   -1.000
 6235.00    0.11897   0.46248   -1.000
 6236.00    0.16239   0.46391    9.347
 6237.00    0.09818   0.46407   -1.000
 6238.00    0.06895   0.46180   -1.000
 6239.00    0.07183   0.45885   -1.000
 6240.00    0.10426   0.45759   -1.000
 6241.00    0.16535   0.45798    9.347
 6242.00    0.16640   0.45960    9.347
 6243.00    0.14152   0.45978   -1.000
 6244.00    0.10591   0.45913   -1.000
 6245.00    0.06529   0.45771   -1.000
 6246.00    0.12133   0.45751   -1.000
 6247.00    0.14017   0.45687   -1.000
 6248.00    0.15427   0.45745    9.347
 6249.00    0.16418   0.45833    9.347
 6250.00    0.16485   0.45946    9.347
 6251.00    0.10296   0.46094   -1.000
 6252.00    0.10250   0.46103   -1.000
 6253.00    0.12137   0.46072   -1.000
 6254.00    0.14116   0.46090   -1.000
 6255.00    0.13595   0.46184   -1.000
 6256.00    0.14784   0.46298    9.347
 6257.00    0.12820   0.46248   -1.000
 6258.00    0.09413   0.46123   -1.000
 6259.00    0.15686   0.45970    9.347
 6260.00    0.11762   0.45974   -1.000
 6261.00    0.10963   0.46027   -1.000
 6262.00    0.10594   0.46163   -1.000
 6263.00    0.09180   0.46344   -1.000
 6264.00    0.07099   0.46315   -1.000
 6265.00    0.10540   0.46199   -1.000
 6266.00    0.10681   0.46152   -1.000
 6267.00    0.09190   0.46061   -1.000
 6268.00    0.17953   0.45992    9.347
 6269.00    0.12116   0.46179   -1.000
 6270.00    0.07596   0.46173   -1.000
 6271.00    0.05642   0.46108   -1.000
 6272.00    0.08322   0.46100   -1.000
 6273.00    0.10180   0.46176   -1.000
 6274.00    0.12296   0.46256   -1.000
 6275.00    0.14451   0.46039    9.347
 6276.00    0.16062   0.45644    9.347
 6277.00    0.14151   0.44872    9.347
 6278.00    0.13765   0.44136    9.347
 6279.00    0.13379   0.43417    9.347
 6280.00    0.12731   0.43437    9.347
 6281.00    0.11570   0.43812   -1.000
 6282.00    0.03277   0.44153   -1.000
 6283.00    0.10093   0.44483   -1.000
 6284.00    0.12534   0.44821   -1.000
 6285.00    0.10988   0.45105   -1.000
 6286.00    0.09937   0.45405   -1.000
 6287.00    0.12551   0.45566   -1.000
 6288.00    0.11482   0.45604   -1.000
 6289.00    0.09543   0.45772   -1.000
 6290.00    0.07948   0.45807   -1.000
 6291.00    0.11072   0.45830   -1.000
 6292.00    0.08768   0.45738   -1.000
 6293.00    0.09963   0.45580   -1.000
 6294.00    0.13337   0.45442   -1.000
 6295.00    0.12210   0.45343   -1.000
 6296.00    0.08241   0.45402    0.000
 6297.00    0.07595   0.45363    0.000
 6298.00    0.07917   0.45297    0.000
 6299.00    0.08398   0.45396    0.000
 6300.00    0.12104   0.45376    0.000
 6301.00    0.12877   0.45439    0.000
 6302.00    0.13148   0.45566    0.000
 6303.00    0.13109   0.45654    0.000
 6304.00    0.13183   0.45702    0.000
 6305.00    0.07830   0.45732    0.000
 6306.00    0.07186   0.45792    0.000
 6307.00    0.07308   0.45781    0.000
 6308.00    0.06569   0.45711    0.000
 6309.00    0.00299   0.45990    0.000
 6310.00    0.09910   0.46125    0.000
 6311.00    0.12404   0.46031    0.000
 6312.00    0.09312   0.45992    0.000
 6313.00    0.07561   0.46034    0.000
 6314.00    0.07516   0.46081    0.000
 6315.00    0.08445   0.46072    0.000
 6316.00    0.09047   0.46161   -1.000
 6317.00    0.08560   0.46210   -1.000
 6318.00    0.10467   0.46235   -1.000
 6319.00    0.06441   0.46248   -1.000
 6320.00    0.05614   0.46333   -1.000
 6321.00    0.07174   0.46453   -1.000
 6322.00    0.08046   0.46443   -1.000
 6323.00    0.01141   0.46425   -1.000
 6324.00    0.04508   0.46396   -1.000
 6325.00    0.08922   0.46493   -1.000
 6326.00    0.10478   0.46521   -1.000
 6327.00    0.05878   0.46493   -1.000
 6328.00    0.09904   0.46517   -1.000
 6329.00    0.10989   0.46458   -1.000
 6330.00    0.09420   0.46455   -1.000
 6331.00    0.05703   0.46539   -1.000
 6332.00    0.07944   0.46659   -1.000
 6333.00    0.09930   0.46726   -1.000
 6334.00    0.10064   0.46553   -1.000
 6335.00    0.07017   0.46334   -1.000
 6336.00    0.05182   0.46239   -1.000
 6337.00    0.05695   0.46305   -1.000
 6338.00    0.08359   0.46518   -1.000
 6339.00    0.11596   0.46675   -1.000
 6340.00    0.10095   0.46742   -1.000
 6341.00    0.11514   0.46757   -1.000
 6342.00    0.11915   0.46851   -1.000
 6343.00    0.11431   0.46952   -1.000
 6344.00    0.09844   0.46877   -1.000
 6345.00    0.12173   0.46531   -1.000
 6346.00    0.08459   0.46143   -1.000
 6347.00    0.08500   0.45728   -1.000
 6348.00    0.10746   0.45454   -1.000
 6349.00    0.10396   0.45792   -1.000
 6350.00    0.07335   0.46467   -1.000
 6351.00    0.08023   0.46834   -1.000
 6352.00    0.08931   0.46788   -1.000
 6353.00    0.08740   0.46693   -1.000
 6354.00    0.12183   0.46701   -1.000
 6355.00    0.14522   0.46567    0.000
 6356.00    0.12604   0.46473    0.000
 6357.00    0.08412   0.46465    0.000
 6358.00    0.07175   0.46393    0.000
 6359.00    0.12032   0.46350    0.000
 6360.00    0.09140   0.46180    0.000
 6361.00    0.07593   0.46126    0.000
 6362.00    0.11158   0.46141    0.000
 6363.00    0.07388   0.46056    0.000
 6364.00    0.09619   0.46104    0.000
 6365.00    0.08410   0.46170    0.000
 6366.00    0.06052   0.46062    0.000
 6367.00    0.09700   0.45896    0.000
 6368.00    0.08071   0.45732    0.000
 6369.00    0.08670   0.45914    0.000
 6370.00    0.10337   0.45888    0.000
 6371.00    0.12870   0.45576    0.000
 6372.00    0.08539   0.45395    0.000
 6373.00    0.06416   0.45552   -1.000
 6374.00    0.07357   0.45860   -1.000
 6375.00    0.09772   0.46092   -1.000
 6376.00    0.09674   0.46253   -1.000
 6377.00    0.08079   0.46356   -1.000
 6378.00    0.07342   0.46319   -1.000
 6379.00    0.07606   0.46191   -1.000
 6380.00    0.09155   0.46132   -1.000
 6381.00    0.10911   0.45913   -1.000
 6382.00    0.07366   0.45744   -1.000
 6383.00    0.06211   0.45686   -1.000
 6384.00    0.07083   0.45664   -1.000
 6385.00    0.10173   0.45616   -1.000
 6386.00    0.06435   0.45625   -1.000
 6387.00    0.07321   0.45756   -1.000
 6388.00    0.07842   0.45822   -1.000
 6389.00    0.06345   0.45828   -1.000
 6390.00    0.07909   0.45843   -1.000
 6391.00    0.07868   0.45825   -1.000
 6392.00    0.07895   0.45760   -1.000
 6393.00    0.07931   0.45734   -1.000
 6394.00    0.07807   0.45751   -1.000
 6395.00    0.01601   0.45833   -1.000
 6396.00    0.02973   0.46083   -1.000
 6397.00    0.07489   0.46326   -1.000
 6398.00    0.14188   0.46331    9.347
 6399.00    0.03224   0.46292   -1.000
 6400.00    0.07275   0.46266   -1.000
 6401.00    0.11097   0.46109   -1.000
 6402.00    0.13621   0.45998    9.347
 6403.00    0.11366   0.45988   -1.000
 6404.00    0.07807   0.46064   -1.000
 6405.00    0.05777   0.46245   -1.000
 6406.00    0.06796   0.46352   -1.000
 6407.00    0.11778   0.46553   -1.000
 6408.00    0.05381   0.46566   -1.000
 6409.00    0.08816   0.46670   -1.000
 6410.00    0.12802   0.46669   -1.000
 6411.00    0.15851   0.46696    9.347
 6412.00    0.13704   0.46799    9.347
 6413.00    0.03488   0.46660   -1.000
 6414.00   -0.00795   0.46553    0.000
 6415.00    0.00103   0.46478   -1.000
 6416.00    0.06855   0.46432   -1.000
 6417.00    0.07007   0.46386   -1.000
 6418.00    0.04077   0.46296   -1.000
 6419.00    0.03722   0.46132   -1.000
 6420.00    0.05200   0.45995   -1.000
 6421.00    0.08048   0.45975   -1.000
 6422.00    0.12315   0.45857   -1.000
 6423.00    0.16509   0.46032    9.347
 6424.00    0.15826   0.46163    9.347
 6425.00    0.08493   0.46183   -1.000
 6426.00    0.18991   0.46150    9.347
 6427.00    0.12172   0.46208   -1.000
 6428.00    0.09068   0.46369   -1.000
 6429.00    0.09058   0.46425   -1.000
 6430.00    0.12825   0.46286   -1.000
 6431.00    0.10921   0.46099   -1.000
 6432.00    0.10607   0.46049   -1.000
 6433.00    0.08955   0.46151   -1.000
 6434.00    0.05205   0.46292   -1.000
 6435.00    0.04806   0.46335   -1.000
 6436.00    0.06607   0.46243   -1.000
 6437.00    0.06654   0.46262   -1.000
 6438.00    0.05327   0.46219   -1.000
 6439.00    0.02375   0.46097   -1.000
 6440.00    0.06624   0.45979   -1.000
 6441.00    0.06075   0.45841   -1.000
 6442.00    0.06413   0.45963   -1.000
 6443.00    0.08938   0.46157   -1.000
 6444.00    0.07032   0.46371   -1.000
 6445.00    0.07499   0.46541   -1.000
 6446.00    0.09418   0.46681   -1.000
 6447.00    0.11186   0.46605   -1.000
 6448.00    0.09305   0.46407   -1.000
 6449.00    0.06042   0.46145   -1.000
 6450.00    0.09069   0.45895   -1.000
 6451.00    0.09904   0.45649   -1.000
 6452.00    0.06541   0.45638   -1.000
 6453.00    0.09040   0.45615   -1.000
 6454.00    0.07057   0.45807   -1.000
 6455.00    0.04291   0.45772   -1.000
 6456.00    0.01858   0.45492   -1.000
 6457.00    0.02150   0.45353   -1.000
 6458.00    0.25981   0.45440    9.347
 6459.00    0.15684   0.45639    9.347
 6460.00    0.10200   0.45844   -1.000
 6461.00    0.17807   0.45973    9.347
 6462.00    0.08295   0.45850   -1.000
 6463.00    0.13381   0.45684    9.347
 6464.00    0.14001   0.45507    9.347
 6465.00    0.12392   0.45515   -1.000
 6466.00    0.11242   0.45827   -1.000
 6467.00    0.04705   0.46037   -1.000
 6468.00    0.04406   0.46120   -1.000
 6469.00    0.03698   0.46226   -1.000
 6470.00    0.01614   0.46309   -1.000
 6471.00    0.09215   0.46395   -1.000
 6472.00    0.09650   0.46350   -1.000
 6473.00    0.09643   0.46145   -1.000
 6474.00    0.09623   0.45886   -1.000
 6475.00    0.10394   0.45674   -1.000
 6476.00    0.01234   0.45594   -1.000
 6477.00    0.04295   0.45732   -1.000
 6478.00    0.07702   0.46003   -1.000
 6479.00    0.09032   0.46083   -1.000
 6480.00    0.07517   0.45891   -1.000
 6481.00    0.05990   0.45534   -1.000
 6482.00    0.04538   0.45281   -1.000
 6483.00    0.03360   0.44980   -1.000
 6484.00    0.02940   0.44856   -1.000
 6485.00    0.04706   0.44852   -1.000
 6486.00    0.03726   0.44888   -1.000
 6487.00    0.06536   0.44873   -1.000
 6488.00    0.13605   0.44948    9.347
 6489.00    0.00706   0.45057   -1.000
 6490.00   -0.02820   0.45165    0.000
 6491.00   -0.02013   0.45228    0.000
 6492.00   -0.00824   0.45147    0.000
 6493.00   -0.05709   0.44969    0.000
 6494.00    0.01571   0.44751   -1.000
 6495.00    0.05183   0.44429   -1.000
 6496.00    0.06897   0.44238   -1.000
 6497.00    0.06618   0.44156   -1.000
 6498.00    0.02308   0.44307   -1.000
 6499.00    0.03526   0.44543   -1.000
 6500.00    0.08337   0.44809   -1.000
 6501.00    0.14237   0.45100    9.347
 6502.00    0.18223   0.45221    9.347
 6503.00    0.16918   0.45284    9.347
 6504.00    0.12679   0.45296    9.347
 6505.00    0.04934   0.45313   -1.000
 6506.00   -0.05047   0.45378    0.000
 6507.00    0.08412   0.45339   -1.000
 6508.00    0.07979   0.45340   -1.000
