 2306.00    0.56010   0.84669    2.669
 2307.00    0.66043   0.84781    2.669
 2308.00    0.76913   0.84862    2.669
 2309.00    0.74732   0.84762    2.669
 2310.00    0.54825   0.84139    2.669
 2311.00    0.64655   0.82826    2.669
 2312.00    0.77096   0.81334    2.669
 2313.00    0.46227   0.80393    2.669
 2314.00    0.35132   0.80108    2.669
 2315.00    1.03687   0.80137    2.669
 2316.00    0.81338   0.80237    2.669
 2317.00    0.27147   0.80333    2.669
 2318.00    0.44659   0.80291    2.669
 2319.00    0.57566   0.79460    2.669
 2320.00    0.57306   0.76375    2.669
 2321.00    0.49039   0.70306    2.669
 2322.00   -0.00417   0.63449    0.000
 2323.00    0.14505   0.58956    2.669
 2324.00    0.34588   0.57304    2.669
 2325.00    0.15314   0.57021    2.669
 2326.00    0.07441   0.57060    2.669
 2327.00    0.48780   0.57145    2.669
 2328.00    0.38132   0.57333    2.669
 2329.00    0.09575   0.58092    2.669
 2330.00   -0.09749   0.60473    0.000
 2331.00   -0.24899   0.64998    0.000
 2332.00    0.28271   0.70098    2.669
 2333.00    0.47662   0.73512    2.669
 2334.00    1.13136   0.74878    2.669
 2335.00    1.08919   0.75243    2.669
 2336.00    1.02879   0.75359    2.669
 2337.00    0.15356   0.75425    2.669
 2338.00   -0.23130   0.75468    0.000
 2339.00    0.48627   0.75468    2.669
 2340.00    0.37259   0.75367    2.669
 2341.00    0.00644   0.75132    2.669
 2342.00    0.38040   0.74862    2.669
 2343.00    0.69239   0.74696    2.669
 2344.00    0.89776   0.74657    2.669
 2345.00    0.82187   0.74679    2.669
 2346.00   -0.11369   0.74718    0.000
 2347.00    0.19892   0.74760    2.669
 2348.00    0.67622   0.74832    2.669
 2349.00    0.20226   0.75064    2.669
 2350.00   -0.02160   0.75746    0.000
 2351.00    1.03068   0.77023    2.669
 2352.00    0.68499   0.78463    2.669
 2353.00   -0.49671   0.79441    0.000
 2354.00   -0.07910   0.79847    0.000
 2355.00    0.29156   0.79970    2.669
 2356.00   -0.27168   0.80022    0.000
 2357.00   -0.36117   0.80061    0.000
 2358.00    0.00834   0.80059    2.669
 2359.00   -0.04932   0.79837    0.000
 2360.00   -0.14325   0.78994    0.000
 2361.00    0.39061   0.77334    2.669
 2362.00    0.66068   0.75444    2.669
 2363.00   -0.15860   0.74188    0.000
 2364.00   -0.05485   0.73719    0.000
 2365.00    0.44100   0.73645    2.669
 2366.00    0.63266   0.73670    2.669
 2367.00    0.81340   0.73710    2.669
 2368.00    0.13055   0.73760    2.669
 2369.00    0.04302   0.73864    2.669
 2370.00    0.99999   0.74115    2.669
 2371.00    0.89581   0.74562    2.669
 2372.00    0.71474   0.75065    2.669
 2373.00    0.59088   0.75418    2.669
 2374.00    0.52387   0.75582    2.669
 2375.00   -0.17875   0.75650    0.000
 2376.00   -0.19872   0.75694    0.000
 2377.00   -0.08540   0.75732    0.000
 2378.00   -0.13897   0.75738    0.000
 2379.00   -0.19265   0.75580    0.000
 2380.00    0.30164   0.74966    2.669
 2381.00    0.38537   0.73750    2.669
 2382.00   -0.36659   0.72360    0.000
 2383.00   -0.29482   0.71428    0.000
 2384.00   -0.16157   0.71079    0.000
 2385.00    0.39786   0.71028    2.669
 2386.00    0.72144   0.71055    2.669
 2387.00   -0.47575   0.71096    0.000
 2388.00   -0.59330   0.71175    0.000
 2389.00   -0.62985   0.71448    0.000
 2390.00   -0.11454   0.72258    0.000
 2391.00    0.43456   0.73775    2.669
 2392.00    0.17178   0.75501    2.669
 2393.00    0.12388   0.76691    2.669
 2394.00    0.70982   0.77195    2.669
 2395.00    0.45193   0.77344    2.669
 2396.00   -0.06064   0.77400    0.000
 2397.00    0.26484   0.77439    2.669
 2398.00    0.46589   0.77448    2.669
 2399.00    0.45620   0.77301    2.669
 2400.00    0.50182   0.76730    2.669
 2401.00    0.70704   0.75598    2.669
 2402.00    0.38462   0.74298    2.669
 2403.00    0.01920   0.73419    2.669
 2404.00    0.13982   0.73086    2.669
 2405.00    0.18678   0.73037    2.669
 2406.00    0.38226   0.73064    2.669
 2407.00    0.39654   0.73104    2.669
 2408.00    0.42698   0.73159    2.669
 2409.00    0.17445   0.73289    2.669
 2410.00    0.00821   0.73622    2.669
 2411.00    0.77563   0.74223    2.669
 2412.00    0.69298   0.74906    2.669
 2413.00   -0.19088   0.75389    0.000
 2414.00    0.01048   0.75611    2.669
 2415.00    0.25303   0.75694    2.669
 2416.00    0.49007   0.75741    2.669
 2417.00    0.56841   0.75784    2.669
 2418.00    0.27652   0.75849    2.669
 2419.00   -0.05046   0.76027    0.000
 2420.00   -0.79837   0.76510    0.000
 2421.00   -0.29812   0.77395    0.000
 2422.00    0.05255   0.78405    2.669
 2423.00    0.23995   0.79118    2.669
 2424.00    0.33137   0.79437    2.669
 2425.00    0.67912   0.79546    2.669
 2426.00    0.53228   0.79598    2.669
 2427.00    0.34423   0.79638    2.669
 2428.00    0.19135   0.79651    2.669
 2429.00    0.13300   0.79524    2.669
 2430.00    0.24595   0.79020    2.669
 2431.00    0.31303   0.78021    2.669
 2432.00    0.47801   0.76867    2.669
 2433.00    0.64421   0.76076    2.669
 2434.00    0.76843   0.75770    2.669
 2435.00    0.09793   0.75726    2.669
 2436.00    0.04282   0.75755    2.669
 2437.00    0.39843   0.75799    2.669
 2438.00    0.76113   0.75878    2.669
 2439.00    1.25617   0.76135    2.669
 2440.00    1.00555   0.76867    2.669
 2441.00    0.90145   0.78224    2.669
 2442.00    0.49403   0.79782    2.669
 2443.00    0.14066   0.80884    2.669
 2444.00   -0.78650   0.81372    0.000
 2445.00   -0.10093   0.81526    0.000
 2446.00    0.44403   0.81588    2.669
 2447.00    0.80464   0.81636    2.669
 2448.00    0.80446   0.81670    2.669
 2449.00    0.32213   0.81633    2.669
 2450.00    0.22659   0.81401    2.669
 2451.00    0.08780   0.80913    2.669
 2452.00    0.09775   0.80341    2.669
 2453.00    0.10220   0.79954    2.669
 2454.00    0.37312   0.79820    2.669
 2455.00    0.30108   0.79824    2.669
 2456.00    0.07415   0.79868    2.669
 2457.00   -0.05949   0.79919    0.000
 2458.00   -0.17243   0.79969    0.000
 2459.00    0.24111   0.80013    2.669
 2460.00    0.41099   0.80044    2.669
 2461.00    1.08551   0.80057    2.669
 2462.00    0.77119   0.80063    2.669
 2463.00    0.28486   0.80083    2.669
 2464.00   -0.20738   0.80121    0.000
 2465.00   -0.44327   0.80168    0.000
 2466.00    0.23620   0.80219    2.669
 2467.00    0.38154   0.80267    2.669
 2468.00    0.74456   0.80290    2.669
 2469.00    0.47974   0.80191    2.669
 2470.00    0.24191   0.79767    2.669
 2471.00    0.67242   0.78915    2.669
 2472.00    0.73441   0.77921    2.669
 2473.00    0.35788   0.77230    2.669
 2474.00    0.44895   0.76961    2.669
 2475.00    0.59916   0.76928    2.669
 2476.00    0.32626   0.76966    2.669
 2477.00    0.18608   0.77017    2.669
 2478.00    1.34572   0.77095    2.669
 2479.00    1.15526   0.77301    2.669
 2480.00    0.27905   0.77839    2.669
 2481.00    0.58394   0.78817    2.669
 2482.00    0.87543   0.79944    2.669
 2483.00    0.44705   0.80762    2.669
 2484.00    0.36189   0.81146    2.669
 2485.00    0.65916   0.81284    2.669
 2486.00    0.89089   0.81349    2.669
 2487.00    1.29963   0.81398    2.669
 2488.00    1.07261   0.81417    2.669
 2489.00    0.94794   0.81294    2.669
 2490.00    0.46832   0.80799    2.669
 2491.00    0.30001   0.79816    2.669
 2492.00   -0.18860   0.78664    0.000
 2493.00    0.00467   0.77853    2.669
 2494.00    0.20098   0.77527    2.669
 2495.00    0.56161   0.77478    2.669
 2496.00    0.65793   0.77513    2.669
 2497.00    0.57604   0.77567    2.669
 2498.00    0.39775   0.77668    2.669
 2499.00    0.06177   0.77989    2.669
 2500.00    0.36334   0.78881    2.669
 2501.00    0.54016   0.80524    2.669
 2502.00    0.46848   0.82431    2.669
 2503.00    0.40854   0.83819    2.669
 2504.00    0.19214   0.84460    2.669
 2505.00    0.46135   0.84668    2.669
 2506.00    0.75188   0.84738    2.669
 2507.00    0.62220   0.84722    2.669
 2508.00    0.58539   0.84404    2.669
 2509.00    0.64830   0.83307    2.669
 2510.00    0.91844   0.81186    2.669
 2511.00    1.46309   0.78701    2.669
 2512.00    0.59236   0.76918    2.669
 2513.00    0.04725   0.76162    2.669
 2514.00    0.25233   0.76049    2.669
 2515.00    0.39113   0.76326    2.669
 2516.00    0.91030   0.77087    2.669
 2517.00    0.56823   0.78264    2.669
 2518.00    0.17559   0.79339    2.669
 2519.00    0.43220   0.79917    2.669
 2520.00    0.53942   0.80059    2.669
 2521.00    1.16724   0.79811    2.669
 2522.00    0.88799   0.78978    2.669
 2523.00    0.28398   0.77630    2.669
 2524.00    0.18172   0.76404    2.669
 2525.00    0.11344   0.75784    2.669
 2526.00    0.60630   0.75633    2.669
 2527.00    0.63397   0.75648    2.669
 2528.00    0.44719   0.75701    2.669
 2529.00    0.39885   0.75791    2.669
 2530.00    0.33981   0.75967    2.669
 2531.00    0.73540   0.76254    2.669
 2532.00    0.87744   0.76583    2.669
 2533.00    0.79938   0.76837    2.669
 2534.00    0.71119   0.76978    2.669
 2535.00    0.50618   0.77052    2.669
 2536.00    0.51157   0.77105    2.669
 2537.00    0.51540   0.77152    2.669
 2538.00    0.79298   0.77177    2.669
 2539.00    0.77825   0.77101    2.669
 2540.00    0.45932   0.76771    2.669
 2541.00    0.49262   0.76106    2.669
 2542.00    0.53587   0.75316    2.669
 2543.00    0.69367   0.74748    2.669
 2544.00    0.75405   0.74517    2.669
 2545.00    0.05154   0.74489    2.669
 2546.00    0.34440   0.74524    2.669
 2547.00    1.07679   0.74575    2.669
 2548.00    0.77724   0.74663    2.669
 2549.00    0.55065   0.74909    2.669
 2550.00    1.19629   0.75559    2.669
 2551.00    1.26389   0.76739    2.669
 2552.00    0.98445   0.78122    2.669
 2553.00    0.76234   0.79160    2.669
 2554.00    0.45553   0.79665    2.669
 2555.00    0.58934   0.79848    2.669
 2556.00    0.64577   0.79927    2.669
 2557.00   -0.02751   0.79986    0.000
 2558.00    0.23318   0.80031    2.669
 2559.00    0.96045   0.80018    2.669
 2560.00    0.81398   0.79860    2.669
 2561.00    0.69605   0.79511    2.669
 2562.00    0.42545   0.79088    2.669
 2563.00    0.44525   0.78790    2.669
 2564.00    0.97030   0.78684    2.669
 2565.00    0.71499   0.78697    2.669
 2566.00    0.33918   0.78748    2.669
 2567.00    0.87542   0.78811    2.669
 2568.00    1.11860   0.78911    2.669
 2569.00    0.40949   0.79172    2.669
 2570.00    0.42370   0.79838    2.669
 2571.00    0.52551   0.81036    2.669
 2572.00    1.12238   0.82442    2.669
 2573.00    1.63376   0.83505    2.669
 2574.00    0.87601   0.84030    2.669
 2575.00    0.69229   0.84222    2.669
 2576.00    0.52374   0.84306    2.669
 2577.00    0.59149   0.84369    2.669
 2578.00    0.69782   0.84419    2.669
 2579.00    0.56701   0.84422    2.669
 2580.00    0.50340   0.84305    2.669
 2581.00    0.58618   0.84033    2.669
 2582.00    0.64936   0.83698    2.669
 2583.00    0.83778   0.83463    2.669
 2584.00    0.90953   0.83386    2.669
 2585.00    0.97485   0.83409    2.669
 2586.00    0.37216   0.83464    2.669
 2587.00    0.20320   0.83525    2.669
 2588.00   -0.04800   0.83580    0.000
 2589.00    0.04262   0.83609    2.669
 2590.00    0.19429   0.83571    2.669
 2591.00    0.56460   0.83448    2.669
 2592.00    0.75732   0.83290    2.669
 2593.00    0.78228   0.83186    2.669
 2594.00    0.81957   0.83170    2.669
 2595.00    0.94289   0.83209    2.669
 2596.00    0.92003   0.83267    2.669
 2597.00    0.89792   0.83325    2.669
 2598.00    0.30010   0.83357    2.669
 2599.00    0.12559   0.83276    2.669
 2600.00   -0.08388   0.82915    0.000
 2601.00    0.13877   0.82189    2.669
 2602.00    0.53650   0.81313    2.669
 2603.00    0.80182   0.80665    2.669
 2604.00    0.94971   0.80390    2.669
 2605.00    0.89521   0.80354    2.669
 2606.00    0.85295   0.80398    2.669
 2607.00    0.70994   0.80454    2.669
 2608.00    0.72103   0.80507    2.669
 2609.00    0.73243   0.80531    2.669
 2610.00    0.80412   0.80488    2.669
 2611.00    0.84605   0.80356    2.669
 2612.00    1.17899   0.80187    2.669
 2613.00    0.99162   0.80072    2.669
 2614.00    0.63352   0.80049    2.669
 2615.00    0.19705   0.80085    2.669
 2616.00   -0.06266   0.80140    0.000
 2617.00   -0.01043   0.80202    0.000
 2618.00    0.07230   0.80283    2.669
 2619.00    0.39451   0.80443    2.669
 2620.00    0.00548   0.80797    2.669
 2621.00   -0.42016   0.81404    0.000
 2622.00   -0.02714   0.82118    0.000
 2623.00    0.13475   0.82679    2.669
 2624.00    0.96045   0.82979    2.669
 2625.00    0.87991   0.83109    2.669
 2626.00    0.71500   0.83183    2.669
 2627.00    1.04672   0.83247    2.669
 2628.00    1.25718   0.83318    2.669
 2629.00    0.80209   0.83420    2.669
 2630.00    0.77285   0.83599    2.669
 2631.00    0.88314   0.83880    2.669
 2632.00    0.76444   0.84204    2.669
 2633.00    0.62644   0.84468    2.669
 2634.00    0.32070   0.84627    2.669
 2635.00    0.24651   0.84717    2.669
 2636.00    1.24013   0.84785    2.669
 2637.00    1.35526   0.84855    2.669
 2638.00    1.60799   0.84963    2.669
 2639.00    1.12038   0.85239    2.669
 2640.00    0.79079   0.85919    2.669
 2641.00    0.59039   0.87127    2.669
 2642.00    0.73185   0.88563    2.669
 2643.00    1.59510   0.89690    2.669
 2644.00    1.25310   0.90267    2.669
 2645.00    0.83046   0.90481    2.669
 2646.00    0.98188   0.90576    2.669
 2647.00    1.03984   0.90647    2.669
 2648.00    1.18480   0.90714    2.669
 2649.00    1.12181   0.90779    2.669
 2650.00    0.97333   0.90840    2.669
 2651.00    0.69448   0.90896    2.669
 2652.00    0.49342   0.90950    2.669
 2653.00    1.08320   0.91007    2.669
 2654.00    1.17058   0.91069    2.669
 2655.00    1.14261   0.91135    2.669
 2656.00    0.83742   0.91202    2.669
 2657.00    0.43557   0.91261    2.669
 2658.00    0.39409   0.91261    2.669
 2659.00    0.37758   0.91019    2.669
 2660.00    0.81500   0.90198    2.669
 2661.00    0.71257   0.88622    2.669
 2662.00    0.45098   0.86704    2.669
 2663.00    0.87298   0.85223    2.669
 2664.00    1.19667   0.84539    2.669
 2665.00    0.74805   0.84380    2.669
 2666.00    0.62329   0.84396    2.669
 2667.00    0.32781   0.84451    2.669
 2668.00    0.57247   0.84540    2.669
 2669.00    0.91522   0.84752    2.669
 2670.00    0.93857   0.85259    2.669
 2671.00    0.94857   0.86151    2.669
 2672.00    0.58536   0.87222    2.669
 2673.00    0.61404   0.88070    2.669
 2674.00    0.70931   0.88509    2.669
 2675.00    0.61831   0.88679    2.669
 2676.00    0.54408   0.88757    2.669
 2677.00    1.46229   0.88812    2.669
 2678.00    1.61546   0.88850    2.669
 2679.00    1.39589   0.88829    2.669
 2680.00    0.95072   0.88670    2.669
 2681.00    0.28676   0.88330    2.669
 2682.00    0.71575   0.87905    2.669
 2683.00    0.91320   0.87585    2.669
 2684.00    0.56362   0.87456    2.669
 2685.00    0.72967   0.87454    2.669
 2686.00    1.25668   0.87495    2.669
 2687.00    0.94238   0.87544    2.669
 2688.00    0.66965   0.87568    2.669
 2689.00    0.84581   0.87494    2.669
 2690.00    0.91296   0.87185    2.669
 2691.00    1.15966   0.86571    2.669
 2692.00    0.97484   0.85808    2.669
 2693.00    0.68114   0.85222    2.669
 2694.00    0.82981   0.84964    2.669
 2695.00    0.90322   0.84918    2.669
 2696.00    0.59294   0.84950    2.669
 2697.00    0.46693   0.85001    2.669
 2698.00    0.11003   0.85067    2.669
 2699.00    0.49478   0.85184    2.669
 2700.00    0.84991   0.85419    2.669
 2701.00    1.18475   0.85808    2.669
 2702.00    1.24679   0.86272    2.669
 2703.00    1.04066   0.86649    2.669
 2704.00    0.90691   0.86859    2.669
 2705.00    0.67975   0.86963    2.669
 2706.00    0.02522   0.87026    2.669
 2707.00   -0.32061   0.87076    0.000
 2708.00    0.35893   0.87095    2.669
 2709.00    0.45144   0.86997    2.669
 2710.00    0.61899   0.86627    2.669
 2711.00    0.76945   0.85902    2.669
 2712.00    0.91699   0.84997    2.669
 2713.00    0.79895   0.84297    2.669
 2714.00    0.75311   0.83981    2.669
 2715.00    0.56972   0.83913    2.669
 2716.00    0.67615   0.83938    2.669
 2717.00    0.86911   0.83986    2.669
 2718.00    1.03165   0.84036    2.669
 2719.00    1.12340   0.84083    2.669
 2720.00    0.56712   0.84123    2.669
 2721.00    0.68559   0.84154    2.669
 2722.00    1.32186   0.84180    2.669
 2723.00    1.07359   0.84211    2.669
 2724.00    0.81492   0.84252    2.669
 2725.00    0.97100   0.84301    2.669
 2726.00    1.03413   0.84352    2.669
 2727.00    1.32300   0.84409    2.669
 2728.00    1.29187   0.84499    2.669
 2729.00    1.23154   0.84719    2.669
 2730.00    0.92738   0.85237    2.669
 2731.00    0.74393   0.86141    2.669
 2732.00    0.86850   0.87252    2.669
 2733.00    0.82232   0.88141    2.669
 2734.00    0.57263   0.88604    2.669
 2735.00    0.82821   0.88796    2.669
 2736.00    1.11140   0.88880    2.669
 2737.00    0.88098   0.88924    2.669
 2738.00    0.83586   0.88875    2.669
 2739.00    1.49455   0.88479    2.669
 2740.00    1.43211   0.87291    2.669
 2741.00    1.30241   0.85079    2.669
 2742.00    0.74167   0.82306    2.669
 2743.00    0.38074   0.80121    2.669
 2744.00    1.64865   0.79074    2.669
 2745.00    1.73166   0.78747    2.669
 2746.00    1.40119   0.78710    2.669
 2747.00    0.92320   0.78747    2.669
 2748.00    0.35977   0.78799    2.669
 2749.00    0.74405   0.78865    2.669
 2750.00    0.88160   0.78964    2.669
 2751.00    1.04407   0.79104    2.669
 2752.00    0.83458   0.79267    2.669
 2753.00    0.36735   0.79406    2.669
 2754.00    0.41434   0.79499    2.669
 2755.00    0.44656   0.79563    2.669
 2756.00    1.37102   0.79616    2.669
 2757.00    1.35928   0.79668    2.669
 2758.00    0.61747   0.79737    2.669
 2759.00    0.60250   0.79875    2.669
 2760.00    0.58375   0.80166    2.669
 2761.00    0.30830   0.80657    2.669
 2762.00    0.21227   0.81259    2.669
 2763.00    0.86823   0.81747    2.669
 2764.00    0.95578   0.82015    2.669
 2765.00    1.16560   0.82141    2.669
 2766.00    1.17684   0.82210    2.669
 2767.00    1.18505   0.82267    2.669
 2768.00    0.50348   0.82353    2.669
 2769.00    0.42636   0.82555    2.669
 2770.00    0.61861   0.83015    2.669
 2771.00    0.83334   0.83814    2.669
 2772.00    1.11949   0.84800    2.669
 2773.00    1.36276   0.85595    2.669
 2774.00    1.46120   0.86020    2.669
 2775.00    1.02817   0.86206    2.669
 2776.00    0.93622   0.86289    2.669
 2777.00    0.70388   0.86342    2.669
 2778.00    0.70168   0.86373    2.669
 2779.00    0.69996   0.86332    2.669
 2780.00    0.80568   0.86137    2.669
 2781.00    0.89588   0.85742    2.669
 2782.00    1.37138   0.85236    2.669
 2783.00    1.32538   0.84838    2.669
 2784.00    1.26009   0.84647    2.669
 2785.00    0.92491   0.84593    2.669
 2786.00    0.77904   0.84596    2.669
 2787.00    0.13709   0.84596    2.669
 2788.00    0.22625   0.84472    2.669
 2789.00    0.51060   0.83874    2.669
 2790.00    0.59337   0.82233    2.669
 2791.00    0.66181   0.79209    2.669
 2792.00   -0.00546   0.75428    0.000
 2793.00   -0.08533   0.72420    0.000
 2794.00    0.34600   0.70889    2.669
 2795.00    0.35043   0.70345    2.669
 2796.00    0.35712   0.70232    2.669
 2797.00    0.17982   0.70240    2.669
 2798.00    0.09702   0.70311    2.669
 2799.00    0.72853   0.70552    2.669
 2800.00    0.73088   0.71164    2.669
 2801.00    0.66889   0.72270    2.669
 2802.00    0.45677   0.73645    2.669
 2803.00    0.27033   0.74746    2.669
 2804.00    0.50121   0.75326    2.669
 2805.00    0.53289   0.75551    2.669
 2806.00    0.34739   0.75622    2.669
 2807.00    0.74664   0.75664    2.669
 2808.00    1.39033   0.75792    2.669
 2809.00    1.10903   0.76258    2.669
 2810.00    0.96828   0.77460    2.669
 2811.00    0.80200   0.79650    2.669
 2812.00    0.78293   0.82374    2.669
 2813.00    0.74923   0.84555    2.669
 2814.00    0.66079   0.85703    2.669
 2815.00    0.57819   0.86144    2.669
 2816.00    0.56242   0.86268    2.669
 2817.00    0.58395   0.86307    2.669
 2818.00    0.86179   0.86344    2.669
 2819.00    1.09346   0.86420    2.669
 2820.00    1.49189   0.86581    2.669
 2821.00    1.13916   0.86857    2.669
 2822.00    0.94996   0.87195    2.669
 2823.00    0.85976   0.87471    2.669
 2824.00    0.85025   0.87627    2.669
 2825.00    0.83880   0.87700    2.669
 2826.00    0.74175   0.87735    2.669
 2827.00    0.64527   0.87753    2.669
 2828.00    0.96960   0.87720    2.669
 2829.00    1.04975   0.87508    2.669
 2830.00    0.93354   0.86913    2.669
 2831.00    1.04271   0.85800    2.669
 2832.00    1.24341   0.84408    2.669
 2833.00    1.26735   0.83297    2.669
 2834.00    1.28106   0.82717    2.669
 2835.00    1.43658   0.82512    2.669
 2836.00    1.35259   0.82479    2.669
 2837.00    0.96904   0.82491    2.669
 2838.00    0.61032   0.82495    2.669
 2839.00    0.23143   0.82446    2.669
 2840.00    0.23143   0.82281    2.669
 2841.00    0.23143   0.81958    2.669
 2842.00    0.23143   0.81552    2.669
 2843.00    0.23143   0.81230    2.669
 2844.00    0.23143   0.81067    2.669
 2845.00    0.23143   0.81019    2.669
 2846.00    0.23143   0.81023    2.669
 2847.00    0.23143   0.81042    2.669
 2848.00    0.23143   0.81054    2.669
 2849.00    0.36860   0.81038    2.669
 2850.00    0.64792   0.80960    2.669
 2851.00    0.64792   0.80798    2.669
 2852.00    0.64792   0.80591    2.669
 2853.00    0.64792   0.80429    2.669
 2854.00    0.64792   0.80351    2.669
 2855.00    0.64792   0.80335    2.669
 2856.00    0.64792   0.80348    2.669
 2857.00    0.64792   0.80376    2.669
 2858.00    0.64792   0.80448    2.669
 2859.00    0.64792   0.80676    2.669
 2860.00    0.64742   0.81230    2.669
 2861.00    0.64501   0.82234    2.669
 2862.00    0.41445   0.83476    2.669
 2863.00    0.13946   0.84480    2.669
 2864.00    0.52608   0.85039    2.669
 2865.00    0.66618   0.85270    2.669
 2866.00    0.82528   0.85345    2.669
 2867.00    0.83702   0.85372    2.669
 2868.00    0.86356   0.85379    2.669
 2869.00    1.21838   0.85331    2.669
 2870.00    1.46511   0.85171    2.669
 2871.00    1.85994   0.84857    2.669
 2872.00    1.65898   0.84461    2.669
 2873.00    0.27539   0.84146    2.669
 2874.00    0.58084   0.83983    2.669
 2875.00    0.96891   0.83933    2.669
 2876.00    0.87615   0.83937    2.669
 2877.00    0.84114   0.83958    2.669
 2878.00    0.88162   0.83978    2.669
 2879.00    0.90500   0.83995    2.669
 2880.00    0.96196   0.84002    2.669
 2881.00    1.16364   0.83995    2.669
 2882.00    1.31289   0.83982    2.669
 2883.00    1.14536   0.83975    2.669
 2884.00    1.07622   0.83982    2.669
 2885.00    0.82465   0.83998    2.669
 2886.00    0.78930   0.84019    2.669
 2887.00    0.74153   0.84039    2.669
 2888.00    0.82974   0.84046    2.669
 2889.00    0.86596   0.84003    2.669
 2890.00    0.84728   0.83861    2.669
 2891.00    0.74143   0.83582    2.669
 2892.00    0.46399   0.83236    2.669
 2893.00    0.60544   0.82972    2.669
 2894.00    0.71677   0.82850    2.669
 2895.00    0.49877   0.82836    2.669
 2896.00    0.48983   0.82874    2.669
 2897.00    0.70843   0.82928    2.669
 2898.00    0.90739   0.82984    2.669
 2899.00    1.19352   0.83042    2.669
 2900.00    0.80974   0.83111    2.669
 2901.00    0.64021   0.83255    2.669
 2902.00    0.93668   0.83624    2.669
 2903.00    1.04990   0.84378    2.669
 2904.00    1.35117   0.85608    2.669
 2905.00    1.05048   0.86814    2.669
 2906.00    0.79862   0.87604    2.669
 2907.00    0.77803   0.88000    2.669
 2908.00    0.89598   0.88150    2.669
 2909.00    1.87175   0.88225    2.669
 2910.00    1.51653   0.88287    2.669
 2911.00    0.97194   0.88346    2.669
 2912.00    0.95147   0.88406    2.669
 2913.00    0.94175   0.88466    2.669
 2914.00    0.57806   0.88526    2.669
 2915.00    0.64253   0.88586    2.669
 2916.00    0.88478   0.88645    2.669
 2917.00    0.97389   0.88700    2.669
 2918.00    1.05329   0.88728    2.669
 2919.00    0.27991   0.88659    2.669
 2920.00    0.18783   0.88397    2.669
 2921.00    0.99961   0.87860    2.669
 2922.00    0.80886   0.87178    2.669
 2923.00    0.49683   0.86636    2.669
 2924.00    1.01693   0.86348    2.669
 2925.00    1.28118   0.86266    2.669
 2926.00    0.38071   0.86290    2.669
 2927.00    0.57044   0.86342    2.669
 2928.00    1.37517   0.86400    2.669
 2929.00    0.97837   0.86458    2.669
 2930.00    0.60269   0.86517    2.669
 2931.00    1.78492   0.86575    2.669
 2932.00    1.96130   0.86634    2.669
 2933.00    0.54547   0.86692    2.669
 2934.00    0.86684   0.86751    2.669
 2935.00    1.42772   0.86810    2.669
 2936.00    1.44998   0.86868    2.669
 2937.00    1.46208   0.86924    2.669
 2938.00    0.59187   0.86963    2.669
 2939.00    0.60759   0.86945    2.669
 2940.00    0.90019   0.86812    2.669
 2941.00    0.63027   0.86516    2.669
 2942.00    0.35876   0.86134    2.669
 2943.00    0.73355   0.85833    2.669
 2944.00    0.83234   0.85681    2.669
 2945.00    0.75100   0.85652    2.669
 2946.00    0.78743   0.85689    2.669
 2947.00    0.85534   0.85743    2.669
 2948.00    0.87165   0.85801    2.669
 2949.00    0.88111   0.85859    2.669
 2950.00    1.26737   0.85917    2.669
 2951.00    1.09463   0.85975    2.669
 2952.00    0.26048   0.86033    2.669
 2953.00    0.45976   0.86092    2.669
 2954.00    0.67293   0.86150    2.669
 2955.00    0.83688   0.86208    2.669
 2956.00    0.88932   0.86267    2.669
 2957.00    0.93695   0.86325    2.669
 2958.00    1.10335   0.86382    2.669
 2959.00    1.43555   0.86438    2.669
 2960.00    1.12221   0.86488    2.669
 2961.00    0.92785   0.86532    2.669
 2962.00    1.37135   0.86571    2.669
 2963.00    1.32370   0.86615    2.669
 2964.00    0.89690   0.86664    2.669
 2965.00    0.72454   0.86719    2.669
 2966.00    0.52842   0.86777    2.669
 2967.00    0.63189   0.86836    2.669
 2968.00    0.67025   0.86894    2.669
 2969.00    0.78473   0.86953    2.669
 2970.00    0.85941   0.87012    2.669
 2971.00    1.01931   0.87071    2.669
 2972.00    1.01718   0.87130    2.669
 2973.00    1.01578   0.87189    2.669
 2974.00    1.10596   0.87248    2.669
 2975.00    1.09203   0.87307    2.669
 2976.00    0.96626   0.87366    2.669
 2977.00    0.74829   0.87424    2.669
 2978.00    0.48471   0.87475    2.669
 2979.00    1.13387   0.87501    2.669
 2980.00    1.37549   0.87480    2.669
 2981.00    1.83524   0.87390    2.669
 2982.00    1.55409   0.87266    2.669
 2983.00    0.90802   0.87174    2.669
 2984.00    0.54265   0.87141    2.669
 2985.00    0.28549   0.87161    2.669
 2986.00    1.02930   0.87211    2.669
 2987.00    1.11062   0.87268    2.669
 2988.00    0.94718   0.87327    2.669
 2989.00    0.82034   0.87386    2.669
 2990.00    0.65727   0.87445    2.669
 2991.00    0.84390   0.87504    2.669
 2992.00    0.91573   0.87564    2.669
 2993.00    0.80216   0.87623    2.669
 2994.00    0.85748   0.87682    2.669
 2995.00    0.99417   0.87741    2.669
 2996.00    1.24449   0.87801    2.669
 2997.00    1.43214   0.87860    2.669
 2998.00    1.15500   0.87920    2.669
 2999.00    1.11754   0.87984    2.669
 3000.00    1.17684   0.88055    2.669
 3001.00    0.98418   0.88137    2.669
 3002.00    0.72043   0.88225    2.669
 3003.00    0.57426   0.88308    2.669
 3004.00    0.51326   0.88381    2.669
 3005.00    0.95714   0.88446    2.669
 3006.00    0.99252   0.88507    2.669
 3007.00    1.07401   0.88566    2.669
 3008.00    0.88018   0.88625    2.669
 3009.00    0.72548   0.88684    2.669
 3010.00    1.20343   0.88743    2.669
 3011.00    1.08681   0.88802    2.669
 3012.00   -0.39060   0.88861    0.000
 3013.00    0.08992   0.88920    2.669
 3014.00    0.79079   0.88979    2.669
 3015.00    0.46904   0.89038    2.669
 3016.00    0.32478   0.89097    2.669
 3017.00    0.76398   0.89155    2.669
 3018.00    0.86593   0.89205    2.669
 3019.00    1.12618   0.89229    2.669
 3020.00    1.04417   0.89205    2.669
 3021.00    0.97459   0.89108    2.669
 3022.00    0.69693   0.88975    2.669
 3023.00    0.64158   0.88875    2.669
 3024.00    0.67268   0.88834    2.669
 3025.00    0.79131   0.88851    2.669
 3026.00    0.97561   0.88899    2.669
 3027.00    0.71124   0.88956    2.669
 3028.00    0.58413   0.89015    2.669
 3029.00   -0.19249   0.89074    0.000
 3030.00    0.17417   0.89133    2.669
 3031.00    1.42671   0.89192    2.669
 3032.00    0.92475   0.89252    2.669
 3033.00    0.47220   0.89311    2.669
 3034.00    0.91690   0.89370    2.669
 3035.00    1.02519   0.89430    2.669
 3036.00    1.05797   0.89489    2.669
 3037.00    0.87036   0.89545    2.669
 3038.00    0.55962   0.89588    2.669
 3039.00    0.76112   0.89585    2.669
 3040.00    0.86507   0.89495    2.669
 3041.00    0.69299   0.89274    2.669
 3042.00    0.92726   0.88989    2.669
 3043.00    1.75995   0.88761    2.669
 3044.00    1.32893   0.88638    2.669
 3045.00    0.91522   0.88620    2.669
 3046.00    1.00047   0.88658    2.669
 3047.00    1.05304   0.88712    2.669
 3048.00    1.41471   0.88770    2.669
 3049.00    1.27778   0.88829    2.669
 3050.00    1.03523   0.88888    2.669
 3051.00    1.01992   0.88948    2.669
 3052.00    1.01148   0.89007    2.669
 3053.00    0.82539   0.89066    2.669
 3054.00    0.95745   0.89125    2.669
 3055.00    1.50288   0.89184    2.669
 3056.00    1.16401   0.89243    2.669
 3057.00    0.81846   0.89300    2.669
 3058.00    1.14440   0.89344    2.669
 3059.00    1.20683   0.89346    2.669
 3060.00    0.75277   0.89271    2.669
 3061.00    0.82972   0.89079    2.669
 3062.00    0.97535   0.88828    2.669
 3063.00    0.82516   0.88627    2.669
 3064.00    0.73673   0.88520    2.669
 3065.00    1.07148   0.88509    2.669
 3066.00    1.18569   0.88548    2.669
 3067.00    1.52246   0.88602    2.669
 3068.00    1.69187   0.88660    2.669
 3069.00    1.87542   0.88719    2.669
 3070.00    0.98373   0.88778    2.669
 3071.00    0.76017   0.88837    2.669
 3072.00    1.83284   0.88896    2.669
 3073.00    1.72519   0.88955    2.669
 3074.00    1.50718   0.89014    2.669
 3075.00    0.95717   0.89074    2.669
 3076.00    0.61141   0.89133    2.669
 3077.00    0.40938   0.89191    2.669
 3078.00    0.49601   0.89244    2.669
 3079.00    0.99190   0.89279    2.669
 3080.00    0.96672   0.89283    2.669
 3081.00    0.93771   0.89238    2.669
 3082.00    1.23688   0.89170    2.669
 3083.00    1.35159   0.89121    2.669
 3084.00    1.77676   0.89111    2.669
 3085.00    1.54345   0.89141    2.669
 3086.00    1.03713   0.89191    2.669
 3087.00    0.76685   0.89248    2.669
 3088.00    0.58564   0.89307    2.669
 3089.00    0.50361   0.89367    2.669
 3090.00    0.60120   0.89426    2.669
 3091.00    1.14640   0.89486    2.669
 3092.00    1.27340   0.89545    2.669
 3093.00    1.42911   0.89605    2.669
 3094.00    1.60576   0.89664    2.669
 3095.00    1.66225   0.89724    2.669
 3096.00    1.19528   0.89783    2.669
 3097.00    1.14279   0.89838    2.669
 3098.00    1.02020   0.89876    2.669
 3099.00    0.86526   0.89855    2.669
 3100.00    0.75466   0.89727    2.669
 3101.00    0.58333   0.89434    2.669
 3102.00    0.76835   0.89061    2.669
 3103.00    1.96182   0.88753    2.669
 3104.00    1.75619   0.88571    2.669
 3105.00    1.48810   0.88524    2.669
 3106.00    1.35282   0.88541    2.669
 3107.00    1.29940   0.88571    2.669
 3108.00    1.11684   0.88598    2.669
 3109.00    1.29865   0.88618    2.669
 3110.00    1.75553   0.88634    2.669
 3111.00    1.74641   0.88648    2.669
 3112.00    1.73949   0.88663    2.669
 3113.00    1.06470   0.88677    2.669
 3114.00    1.02785   0.88692    2.669
 3115.00    1.54280   0.88706    2.669
 3116.00    1.81356   0.88720    2.669
 3117.00    2.18908   0.88731   -1.000
 3118.00    1.35857   0.88729    2.669
 3119.00    1.00668   0.88683    2.669
 3120.00    0.78127   0.88559    2.669
 3121.00    0.84960   0.88314    2.669
 3122.00    1.04357   0.88010    2.669
 3123.00    1.44223   0.87751    2.669
 3124.00    1.76450   0.87587    2.669
 3125.00    1.73946   0.87524    2.669
 3126.00    1.79019   0.87514    2.669
 3127.00    2.19767   0.87522   -1.000
 3128.00    1.65259   0.87536    2.669
 3129.00    0.84701   0.87550    2.669
 3130.00    0.75206   0.87564    2.669
 3131.00    0.70881   0.87578    2.669
 3132.00    1.54400   0.87593    2.669
 3133.00    1.61258   0.87607    2.669
 3134.00    1.73987   0.87621    2.669
 3135.00    1.22571   0.87635    2.669
 3136.00    0.78347   0.87649    2.669
 3137.00    1.09409   0.87662    2.669
 3138.00    1.14510   0.87670    2.669
 3139.00    1.00378   0.87659    2.669
 3140.00    1.15099   0.87616    2.669
 3141.00    1.38300   0.87525    2.669
 3142.00    1.18287   0.87409    2.669
 3143.00    1.08513   0.87310    2.669
 3144.00    1.30603   0.87250    2.669
 3145.00    1.15140   0.87232    2.669
 3146.00    0.62569   0.87236    2.669
 3147.00    1.02109   0.87248    2.669
 3148.00    1.38250   0.87261    2.669
 3149.00    2.07051   0.87276   -1.000
 3150.00    2.14279   0.87290   -1.000
 3151.00    1.19339   0.87304    2.669
 3152.00    1.06658   0.87318    2.669
 3153.00    0.85345   0.87332    2.669
 3154.00    1.26312   0.87347    2.669
 3155.00    1.47724   0.87361    2.669
 3156.00    1.92120   0.87375    2.669
 3157.00    1.72292   0.87385    2.669
 3158.00    0.93607   0.87382    2.669
 3159.00    0.85237   0.87334    2.669
 3160.00    0.77109   0.87206    2.669
 3161.00    1.64289   0.86957    2.669
 3162.00    1.81349   0.86649    2.669
 3163.00    1.05999   0.86380    2.669
 3164.00    0.92060   0.86206    2.669
 3165.00    0.67053   0.86139    2.669
 3166.00    0.55897   0.86125    2.669
 3167.00    0.49658   0.86133    2.669
 3168.00    0.72112   0.86146    2.669
 3169.00    0.83235   0.86160    2.669
 3170.00    1.18530   0.86174    2.669
 3171.00    1.07562   0.86188    2.669
 3172.00    0.96234   0.86202    2.669
 3173.00    0.87360   0.86216    2.669
 3174.00    0.86706   0.86230    2.669
 3175.00    1.17242   0.86244    2.669
 3176.00    1.12495   0.86256    2.669
 3177.00    1.03384   0.86261    2.669
 3178.00    1.12422   0.86232    2.669
 3179.00    1.17823   0.86088    2.669
 3180.00    0.24915   0.85744    2.669
 3181.00    0.30854   0.85100    2.669
 3182.00    0.94213   0.84309    2.669
 3183.00    1.13074   0.83609    2.669
 3184.00    1.33790   0.83145    2.669
 3185.00    0.21415   0.82953    2.669
 3186.00   -0.08879   0.82892    0.000
 3187.00    1.03662   0.82890    2.669
 3188.00    1.19432   0.82900    2.669
 3189.00    1.51867   0.82914    2.669
 3190.00    0.85360   0.82927    2.669
 3191.00    0.42988   0.82941    2.669
 3192.00    0.54082   0.82954    2.669
 3193.00    0.54208   0.82968    2.669
 3194.00    0.48723   0.82981    2.669
 3195.00    0.33294   0.82995    2.669
 3196.00    0.15285   0.83009    2.669
 3197.00    0.78943   0.83025    2.669
 3198.00    1.02919   0.83052    2.669
 3199.00    1.78408   0.83113    2.669
 3200.00    1.56919   0.83235    2.669
 3201.00    1.09536   0.83447    2.669
 3202.00    1.04095   0.83703    2.669
 3203.00    1.00403   0.83934    2.669
 3204.00    0.77387   0.84094    2.669
 3205.00    0.79010   0.84171    2.669
 3206.00    1.03700   0.84208    2.669
 3207.00    0.72123   0.84227    2.669
 3208.00    0.32945   0.84241    2.669
 3209.00    0.82395   0.84255    2.669
 3210.00    0.99660   0.84269    2.669
 3211.00    0.19479   0.84282    2.669
 3212.00    0.11596   0.84296    2.669
 3213.00   -0.07074   0.84310    0.000
 3214.00    0.03068   0.84324    2.669
 3215.00    0.10409   0.84337    2.669
 3216.00   -1.23552   0.84350    0.000
 3217.00   -1.12151   0.84358    0.000
 3218.00    0.75908   0.84345    2.669
 3219.00    1.01705   0.84265    2.669
 3220.00    1.35774   0.84067    2.669
 3221.00    1.32308   0.83696    2.669
 3222.00    1.30923   0.83239    2.669
 3223.00    0.41357   0.82827    2.669
 3224.00    0.61291   0.82551    2.669
 3225.00    1.12618   0.82439    2.669
 3226.00    0.79055   0.82405    2.669
 3227.00    0.53208   0.82409    2.669
 3228.00    0.63885   0.82420    2.669
 3229.00    0.65832   0.82433    2.669
 3230.00    0.66106   0.82447    2.669
 3231.00    0.51434   0.82460    2.669
 3232.00    0.30798   0.82473    2.669
 3233.00    0.74733   0.82487    2.669
 3234.00    0.93632   0.82500    2.669
 3235.00    1.07175   0.82514    2.669
 3236.00    0.97937   0.82527    2.669
 3237.00    0.71803   0.82543    2.669
 3238.00    0.85569   0.82565    2.669
 3239.00    0.96840   0.82610    2.669
 3240.00    0.66568   0.82693    2.669
 3241.00    0.62368   0.82833    2.669
 3242.00    0.76439   0.83001    2.669
 3243.00    0.43315   0.83155    2.669
 3244.00   -0.06291   0.83264    0.000
 3245.00    0.04913   0.83320    2.669
 3246.00    0.10093   0.83350    2.669
 3247.00    1.14641   0.83367    2.669
 3248.00    1.17520   0.83382    2.669
 3249.00    1.15562   0.83395    2.669
 3250.00    1.60963   0.83409    2.669
 3251.00    2.00477   0.83422   -1.000
 3252.00    1.61330   0.83436    2.669
 3253.00    1.52536   0.83449    2.669
 3254.00    1.51855   0.83463    2.669
 3255.00    1.31239   0.83477    2.669
 3256.00    0.98344   0.83490    2.669
 3257.00    0.78483   0.83504    2.669
 3258.00    0.68632   0.83520    2.669
 3259.00    0.74610   0.83542    2.669
 3260.00    0.72319   0.83573    2.669
 3261.00    0.63920   0.83618    2.669
 3262.00    1.00665   0.83671    2.669
 3263.00    1.34713   0.83720    2.669
 3264.00    1.65347   0.83758    2.669
 3265.00    1.74341   0.83783    2.669
 3266.00    1.89841   0.83801    2.669
 3267.00    1.51127   0.83815    2.669
 3268.00    0.85105   0.83829    2.669
 3269.00    1.20312   0.83843    2.669
 3270.00    1.38995   0.83856    2.669
 3271.00    0.76840   0.83870    2.669
 3272.00    0.86563   0.83884    2.669
 3273.00    1.35786   0.83897    2.669
 3274.00    1.42362   0.83911    2.669
 3275.00    1.48836   0.83925    2.669
 3276.00    0.66475   0.83938    2.669
 3277.00    0.46861   0.83948    2.669
 3278.00    0.80810   0.83949    2.669
 3279.00    0.83107   0.83916    2.669
 3280.00    0.87290   0.83827    2.669
 3281.00    0.80389   0.83657    2.669
 3282.00    0.76477   0.83443    2.669
 3283.00    0.81669   0.83250    2.669
 3284.00    0.84481   0.83121    2.669
 3285.00    0.93670   0.83068    2.669
 3286.00    0.90299   0.83056    2.669
 3287.00    0.86772   0.83064    2.669
 3288.00    0.79466   0.83076    2.669
 3289.00    0.78822   0.83089    2.669
 3290.00    1.04470   0.83103    2.669
 3291.00    1.15625   0.83116    2.669
 3292.00    1.37340   0.83130    2.669
 3293.00    1.17813   0.83143    2.669
 3294.00    1.05986   0.83157    2.669
 3295.00    0.84372   0.83170    2.669
 3296.00    0.77121   0.83183    2.669
 3297.00    0.55734   0.83194    2.669
 3298.00    0.77873   0.83197    2.669
 3299.00    1.02500   0.83174    2.669
 3300.00    0.64133   0.83107    2.669
 3301.00    0.53084   0.82976    2.669
 3302.00    0.83336   0.82811    2.669
 3303.00    0.97808   0.82661    2.669
 3304.00    1.28005   0.82562    2.669
 3305.00    1.21298   0.82521    2.669
 3306.00    1.16964   0.82514    2.669
 3307.00    1.46615   0.82523    2.669
 3308.00    1.48140   0.82535    2.669
 3309.00    1.38237   0.82548    2.669
 3310.00    1.11831   0.82562    2.669
 3311.00    0.80582   0.82575    2.669
 3312.00    0.93241   0.82589    2.669
 3313.00    0.97082   0.82608    2.669
 3314.00    0.75340   0.82642    2.669
 3315.00    0.78295   0.82727    2.669
 3316.00    0.84915   0.82897    2.669
 3317.00    0.86509   0.83188    2.669
 3318.00    0.87606   0.83547    2.669
 3319.00    0.70200   0.83877    2.669
 3320.00    0.73808   0.84115    2.669
 3321.00    1.05885   0.84248    2.669
 3322.00    1.07860   0.84352    2.669
 3323.00    1.10345   0.84479    2.669
 3324.00    1.15237   0.84679    2.669
 3325.00    1.16874   0.84890    2.669
 3326.00    0.96209   0.85065    2.669
 3327.00    0.82648   0.85108    2.669
 3328.00    0.49999   0.85088    2.669
 3329.00    0.80672   0.85074    2.669
 3330.00    1.03144   0.85175    2.669
 3331.00    1.33725   0.85354    2.669
 3332.00    1.32713   0.85498    2.669
 3333.00    0.97257   0.85493    2.669
 3334.00    1.19092   0.85233    2.669
 3335.00    1.48305   0.84689    2.669
 3336.00    0.80503   0.83921    2.669
 3337.00    0.52968   0.83109    2.669
 3338.00    1.26157   0.82530    2.669
 3339.00    1.39220   0.82338    2.669
 3340.00    1.72067   0.82477    2.669
 3341.00    1.27323   0.82745    2.669
 3342.00    0.92419   0.83008    2.669
 3343.00    1.42516   0.83289    2.669
 3344.00    1.53058   0.83720    2.669
 3345.00    1.62302   0.84329    2.669
 3346.00    1.13884   0.84973    2.669
 3347.00    0.44883   0.85407    2.669
 3348.00    0.71920   0.85406    2.669
 3349.00    0.83741   0.84887    2.669
 3350.00    0.35620   0.83974    2.669
 3351.00    0.51413   0.82965    2.669
 3352.00    0.98508   0.82214    2.669
 3353.00    0.58289   0.81861    2.669
 3354.00    0.24899   0.81779    2.669
 3355.00    0.33298   0.81781    2.669
 3356.00    0.48931   0.81716    2.669
 3357.00    1.57577   0.81611    2.669
 3358.00    1.39951   0.81443    2.669
 3359.00    1.13174   0.81176    2.669
 3360.00    1.67706   0.80769    2.669
 3361.00    1.93289   0.80325   -1.000
 3362.00    1.25739   0.80009    2.669
 3363.00    1.06202   0.79982    2.669
 3364.00    0.54408   0.80215    2.669
 3365.00    0.56408   0.80543    2.669
 3366.00    0.58172   0.80721    2.669
 3367.00    0.69713   0.80572    2.669
 3368.00    0.75175   0.80080    2.669
 3369.00    1.01287   0.79398    2.669
 3370.00    1.19129   0.78778    2.669
 3371.00    1.48015   0.78400    2.669
 3372.00    0.92022   0.78315    2.669
 3373.00    0.63882   0.78489    2.669
 3374.00    0.87852   0.78878    2.669
 3375.00    0.94708   0.79456    2.669
 3376.00    1.13073   0.80109    2.669
 3377.00    1.08751   0.80678    2.669
 3378.00    1.04698   0.80966    2.669
 3379.00    0.57887   0.80931    2.669
 3380.00    0.52493   0.80742    2.669
 3381.00    1.22750   0.80690    2.669
 3382.00    1.23139   0.80997    2.669
 3383.00    1.23811   0.81697    2.669
 3384.00    1.14172   0.82583    2.669
 3385.00    1.08980   0.83391    2.669
 3386.00    0.54352   0.83918    2.669
 3387.00    0.57010   0.84076    2.669
 3388.00    0.80582   0.83935    2.669
 3389.00    0.85149   0.83663    2.669
 3390.00    0.89703   0.83410    2.669
 3391.00    0.97608   0.83227    2.669
 3392.00    0.98742   0.83054    2.669
 3393.00    0.84435   0.82853    2.669
 3394.00    0.93977   0.82691    2.669
 3395.00    1.11595   0.82758    2.669
 3396.00    1.23575   0.83151    2.669
 3397.00    1.30468   0.83806    2.669
 3398.00    0.75995   0.84414    2.669
 3399.00    0.67700   0.84614    2.669
 3400.00    0.54029   0.84153    2.669
 3401.00    0.50203   0.83163    2.669
 3402.00    0.46146   0.81975    2.669
 3403.00    1.17007   0.80947    2.669
 3404.00    1.36164   0.80259    2.669
 3405.00    0.97838   0.79869    2.669
 3406.00    0.96659   0.79647    2.669
 3407.00    0.94327   0.79463    2.669
 3408.00    1.13449   0.79334    2.669
 3409.00    1.25188   0.79360    2.669
 3410.00    1.18560   0.79632    2.669
 3411.00    1.17514   0.80095    2.669
 3412.00    1.16054   0.80591    2.669
 3413.00    1.15472   0.80962    2.669
 3414.00    1.14816   0.81145    2.669
 3415.00    0.87760   0.81198    2.669
 3416.00    0.80503   0.81206    2.669
 3417.00    1.21373   0.81266    2.669
 3418.00    1.20749   0.81440    2.669
 3419.00    1.19427   0.81724    2.669
 3420.00    1.19924   0.82086    2.669
 3421.00    1.20248   0.82434    2.669
 3422.00    1.36621   0.82684    2.669
 3423.00    1.34845   0.82809    2.669
 3424.00    1.16244   0.82841    2.669
 3425.00    1.00831   0.82856    2.669
 3426.00    0.82376   0.82904    2.669
 3427.00    1.17742   0.83016    2.669
 3428.00    1.29530   0.83183    2.669
 3429.00    0.96221   0.83387    2.669
 3430.00    0.84136   0.83587    2.669
 3431.00    0.56682   0.83679    2.669
 3432.00    0.76045   0.83615    2.669
 3433.00    0.89564   0.83437    2.669
 3434.00    0.75819   0.83271    2.669
 3435.00    0.81825   0.83224    2.669
 3436.00    1.25099   0.83283    2.669
 3437.00    1.25921   0.83283    2.669
 3438.00    1.26969   0.83056    2.669
 3439.00    1.17048   0.82486    2.669
 3440.00    1.13636   0.81643    2.669
 3441.00    1.69717   0.80723    2.669
 3442.00    1.54323   0.79922    2.669
 3443.00    1.16686   0.79413    2.669
 3444.00    1.19918   0.79217    2.669
 3445.00    1.22320   0.79318    2.669
 3446.00    1.34527   0.79672    2.669
 3447.00    1.32720   0.80244    2.669
 3448.00    1.09321   0.80947    2.669
 3449.00    1.00000   0.81603    2.669
 3450.00    0.87353   0.81956    2.669
 3451.00    0.78526   0.81772    2.669
 3452.00    0.74885   0.81096    2.669
 3453.00    0.54884   0.80178    2.669
 3454.00    0.78864   0.79340    2.669
 3455.00    1.42570   0.78802    2.669
 3456.00    1.24541   0.78542    2.669
 3457.00    1.10294   0.78426    2.669
 3458.00    0.63491   0.78301    2.669
 3459.00    0.58243   0.78111    2.669
 3460.00    0.82856   0.77903    2.669
 3461.00    0.80789   0.77754    2.669
 3462.00    0.77803   0.77748    2.669
 3463.00    1.02705   0.77902    2.669
 3464.00    1.13755   0.78170    2.669
 3465.00    0.60587   0.78450    2.669
 3466.00    0.76817   0.78699    2.669
 3467.00    1.26779   0.78920    2.669
 3468.00    1.27706   0.79151    2.669
 3469.00    1.28485   0.79405    2.669
 3470.00    1.03412   0.79626    2.669
 3471.00    0.97093   0.79754    2.669
 3472.00    0.88541   0.79712    2.669
 3473.00    1.16541   0.79471    2.669
 3474.00    1.59599   0.79048    2.669
 3475.00    1.66819   0.78568    2.669
 3476.00    1.70260   0.78207    2.669
 3477.00    1.09832   0.78120    2.669
 3478.00    1.16223   0.78359    2.669
 3479.00    1.43543   0.78786    2.669
 3480.00    0.98982   0.79203    2.669
 3481.00    0.59120   0.79463    2.669
 3482.00    0.59120   0.79527    2.669
 3483.00    0.59120   0.79492    2.669
 3484.00    0.59120   0.79480    2.669
 3485.00    0.59120   0.79580    2.669
 3486.00    0.59120   0.79822    2.669
 3487.00    0.59120   0.80135    2.669
 3488.00    0.74765   0.80387    2.669
 3489.00    0.78587   0.80447    2.669
 3490.00    0.78587   0.80266    2.669
 3491.00    0.78587   0.79928    2.669
 3492.00    0.78587   0.79587    2.669
 3493.00    0.78587   0.79357    2.669
 3494.00    0.78587   0.79248    2.669
 3495.00    0.81060   0.79161    2.669
 3496.00    1.09662   0.79017    2.669
 3497.00    1.11650   0.78819    2.669
 3498.00    1.15132   0.78661    2.669
 3499.00    1.13195   0.78583    2.669
 3500.00    1.12138   0.78540    2.669
 3501.00    1.12185   0.78458    2.669
 3502.00    1.15639   0.78361    2.669
 3503.00    1.28321   0.78282    2.669
 3504.00    0.64159   0.78213    2.669
 3505.00   -0.00632   0.78128    0.000
 3506.00    0.62629   0.77954    2.669
 3507.00    0.77449   0.77728    2.669
 3508.00    0.35080   0.77491    2.669
 3509.00    0.41303   0.77261    2.669
 3510.00    0.52955   0.77027    2.669
 3511.00    0.40549   0.76773    2.669
 3512.00    0.33312   0.76526    2.669
 3513.00    0.73549   0.76362    2.669
 3514.00    0.69998   0.76355    2.669
 3515.00    0.40613   0.76547    2.669
 3516.00    0.62785   0.76971    2.669
 3517.00    0.86596   0.77550    2.669
 3518.00    0.93211   0.78145    2.669
 3519.00    0.96121   0.78601    2.669
 3520.00    1.13187   0.78789    2.669
 3521.00    0.84573   0.78706    2.669
 3522.00    0.27198   0.78419    2.669
 3523.00    0.12057   0.78041    2.669
 3524.00    0.02628   0.77651    2.669
 3525.00    0.61514   0.77339    2.669
 3526.00    0.63063   0.77181    2.669
 3527.00    0.40828   0.77228    2.669
 3528.00    0.31234   0.77485    2.669
 3529.00    0.20275   0.77883    2.669
 3530.00    0.27822   0.78316    2.669
 3531.00    0.33025   0.78704    2.669
 3532.00    1.09157   0.78992    2.669
 3533.00    1.06599   0.79191    2.669
 3534.00    1.01098   0.79337    2.669
 3535.00    0.96101   0.79465    2.669
 3536.00    0.92785   0.79624    2.669
 3537.00    0.08066   0.79824    2.669
 3538.00    0.03826   0.80073    2.669
 3539.00    0.37481   0.80341    2.669
 3540.00    0.58945   0.80581    2.669
 3541.00    0.85004   0.80761    2.669
 3542.00    0.53411   0.80868    2.669
 3543.00    0.41498   0.80960    2.669
 3544.00    0.12809   0.81065    2.669
 3545.00    0.12622   0.81221    2.669
 3546.00    0.12190   0.81391    2.669
 3547.00    0.61620   0.81516    2.669
 3548.00    0.96550   0.81584    2.669
 3549.00    1.53807   0.81577    2.669
 3550.00    1.48385   0.81521    2.669
 3551.00    0.70540   0.81424    2.669
 3552.00    0.64209   0.81279    2.669
 3553.00    0.56038   0.81061    2.669
 3554.00    0.94391   0.80775    2.669
 3555.00    1.09206   0.80462    2.669
 3556.00    0.79357   0.80219    2.669
 3557.00    0.66913   0.80113    2.669
 3558.00    0.36015   0.80112    2.669
 3559.00    0.81675   0.80156    2.669
 3560.00    1.16042   0.80174    2.669
 3561.00    1.03873   0.80164    2.669
 3562.00    0.98263   0.80147    2.669
 3563.00    0.76161   0.80103    2.669
 3564.00    0.89749   0.79961    2.669
 3565.00    1.08424   0.79673    2.669
 3566.00    0.76168   0.79262    2.669
 3567.00    0.62644   0.78857    2.669
 3568.00    1.15354   0.78534    2.669
 3569.00    1.07569   0.78245    2.669
 3570.00    0.85029   0.77855    2.669
 3571.00    0.98179   0.77274    2.669
 3572.00    1.08715   0.76514    2.669
 3573.00    1.26317   0.75761    2.669
 3574.00    1.30468   0.75220    2.669
 3575.00    1.36001   0.74947    2.669
 3576.00    1.14801   0.74916    2.669
 3577.00    0.83753   0.74992    2.669
 3578.00    0.98690   0.75044    2.669
 3579.00    1.05418   0.74965    2.669
 3580.00    0.74988   0.74702    2.669
 3581.00    0.70429   0.74286    2.669
 3582.00    0.59663   0.73832    2.669
 3583.00    0.84577   0.73431    2.669
 3584.00    1.05797   0.73133    2.669
 3585.00    1.01229   0.72856    2.669
 3586.00    0.98063   0.72535    2.669
 3587.00    0.79787   0.72220    2.669
 3588.00    0.95276   0.72033    2.669
 3589.00    1.19440   0.72139    2.669
 3590.00    1.05351   0.72548    2.669
 3591.00    0.98546   0.73166    2.669
 3592.00    0.70000   0.73828    2.669
 3593.00    0.83146   0.74403    2.669
 3594.00    1.28485   0.74877    2.669
 3595.00    0.75902   0.75273    2.669
 3596.00    0.28309   0.75661    2.669
 3597.00    0.63202   0.76063    2.669
 3598.00    0.80072   0.76438    2.669
 3599.00    1.65005   0.76735    2.669
 3600.00    1.45472   0.76888    2.669
 3601.00    1.12985   0.76864    2.669
 3602.00    0.71597   0.76659    2.669
 3603.00    0.50151   0.76333    2.669
 3604.00    1.38531   0.75979    2.669
 3605.00    1.47316   0.75695    2.669
 3606.00    1.58891   0.75557    2.669
 3607.00    1.23321   0.75549    2.669
 3608.00    0.89046   0.75597    2.669
 3609.00    0.51181   0.75601    2.669
 3610.00    0.49370   0.75534    2.669
 3611.00    1.46625   0.75457    2.669
 3612.00    1.30731   0.75449    2.669
 3613.00    1.02487   0.75537    2.669
 3614.00    1.06942   0.75737    2.669
 3615.00    1.09410   0.76048    2.669
 3616.00    0.78873   0.76419    2.669
 3617.00    0.72900   0.76742    2.669
 3618.00    0.59499   0.76895    2.669
 3619.00    0.61827   0.76854    2.669
 3620.00    0.64211   0.76772    2.669
 3621.00    0.48234   0.76862    2.669
 3622.00    0.45817   0.77223    2.669
 3623.00    0.78700   0.77816    2.669
 3624.00    0.99799   0.78497    2.669
 3625.00    1.39905   0.79116    2.669
 3626.00    1.10627   0.79644    2.669
 3627.00    0.93316   0.80095    2.669
 3628.00    1.74745   0.80432    2.669
 3629.00    1.65559   0.80592    2.669
 3630.00    0.95287   0.80452    2.669
 3631.00    0.92279   0.79938    2.669
 3632.00    0.89008   0.79170    2.669
 3633.00    0.89827   0.78348    2.669
 3634.00    0.91569   0.77689    2.669
 3635.00    1.22484   0.77311    2.669
 3636.00    1.19083   0.77180    2.669
 3637.00    1.12164   0.77252    2.669
 3638.00    0.93222   0.77491    2.669
 3639.00    0.81277   0.77916    2.669
 3640.00    0.96385   0.78446    2.669
 3641.00    0.97096   0.78925    2.669
 3642.00    0.92394   0.79179    2.669
 3643.00    0.96419   0.79112    2.669
 3644.00    1.01072   0.78758    2.669
 3645.00    0.81490   0.78278    2.669
 3646.00    0.76557   0.77819    2.669
 3647.00    1.30013   0.77475    2.669
 3648.00    1.19975   0.77271    2.669
 3649.00    0.98091   0.77215    2.669
 3650.00    0.90111   0.77310    2.669
 3651.00    0.84739   0.77534    2.669
 3652.00    1.19676   0.77842    2.669
 3653.00    1.26066   0.78195    2.669
 3654.00    1.34599   0.78534    2.669
 3655.00    1.07431   0.78837    2.669
 3656.00    0.73988   0.79100    2.669
 3657.00    1.03206   0.79334    2.669
 3658.00    1.13179   0.79554    2.669
 3659.00    0.67344   0.79707    2.669
 3660.00    0.72440   0.79755    2.669
 3661.00    0.84397   0.79663    2.669
 3662.00    0.87385   0.79442    2.669
 3663.00    0.89526   0.79138    2.669
 3664.00    0.52399   0.78798    2.669
 3665.00    0.41951   0.78493    2.669
 3666.00    0.15172   0.78271    2.669
 3667.00    0.42445   0.78111    2.669
 3668.00    0.78144   0.77984    2.669
 3669.00    0.89708   0.77869    2.669
 3670.00    0.94255   0.77779    2.669
 3671.00    0.07782   0.77768    2.669
 3672.00    0.35229   0.77861    2.669
 3673.00    1.04534   0.78011    2.669
 3674.00    0.84243   0.78101    2.669
 3675.00    0.68771   0.78018    2.669
 3676.00    0.32679   0.77697    2.669
 3677.00    0.32051   0.77179    2.669
 3678.00    0.68796   0.76611    2.669
 3679.00    0.82767   0.76112    2.669
 3680.00    1.02222   0.75772    2.669
 3681.00    0.96932   0.75607    2.669
 3682.00    0.94680   0.75551    2.669
 3683.00    0.33992   0.75533    2.669
 3684.00    0.43437   0.75465    2.669
 3685.00    0.71702   0.75302    2.669
 3686.00    0.99295   0.75052    2.669
 3687.00    1.21689   0.74780    2.669
 3688.00    0.81510   0.74590    2.669
 3689.00    0.64813   0.74573    2.669
 3690.00   -0.00126   0.74746    0.000
 3691.00    0.40585   0.75042    2.669
 3692.00    1.00997   0.75368    2.669
 3693.00    0.41008   0.75596    2.669
 3694.00    0.13555   0.75647    2.669
 3695.00   -0.46091   0.75530    0.000
 3696.00   -0.08049   0.75334    0.000
 3697.00    1.09511   0.75200    2.669
 3698.00    1.30898   0.75228    2.669
 3699.00    1.49366   0.75471    2.669
 3700.00    1.71490   0.75793    2.669
 3701.00    1.72046   0.75926    2.669
 3702.00    1.35079   0.75585    2.669
 3703.00    1.01627   0.74584    2.669
 3704.00    0.48686   0.73060    2.669
 3705.00    0.51169   0.71423    2.669
 3706.00    0.52387   0.70203    2.669
 3707.00    1.08026   0.69784    2.669
 3708.00    1.02124   0.70052    2.669
 3709.00    0.74721   0.70579    2.669
 3710.00    0.52620   0.70890    2.669
 3711.00    0.32339   0.70797    2.669
 3712.00    1.58393   0.70485    2.669
 3713.00    1.78604   0.70405    2.669
 3714.00    0.72472   0.70950    2.669
 3715.00    0.65413   0.72211    2.669
 3716.00    0.53498   0.73901    2.669
 3717.00    0.35531   0.75494    2.669
 3718.00    0.26099   0.76374    0.000
 3719.00   -0.31595   0.76130    0.000
 3720.00   -0.40541   0.74723    0.000
 3721.00   -0.58678   0.72508    0.000
 3722.00    0.48398   0.70244    0.000
 3723.00    1.52790   0.68796    0.000
 3724.00    2.90523   0.68701    0.000
 3725.00    3.29802   0.70077    0.000
 3726.00    3.62969   0.72531    0.000
 3727.00    3.82159   0.75368    0.000
 3728.00    4.16732   0.77917    0.000
 3729.00    3.48764   0.79719    0.000
 3730.00    3.10594   0.80381    0.000
 3731.00    2.35135   0.79699    0.000
 3732.00    2.00902   0.77653    0.000
 3733.00    0.93935   0.74496    0.000
 3734.00    1.12752   0.70911    0.000
 3735.00    1.32262   0.67839    0.000
 3736.00    0.27401   0.66139    0.000
 3737.00    0.00594   0.66387    0.000
 3738.00    0.61204   0.68593    2.669
 3739.00    0.95027   0.72262    2.669
 3740.00    1.60230   0.76623    2.669
 3741.00    0.82896   0.80855    2.669
 3742.00    0.36495   0.84266    2.669
 3743.00   -0.22335   0.86451    0.000
 3744.00   -0.12795   0.87206    0.000
 3745.00    0.52172   0.86497    2.669
 3746.00    1.08898   0.84397    2.669
 3747.00    1.71448   0.81084    2.669
 3748.00    1.59362   0.76893    2.669
 3749.00    1.51020   0.72375    2.669
 3750.00    0.50542   0.68301    2.669
 3751.00    0.58334   0.65571    2.669
 3752.00    0.74430   0.64891    2.669
 3753.00    0.82073   0.66473    2.669
 3754.00    0.86962   0.69954    2.669
 3755.00    1.61427   0.74566    2.669
 3756.00    1.50923   0.79406    2.669
 3757.00    0.60686   0.83748    2.669
 3758.00    0.97587   0.87183    2.669
 3759.00    1.40827   0.89559    2.669
 3760.00   -0.18612   0.91001    0.000
 3761.00   -0.68238   0.91700    0.000
 3762.00    1.16522   0.91795    2.669
 3763.00    1.21253   0.91383    2.669
 3764.00    1.31731   0.90392    2.669
 3765.00    1.65442   0.88689    2.669
 3766.00    1.88413   0.86193    2.669
 3767.00    1.79630   0.82845    2.669
 3768.00    1.71293   0.78754    2.669
 3769.00    1.34384   0.74262    2.669
 3770.00    1.32258   0.69880    2.669
 3771.00    1.29609   0.66356    2.669
 3772.00    1.25505   0.64436    2.669
 3773.00    1.23035   0.64617    2.669
 3774.00    0.46993   0.66888    2.669
 3775.00    0.35914   0.70752    2.669
 3776.00    0.09550   0.75509    2.669
 3777.00    0.12053   0.80569    2.669
 3778.00    0.13870   0.85501    2.669
 3779.00    1.03429   0.90072    2.669
 3780.00    1.25399   0.94159    2.669
 3781.00    1.70425   0.97634    2.669
 3782.00    1.23103   1.00439    2.669
 3783.00    0.60358   1.02510    2.669
 3784.00    1.02317   1.03866    2.669
 3785.00    1.19175   1.04550    2.669
 3786.00    0.76930   1.04576    2.669
 3787.00    0.86047   1.03968    2.669
 3788.00    1.09751   1.02789    2.669
 3789.00    1.35669   1.01131    2.669
 3790.00    1.55708   0.99079    2.669
 3791.00    1.15981   0.96621    2.669
 3792.00    1.05418   0.93692    2.669
 3793.00    0.82730   0.90196    2.669
 3794.00    0.86144   0.86006    2.669
 3795.00    0.90966   0.81136    2.669
 3796.00    0.70856   0.75807    0.000
 3797.00    0.62164   0.70487    0.000
 3798.00    0.47047   0.65928    0.000
 3799.00    0.67970   0.62917    0.000
 3800.00    1.26741   0.62153    0.000
 3801.00    1.05679   0.63887    0.000
 3802.00    0.88364   0.67766    0.000
 3803.00    1.48744   0.73043    2.669
 3804.00    1.60047   0.78797    2.669
 3805.00    1.53434   0.84291    2.669
 3806.00    1.24351   0.89144    2.669
 3807.00    0.80620   0.93252    2.669
 3808.00    1.49922   0.96723    2.669
 3809.00    1.82072   0.99748    2.669
 3810.00    1.51481   1.02349    2.669
 3811.00    1.45235   1.04469    2.669
 3812.00    1.29697   1.05976    2.669
 3813.00    1.01914   1.06797    2.669
 3814.00    0.77639   1.07025    2.669
 3815.00    0.85853   1.06796    2.669
 3816.00    0.82096   1.06271    2.669
 3817.00    0.32036   1.05518    2.669
 3818.00    0.89779   1.04538    2.669
 3819.00    1.82299   1.03389    2.669
 3820.00    0.97078   1.02171    2.669
 3821.00    0.54623   1.01128    2.669
 3822.00    0.66134   1.00439    2.669
 3823.00    0.77495   1.00146    2.669
 3824.00    1.12581   0.99945    2.669
 3825.00    1.21874   0.99482    2.669
 3826.00    1.30519   0.98424    2.669
 3827.00    1.47007   0.96757    2.669
 3828.00    1.47737   0.94541    2.669
 3829.00    1.11911   0.91809    2.669
 3830.00    1.34483   0.88552    2.669
 3831.00    1.73141   0.84678    2.669
 3832.00    1.03976   0.80157    2.669
 3833.00    0.67116   0.75085    0.000
 3834.00    0.96216   0.69791    0.000
 3835.00    0.87688   0.64862    0.000
 3836.00    0.50290   0.61069    0.000
 3837.00    0.23092   0.59119    0.000
 3838.00   -0.03790   0.59431    0.000
 3839.00    0.05799   0.61894    0.000
 3840.00    0.14373   0.66051    0.000
 3841.00    0.93644   0.71273    0.000
 3842.00    1.04577   0.76958    2.669
 3843.00    1.24569   0.82586    2.669
 3844.00    0.92685   0.87797    2.669
 3845.00    0.74532   0.92421    2.669
 3846.00    0.95873   0.96379    2.669
 3847.00    1.05633   0.99691    2.669
 3848.00    1.36519   1.02424    2.669
 3849.00    1.10546   1.04647    2.669
 3850.00    0.83273   1.06415    2.669
 3851.00    1.00070   1.07826    2.669
 3852.00    1.08470   1.08952    2.669
 3853.00    1.67557   1.09825    2.669
 3854.00    1.69604   1.10454    2.669
 3855.00    1.73608   1.10823    2.669
 3856.00    1.41229   1.10944    2.669
 3857.00    1.21537   1.10916    2.669
 3858.00    1.39274   1.10860    2.669
 3859.00    1.39953   1.10824    2.669
 3860.00    1.34902   1.10862    2.669
 3861.00    1.15372   1.10904    2.669
 3862.00    0.93581   1.10898    0.000
 3863.00    1.30868   1.10754    0.000
 3864.00    1.42661   1.10468    0.000
 3865.00    1.36595   1.10156    0.000
 3866.00    1.34337   1.09903    0.000
 3867.00    1.29609   1.09751    0.000
 3868.00    1.10832   1.09657    0.000
 3869.00    0.98647   1.09549    0.000
 3870.00    1.51249   1.09352    0.000
 3871.00    1.57757   1.08996    0.000
 3872.00    1.57830   1.08440    2.669
 3873.00    1.47282   1.07756    2.669
 3874.00    1.34750   1.07071    2.669
 3875.00    1.56103   1.06456    2.669
 3876.00    1.60648   1.05877    2.669
 3877.00    0.43595   1.05160    2.669
 3878.00    0.51848   1.04108    2.669
 3879.00    0.70426   1.02669    2.669
 3880.00    0.70202   1.00890    2.669
 3881.00    0.70047   0.98798    2.669
 3882.00   -0.00684   0.96345    0.000
 3883.00   -0.22847   0.93408    0.000
 3884.00   -0.87012   0.89854    0.000
 3885.00   -0.29331   0.85627    0.000
 3886.00    0.43519   0.80745    0.000
 3887.00   -0.73888   0.75380    0.000
 3888.00   -1.16926   0.69962    0.000
 3889.00    0.32769   0.65227    0.000
 3890.00    0.40856   0.62040    0.000
 3891.00    0.60421   0.61090    0.000
 3892.00    0.45063   0.62600    2.669
 3893.00    0.33767   0.66228    2.669
 3894.00    0.32094   0.71184    2.669
 3895.00    0.25057   0.76661    2.669
 3896.00   -0.15462   0.82039    0.000
 3897.00    0.24086   0.86977    2.669
 3898.00    0.77210   0.91336    2.669
 3899.00    1.15205   0.95113    2.669
 3900.00    1.30708   0.98350    2.669
 3901.00    0.05424   1.01119    2.669
 3902.00    0.54868   1.03457    2.669
 3903.00    1.85786   1.05361    2.669
 3904.00    1.30423   1.06832    2.669
 3905.00    0.87063   1.07929    2.669
 3906.00    0.95605   1.08815    2.669
 3907.00    0.93287   1.09687    2.669
 3908.00    0.66737   1.10705    2.669
 3909.00    1.05001   1.11917    2.669
 3910.00    1.59750   1.13218    2.669
 3911.00    1.50069   1.14386    2.669
 3912.00    1.45817   1.15222    2.669
 3913.00    1.32022   1.15661    2.669
 3914.00    1.35041   1.15760    2.669
 3915.00    1.44402   1.15657    2.669
 3916.00    1.35135   1.15493    2.669
 3917.00    1.27411   1.15320    2.669
 3918.00    1.56852   1.15126    2.669
 3919.00    1.62736   1.14887    2.669
 3920.00    1.61279   1.14612    2.669
 3921.00    1.47277   1.14390    2.669
 3922.00    1.25920   1.14292    2.669
 3923.00    1.18425   1.14327    2.669
 3924.00    1.14892   1.14422    2.669
 3925.00    1.12848   1.14427    2.669
 3926.00    1.17626   1.14177    2.669
 3927.00    1.32464   1.13587    2.669
 3928.00    1.16689   1.12677    2.669
 3929.00    1.02715   1.11483    2.669
 3930.00    0.69842   1.10054    2.669
 3931.00    0.63735   1.08408    2.669
 3932.00    0.76805   1.06558    2.669
 3933.00    0.55492   1.04618    2.669
 3934.00    0.20844   1.02891    2.669
 3935.00    0.18308   1.01813    2.669
 3936.00    0.17029   1.01754    2.669
 3937.00    1.21273   1.02789    2.669
 3938.00    1.15117   1.04625    2.669
 3939.00    0.75593   1.06820    2.669
 3940.00    0.21093   1.08952    2.669
 3941.00   -0.30204   1.10747    0.000
 3942.00    0.52831   1.12071    2.669
 3943.00    0.72496   1.12866    2.669
 3944.00    0.58198   1.13169    2.669
 3945.00    0.63612   1.13101    2.669
 3946.00    0.73003   1.12823    2.669
 3947.00    0.62432   1.12505    2.669
 3948.00    0.56720   1.12246    2.669
 3949.00    1.35831   1.12047    2.669
 3950.00    1.34325   1.11877    2.669
 3951.00    1.08159   1.11716    2.669
 3952.00    1.21758   1.11539    2.669
 3953.00    1.35369   1.11305    2.669
 3954.00    0.56130   1.10975    2.669
 3955.00    0.41149   1.10511    2.669
 3956.00    1.38136   1.09872    2.669
 3957.00    0.31446   1.09001    2.669
 3958.00   -1.66395   1.07862    0.000
 3959.00   -0.43049   1.06444    0.000
 3960.00    0.28221   1.04690    2.669
 3961.00    0.92024   1.02486    0.000
 3962.00    0.84848   0.99719    0.000
 3963.00    0.33489   0.96336    0.000
 3964.00   -0.02619   0.92331    0.000
 3965.00   -0.41056   0.87713    0.000
 3966.00   -0.43423   0.82489    0.000
 3967.00   -0.40527   0.76754    0.000
 3968.00    0.25960   0.70769    0.000
 3969.00    0.53760   0.65047    0.000
 3970.00    1.08955   0.60326    0.000
 3971.00    1.25757   0.57378    0.000
 3972.00    1.36115   0.56765    0.000
 3973.00    1.12610   0.58629    0.000
 3974.00    1.16226   0.62624    0.000
 3975.00    1.43265   0.68074    2.669
 3976.00    1.06857   0.74194    2.669
 3977.00    0.65676   0.80321    2.669
 3978.00    0.64544   0.86030    2.669
 3979.00    0.58381   0.91087    2.669
 3980.00   -0.96120   0.95410    0.000
 3981.00   -0.63298   0.98997    0.000
 3982.00    0.06506   1.01878    2.669
 3983.00    1.05632   1.04140    2.669
 3984.00    1.70753   1.05948    2.669
 3985.00    0.96364   1.07505    2.669
 3986.00    0.87466   1.08991    2.669
 3987.00    0.90411   1.10454    2.669
 3988.00    1.08388   1.11833    2.669
 3989.00    1.30001   1.13058    2.669
 3990.00    0.93089   1.14087    2.669
 3991.00    0.81272   1.14927    2.669
 3992.00    1.43467   1.15618    2.669
 3993.00    1.06913   1.16199    2.669
 3994.00    0.23496   1.16677    2.669
 3995.00    0.48568   1.17020    2.669
 3996.00    0.66144   1.17194    2.669
 3997.00    2.05148   1.17215    2.669
 3998.00    2.24852   1.17148    2.669
 3999.00    2.20626   1.17082    2.669
 4000.00    1.67427   1.17070    2.669
 4001.00    0.99367   1.17111    2.669
 4002.00    1.21015   1.17164    2.669
 4003.00    1.29178   1.17171    2.669
 4004.00    1.01110   1.17086    2.669
 4005.00    0.86945   1.16890    2.669
 4006.00    0.52147   1.16623    2.669
 4007.00    0.25854   1.16379    2.669
 4008.00    0.06240   1.16265    2.669
 4009.00    0.53617   1.16329    2.669
 4010.00    0.43805   1.16549    2.669
 4011.00   -0.65348   1.16876    0.000
 4012.00   -0.52331   1.17281    0.000
 4013.00   -0.34600   1.17744    0.000
 4014.00    1.06625   1.18232    2.669
 4015.00    1.65144   1.18715    2.669
 4016.00    0.69901   1.19159    2.669
 4017.00    0.57276   1.19547    2.669
 4018.00    0.26238   1.19870    2.669
 4019.00    0.68537   1.20142    2.669
 4020.00    1.02096   1.20355    2.669
 4021.00    0.06824   1.20441   -1.000
 4022.00    0.10899   1.20267    2.669
 4023.00    1.66142   1.19726    2.669
 4024.00    0.93836   1.18794    0.000
 4025.00   -0.10990   1.17584    0.000
 4026.00    1.05879   1.16334    0.000
 4027.00    1.57982   1.15403    0.000
 4028.00    1.11999   1.15082    0.000
 4029.00    1.36213   1.15406    0.000
 4030.00    2.08928   1.16152    0.000
 4031.00    1.51775   1.16975    2.669
 4032.00    1.03574   1.17644    2.669
 4033.00    1.04867   1.18102    2.669
 4034.00    1.10001   1.18480    2.669
 4035.00    1.49581   1.18899    2.669
 4036.00    1.82477   1.19424    2.669
 4037.00    2.33271   1.20038    2.669
 4038.00    1.69361   1.20672    2.669
 4039.00    1.38768   1.21234    2.669
 4040.00    1.47681   1.21630    2.669
 4041.00    1.19249   1.21769    2.669
 4042.00    0.29838   1.21610    2.669
 4043.00    0.92353   1.21185    2.669
 4044.00    1.48495   1.20558    2.669
 4045.00    0.78817   1.19823    2.669
 4046.00    0.65319   1.19137    2.669
 4047.00    0.92116   1.18708    2.669
 4048.00    1.21573   1.18719    2.669
 4049.00    1.70159   1.19161    2.669
 4050.00    1.31633   1.19846    2.669
 4051.00    1.11886   1.20510    2.669
 4052.00    0.61769   1.20942    2.669
 4053.00    0.71905   1.21058    2.669
 4054.00    1.16067   1.20885    2.669
 4055.00    0.59615   1.20538    2.669
 4056.00    0.05748   1.20163   -1.000
 4057.00    0.64669   1.19880    2.669
 4058.00    0.79794   1.19729    2.669
 4059.00    0.79433   1.19686    2.669
 4060.00    0.76284   1.19692    2.669
 4061.00    0.70742   1.19650    2.669
 4062.00    0.72545   1.19439    2.669
 4063.00    0.73534   1.18980    2.669
 4064.00    0.14534   1.18257    2.669
 4065.00    0.32073   1.17382    2.669
 4066.00    1.13477   1.16490    2.669
 4067.00    1.08158   1.15693    0.000
 4068.00    1.02765   1.15049    0.000
 4069.00    2.10830   1.14547    0.000
 4070.00    2.29711   1.14109    0.000
 4071.00    0.58653   1.13670    2.669
 4072.00    0.07867   1.13227    2.669
 4073.00   -0.87631   1.12818    0.000
 4074.00    1.43612   1.12506    2.669
 4075.00    2.79064   1.12262   -1.000
 4076.00    2.51940   1.12002   -1.000
 4077.00    2.22425   1.11662    2.669
 4078.00    1.13035   1.11288    2.669
 4079.00    0.98580   1.11028    2.669
 4080.00    0.82995   1.11010    2.669
 4081.00    1.55711   1.11240    2.669
 4082.00    1.76434   1.11565    2.669
 4083.00    1.43783   1.11766    2.669
 4084.00    1.18243   1.11666    2.669
 4085.00    0.66864   1.11249    2.669
 4086.00    1.34168   1.10624    2.669
 4087.00    1.76261   1.09925    2.669
 4088.00    1.87310   1.09220    2.669
 4089.00    1.84312   1.08475    2.669
 4090.00    1.65334   1.07616    2.669
 4091.00    1.44303   1.06549    2.669
 4092.00    1.20185   1.05195    2.669
 4093.00    1.46062   1.03480    2.669
 4094.00    1.49697   1.01330    2.669
 4095.00    0.03752   0.98682    0.000
 4096.00    0.41487   0.95446    0.000
 4097.00    1.23015   0.91607    0.000
 4098.00    1.67483   0.87151    0.000
 4099.00    1.97117   0.82182    0.000
 4100.00    1.33335   0.76947    0.000
 4101.00    1.11189   0.71883    0.000
 4102.00    0.42559   0.67622    0.000
 4103.00    0.37053   0.64897    0.000
 4104.00    0.30343   0.64314    0.000
 4105.00    1.00338   0.66044    0.000
 4106.00    1.24305   0.69724    0.000
 4107.00    0.48837   0.74593    0.000
 4108.00    0.61484   0.79799    2.669
 4109.00    0.90815   0.84758    2.669
 4110.00    1.21341   0.89157    2.669
 4111.00    1.42999   0.92910    2.669
 4112.00    1.40609   0.96079    2.669
 4113.00    1.26305   0.98790    2.669
 4114.00    0.48445   1.01132    2.669
 4115.00    0.63384   1.03150    2.669
 4116.00    0.82743   1.04826    2.669
 4117.00    0.53379   1.06150    2.669
 4118.00    0.42117   1.07118    2.669
 4119.00    1.35066   1.07775    2.669
 4120.00    1.33855   1.08238    2.669
 4121.00    1.30834   1.08621    2.669
 4122.00    1.59804   1.09060    2.669
 4123.00    1.81718   1.09633    2.669
 4124.00    1.34169   1.10322    2.669
 4125.00    1.17971   1.11042    2.669
 4126.00    0.67217   1.11642    2.669
 4127.00    0.77795   1.11989    2.669
 4128.00    0.92406   1.12027    2.669
 4129.00    1.27682   1.11797    2.669
 4130.00    1.42507   1.11461    2.669
 4131.00    0.01909   1.11197    2.669
 4132.00    0.16316   1.11105    2.669
 4133.00    0.60042   1.11209    2.669
 4134.00    0.69691   1.11509    2.669
 4135.00    0.77437   1.12018    2.669
 4136.00    0.70123   1.12717    2.669
 4137.00    0.75766   1.13545    2.669
 4138.00    1.26994   1.14370    2.669
 4139.00    1.28719   1.15072    2.669
 4140.00    1.31251   1.15510    2.669
 4141.00    1.07352   1.15572    2.669
 4142.00    0.96537   1.15223    2.669
 4143.00    1.64281   1.14516    2.669
 4144.00    1.18604   1.13658    2.669
 4145.00   -0.19985   1.12952    0.000
 4146.00    0.10189   1.12652    2.669
 4147.00    0.35990   1.12891    2.669
 4148.00    1.19223   1.13532    2.669
 4149.00    1.37110   1.14301    2.669
 4150.00    1.36241   1.14949    2.669
 4151.00    1.32274   1.15353    2.669
 4152.00    1.26059   1.15523    2.669
 4153.00    1.50777   1.15532    2.669
 4154.00    1.62795   1.15453    2.669
 4155.00    1.04208   1.15360    2.669
 4156.00    1.00154   1.15341    2.669
 4157.00    0.95653   1.15459    2.669
 4158.00    1.17341   1.15722    2.669
 4159.00    1.37087   1.16068    2.669
 4160.00    1.43076   1.16426    2.669
 4161.00    1.40961   1.16745    2.669
 4162.00    1.05506   1.17001    2.669
 4163.00    1.36742   1.17208    2.669
 4164.00    1.89020   1.17377    2.669
 4165.00    1.47687   1.17510    2.669
 4166.00    1.26224   1.17581    2.669
 4167.00    1.22894   1.17534    2.669
 4168.00    1.12310   1.17326    2.669
 4169.00    0.76490   1.16940    2.669
 4170.00    0.87191   1.16417    2.669
 4171.00    0.97523   1.15798    2.669
 4172.00    1.55841   1.15122    2.669
 4173.00    1.68569   1.14459    2.669
 4174.00    1.36734   1.13924    2.669
 4175.00    1.61058   1.13638    2.669
 4176.00    2.04418   1.13653    2.669
 4177.00    1.27661   1.13903    2.669
 4178.00    0.84966   1.14237    2.669
 4179.00    1.87729   1.14534    2.669
 4180.00    1.82976   1.14781    2.669
 4181.00    1.34094   1.15045    2.669
 4182.00    1.26568   1.15365    2.669
 4183.00    1.18834   1.15700    2.669
 4184.00    1.21630   1.15990    2.669
 4185.00    1.23355   1.16189    2.669
 4186.00    1.37643   1.16278    2.669
 4187.00    1.00959   1.16245    2.669
 4188.00    0.30924   1.16078    2.669
 4189.00    1.30492   1.15812    2.669
 4190.00    1.89613   1.15534    2.669
 4191.00    2.05577   1.15322    2.669
 4192.00    1.85101   1.15202    2.669
 4193.00    0.93758   1.15150    2.669
 4194.00    1.02762   1.15104    2.669
 4195.00    1.12593   1.14971    2.669
 4196.00    1.13161   1.14670    2.669
 4197.00    1.12419   1.14166    2.669
 4198.00    0.92874   1.13511    2.669
 4199.00    1.03451   1.12816    2.669
 4200.00    1.25061   1.12208    2.669
 4201.00    0.81027   1.11782    2.669
 4202.00    0.53145   1.11582    2.669
 4203.00    1.38135   1.11620    2.669
 4204.00    1.44224   1.11872    2.669
 4205.00    1.26691   1.12285    2.669
 4206.00    1.05459   1.12818    2.669
 4207.00    0.80822   1.13419    2.669
 4208.00    1.16703   1.14029    2.669
 4209.00    1.29525   1.14590    2.669
 4210.00    1.49417   1.15054    2.669
 4211.00    1.41319   1.15386    2.669
 4212.00    1.23583   1.15571    2.669
 4213.00    1.34339   1.15609    2.669
 4214.00    1.41610   1.15504    2.669
 4215.00    1.41399   1.15271    2.669
 4216.00    1.47403   1.14967    2.669
 4217.00    1.78143   1.14702    2.669
 4218.00    1.43497   1.14596    2.669
 4219.00    1.00681   1.14704    2.669
 4220.00    1.04633   1.14959    2.669
 4221.00    1.06569   1.15196    2.669
 4222.00    1.38957   1.15220    2.669
 4223.00    1.61503   1.14897    2.669
 4224.00    2.14651   1.14206    2.669
 4225.00    1.98996   1.13231    2.669
 4226.00    1.87731   1.12163    2.669
 4227.00    0.97219   1.11253    2.669
 4228.00    1.01877   1.10739    2.669
 4229.00    2.09471   1.10744    2.669
 4230.00    2.18981   1.11202    2.669
 4231.00    2.31477   1.11882   -1.000
 4232.00    0.88885   1.12487    2.669
 4233.00    0.32276   1.12807    2.669
 4234.00   -0.32617   1.12816    0.000
 4235.00    0.12114   1.12637    2.669
 4236.00    1.25491   1.12454    2.669
 4237.00    0.89515   1.12393    2.669
 4238.00    0.61975   1.12488    2.669
 4239.00    1.94974   1.12701    2.669
 4240.00    2.05195   1.12967    2.669
 4241.00    1.18947   1.13252    2.669
 4242.00    0.34001   1.13546    2.669
 4243.00   -0.84764   1.13840    0.000
 4244.00   -0.07156   1.14118    0.000
 4245.00    0.26073   1.14338    2.669
 4246.00    1.21513   1.14441    2.669
 4247.00    1.20293   1.14368    2.669
 4248.00    1.12808   1.14106    2.669
 4249.00    1.15800   1.13704    2.669
 4250.00    1.18240   1.13261    2.669
 4251.00    1.59734   1.12876    2.669
 4252.00    1.66376   1.12590    2.669
 4253.00    1.54735   1.12388    2.669
 4254.00    1.70296   1.12239    2.669
 4255.00    1.93504   1.12123    2.669
 4256.00    1.16316   1.12050    2.669
 4257.00    0.80911   1.12017    2.669
 4258.00   -0.51317   1.12005    0.000
 4259.00   -0.54943   1.11983    0.000
 4260.00   -0.53044   1.11924    0.000
 4261.00   -0.41537   1.11869    0.000
 4262.00   -0.31581   1.11919    0.000
 4263.00   -2.56999   1.12162    0.000
 4264.00   -2.78994   1.12600    0.000
 4265.00   -0.36470   1.13107    0.000
 4266.00    0.45431   1.13498    2.669
 4267.00    1.75313   1.13616    2.669
 4268.00    1.96707   1.13413    2.669
 4269.00    2.07248   1.12931    2.669
 4270.00    1.79170   1.12273    2.669
 4271.00    1.41723   1.11546    2.669
 4272.00    0.25808   1.10845    2.669
 4273.00    0.70823   1.10255    2.669
 4274.00    1.12290   1.09864    2.669
 4275.00    1.51439   1.09739    2.669
 4276.00    1.49483   1.09908    2.669
 4277.00    0.29952   1.10327    2.669
 4278.00    0.36735   1.10887    2.669
 4279.00    0.48231   1.11452    2.669
 4280.00    0.92806   1.11892    2.669
 4281.00    1.16358   1.12107    2.669
 4282.00    0.97508   1.12090    2.669
 4283.00    1.10954   1.11909    2.669
 4284.00    1.62504   1.11653    2.669
 4285.00    1.17552   1.11385    2.669
 4286.00    0.73470   1.11100    2.669
 4287.00   -0.42286   1.10741    0.000
 4288.00   -0.71723   1.10269    0.000
 4289.00   -0.52374   1.09680    0.000
 4290.00   -0.57103   1.09014    0.000
 4291.00   -0.65676   1.08380    0.000
 4292.00    0.37712   1.07900    2.669
 4293.00    0.95956   1.07649    2.669
 4294.00    0.36827   1.07616    2.669
 4295.00    0.20626   1.07671    2.669
 4296.00   -0.22625   1.07630    0.000
 4297.00    0.24336   1.07382    2.669
 4298.00    0.73167   1.06889    2.669
 4299.00    1.00202   1.06201    2.669
 4300.00    1.05682   1.05400    2.669
 4301.00    0.65424   1.04589    2.669
 4302.00    0.35014   1.03873    2.669
 4303.00   -0.23800   1.03361    0.000
 4304.00    1.09012   1.03091    2.669
 4305.00    1.89032   1.03027    2.669
 4306.00    2.92026   1.03068   -1.000
 4307.00    2.63972   1.03110   -1.000
 4308.00    1.01224   1.03095    2.669
 4309.00   -0.00603   1.03019    0.000
 4310.00   -1.13326   1.02964    0.000
 4311.00    0.96382   1.03035    2.669
 4312.00    1.62971   1.03298    2.669
 4313.00    1.57198   1.03749    2.669
 4314.00    1.30110   1.04349    2.669
 4315.00    0.73900   1.05079    2.669
 4316.00    0.69893   1.05938    2.669
 4317.00    0.67318   1.06896    2.669
 4318.00    1.36234   1.07819    2.669
 4319.00    1.37804   1.08534    2.669
 4320.00    1.06277   1.08867    2.669
 4321.00    0.71254   1.08731    2.669
 4322.00    0.30053   1.08131    2.669
 4323.00    1.32879   1.07140    2.669
 4324.00    1.67977   1.05866    2.669
 4325.00    1.51779   1.04452    2.669
 4326.00    1.63385   1.03091    2.669
 4327.00    1.89209   1.01976    2.669
 4328.00    0.81374   1.01213    2.669
 4329.00    0.07592   1.00754    2.669
 4330.00    0.91985   1.00377    2.669
 4331.00    1.00892   0.99820    2.669
 4332.00    0.85560   0.98842    0.000
 4333.00    0.75973   0.97339    0.000
 4334.00    0.63983   0.95263    0.000
 4335.00    0.87291   0.92564    0.000
 4336.00    0.95992   0.89178    0.000
 4337.00    0.93581   0.85065    0.000
 4338.00    1.08916   0.80341    0.000
 4339.00    1.45576   0.75354    0.000
 4340.00    0.54273   0.70685    0.000
 4341.00   -0.12355   0.67038    0.000
 4342.00    0.23333   0.65059    0.000
 4343.00    0.33321   0.65094    0.000
 4344.00    0.58375   0.67091    0.000
 4345.00    0.89136   0.70606    0.000
 4346.00    1.30127   0.74994    0.000
 4347.00    1.07712   0.79602    2.669
 4348.00    0.98685   0.83958    2.669
 4349.00    1.70484   0.87776    2.669
 4350.00    1.57044   0.90928    2.669
 4351.00    1.21638   0.93411    2.669
 4352.00    1.32507   0.95336    2.669
 4353.00    1.40928   0.96895    2.669
 4354.00    1.32981   0.98300    2.669
 4355.00    1.32853   0.99699    2.669
 4356.00    1.41635   1.01134    2.669
 4357.00    1.32168   1.02530    2.669
 4358.00    1.18770   1.03778    2.669
 4359.00    1.51528   1.04816    2.669
 4360.00    1.65751   1.05658    2.669
 4361.00    1.45549   1.06375    2.669
 4362.00    1.45070   1.07036    2.669
 4363.00    1.44856   1.07667    2.669
 4364.00    1.60906   1.08248    2.669
 4365.00    1.74151   1.08719    2.669
 4366.00    1.06311   1.09004    2.669
 4367.00    1.04154   1.09047    2.669
 4368.00    1.93479   1.08844    2.669
 4369.00    1.72274   1.08449    2.669
 4370.00    1.40258   1.07953    2.669
 4371.00    0.75178   1.07455    2.669
 4372.00    0.44782   1.06999    2.669
 4373.00    0.64010   1.06574    2.669
 4374.00    0.89414   1.06161    2.669
 4375.00    1.63969   1.05775    2.669
 4376.00    1.41130   1.05483    2.669
 4377.00    1.21057   1.05368    2.669
 4378.00    0.92231   1.05464    2.669
 4379.00    0.84067   1.05700    2.669
 4380.00    0.68860   1.05907    2.669
 4381.00    0.63690   1.05872    2.669
 4382.00    0.55355   1.05436    2.669
 4383.00    0.55204   1.04587    2.669
 4384.00    0.55128   1.03470    2.669
 4385.00    0.53952   1.02331    2.669
 4386.00    0.63806   1.01430    2.669
 4387.00    0.96373   1.00936    2.669
 4388.00    0.73332   1.00883    2.669
 4389.00    0.51856   1.01192    2.669
 4390.00    0.78683   1.01734    2.669
 4391.00    0.85042   1.02402    2.669
 4392.00    0.81606   1.03122    2.669
 4393.00    1.11576   1.03829    2.669
 4394.00    1.63009   1.04455    2.669
 4395.00    1.70160   1.04941    2.669
 4396.00    1.73987   1.05278    2.669
 4397.00    1.46503   1.05509    2.669
 4398.00    1.42937   1.05670    2.669
 4399.00    1.37075   1.05782    2.669
 4400.00    1.04394   1.05832    2.669
 4401.00    0.71967   1.05797    2.669
 4402.00    0.06664   1.05664    2.669
 4403.00   -0.04580   1.05456    0.000
 4404.00    0.84347   1.05213    2.669
 4405.00    0.73387   1.04972    2.669
 4406.00    0.53258   1.04773    2.669
 4407.00   -0.62203   1.04666    0.000
 4408.00   -1.28219   1.04697    0.000
 4409.00    0.95738   1.04890    2.669
 4410.00    1.05960   1.05224    2.669
 4411.00    0.69580   1.05627    2.669
 4412.00    0.07228   1.05990    2.669
 4413.00   -0.58501   1.06190    0.000
 4414.00   -0.39414   1.06143    0.000
 4415.00   -0.32811   1.05836    0.000
 4416.00   -0.16637   1.05369    0.000
 4417.00   -0.16560   1.04931    0.000
 4418.00   -0.16410   1.04722    0.000
 4419.00    0.33012   1.04845    2.669
 4420.00    0.63162   1.05264    2.669
 4421.00   -0.58909   1.05827    0.000
 4422.00   -0.87822   1.06353    0.000
 4423.00   -1.56908   1.06716    0.000
 4424.00   -1.03806   1.06906    0.000
 4425.00   -0.44327   1.06967    0.000
 4426.00    0.16741   1.06972    2.669
 4427.00    0.29732   1.06964    2.669
 4428.00   -1.40726   1.06953    0.000
 4429.00   -1.07514   1.06936    0.000
 4430.00   -0.37670   1.06908    0.000
 4431.00    0.15120   1.06870    2.669
 4432.00    0.49519   1.06814    2.669
 4433.00    0.11397   1.06714    2.669
 4434.00    0.00622   1.06554    2.669
 4435.00   -0.28196   1.06356    0.000
 4436.00    0.09177   1.06182    2.669
 4437.00    0.53751   1.06119    2.669
 4438.00    0.58769   1.06229    2.669
 4439.00    0.60956   1.06487    2.669
 4440.00    0.78523   1.06791    2.669
 4441.00    0.80658   1.07001    2.669
 4442.00    0.85484   1.07019    2.669
 4443.00    0.92859   1.06859    2.669
 4444.00    0.97977   1.06642    2.669
 4445.00    1.93549   1.06520    2.669
 4446.00    1.84404   1.06592    2.669
 4447.00    0.61545   1.06853    2.669
 4448.00    0.54516   1.07209    2.669
 4449.00    0.45603   1.07539    2.669
 4450.00    1.04278   1.07753    2.669
 4451.00    1.27024   1.07811    2.669
 4452.00    1.83790   1.07707    2.669
 4453.00    1.74517   1.07448    2.669
 4454.00    1.51981   1.07044    2.669
 4455.00    1.05819   1.06532    2.669
 4456.00    0.71727   1.05992    2.669
 4457.00    1.03423   1.05535    2.669
 4458.00    1.03578   1.05251    2.669
 4459.00    0.73066   1.05176    2.669
 4460.00    0.98179   1.05278    2.669
 4461.00    1.32047   1.05477    2.669
 4462.00    0.72784   1.05690    2.669
 4463.00    0.48458   1.05863    2.669
 4464.00    1.80581   1.05969    2.669
 4465.00    1.69655   1.05988    2.669
 4466.00    1.38667   1.05884    2.669
 4467.00    1.21221   1.05609    2.669
 4468.00    1.07490   1.05134    2.669
 4469.00    0.95136   1.04487    0.000
 4470.00    0.78166   1.03778    0.000
 4471.00   -0.22802   1.03189    0.000
 4472.00   -0.11594   1.02919    0.000
 4473.00    0.04522   1.03103    0.000
 4474.00   -0.12055   1.03743    0.000
 4475.00   -0.19353   1.04697    0.000
 4476.00    0.30412   1.05726    2.669
 4477.00   -0.07225   1.06572    0.000
 4478.00   -1.17179   1.07033    0.000
 4479.00   -0.36550   1.07011    0.000
 4480.00    0.30785   1.06537    2.669
 4481.00   -1.42809   1.05778    0.000
 4482.00   -1.74174   1.05012    0.000
 4483.00   -1.36949   1.04537    0.000
 4484.00   -0.80626   1.04551    0.000
 4485.00    0.05457   1.05063    2.669
 4486.00    0.35603   1.05882    2.669
 4487.00    0.49873   1.06712    2.669
 4488.00   -1.55145   1.07294    0.000
 4489.00   -1.00676   1.07517    0.000
 4490.00    0.91055   1.07442    2.669
 4491.00    0.11915   1.07235    2.669
 4492.00   -0.58463   1.07066    0.000
 4493.00    1.60045   1.07026    2.669
 4494.00    1.96476   1.07118    2.669
 4495.00    0.65727   1.07276    2.669
 4496.00    0.75708   1.07423    2.669
 4497.00    0.92002   1.07504    2.669
 4498.00    1.29612   1.07496    2.669
 4499.00    1.48722   1.07401    2.669
 4500.00    1.15839   1.07242    2.669
 4501.00    1.02418   1.07071    2.669
 4502.00    0.63718   1.06965    2.669
 4503.00    0.38113   1.06997    2.669
 4504.00    0.13870   1.07199    2.669
 4505.00    0.31962   1.07521    2.669
 4506.00    0.44194   1.07857    2.669
 4507.00    1.30910   1.08086    2.669
 4508.00    0.77970   1.08133    2.669
 4509.00   -0.14426   1.08013    0.000
 4510.00   -1.44399   1.07802    0.000
 4511.00   -2.14866   1.07593    0.000
 4512.00   -1.52985   1.07434    0.000
 4513.00   -1.34304   1.07312    0.000
 4514.00   -0.82629   1.07183    0.000
 4515.00   -0.18399   1.07005    0.000
 4516.00    0.46083   1.06772    2.669
 4517.00   -0.39312   1.06506    0.000
 4518.00   -0.60437   1.06240    0.000
 4519.00   -0.22890   1.05999    0.000
 4520.00    0.24379   1.05793    2.669
 4521.00    1.12315   1.05624    2.669
 4522.00    1.11484   1.05485    2.669
 4523.00    1.11001   1.05359    2.669
 4524.00    1.25925   1.05220    2.669
 4525.00    1.22368   1.05036    2.669
 4526.00    1.02727   1.04783    2.669
 4527.00    0.88554   1.04452    2.669
 4528.00    0.73407   1.04055    2.669
 4529.00    0.17950   1.03622    2.669
 4530.00    0.03773   1.03203    2.669
 4531.00    0.53524   1.02850    2.669
 4532.00    0.80699   1.02592    2.669
 4533.00    1.34889   1.02426    2.669
 4534.00    0.57907   1.02329    2.669
 4535.00    0.10258   1.02301    2.669
 4536.00    1.50300   1.02385    2.669
 4537.00    1.68744   1.02643    2.669
 4538.00    1.82526   1.03108    2.669
 4539.00    1.06095   1.03736    2.669
 4540.00    0.19302   1.04410    2.669
 4541.00    0.54534   1.04998    2.669
 4542.00    0.60642   1.05409    2.669
 4543.00   -0.90688   1.05625    0.000
 4544.00   -0.87309   1.05674    0.000
 4545.00   -0.80090   1.05594    0.000
 4546.00    0.21212   1.05392    2.669
 4547.00    0.88036   1.05055    2.669
 4548.00    1.98864   1.04579    2.669
 4549.00    2.02161   1.04003    2.669
 4550.00    1.48242   1.03409    2.669
 4551.00    1.64653   1.02901    2.669
 4552.00    1.84459   1.02553    2.669
 4553.00   -0.31748   1.02382    0.000
 4554.00   -1.07418   1.02346    0.000
 4555.00   -0.21652   1.02389    0.000
 4556.00   -0.47568   1.02497    0.000
 4557.00   -1.06984   1.02701    0.000
 4558.00    0.72372   1.03045    2.669
 4559.00    1.98608   1.03530    2.669
 4560.00    1.73378   1.04093    2.669
 4561.00    1.62062   1.04630    2.669
 4562.00    1.20589   1.05036    2.669
 4563.00    1.02827   1.05250    2.669
 4564.00    0.79989   1.05274    2.669
 4565.00    0.15487   1.05163    2.669
 4566.00   -0.08524   1.05007    0.000
 4567.00    1.80076   1.04892    2.669
 4568.00    1.61527   1.04870    2.669
 4569.00    1.15688   1.04936    2.669
 4570.00    0.80627   1.05029    2.669
 4571.00    0.54421   1.05071    2.669
 4572.00    0.92957   1.05013    2.669
 4573.00    0.78694   1.04870    2.669
 4574.00   -0.50340   1.04707    0.000
 4575.00    0.09775   1.04599    2.669
 4576.00    0.91825   1.04580    2.669
 4577.00    0.66753   1.04620    2.669
 4578.00    0.56316   1.04643    2.669
 4579.00    0.09640   1.04562    2.669
 4580.00    0.41119   1.04324    2.669
 4581.00    1.26110   1.03926    2.669
 4582.00    0.82886   1.03423    2.669
 4583.00    0.48458   1.02907    2.669
 4584.00    1.85424   1.02466    2.669
 4585.00    2.06384   1.02161    2.669
 4586.00    1.69945   1.02010    2.669
 4587.00    1.54995   1.02003    2.669
 4588.00    1.33235   1.02113    2.669
 4589.00    0.79979   1.02304    2.669
 4590.00    0.56101   1.02536    2.669
 4591.00    2.12743   1.02761    2.669
 4592.00    1.59185   1.02941    2.669
 4593.00   -0.06746   1.03057    0.000
 4594.00    0.07907   1.03119    2.669
 4595.00    0.20338   1.03156    2.669
 4596.00    1.39279   1.03206    2.669
 4597.00    1.55143   1.03298    2.669
 4598.00    0.78384   1.03432    2.669
 4599.00    0.45013   1.03582    2.669
 4600.00   -0.06834   1.03703    0.000
 4601.00    0.79387   1.03751    2.669
 4602.00    1.20754   1.03709    2.669
 4603.00    0.51339   1.03598    2.669
 4604.00    0.71738   1.03463    2.669
 4605.00    1.44856   1.03358    2.669
 4606.00    1.31199   1.03321    2.669
 4607.00    1.18909   1.03371    2.669
 4608.00    1.32215   1.03511    2.669
 4609.00    1.36674   1.03728    2.669
 4610.00    1.49682   1.03991    2.669
 4611.00    1.14744   1.04249    2.669
 4612.00    0.56998   1.04447    2.669
 4613.00   -0.19124   1.04544    0.000
 4614.00   -0.58311   1.04531    0.000
 4615.00   -0.58395   1.04431    0.000
 4616.00   -0.36072   1.04283    0.000
 4617.00    0.39729   1.04120    2.669
 4618.00    1.04668   1.03966    2.669
 4619.00    1.66875   1.03841    2.669
 4620.00    0.78174   1.03763    2.669
 4621.00    0.57114   1.03757    2.669
 4622.00    0.80254   1.03833    2.669
 4623.00    0.57884   1.03979    2.669
 4624.00    0.18342   1.04156    2.669
 4625.00    0.53233   1.04308    2.669
 4626.00    0.72435   1.04380    2.669
 4627.00    1.74150   1.04339    2.669
 4628.00    1.79254   1.04190    2.669
 4629.00    1.69199   1.03971    2.669
 4630.00    0.87415   1.03739    2.669
 4631.00    0.04181   1.03550    2.669
 4632.00    0.64045   1.03434    2.669
 4633.00    0.81468   1.03380    2.669
 4634.00    0.88490   1.03348    2.669
 4635.00    0.81646   1.03285    2.669
 4636.00    0.68721   1.03159    2.669
 4637.00    0.90029   1.02974    2.669
 4638.00    1.02550   1.02769    2.669
 4639.00    0.54590   1.02598    2.669
 4640.00    0.54683   1.02507    2.669
 4641.00    0.73698   1.02513    2.669
 4642.00    0.50719   1.02604    2.669
 4643.00    0.25871   1.02743    2.669
 4644.00    0.56887   1.02875    2.669
 4645.00    0.68883   1.02942    2.669
 4646.00    1.17116   1.02899    2.669
 4647.00    1.36403   1.02739    2.669
 4648.00    1.75376   1.02506    2.669
 4649.00    1.55690   1.02282    2.669
 4650.00    1.43328   1.02155    2.669
 4651.00    2.18477   1.02175   -1.000
 4652.00    1.91532   1.02324    2.669
 4653.00    0.31657   1.02533    2.669
 4654.00    0.17335   1.02715    2.669
 4655.00    0.00846   1.02816    2.669
 4656.00    0.95575   1.02839    2.669
 4657.00    1.24856   1.02843    2.669
 4658.00    0.48509   1.02909    2.669
 4659.00    0.71046   1.03091    2.669
 4660.00    1.19958   1.03383    2.669
 4661.00    1.32514   1.03712    2.669
 4662.00    1.40915   1.03969    2.669
 4663.00    1.13303   1.04056    2.669
 4664.00    1.02328   1.03922    2.669
 4665.00    0.65613   1.03571    2.669
 4666.00    0.48099   1.03046    2.669
 4667.00    0.26667   1.02418    2.669
 4668.00    0.39758   1.01767    2.669
 4669.00    0.45321   1.01187    2.669
 4670.00    0.92975   1.00770    2.669
 4671.00    0.94955   1.00580    2.669
 4672.00    0.99569   1.00631    2.669
 4673.00    0.74730   1.00872    2.669
 4674.00    0.57036   1.01216    2.669
 4675.00    1.03045   1.01568    2.669
 4676.00    0.93180   1.01855    2.669
 4677.00   -0.01996   1.02035    0.000
 4678.00    0.61728   1.02086    2.669
 4679.00    1.44642   1.02003    2.669
 4680.00    1.02787   1.01805    2.669
 4681.00    0.86278   1.01534    2.669
 4682.00    0.59347   1.01251    2.669
 4683.00    0.67463   1.01020    2.669
 4684.00    0.87808   1.00882    2.669
 4685.00    0.81741   1.00845    2.669
 4686.00    0.77134   1.00887    2.669
 4687.00    0.21864   1.00974    2.669
 4688.00    0.06278   1.01072    2.669
 4689.00   -0.32086   1.01160    0.000
 4690.00   -0.35394   1.01227    0.000
 4691.00   -0.39982   1.01265    0.000
 4692.00    0.54738   1.01270    2.669
 4693.00    0.94731   1.01247    2.669
 4694.00    0.56940   1.01206    2.669
 4695.00    0.53379   1.01162    2.669
 4696.00    0.45148   1.01121    2.669
 4697.00    0.95916   1.01070    2.669
 4698.00    1.36835   1.00981    2.669
 4699.00    0.89439   1.00825    2.669
 4700.00    0.75541   1.00592    2.669
 4701.00    0.41384   1.00297    2.669
 4702.00    0.29377   0.99982    2.669
 4703.00    0.11685   0.99700    2.669
 4704.00   -0.03809   0.99491    0.000
 4705.00   -0.10851   0.99374    0.000
 4706.00   -0.18417   0.99332    0.000
 4707.00   -0.27722   0.99323    0.000
 4708.00   -0.54256   0.99294    0.000
 4709.00   -0.41566   0.99208    0.000
 4710.00   -0.30672   0.99062    0.000
 4711.00    0.61468   0.98875    2.669
 4712.00    0.74387   0.98682    2.669
 4713.00    0.13908   0.98509    2.669
 4714.00    0.38360   0.98382    2.669
 4715.00    0.76818   0.98334    2.669
 4716.00    1.06541   0.98405    2.669
 4717.00    1.21057   0.98629    2.669
 4718.00   -0.25574   0.99006    0.000
 4719.00    0.08087   0.99489    2.669
 4720.00    1.36544   0.99999    2.669
 4721.00    0.85797   1.00448    2.669
 4722.00    0.39413   1.00779    2.669
 4723.00    0.74018   1.00975    2.669
 4724.00    0.82296   1.01056    2.669
