 3103.00    1.01227   0.83658    2.160
 3104.00    0.60599   0.84113    2.160
 3105.00    0.20404   0.84230    2.160
 3106.00    0.24875   0.84257    2.160
 3107.00    0.45730   0.84260    2.160
 3108.00    0.45730   0.84260    2.160
 3109.00    0.14737   0.84260    2.160
 3110.00    0.09282   0.84260    2.160
 3111.00   -0.19794   0.84260    0.000
 3112.00   -0.46163   0.84260    0.000
 3113.00   -0.20523   0.84260    0.000
 3114.00    0.83173   0.84260    2.160
 3115.00    0.83173   0.84258    2.160
 3116.00    1.38038   0.84244    2.160
 3117.00    1.46087   0.84182    2.160
 3118.00    1.24282   0.83941    2.160
 3119.00    1.06143   0.83384    2.160
 3120.00    0.84253   0.82430    2.160
 3121.00    0.06517   0.81269    2.160
 3122.00    0.06517   0.80308    2.160
 3123.00    0.86649   0.79719    2.160
 3124.00    0.96195   0.79466    2.160
 3125.00    0.71383   0.79398    2.160
 3126.00    0.52464   0.79382    2.160
 3127.00    0.41224   0.79380    2.160
 3128.00    0.05915   0.79380    2.160
 3129.00    0.05915   0.79380    2.160
 3130.00   -0.61342   0.79380    0.000
 3131.00   -0.67567   0.79380    0.000
 3132.00   -0.69213   0.79380    0.000
 3133.00   -0.70361   0.79380    0.000
 3134.00   -0.26082   0.79380    0.000
 3135.00    0.98036   0.79380    2.160
 3136.00    0.98036   0.79384    2.160
 3137.00    0.38098   0.79402    2.160
 3138.00    0.34052   0.79472    2.160
 3139.00    0.57538   0.79631    2.160
 3140.00    0.72500   0.79902    2.160
 3141.00    0.73385   0.80232    2.160
 3142.00    0.75609   0.80506    2.160
 3143.00    0.75609   0.80675    2.160
 3144.00    0.81397   0.80748    2.160
 3145.00    0.81647   0.80768    2.160
 3146.00    0.43964   0.80773    2.160
 3147.00    0.22053   0.80774    2.160
 3148.00    0.29159   0.80774    2.160
 3149.00    0.45263   0.80774    2.160
 3150.00    0.45263   0.80774    2.160
 3151.00    0.66525   0.80774    2.160
 3152.00    0.66959   0.80774    2.160
 3153.00    0.44744   0.80774    2.160
 3154.00    0.32994   0.80774    2.160
 3155.00    0.29903   0.80776    2.160
 3156.00    0.23567   0.80796    2.160
 3157.00    0.23300   0.80875    2.160
 3158.00   -1.32194   0.81181    0.000
 3159.00   -1.32194   0.81876    0.000
 3160.00    0.45474   0.83050    2.160
 3161.00    1.30808   0.84476    2.160
 3162.00    1.45023   0.85668    2.160
 3163.00    1.71495   0.86406    2.160
 3164.00    1.67724   0.86727    2.160
 3165.00    0.10614   0.86820    2.160
 3166.00    0.10614   0.86841    2.160
 3167.00    0.38906   0.86844    2.160
 3168.00    0.51189   0.86844    2.160
 3169.00    0.86026   0.86845    2.160
 3170.00    1.45064   0.86845    2.160
 3171.00    1.47204   0.86845    2.160
 3172.00    1.92711   0.86844    2.160
 3173.00    1.92711   0.86844    2.160
 3174.00    1.22403   0.86844    2.160
 3175.00    0.94892   0.86839    2.160
 3176.00    0.65012   0.86797    2.160
 3177.00    0.18780   0.86628    2.160
 3178.00    0.22059   0.85986    2.160
 3179.00    0.68157   0.84538    2.160
 3180.00    0.68157   0.82097    2.160
 3181.00    0.19774   0.79143    2.160
 3182.00    0.02817   0.76663    2.160
 3183.00   -0.05435   0.75117    0.000
 3184.00   -0.17102   0.74443    0.000
 3185.00   -0.10278   0.74241    0.000
 3186.00    0.60325   0.74194    2.160
 3187.00    0.60325   0.74188    2.160
 3188.00   -0.24004   0.74188    0.000
 3189.00   -0.50348   0.74187    0.000
 3190.00   -0.69332   0.74187    0.000
 3191.00   -0.93886   0.74187    0.000
 3192.00   -0.78925   0.74187    0.000
 3193.00    0.42294   0.74187    2.160
 3194.00    0.42294   0.74188    2.160
 3195.00    0.49865   0.74192    2.160
 3196.00    0.51955   0.74221    2.160
 3197.00    0.30460   0.74342    2.160
 3198.00    0.04974   0.74786    2.160
 3199.00    0.07952   0.75783    2.160
 3200.00    0.27646   0.77460    2.160
 3201.00    0.27646   0.79483    2.160
 3202.00    0.77861   0.81190    2.160
 3203.00    0.90011   0.82260    2.160
 3204.00    1.56611   0.82729    2.160
 3205.00    2.29049   0.82873   -1.000
 3206.00    1.97717   0.82907    2.160
 3207.00    0.24367   0.82912    2.160
 3208.00    0.24367   0.82912    2.160
 3209.00   -0.07759   0.82912    0.000
 3210.00   -0.14484   0.82912    0.000
 3211.00    0.41794   0.82912    2.160
 3212.00    0.97908   0.82912    2.160
 3213.00    0.99694   0.82912    2.160
 3214.00    1.08142   0.82911    2.160
 3215.00    1.08142   0.82905    2.160
 3216.00    1.07611   0.82857    2.160
 3217.00    1.07517   0.82661    2.160
 3218.00    1.38555   0.81957    2.160
 3219.00    1.66924   0.80386    2.160
 3220.00    1.62765   0.77748    2.160
 3221.00    1.45736   0.74578    2.160
 3222.00    1.45736   0.71890    2.160
 3223.00    0.50903   0.70194    2.160
 3224.00    0.36747   0.69448    2.160
 3225.00    0.95227   0.69212    2.160
 3226.00    1.44257   0.69157    2.160
 3227.00    1.35409   0.69149    2.160
 3228.00    1.03624   0.69148    2.160
 3229.00    1.03624   0.69148    2.160
 3230.00    0.17184   0.69148    2.160
 3231.00    0.06675   0.69148    2.160
 3232.00    0.39883   0.69148    2.160
 3233.00    0.65381   0.69148    2.160
 3234.00    1.04193   0.69150    2.160
 3235.00    2.27436   0.69162   -1.000
 3236.00    2.27436   0.69255   -1.000
 3237.00    0.72908   0.69632    2.160
 3238.00    0.58244   0.70950    2.160
 3239.00    0.43223   0.73874    2.160
 3240.00    0.32661   0.78777    2.160
 3241.00    0.15679   0.84648    2.160
 3242.00   -0.32410   0.89653    0.000
 3243.00   -0.32410   0.92827    0.000
 3244.00    0.55489   0.94231    2.160
 3245.00    0.61593   0.94688    2.160
 3246.00    1.12781   0.94793    2.160
 3247.00    1.45660   0.94810    2.160
 3248.00    1.21778   0.94812    2.160
 3249.00    0.61184   0.94812    2.160
 3250.00    0.61184   0.94812    2.160
 3251.00    0.50830   0.94812    2.160
 3252.00    0.50359   0.94812    2.160
 3253.00    0.27306   0.94812    2.160
 3254.00    0.13788   0.94813    2.160
 3255.00    0.08792   0.94820    2.160
 3256.00   -0.02636   0.94878    0.000
 3257.00   -0.02636   0.95108    0.000
 3258.00   -0.08535   0.95895    0.000
 3259.00   -0.08668   0.97631    0.000
 3260.00    0.24945   1.00535    2.160
 3261.00    0.42878   1.04001    2.160
 3262.00    0.49770   1.06971    2.160
 3263.00    0.64025   1.08866    2.160
 3264.00    0.64025   1.09707    2.160
 3265.00    1.28653   1.09988    2.160
 3266.00    1.28669   1.10052    2.160
 3267.00    0.88181   1.10063    2.160
 3268.00    0.68560   1.10064    2.160
 3269.00    0.84875   1.10064    2.160
 3270.00    1.15489   1.10064    2.160
 3271.00    1.14956   1.10064    2.160
 3272.00    0.90701   1.10064    2.160
 3273.00    0.90701   1.10064    2.160
 3274.00    0.55807   1.10064    2.160
 3275.00    0.40517   1.10063    2.160
 3276.00    0.79189   1.10055    2.160
 3277.00    1.45280   1.10024    2.160
 3278.00    1.43027   1.09918    2.160
 3279.00    0.92846   1.09687    2.160
 3280.00    0.92846   1.09300    2.160
 3281.00    1.05410   1.08840    2.160
 3282.00    1.10375   1.08445    2.160
 3283.00    0.83520   1.08191    2.160
 3284.00    0.41627   1.08077    2.160
 3285.00    0.46340   1.08039    2.160
 3286.00    1.14466   1.08030    2.160
 3287.00    1.14466   1.08028    2.160
 3288.00    1.65851   1.08028    2.160
 3289.00    1.84044   1.08028    2.160
 3290.00    1.18046   1.08028    2.160
 3291.00    0.23993   1.08028    2.160
 3292.00    0.28421   1.08028    2.160
 3293.00    0.75376   1.08028    2.160
 3294.00    0.75376   1.08028    2.160
 3295.00    0.74216   1.08025    2.160
 3296.00    0.73850   1.08008    2.160
 3297.00    0.63054   1.07938    2.160
 3298.00    0.48980   1.07711    2.160
 3299.00    0.48453   1.07216    2.160
 3300.00    0.44094   1.06390    2.160
 3301.00    0.44094   1.05411    2.160
 3302.00    1.19348   1.04565    2.160
 3303.00    1.40359   1.04018    2.160
 3304.00    1.24143   1.03774    2.160
 3305.00    1.04764   1.03688    2.160
 3306.00    0.99457   1.03668    2.160
 3307.00    0.63756   1.03665    2.160
 3308.00    0.63756   1.03664    2.160
 3309.00    0.78549   1.03664    2.160
 3310.00    0.82173   1.03664    2.160
 3311.00    0.76644   1.03664    2.160
 3312.00    0.70589   1.03659    2.160
 3313.00    0.67414   1.03639    2.160
 3314.00    0.49582   1.03575    2.160
 3315.00    0.49582   1.03437    2.160
 3316.00    1.01228   1.03208    2.160
 3317.00    1.12187   1.02937    2.160
 3318.00    1.06166   1.02702    2.160
 3319.00    1.00117   1.02557    2.160
 3320.00    0.92162   1.02530    2.160
 3321.00    0.54030   1.02676    2.160
 3322.00    0.54030   1.03208    2.160
 3323.00    1.01177   1.04422    2.160
 3324.00    1.09714   1.06419    2.160
 3325.00    0.82026   1.08714    2.160
 3326.00    0.56520   1.10270    2.160
 3327.00    0.55607   1.10539    2.160
 3328.00    0.51821   1.09950    2.160
 3329.00    0.51821   1.09703    2.160
 3330.00    0.19284   1.10567    2.160
 3331.00    0.14343   1.12040    2.160
 3332.00    0.62137   1.12812    2.160
 3333.00    1.02525   1.11586    2.160
 3334.00    0.80530   1.08267    2.160
 3335.00    0.00614   1.03947    2.160
 3336.00    0.00614   1.00441    2.160
 3337.00    0.72097   0.99107    2.160
 3338.00    0.80963   0.99952    2.160
 3339.00    0.90535   1.02059    2.160
 3340.00    0.97943   1.04187    2.160
 3341.00    1.12230   1.06023    2.160
 3342.00    1.58086   1.07878    2.160
 3343.00    1.58086   1.10224    2.160
 3344.00    1.81045   1.12898    2.160
 3345.00    1.83278   1.14940    2.160
 3346.00    1.52822   1.15272    2.160
 3347.00    1.31235   1.13304    2.160
 3348.00    1.30647   1.09805    2.160
 3349.00    1.28967   1.06370    2.160
 3350.00    1.28967   1.04831    2.160
 3351.00    0.57870   1.05736    2.160
 3352.00    0.52773   1.08474    2.160
 3353.00    1.07621   1.11657    2.160
 3354.00    1.43141   1.14131    2.160
 3355.00    1.34586   1.15111    2.160
 3356.00    1.12672   1.13825    2.160
 3357.00    1.12672   1.09662    2.160
 3358.00    1.25566   1.02756    2.160
 3359.00    1.26179   0.94516    2.160
 3360.00    1.34249   0.87651    2.160
 3361.00    1.39020   0.84551    2.160
 3362.00    1.40515   0.86300    2.160
 3363.00    1.43965   0.91611    2.160
 3364.00    1.43965   0.97623    2.160
 3365.00    1.12357   1.01342    2.160
 3366.00    1.11590   1.01211    2.160
 3367.00    1.04055   0.97813    2.160
 3368.00    1.00000   0.92918    2.160
 3369.00    0.98362   0.88571    2.160
 3370.00    0.94944   0.85763    2.160
 3371.00    0.94944   0.84960    2.160
 3372.00    0.33020   0.86254    2.160
 3373.00    0.32883   0.89726    2.160
 3374.00    0.52240   0.95090    2.160
 3375.00    0.61704   1.01055    2.160
 3376.00    0.37382   1.05646    2.160
 3377.00   -0.08650   1.07095    0.000
 3378.00   -0.05313   1.05051    0.000
 3379.00    1.62230   1.01149    2.160
 3380.00    1.62230   0.97719    2.160
 3381.00   -0.18062   0.96710    0.000
 3382.00   -0.97796   0.98287    0.000
 3383.00   -0.50375   1.01566    0.000
 3384.00    0.31352   1.05144    2.160
 3385.00    0.31800   1.08146    2.160
 3386.00    0.42270   1.10105    2.160
 3387.00    0.42270   1.11088    2.160
 3388.00    0.89454   1.11228    2.160
 3389.00    1.08276   1.10610    2.160
 3390.00    1.29928   1.09107    2.160
 3391.00    1.63949   1.06708    2.160
 3392.00    1.61080   1.04034    2.160
 3393.00    1.18224   1.02300    2.160
 3394.00    1.18224   1.02704    2.160
 3395.00    0.61353   1.05721    2.160
 3396.00    0.41014   1.10719    2.160
 3397.00    0.82387   1.16461    2.160
 3398.00    1.41826   1.21444    2.160
 3399.00    1.33849   1.24475    2.160
 3400.00    0.47116   1.25054    2.160
 3401.00    0.47116   1.23481    2.160
 3402.00    0.92328   1.20544    2.160
 3403.00    1.06739   1.17195    2.160
 3404.00    1.23770   1.13934    2.160
 3405.00    1.46151   1.11035    2.160
 3406.00    1.29354   1.08578    2.160
 3407.00   -0.12374   1.06695    0.000
 3408.00   -0.12374   1.05640    0.000
 3409.00    0.97008   1.05489    2.160
 3410.00    1.27898   1.05895    2.160
 3411.00    1.33884   1.06022    2.160
 3412.00    1.41095   1.05176    2.160
 3413.00    1.44282   1.03339    2.160
 3414.00    1.66100   1.01580    2.160
 3415.00    1.66100   1.01281    2.160
 3416.00    1.09286   1.03350    2.160
 3417.00    0.95196   1.07678    2.160
 3418.00    1.31191   1.13006    2.160
 3419.00    1.70922   1.17833    2.160
 3420.00    1.64339   1.20540    2.160
 3421.00    1.26793   1.20625    2.160
 3422.00    1.26793   1.18494    2.160
 3423.00    0.73177   1.15712    2.160
 3424.00    0.61646   1.13653    2.160
 3425.00    0.68996   1.13158    2.160
 3426.00    0.76439   1.14195    2.160
 3427.00    0.86145   1.16432    2.160
 3428.00    1.33234   1.19402    2.160
 3429.00    1.33234   1.22186    2.160
 3430.00    0.85623   1.23424    2.160
 3431.00    0.76872   1.22425    2.160
 3432.00    0.92696   1.19512    2.160
 3433.00    1.07388   1.16360    2.160
 3434.00    0.98509   1.14309    2.160
 3435.00    0.61237   1.13440    2.160
 3436.00    0.61237   1.12630    2.160
 3437.00    0.93533   1.10403    2.160
 3438.00    0.98521   1.05962    2.160
 3439.00    0.99468   0.99593    2.160
 3440.00    1.00275   0.92580    2.160
 3441.00    1.01405   0.86510    2.160
 3442.00    1.05558   0.83039    2.160
 3443.00    1.05558   0.82667    2.160
 3444.00    1.41457   0.85239    2.160
 3445.00    1.45987   0.89720    2.160
 3446.00    1.52216   0.95206    2.160
 3447.00    1.57075   1.00928    2.160
 3448.00    1.56731   1.06394    2.160
 3449.00    1.55614   1.10862    2.160
 3450.00    1.55614   1.13531    2.160
 3451.00    0.54971   1.14048    2.160
 3452.00    0.44947   1.13036    2.160
 3453.00    1.00010   1.11610    2.160
 3454.00    1.39354   1.10688    2.160
 3455.00    1.27721   1.10018    2.160
 3456.00    0.94149   1.08741    2.160
 3457.00    0.94149   1.06208    2.160
 3458.00    0.95183   1.02580    2.160
 3459.00    0.95260   0.98966    2.160
 3460.00    0.44684   0.96505    2.160
 3461.00    0.11661   0.96225    2.160
 3462.00    0.43703   0.98076    2.160
 3463.00    1.26588   1.01318    2.160
 3464.00    1.26588   1.04550    2.160
 3465.00    1.76066   1.07036    2.160
 3466.00    1.78526   1.08732    2.160
 3467.00    1.33865   1.10397    2.160
 3468.00    1.07236   1.12460    2.160
 3469.00    0.77692   1.14504    2.160
 3470.00    0.08931   1.15542    2.160
 3471.00    0.08931   1.14524    2.160
 3472.00    0.81731   1.11130    2.160
 3473.00    0.83646   1.05852    2.160
 3474.00    1.14561   1.00109    2.160
 3475.00    1.31340   0.95534    2.160
 3476.00    1.40441   0.93687    2.160
 3477.00    1.59600   0.94874    2.160
 3478.00    1.59600   0.98393    2.160
 3479.00    1.35060   1.02533    2.160
 3480.00    1.34958   1.05749    2.160
 3481.00    0.71165   1.07184    2.160
 3482.00    0.39733   1.07098    2.160
 3483.00    0.87011   1.06447    2.160
 3484.00    1.77269   1.06400    2.160
 3485.00    1.75572   1.07503    2.160
 3486.00    0.80712   1.09162    2.160
 3487.00    0.80712   1.10075    2.160
 3488.00    0.63298   1.09018    2.160
 3489.00    0.55526   1.06091    2.160
 3490.00    0.69415   1.02491    2.160
 3491.00    0.93553   0.99848    2.160
 3492.00    0.93810   0.98860    2.160
 3493.00    1.00140   0.99094    2.160
 3494.00    1.00140   0.99534    2.160
 3495.00    0.86632   0.99613    2.160
 3496.00    0.81191   0.99936    2.160
 3497.00    1.12123   1.01664    2.160
 3498.00    1.61126   1.05537    2.160
 3499.00    1.63449   1.11030    2.160
 3500.00    1.99345   1.16586    2.160
 3501.00    1.99345   1.21099    2.160
 3502.00    1.31637   1.23924    2.160
 3503.00    1.07178   1.25316    2.160
 3504.00    1.20542   1.25427    2.160
 3505.00    1.39897   1.24395    2.160
 3506.00    1.39501   1.22584    2.160
 3507.00    1.35098   1.20375    2.160
 3508.00    1.35098   1.18032    2.160
 3509.00    1.43259   1.15485    2.160
 3510.00    1.45888   1.12718    2.160
 3511.00    1.49247   1.09706    2.160
 3512.00    1.53697   1.06982    2.160
 3513.00    1.55056   1.05166    2.160
 3514.00    1.66766   1.05206    2.160
 3515.00    1.66766   1.07753    2.160
 3516.00    0.99098   1.12409    2.160
 3517.00    0.79771   1.17658    2.160
 3518.00    1.09451   1.21351    2.160
 3519.00    1.45485   1.21856    2.160
 3520.00    1.58329   1.19017    2.160
 3521.00    2.47840   1.13784    2.160
 3522.00    2.47840   1.07741    2.160
 3523.00    1.77278   1.02076    2.160
 3524.00    1.59589   0.97886    2.160
 3525.00    1.44058   0.95974    2.160
 3526.00    1.26781   0.97018    2.160
 3527.00    1.25979   1.00903    2.160
 3528.00    1.21334   1.06540    2.160
 3529.00    1.21334   1.12067    2.160
 3530.00    1.63003   1.16065    2.160
 3531.00    1.72085   1.18108    2.160
 3532.00    1.88682   1.19097    2.160
 3533.00    2.05623   1.20018    2.160
 3534.00    1.85059   1.21513    2.160
 3535.00    0.83903   1.23455    2.160
 3536.00    0.83903   1.25454    2.160
 3537.00    1.37591   1.27418    2.160
 3538.00    1.47607   1.29210    2.160
 3539.00    1.40731   1.30535    2.160
 3540.00    1.34298   1.31127    2.160
 3541.00    1.41361   1.30946    2.160
 3542.00    1.71389   1.30598    2.160
 3543.00    1.71389   1.30643    2.160
 3544.00    1.26896   1.31140    2.160
 3545.00    1.19908   1.31681    2.160
 3546.00    1.27434   1.31706    2.160
 3547.00    1.33894   1.31211    2.160
 3548.00    1.42647   1.30433    2.160
 3549.00    1.75148   1.29649    2.160
 3550.00    1.75148   1.28723    2.160
 3551.00    1.71606   1.27380    2.160
 3552.00    1.71150   1.25475    2.160
 3553.00    1.56691   1.23388    2.160
 3554.00    1.45321   1.21814    2.160
 3555.00    1.39762   1.21142    2.160
 3556.00    1.21527   1.21277    2.160
 3557.00    1.21527   1.21716    2.160
 3558.00    1.70297   1.21994    2.160
 3559.00    1.75270   1.22304    2.160
 3560.00    1.22840   1.22825    2.160
 3561.00    0.85113   1.23503    2.160
 3562.00    0.91090   1.23424    2.160
 3563.00    1.08516   1.21334    2.160
 3564.00    1.08516   1.16844    2.160
 3565.00    1.10227   1.10675    2.160
 3566.00    1.10357   1.04702    2.160
 3567.00    1.12021   1.00070    2.160
 3568.00    1.13116   0.97044    2.160
 3569.00    1.07973   0.95231    2.160
 3570.00    0.94541   0.94326    2.160
 3571.00    0.94541   0.94613    2.160
 3572.00    1.42406   0.96250    2.160
 3573.00    1.44889   0.98719    2.160
 3574.00    1.14650   1.01316    2.160
 3575.00    0.96470   1.03187    2.160
 3576.00    0.93817   1.03761    2.160
 3577.00    0.87585   1.02661    2.160
 3578.00    0.87585   0.99752    2.160
 3579.00    1.43359   0.95277    2.160
 3580.00    1.44941   0.90255    2.160
 3581.00    1.01862   0.85725    2.160
 3582.00    0.78280   0.82577    2.160
 3583.00    0.63357   0.80732    2.160
 3584.00    0.31656   0.79737    2.160
 3585.00    0.31656   0.79202    2.160
 3586.00    1.23801   0.79416    2.160
 3587.00    1.24344   0.81099    2.160
 3588.00    1.02559   0.84785    2.160
 3589.00    0.91730   0.90401    2.160
 3590.00    0.81972   0.97066    2.160
 3591.00    0.63183   1.03652    2.160
 3592.00    0.63272   1.09217    2.160
 3593.00    0.68899   1.13687    2.160
 3594.00    0.68899   1.17538    2.160
 3595.00    0.68190   1.21500    2.160
 3596.00    0.67871   1.25695    2.160
 3597.00    1.00731   1.29710    2.160
 3598.00    1.58326   1.32898    2.160
 3599.00    1.57360   1.34474    2.160
 3600.00    1.32299   1.33831    2.160
 3601.00    1.32299   1.30736    2.160
 3602.00    1.23150   1.25624    2.160
 3603.00    1.19434   1.19709    2.160
 3604.00    1.39269   1.14445    2.160
 3605.00    1.70951   1.10632    2.160
 3606.00    1.66092   1.08129    2.160
 3607.00    0.88363   1.06191    2.160
 3608.00    0.88363   1.04543    2.160
 3609.00    1.51382   1.03560    2.160
 3610.00    1.74376   1.03984    2.160
 3611.00    1.91913   1.06166    2.160
 3612.00    2.17517   1.09556    2.160
 3613.00    2.13468   1.13393    2.160
 3614.00    1.67263   1.16627    2.160
 3615.00    1.67263   1.18201    2.160
 3616.00    1.59979   1.17312    2.160
 3617.00    1.57607   1.13873    2.160
 3618.00    1.15528   1.09323    2.160
 3619.00    0.59343   1.06265    2.160
 3620.00    0.62386   1.06554    2.160
 3621.00    0.89158   1.10831    2.160
 3622.00    0.89158   1.17748    2.160
 3623.00    0.52520   1.25755    2.160
 3624.00    0.41937   1.33699    2.160
 3625.00    0.86866   1.40946    2.160
 3626.00    1.41843   1.46667    2.160
 3627.00    1.35300   1.49500    2.160
 3628.00    0.88982   1.48042    2.160
 3629.00    0.88982   1.41857    2.160
 3630.00    1.87978   1.32386    2.160
 3631.00    2.13098   1.22693    2.160
 3632.00    1.96648   1.15642    2.160
 3633.00    1.78204   1.13048    2.160
 3634.00    1.74576   1.14598    2.160
 3635.00    1.53223   1.18926    2.160
 3636.00    1.53223   1.24504    2.160
 3637.00    0.68916   1.30477    2.160
 3638.00    0.50295   1.36148    2.160
 3639.00    1.24989   1.40820    2.160
 3640.00    2.01753   1.43580    2.160
 3641.00    1.98561   1.43613    2.160
 3642.00    1.82635   1.40958    2.160
 3643.00    1.82635   1.36358    2.160
 3644.00    1.21155   1.31020    2.160
 3645.00    1.09515   1.26010    2.160
 3646.00    1.37884   1.21949    2.160
 3647.00    1.64639   1.19305    2.160
 3648.00    1.71384   1.18554    2.160
 3649.00    2.00427   1.20161    2.160
 3650.00    2.00427   1.24238    2.160
 3651.00    1.96732   1.30204    2.160
 3652.00    1.96142   1.36992    2.160
 3653.00    1.56019   1.43333    2.160
 3654.00    1.21305   1.48681    2.160
 3655.00    1.36125   1.52954    2.160
 3656.00    1.91811   1.56637    2.160
 3657.00    1.91811   1.59997    2.160
 3658.00    1.61920   1.62766    2.160
 3659.00    1.57999   1.64536    2.160
 3660.00    1.31581   1.64772    2.160
 3661.00    1.10644   1.63451    2.160
 3662.00    1.06684   1.61023    2.160
 3663.00    0.93553   1.58304    2.160
 3664.00    0.93553   1.55958    2.160
 3665.00    0.83706   1.54220    2.160
 3666.00    0.82682   1.52744    2.160
 3667.00    1.28008   1.51061    2.160
 3668.00    1.60886   1.49179    2.160
 3669.00    1.72422   1.47788    2.160
 3670.00    2.06406   1.47794    2.160
 3671.00    2.06406   1.49431    2.160
 3672.00    1.22656   1.52033    2.160
 3673.00    1.16085   1.54338    2.160
 3674.00    0.86072   1.55102    2.160
 3675.00    0.66152   1.53585    2.160
 3676.00    0.83313   1.49889    2.160
 3677.00    1.28576   1.44769    2.160
 3678.00    1.28576   1.39505    2.160
 3679.00    1.90704   1.35543    2.160
 3680.00    1.94062   1.33795    2.160
 3681.00    1.97604   1.34236    2.160
 3682.00    1.99749   1.35879    2.160
 3683.00    1.53831   1.37115    2.160
 3684.00    0.44953   1.36669    2.160
 3685.00    0.44953   1.34291    2.160
 3686.00    0.98998   1.31107    2.160
 3687.00    1.00643   1.29195    2.160
 3688.00    1.26728   1.30171    2.160
 3689.00    1.41130   1.34493    2.160
 3690.00    1.46052   1.40834    2.160
 3691.00    1.56602   1.46958    2.160
 3692.00    1.56602   1.50880    2.160
 3693.00    1.59745   1.52102    2.160
 3694.00    1.59770   1.51469    2.160
 3695.00    1.62269   1.50614    2.160
 3696.00    1.63522   1.50974    2.160
 3697.00    1.60473   1.53150    2.160
 3698.00    1.54550   1.56640    2.160
 3699.00    1.53983   1.60019    2.160
 3700.00    1.13081   1.61569    2.160
 3701.00    1.13081   1.59722    2.160
 3702.00    1.17220   1.53875    2.160
 3703.00    1.19101   1.44744    2.160
 3704.00    1.37585   1.34289    2.160
 3705.00    1.70255   1.24844    2.160
 3706.00    1.70123   1.18370    2.160
 3707.00    1.66503   1.15575    2.160
 3708.00    1.66503   1.16352    2.160
 3709.00    1.11461   1.20116    2.160
 3710.00    0.88895   1.26247    2.160
 3711.00    1.02145   1.34053    2.160
 3712.00    1.23485   1.42513    2.160
 3713.00    1.22971   1.50125    2.160
 3714.00    1.14460   1.55243    2.160
 3715.00    1.14460   1.56638    2.160
 3716.00    1.78434   1.53734    2.160
 3717.00    2.02011   1.46632    2.160
 3718.00    1.65987   1.36338    0.000
 3719.00    1.13017   1.24674    0.000
 3720.00    1.16885   1.14190    0.000
 3721.00    1.62225   1.07712    0.000
 3722.00    1.62225   1.06779    0.000
 3723.00    1.50970   1.11156    0.000
 3724.00    1.47268   1.18639    0.000
 3725.00    1.34705   1.26139    0.000
 3726.00    1.17798   1.31447    0.000
 3727.00    1.16343   1.33982    0.000
 3728.00    1.03261   1.34258    0.000
 3729.00    1.03261   1.32759    0.000
 3730.00    1.09309   1.29367    0.000
 3731.00    1.11076   1.23405    0.000
 3732.00    1.47299   1.14831    0.000
 3733.00    1.91975   1.04903    0.000
 3734.00    1.88146   0.95825    0.000
 3735.00    1.60547   0.90210    0.000
 3736.00    1.60547   0.89802    0.000
 3737.00    0.98686   0.94875    0.000
 3738.00    0.82799   1.04069    2.160
 3739.00    1.16614   1.14794    2.160
 3740.00    1.54825   1.23920    2.160
 3741.00    1.47412   1.29113    2.160
 3742.00    1.03098   1.29439    2.160
 3743.00    1.03098   1.25537    2.160
 3744.00    0.49026   1.19032    2.160
 3745.00    0.36945   1.11704    2.160
 3746.00    0.76090   1.04630    2.160
 3747.00    1.16635   0.98597    2.160
 3748.00    1.09201   0.94540    2.160
 3749.00    0.71594   0.93673    2.160
 3750.00    0.71594   0.97134    2.160
 3751.00    0.98198   1.05026    2.160
 3752.00    1.03308   1.16031    2.160
 3753.00    1.01780   1.27888    2.160
 3754.00    1.00327   1.37767    2.160
 3755.00    0.92245   1.43191    2.160
 3756.00    0.56993   1.43274    2.160
 3757.00    0.56993   1.39016    2.160
 3758.00    1.43451   1.33031    2.160
 3759.00    1.57484   1.28132    2.160
 3760.00    1.60027   1.25803    2.160
 3761.00    1.62242   1.25832    2.160
 3762.00    1.51012   1.26928    2.160
 3763.00    1.08317   1.27898    2.160
 3764.00    1.08317   1.28064    2.160
 3765.00    1.44489   1.27362    2.160
 3766.00    1.49325   1.26206    2.160
 3767.00    1.54231   1.25145    2.160
 3768.00    1.58151   1.24703    2.160
 3769.00    1.52679   1.25372    2.160
 3770.00    1.34333   1.27477    2.160
 3771.00    1.34333   1.31053    2.160
 3772.00    1.12468   1.35670    2.160
 3773.00    1.10141   1.40610    2.160
 3774.00    1.35503   1.45133    2.160
 3775.00    1.54048   1.48918    2.160
 3776.00    1.46037   1.52126    2.160
 3777.00    1.22193   1.55270    2.160
 3778.00    1.22193   1.58832    2.160
 3779.00    2.01856   1.62860    2.160
 3780.00    2.08288   1.66961    2.160
 3781.00    2.14808   1.70474    2.160
 3782.00    2.19171   1.72684    2.160
 3783.00    1.94872   1.72778    2.160
 3784.00    1.30148   1.70018    2.160
 3785.00    1.30148   1.64390    2.160
 3786.00    1.71623   1.56778    2.160
 3787.00    1.73944   1.48648    2.160
 3788.00    2.16745   1.41700    2.160
 3789.00    2.42884   1.37034    2.160
 3790.00    2.48337   1.34564    2.160
 3791.00    2.61389   1.33312    2.160
 3792.00    2.61389   1.31852    2.160
 3793.00    1.82058   1.29156    2.160
 3794.00    1.79479   1.25059    2.160
 3795.00    1.58792   1.20003    2.160
 3796.00    1.47273   1.14874    0.000
 3797.00    1.26509   1.10852    0.000
 3798.00    0.81647   1.09245    0.000
 3799.00    0.81647   1.11081    0.000
 3800.00    0.51794   1.16592    0.000
 3801.00    0.51499   1.24946    0.000
 3802.00    0.67409   1.34336    0.000
 3803.00    0.75457   1.42656    2.160
 3804.00    1.00928   1.48375    2.160
 3805.00    1.50839   1.51149    2.160
 3806.00    1.51079   1.51985    2.160
 3807.00    1.71308   1.52477    2.160
 3808.00    1.71308   1.53759    2.160
 3809.00    1.11544   1.55775    2.160
 3810.00    0.84131   1.57262    2.160
 3811.00    0.95058   1.56612    2.160
 3812.00    1.14536   1.52967    2.160
 3813.00    1.15439   1.46823    2.160
 3814.00    1.41516   1.39812    2.160
 3815.00    1.41516   1.33807    2.160
 3816.00    1.42653   1.29824    2.160
 3817.00    1.43124   1.27551    2.160
 3818.00    1.39245   1.25756    2.160
 3819.00    1.32948   1.23584    2.160
 3820.00    1.33056   1.21178    2.160
 3821.00    1.34923   1.18946    2.160
 3822.00    1.34923   1.16971    2.160
 3823.00    1.31732   1.14728    2.160
 3824.00    1.30545   1.11664    2.160
 3825.00    1.21796   1.07923    2.160
 3826.00    1.08826   1.04248    2.160
 3827.00    1.09445   1.01598    2.160
 3828.00    1.16903   1.00322    2.160
 3829.00    1.16903   0.99796    2.160
 3830.00    1.09345   0.98885    2.160
 3831.00    1.06833   0.96725    2.160
 3832.00    1.35448   0.93419    2.160
 3833.00    1.74271   0.89852    0.000
 3834.00    1.67449   0.87103    0.000
 3835.00    1.04758   0.85929    0.000
 3836.00    1.04758   0.86295    0.000
 3837.00    1.01649   0.87623    0.000
 3838.00    1.00731   0.89631    0.000
 3839.00    1.09420   0.92643    0.000
 3840.00    1.20212   0.97255    0.000
 3841.00    1.17974   1.03852    0.000
 3842.00    1.01543   1.12051    2.160
 3843.00    1.01543   1.20747    2.160
 3844.00    0.24158   1.28625    2.160
 3845.00    0.04045   1.34843    2.160
 3846.00    0.25758   1.39192    2.160
 3847.00    0.50488   1.41741    2.160
 3848.00    0.50488   1.42898    2.160
 3849.00    0.50488   1.43232    2.160
 3850.00    0.50488   1.43330    2.160
 3851.00    0.50488   1.43597    2.160
 3852.00    0.50488   1.43909    2.160
 3853.00    0.50488   1.43687    2.160
 3854.00    0.50488   1.42497    2.160
 3855.00    0.50488   1.40216    2.160
 3856.00    0.50488   1.36973    2.160
 3857.00    0.50488   1.33209    2.160
 3858.00    0.50488   1.29834    2.160
 3859.00    1.09068   1.27983    2.160
 3860.00    1.37425   1.28586    2.160
 3861.00    1.37425   1.31904    2.160
 3862.00    1.37425   1.36964    0.000
 3863.00    1.37425   1.42049    0.000
 3864.00    1.37425   1.45698    0.000
 3865.00    1.37425   1.47320    0.000
 3866.00    1.37425   1.47194    0.000
 3867.00    1.37425   1.45900    0.000
 3868.00    1.37425   1.43894    0.000
 3869.00    1.37425   1.41274    0.000
 3870.00    1.37425   1.38273    0.000
 3871.00    1.37425   1.35679    0.000
 3872.00    1.09234   1.34517    2.160
 3873.00    1.05395   1.35373    2.160
 3874.00    1.21037   1.37852    2.160
 3875.00    1.33631   1.40278    2.160
 3876.00    1.46016   1.41025    2.160
 3877.00    1.87942   1.39698    2.160
 3878.00    1.87942   1.37097    2.160
 3879.00    1.00745   1.34370    2.160
 3880.00    0.91256   1.32498    2.160
 3881.00    0.87387   1.31549    2.160
 3882.00    0.84534   1.30927    0.000
 3883.00    1.05795   1.29864    0.000
 3884.00    1.69741   1.27599    0.000
 3885.00    1.69741   1.23928    0.000
 3886.00    1.76649   1.19562    0.000
 3887.00    1.77223   1.15885    0.000
 3888.00    1.65013   1.14523    0.000
 3889.00    1.56777   1.16663    0.000
 3890.00    1.65758   1.22234    0.000
 3891.00    1.89918   1.30014    0.000
 3892.00    1.89918   1.37933    2.160
 3893.00    1.30608   1.44416    2.160
 3894.00    1.27161   1.48921    2.160
 3895.00    1.16045   1.51849    2.160
 3896.00    1.09200   1.53810    2.160
 3897.00    1.30838   1.55355    2.160
 3898.00    1.83120   1.56793    2.160
 3899.00    1.83120   1.58124    2.160
 3900.00    2.44303   1.59287    2.160
 3901.00    2.46420   1.60038    2.160
 3902.00    2.28477   1.60063    2.160
 3903.00    2.18411   1.59370    2.160
 3904.00    1.80555   1.58423    2.160
 3905.00    0.98024   1.58151    2.160
 3906.00    0.98024   1.59612    2.160
 3907.00    1.54904   1.63333    2.160
 3908.00    1.55579   1.68834    2.160
 3909.00    2.04716   1.75010    2.160
 3910.00    2.29791   1.80755    2.160
 3911.00    2.23651   1.85146    2.160
 3912.00    2.11514   1.87700    2.160
 3913.00    2.10427   1.88420    2.160
 3914.00    1.00117   1.87580    2.160
 3915.00    1.00117   1.85450    2.160
 3916.00    1.24194   1.82303    2.160
 3917.00    1.35338   1.78260    2.160
 3918.00    1.79996   1.73471    2.160
 3919.00    2.60196   1.68252    2.160
 3920.00    2.57665   1.63247    2.160
 3921.00    1.79806   1.59287    2.160
 3922.00    1.79806   1.56751    2.160
 3923.00    0.97879   1.55170    2.160
 3924.00    0.63651   1.53320    2.160
 3925.00    0.68812   1.49801    2.160
 3926.00    0.77263   1.43493    2.160
 3927.00    0.86136   1.34198    2.160
 3928.00    2.44731   1.22623    2.160
 3929.00    2.44731   1.09855    2.160
 3930.00    1.82250   0.96983    2.160
 3931.00    1.58794   0.85028    2.160
 3932.00    1.63187   0.75158    2.160
 3933.00    1.69753   0.68593    2.160
 3934.00    1.62568   0.66391    2.160
 3935.00    0.73575   0.69106    2.160
 3936.00    0.73575   0.76459    2.160
 3937.00    0.47224   0.87344    2.160
 3938.00    0.38372   0.99948    2.160
 3939.00    0.86081   1.12324    2.160
 3940.00    1.51330   1.22953    2.160
 3941.00    1.41360   1.30973    2.160
 3942.00    0.47683   1.36498    2.160
 3943.00    0.47683   1.40684    2.160
 3944.00    0.82929   1.44755    2.160
 3945.00    0.93442   1.49422    2.160
 3946.00    0.75921   1.54737    2.160
 3947.00    0.53989   1.60182    2.160
 3948.00    0.67302   1.65324    2.160
 3949.00    1.66889   1.69908    2.160
 3950.00    1.66889   1.73629    2.160
 3951.00    1.45273   1.76406    2.160
 3952.00    1.39587   1.78355    2.160
 3953.00    1.68019   1.79517    2.160
 3954.00    2.00655   1.79755    2.160
 3955.00    1.94231   1.78991    2.160
 3956.00    1.54655   1.77299    2.160
 3957.00    1.54655   1.74651    2.160
 3958.00    1.54508   1.70627    2.160
 3959.00    1.54474   1.64534    2.160
 3960.00    1.79687   1.56089    2.160
 3961.00    2.06213   1.45713    0.000
 3962.00    1.91832   1.34333    0.000
 3963.00    1.16962   1.22803    0.000
 3964.00    1.16962   1.11485    0.000
 3965.00    1.22706   1.00236    0.000
 3966.00    1.23841   0.89206    0.000
 3967.00    1.18435   0.79297    0.000
 3968.00    1.13215   0.72096    0.000
 3969.00    1.03718   0.69243    0.000
 3970.00    0.61208   0.71562    0.000
 3971.00    0.61208   0.78809    0.000
 3972.00    1.45695   0.89898    0.000
 3973.00    1.59828   1.03384    0.000
 3974.00    1.62954   1.17845    0.000
 3975.00    1.65720   1.32282    2.160
 3976.00    1.54143   1.46150    2.160
 3977.00    1.09065   1.59130    2.160
 3978.00    1.09065   1.70845    2.160
 3979.00    1.87526   1.80734    2.160
 3980.00    1.98410   1.88277    2.160
 3981.00    2.43622   1.93354    2.160
 3982.00    2.80279   1.96425    2.160
 3983.00    2.51676   1.98481    2.160
 3984.00    1.53755   2.00588    2.160
 3985.00    1.53755   2.03358    2.160
 3986.00    1.54465   2.06908    2.160
 3987.00    1.54544   2.10845    2.160
 3988.00    2.18363   2.14590    2.160
 3989.00    2.65778   2.17854    2.160
 3990.00    2.74049   2.20682    2.160
 3991.00    2.99188   2.23183    2.160
 3992.00    2.99188   2.25256    2.160
 3993.00    2.51446   2.26536    2.160
 3994.00    2.47373   2.26609    2.160
 3995.00    2.26941   2.25542    2.160
 3996.00    2.13046   2.24138    2.160
 3997.00    2.36657   2.23604    2.160
 3998.00    3.00725   2.24894    2.160
 3999.00    3.00725   2.28144    2.160
 4000.00    2.63847   2.32438    2.160
 4001.00    2.61623   2.36142    2.160
 4002.00    2.75534   2.37686    2.160
 4003.00    2.84172   2.36203    2.160
 4004.00    2.79920   2.32311    2.160
 4005.00    2.69548   2.28041    2.160
 4006.00    2.69548   2.25743    2.160
 4007.00    2.93329   2.26680    2.160
 4008.00    2.94202   2.30544    2.160
 4009.00    2.25616   2.35969    2.160
 4010.00    1.86814   2.41463    2.160
 4011.00    1.79055   2.45954    2.160
 4012.00    1.61985   2.49181    2.160
 4013.00    1.61985   2.51472    2.160
 4014.00    2.57678   2.53072    2.160
 4015.00    2.59004   2.54115    2.160
 4016.00    2.36262   2.54834    2.160
 4017.00    2.24554   2.55530    2.160
 4018.00    2.42855   2.56393    2.160
 4019.00    2.79350   2.57341    2.160
 4020.00    2.79181   2.57957    2.160
 4021.00    2.57677   2.57877    2.160
 4022.00    2.57677   2.57072    2.160
 4023.00    2.59690   2.55948    2.160
 4024.00    2.60629   2.55257    0.000
 4025.00    2.47566   2.55675    0.000
 4026.00    2.23906   2.56988    0.000
 4027.00    2.26031   2.57821    0.000
 4028.00    2.95838   2.56224    0.000
 4029.00    2.95838   2.50959    0.000
 4030.00    3.59733   2.42426    0.000
 4031.00    3.86680   2.32735   -1.000
 4032.00    3.55201   2.24782    2.160
 4033.00    3.03226   2.21083    2.160
 4034.00    3.01792   2.22916    2.160
 4035.00    2.75253   2.29874    2.160
 4036.00    2.75253   2.39962    2.160
 4037.00    3.16697   2.50409    2.160
 4038.00    3.32410   2.58667    2.160
 4039.00    3.23090   2.63141    2.160
 4040.00    3.09048   2.63517    2.160
 4041.00    3.03870   2.60092    2.160
 4042.00    2.37875   2.53141    2.160
 4043.00    2.37875   2.43352    2.160
 4044.00    2.67674   2.32600    2.160
 4045.00    2.77789   2.23995    2.160
 4046.00    2.38881   2.20508    2.160
 4047.00    1.85242   2.23374    2.160
 4048.00    1.83183   2.31385    2.160
 4049.00    1.63394   2.41561    2.160
 4050.00    1.63394   2.50556    2.160
 4051.00    2.30655   2.55965    2.160
 4052.00    2.50938   2.57062    2.160
 4053.00    2.42666   2.54653    2.160
 4054.00    2.32229   2.50189    2.160
 4055.00    2.32778   2.45129    2.160
 4056.00    2.36963   2.40660    2.160
 4057.00    2.36963   2.37714    2.160
 4058.00    3.18255   2.36614    2.160
 4059.00    3.39891   2.36715    2.160
 4060.00    3.07809   2.36475    2.160
 4061.00    2.70729   2.34342    2.160
 4062.00    2.62867   2.30181    2.160
 4063.00    2.13636   2.25387    2.160
 4064.00    2.13636   2.21940    2.160
 4065.00    1.19369   2.21240    2.160
 4066.00    0.97475   2.23559    2.160
 4067.00    0.85214   2.27843    0.000
 4068.00    0.72213   2.32134    0.000
 4069.00    0.81444   2.34594    0.000
 4070.00    1.30200   2.34616    0.000
 4071.00    1.30200   2.33093    2.160
 4072.00    3.57765   2.31377    2.160
 4073.00    4.03384   2.30015   -1.000
 4074.00    3.34509   2.28446    2.160
 4075.00    2.67491   2.26031    2.160
 4076.00    2.05544   2.23157    2.160
 4077.00   -0.74931   2.21311    0.000
 4078.00   -0.74931   2.22320    0.000
 4079.00    0.20504   2.26962   -1.000
 4080.00    0.36723   2.34217   -1.000
 4081.00    1.65851   2.41660    2.160
 4082.00    2.81022   2.47095    2.160
 4083.00    2.83066   2.49828    2.160
 4084.00    2.91122   2.50836    2.160
 4085.00    2.91122   2.51958    2.160
 4086.00    2.20124   2.54518    2.160
 4087.00    2.10094   2.58539    2.160
 4088.00    2.76037   2.62816    2.160
 4089.00    3.29926   2.65751    2.160
 4090.00    3.28406   2.66273    2.160
 4091.00    3.23146   2.64292    2.160
 4092.00    3.23146   2.60240    2.160
 4093.00    2.90244   2.54627    2.160
 4094.00    2.86504   2.47799    2.160
 4095.00    3.62307   2.39932    0.000
 4096.00    4.19078   2.31407    0.000
 4097.00    4.38506   2.22517    0.000
 4098.00    4.98182   2.13385    0.000
 4099.00    4.98182   2.04332    0.000
 4100.00    4.91427   1.96331    0.000
 4101.00    4.90835   1.90912    0.000
 4102.00    3.11976   1.89642    0.000
 4103.00    1.89351   1.93217    0.000
 4104.00    1.79130   2.00926    0.000
 4105.00    1.51084   2.10878    0.000
 4106.00    1.51084   2.20735    0.000
 4107.00    3.17736   2.28580    0.000
 4108.00    3.28108   2.33544    2.160
 4109.00    3.03166   2.36061    2.160
 4110.00    2.87568   2.37369    2.160
 4111.00    2.78301   2.38763    2.160
 4112.00    2.55509   2.41122    2.160
 4113.00    2.55509   2.44571    2.160
 4114.00    3.26697   2.48464    2.160
 4115.00    3.29441   2.51680    2.160
 4116.00    3.77378   2.53264    2.160
 4117.00    4.04729   2.52944   -1.000
 4118.00    3.43712   2.51271    2.160
 4119.00    2.08247   2.49283    2.160
 4120.00    2.08247   2.47922    2.160
 4121.00    1.40211   2.47694    2.160
 4122.00    1.39131   2.48676    2.160
 4123.00    2.60820   2.50573    2.160
 4124.00    3.24011   2.52696    2.160
 4125.00    2.60675   2.54114    2.160
 4126.00    1.33257   2.54142    2.160
 4127.00    1.33775   2.52587    2.160
 4128.00    2.21562   2.49675    2.160
 4129.00    2.21562   2.45745    2.160
 4130.00    2.38990   2.41242    2.160
 4131.00    2.47203   2.36914    2.160
 4132.00    2.08963   2.33929    2.160
 4133.00    1.39032   2.33514    2.160
 4134.00    1.36917   2.36288    2.160
 4135.00    0.63043   2.41924   -1.000
 4136.00    0.63043   2.49176   -1.000
 4137.00    1.49888   2.56286    2.160
 4138.00    1.86814   2.61539    2.160
 4139.00    1.74254   2.63496    2.160
 4140.00    1.53364   2.61351    2.160
 4141.00    1.59981   2.55410    2.160
 4142.00    2.87550   2.47443    2.160
 4143.00    2.87550   2.40188    2.160
 4144.00    2.60369   2.36086    2.160
 4145.00    2.49962   2.36019    2.160
 4146.00    2.60767   2.39044    2.160
 4147.00    2.77182   2.43242    2.160
 4148.00    2.81815   2.46775    2.160
 4149.00    3.42627   2.48705    2.160
 4150.00    3.42627   2.49011    2.160
 4151.00    3.06603   2.48176    2.160
 4152.00    2.94249   2.46749    2.160
 4153.00    2.59530   2.45221    2.160
 4154.00    2.11281   2.44073    2.160
 4155.00    2.13024   2.43943    2.160
 4156.00    2.30177   2.45358    2.160
 4157.00    2.30177   2.48480    2.160
 4158.00    1.93983   2.53063    2.160
 4159.00    1.82933   2.58442    2.160
 4160.00    2.18126   2.63916    2.160
 4161.00    2.62838   2.68794    2.160
 4162.00    2.57486   2.72401    2.160
 4163.00    2.15992   2.74107    2.160
 4164.00    2.15992   2.73630    2.160
 4165.00    2.42491   2.71229    2.160
 4166.00    2.49617   2.67762    2.160
 4167.00    2.47260   2.64106    2.160
 4168.00    2.44515   2.60658    2.160
 4169.00    2.42274   2.57032    2.160
 4170.00    2.28009   2.52470    2.160
 4171.00    2.28009   2.46825    2.160
 4172.00    1.75533   2.40958    2.160
 4173.00    1.63189   2.36377    2.160
 4174.00    2.07169   2.34148    2.160
 4175.00    2.54170   2.34424    2.160
 4176.00    2.39436   2.36641    2.160
 4177.00    1.60459   2.40015    2.160
 4178.00    1.60459   2.43769    2.160
 4179.00    2.22775   2.47252    2.160
 4180.00    2.35443   2.50103    2.160
 4181.00    1.77885   2.52306    2.160
 4182.00    1.21439   2.54216    2.160
 4183.00    1.42787   2.56018    2.160
 4184.00    2.40897   2.57474    2.160
 4185.00    2.40897   2.58095    2.160
 4186.00    3.10499   2.57793    2.160
 4187.00    3.22538   2.57102    2.160
 4188.00    2.83371   2.56757    2.160
 4189.00    2.48197   2.57266    2.160
 4190.00    2.22270   2.58806    2.160
 4191.00    1.19002   2.61047    2.160
 4192.00    1.19002   2.63103    2.160
 4193.00    2.27824   2.63697    2.160
 4194.00    2.43439   2.61813    2.160
 4195.00    2.92761   2.57373    2.160
 4196.00    3.33386   2.51191    2.160
 4197.00    3.04410   2.44641    2.160
 4198.00    2.02963   2.39021    2.160
 4199.00    2.02963   2.35266    2.160
 4200.00    2.69227   2.33756    2.160
 4201.00    2.76919   2.34396    2.160
 4202.00    2.95523   2.37094    2.160
 4203.00    3.09568   2.41678    2.160
 4204.00    2.88864   2.47813    2.160
 4205.00    2.24595   2.54835    2.160
 4206.00    2.24595   2.61866    2.160
 4207.00    2.78087   2.67919    2.160
 4208.00    2.82898   2.72289    2.160
 4209.00    2.50618   2.74797    2.160
 4210.00    2.28307   2.75709    2.160
 4211.00    2.24722   2.75294    2.160
 4212.00    2.14811   2.73501    2.160
 4213.00    2.14811   2.70439    2.160
 4214.00    1.40029   2.66950    2.160
 4215.00    1.35210   2.64421    2.160
 4216.00    2.13686   2.64251    2.160
 4217.00    2.63171   2.66777    2.160
 4218.00    2.62055   2.71086    2.160
 4219.00    2.59285   2.75257    2.160
 4220.00    2.59285   2.77015    2.160
 4221.00    3.15085   2.74312    2.160
 4222.00    3.17353   2.66177    2.160
 4223.00    3.26306   2.53005    2.160
 4224.00    3.31457   2.36872    2.160
 4225.00    2.94269   2.21369    2.160
 4226.00    2.10947   2.10666    2.160
 4227.00    2.10947   2.07729    2.160
 4228.00    2.42615   2.13019    2.160
 4229.00    2.43182   2.24120    2.160
 4230.00    3.07016   2.37069    2.160
 4231.00    3.40452   2.48106    2.160
 4232.00    3.22375   2.55029    2.160
 4233.00    2.85686   2.57594    2.160
 4234.00    2.85608   2.57107    2.160
 4235.00    2.65667   2.55405    2.160
 4236.00    2.65667   2.54215    2.160
 4237.00    3.15694   2.54598    2.160
 4238.00    3.39482   2.56936    2.160
 4239.00    3.06983   2.61109    2.160
 4240.00    2.47040   2.66724    2.160
 4241.00    2.50271   2.73227    2.160
 4242.00    3.71892   2.79853    2.160
 4243.00    3.71892   2.85565    2.160
 4244.00    3.55190   2.89132    2.160
 4245.00    3.48022   2.89483    2.160
 4246.00    3.65507   2.86217    2.160
 4247.00    3.94833   2.80108    2.160
 4248.00    3.91622   2.72725    2.160
 4249.00    3.27038   2.66031    2.160
 4250.00    3.27038   2.61463    2.160
 4251.00    2.15658   2.59386    2.160
 4252.00    1.72599   2.59195    2.160
 4253.00    2.25800   2.60059    2.160
 4254.00    3.07277   2.61568    2.160
 4255.00    3.06589   2.63431    2.160
 4256.00    2.97288   2.64874    2.160
 4257.00    2.97288   2.64923    2.160
 4258.00    3.07376   2.63175    2.160
 4259.00    3.10872   2.60753    2.160
 4260.00    2.97083   2.59755    2.160
 4261.00    2.77766   2.62063    2.160
 4262.00    2.79476   2.68144    2.160
 4263.00    2.96698   2.76624    2.160
 4264.00    2.96698   2.84923    2.160
 4265.00    2.87357   2.90448    2.160
 4266.00    2.84482   2.91413    2.160
 4267.00    2.81916   2.87235    2.160
 4268.00    2.78631   2.78464    2.160
 4269.00    2.80690   2.66651    2.160
 4270.00    2.96961   2.53937    2.160
 4271.00    2.96961   2.42888    2.160
 4272.00    3.49944   2.35680    2.160
 4273.00    3.64358   2.33552    2.160
 4274.00    3.36530   2.36638    2.160
 4275.00    3.03858   2.44209    2.160
 4276.00    2.97388   2.54228    2.160
 4277.00    2.55503   2.64192    2.160
 4278.00    2.55503   2.71905    2.160
 4279.00    2.71897   2.76275    2.160
 4280.00    2.75802   2.77623    2.160
 4281.00    2.56974   2.77039    2.160
 4282.00    2.36694   2.75461    2.160
 4283.00    2.36932   2.73443    2.160
 4284.00    2.38226   2.71010    2.160
 4285.00    2.38226   2.67807    2.160
 4286.00    2.17276   2.63509    2.160
 4287.00    2.12958   2.57928    2.160
 4288.00    2.28109   2.51676    2.160
 4289.00    2.43083   2.46144    2.160
 4290.00    2.55190   2.42902    2.160
 4291.00    3.11579   2.42633    2.160
 4292.00    3.11579   2.44764    2.160
 4293.00    1.75180   2.47589    2.160
 4294.00    1.51312   2.49226    2.160
 4295.00    2.38409   2.48171    2.160
 4296.00    3.17242   2.43649    2.160
 4297.00    3.02399   2.35884    2.160
 4298.00    2.42551   2.26266    2.160
 4299.00    2.42551   2.16690    2.160
 4300.00    2.02087   2.08972    2.160
 4301.00    1.96177   2.04081    2.160
 4302.00    1.46971   2.01929    2.160
 4303.00    1.06120   2.01572    2.160
 4304.00    1.14360   2.01512    2.160
 4305.00    1.43538   2.00521    2.160
 4306.00    1.43538   1.98271    2.160
 4307.00    1.13465   1.95705    2.160
 4308.00    1.09901   1.94518    2.160
 4309.00    1.51835   1.96402    2.160
 4310.00    1.83745   2.02165    2.160
 4311.00    2.16486   2.11854    2.160
 4312.00    3.19206   2.24840    2.160
 4313.00    3.19206   2.40356    2.160
 4314.00    3.01671   2.57471    2.160
 4315.00    3.00053   2.74809    2.160
 4316.00    3.46322   2.90619    2.160
 4317.00    3.78561   3.02894    2.160
 4318.00    3.71772   3.10197    2.160
 4319.00    3.52814   3.11897    2.160
 4320.00    3.52814   3.07989    2.160
 4321.00    2.17650   2.98976    2.160
 4322.00    2.08639   2.86040    2.160
 4323.00    1.90998   2.71277    2.160
 4324.00    1.79783   2.58110    2.160
 4325.00    2.15028   2.50118    2.160
 4326.00    3.03384   2.49729    2.160
 4327.00    3.03384   2.56542    2.160
 4328.00    3.84042   2.68053    2.160
 4329.00    3.87492   2.80685    2.160
 4330.00    3.59604   2.91584    2.160
 4331.00    3.43422   2.99422    2.160
 4332.00    3.21312   3.03929    0.000
 4333.00    2.71319   3.05091    0.000
 4334.00    2.71319   3.02528    0.000
 4335.00    2.60116   2.95563    0.000
 4336.00    2.59892   2.83980    0.000
 4337.00    3.34076   2.68985    0.000
 4338.00    3.73271   2.53327    0.000
 4339.00    3.51320   2.40444    0.000
 4340.00    3.06371   2.33388    0.000
 4341.00    3.06166   2.33438    0.000
 4342.00    2.01450   2.39859    0.000
 4343.00    2.01450   2.50554    0.000
 4344.00    2.14460   2.63058    0.000
 4345.00    2.20703   2.75364    0.000
 4346.00    2.81680   2.85982    0.000
 4347.00    3.94874   2.93887    2.160
 4348.00    3.92113   2.98067    2.160
 4349.00    2.79473   2.97970    2.160
 4350.00    2.79473   2.94021    2.160
 4351.00    2.79473   2.88307    2.160
 4352.00    2.79473   2.83507    2.160
 4353.00    2.79473   2.81747    2.160
 4354.00    2.79473   2.83660    2.160
 4355.00    2.79473   2.88365    2.160
 4356.00    2.79473   2.94199    2.160
 4357.00    2.79473   2.99634    2.160
 4358.00    2.79473   3.04179    2.160
 4359.00    2.79473   3.08245    2.160
 4360.00    2.79473   3.12451    2.160
 4361.00    2.79473   3.16998    2.160
 4362.00    2.79473   3.21610    2.160
 4363.00    2.79473   3.25558    2.160
 4364.00    2.54229   3.27926    2.160
 4365.00    2.51558   3.27925    2.160
 4366.00    2.51558   3.25472    2.160
 4367.00    2.51558   3.21246    2.160
 4368.00    2.51558   3.16304    2.160
 4369.00    2.51558   3.11447    2.160
 4370.00    2.51558   3.06849    2.160
 4371.00    2.51558   3.02189    2.160
 4372.00    2.51558   2.97083    2.160
 4373.00    2.51558   2.91837    2.160
 4374.00    2.51558   2.87525    2.160
 4375.00    2.51558   2.85417    2.160
 4376.00    2.51558   2.85891    2.160
 4377.00    2.51558   2.87993    2.160
 4378.00    2.51558   2.89616    2.160
 4379.00    3.09281   2.88261    2.160
 4380.00    3.25168   2.82262    2.160
 4381.00    3.08868   2.71509    2.160
 4382.00    2.89579   2.58291    2.160
 4383.00    2.96823   2.46380    2.160
 4384.00    3.44526   2.39471    2.160
 4385.00    3.44526   2.39140    2.160
 4386.00    2.73081   2.44516    2.160
 4387.00    2.55848   2.52973    2.160
 4388.00    2.79476   2.61743    2.160
 4389.00    3.05126   2.69080    2.160
 4390.00    2.95486   2.74538    2.160
 4391.00    2.42253   2.78620    2.160
 4392.00    2.42253   2.82017    2.160
 4393.00    2.04712   2.85383    2.160
 4394.00    1.96867   2.89226    2.160
 4395.00    2.37545   2.93656    2.160
 4396.00    2.78064   2.98154    2.160
 4397.00    3.11441   3.01563    2.160
 4398.00    4.69005   3.02802   -1.000
 4399.00    4.69005   3.01430   -1.000
 4400.00    4.32075   2.97585   -1.000
 4401.00    4.25513   2.91737    2.160
 4402.00    2.92066   2.84552    2.160
 4403.00    1.70331   2.76921    2.160
 4404.00    1.55232   2.70426    2.160
 4405.00    0.93600   2.66619   -1.000
 4406.00    0.93600   2.66636   -1.000
 4407.00    1.19206   2.70736   -1.000
 4408.00    1.23011   2.78454   -1.000
 4409.00    0.74426   2.88304   -1.000
 4410.00    0.33772   2.98182   -1.000
 4411.00    0.85751   3.05739   -1.000
 4412.00    2.71921   3.09293    2.160
 4413.00    2.71921   3.08429    2.160
 4414.00    2.69330   3.04667    2.160
 4415.00    2.69016   3.00765    2.160
 4416.00    2.69751   2.99327    2.160
 4417.00    2.70314   3.01481    2.160
 4418.00    3.04305   3.06462    2.160
 4419.00    4.12093   3.12106    2.160
 4420.00    4.12093   3.16141    2.160
 4421.00    3.52662   3.17466    2.160
 4422.00    3.47040   3.16431    2.160
 4423.00    3.38772   3.14339    2.160
 4424.00    3.32977   3.12438    2.160
 4425.00    3.29867   3.11475    2.160
 4426.00    3.21094   3.11517    2.160
 4427.00    3.21094   3.12091    2.160
 4428.00    4.11045   3.12602    2.160
 4429.00    4.17242   3.12629    2.160
 4430.00    3.57726   3.11939    2.160
 4431.00    3.19574   3.10341    2.160
 4432.00    3.31958   3.07784    2.160
 4433.00    3.63300   3.04742    2.160
 4434.00    3.63300   3.02364    2.160
 4435.00    3.13661   3.02155    2.160
 4436.00    3.11433   3.04880    2.160
 4437.00    3.16919   3.10066    2.160
 4438.00    3.20130   3.15828    2.160
 4439.00    3.25782   3.19989    2.160
 4440.00    3.38681   3.21236    2.160
 4441.00    3.38681   3.20035    2.160
 4442.00    3.54878   3.18272    2.160
 4443.00    3.55234   3.18045    2.160
 4444.00    3.32063   3.20470    2.160
 4445.00    3.19715   3.25079    2.160
 4446.00    3.07470   3.30421    2.160
 4447.00    2.82173   3.34960    2.160
 4448.00    2.82173   3.37685    2.160
 4449.00    2.73996   3.38175    2.160
 4450.00    2.73996   3.36392    2.160
 4451.00    2.87286   3.32316    2.160
 4452.00    2.93705   3.25901    2.160
 4453.00    3.65971   3.17604    2.160
 4454.00    5.01280   3.08503   -1.000
 4455.00    4.97581   3.00078   -1.000
 4456.00    3.32948   2.93553    2.160
 4457.00    3.32948   2.89438    2.160
 4458.00    3.82612   2.87609    2.160
 4459.00    4.04325   2.87657    2.160
 4460.00    3.58038   2.89324    2.160
 4461.00    2.79099   2.92622    2.160
 4462.00    2.80229   2.97478    2.160
 4463.00    3.05097   3.03347    2.160
 4464.00    3.05097   3.09251    2.160
 4465.00    3.09646   3.14162    2.160
 4466.00    3.11438   3.17470    2.160
 4467.00    3.16143   3.19258    2.160
 4468.00    3.23467   3.20315    2.160
 4469.00    3.23594   3.21804    0.000
 4470.00    3.25425   3.24662    0.000
 4471.00    3.25425   3.29195    0.000
 4472.00    4.03478   3.34940    0.000
 4473.00    4.31077   3.41014    0.000
 4474.00    4.78089   3.46483    0.000
 4475.00    5.45017   3.50566    0.000
 4476.00    5.23989   3.52636   -1.000
 4477.00    3.03074   3.52062    2.160
 4478.00    3.03074   3.48537    2.160
 4479.00    2.50086   3.42667    2.160
 4480.00    2.33421   3.36168    2.160
 4481.00    2.63177   3.31354    2.160
 4482.00    3.01894   3.30070    2.160
 4483.00    2.99932   3.32801    2.160
 4484.00    2.83792   3.38239    2.160
 4485.00    2.83792   3.43982    2.160
 4486.00    3.11014   3.47647    2.160
 4487.00    3.18593   3.48083    2.160
 4488.00    3.63217   3.45701    2.160
 4489.00    4.16442   3.42065    2.160
 4490.00    4.13498   3.38766    2.160
 4491.00    3.93775   3.36531    2.160
 4492.00    3.93775   3.35195    2.160
 4493.00    4.13665   3.34265    2.160
 4494.00    4.18522   3.33695    2.160
 4495.00    3.52682   3.33922    2.160
 4496.00    2.80648   3.35463    2.160
 4497.00    2.76242   3.38425    2.160
 4498.00    2.51540   3.42332    2.160
 4499.00    2.51540   3.46562    2.160
 4500.00    3.69915   3.50862    2.160
 4501.00    3.94991   3.55516    2.160
 4502.00    3.52342   3.60942    2.160
 4503.00    3.09527   3.67017    2.160
 4504.00    3.07820   3.73033    2.160
 4505.00    2.99679   3.77870    2.160
 4506.00    2.99679   3.80747    2.160
 4507.00    3.49100   3.81588    2.160
 4508.00    3.58016   3.80900    2.160
 4509.00    3.78209   3.79350    2.160
 4510.00    3.96774   3.77279    2.160
 4511.00    3.96045   3.74642    2.160
 4512.00    3.93033   3.71380    2.160
 4513.00    3.93033   3.67720    2.160
 4514.00    4.19282   3.64189    2.160
 4515.00    4.23251   3.61340    2.160
 4516.00    4.25772   3.59530    2.160
 4517.00    4.27898   3.58851    2.160
 4518.00    4.33102   3.59186    2.160
 4519.00    4.51955   3.60198    2.160
 4520.00    4.51955   3.61269    2.160
 4521.00    3.66750   3.61574    2.160
 4522.00    3.56234   3.60251    2.160
 4523.00    3.04376   3.56701    2.160
 4524.00    2.64282   3.50757    2.160
 4525.00    2.69812   3.42769    2.160
 4526.00    2.87539   3.33621    2.160
 4527.00    2.87539   3.24559    2.160
 4528.00    3.62415   3.16951    2.160
 4529.00    3.69630   3.11886    2.160
 4530.00    4.12734   3.09725    2.160
 4531.00    4.43194   3.09995   -1.000
 4532.00    4.28363   3.11691    2.160
 4533.00    3.86101   3.13988    2.160
 4534.00    3.86101   3.16780    2.160
 4535.00    3.42196   3.20605    2.160
 4536.00    3.39073   3.25988    2.160
 4537.00    3.68935   3.32717    2.160
 4538.00    3.88234   3.39760    2.160
 4539.00    4.03055   3.45772    2.160
 4540.00    4.40932   3.49857    2.160
 4541.00    4.40932   3.51884    2.160
 4542.00    3.61417   3.52289    2.160
 4543.00    3.57677   3.51649    2.160
 4544.00    3.50050   3.50364    2.160
 4545.00    3.45549   3.48648    2.160
 4546.00    3.08083   3.46642    2.160
 4547.00    2.21790   3.44546    2.160
 4548.00    2.21790   3.42697    2.160
 4549.00    2.28759   3.41433    2.160
 4550.00    2.28926   3.40871    2.160
 4551.00    1.83906   3.40814   -1.000
 4552.00    1.59705   3.40928   -1.000
 4553.00    2.00338   3.41083    2.160
 4554.00    2.85031   3.41623    2.160
 4555.00    2.85031   3.43287    2.160
 4556.00    4.39968   3.46769    2.160
 4557.00    4.40271   3.52136    2.160
 4558.00    3.87980   3.58659    2.160
 4559.00    3.62499   3.65047    2.160
 4560.00    3.50330   3.69882    2.160
 4561.00    3.27348   3.72183    2.160
 4562.00    3.27489   3.71752    2.160
 4563.00    3.34385   3.69279    2.160
 4564.00    3.34385   3.66135    2.160
 4565.00    3.32228   3.63836    2.160
 4566.00    3.31276   3.63397    2.160
 4567.00    3.73386   3.64827    2.160
 4568.00    4.45806   3.67183    2.160
 4569.00    4.44769   3.69202    2.160
 4570.00    4.20819   3.70063    2.160
 4571.00    4.20819   3.69887    2.160
 4572.00    3.83006   3.69433    2.160
 4573.00    3.67958   3.69466    2.160
 4574.00    3.56808   3.70174    2.160
 4575.00    3.39307   3.71040    2.160
 4576.00    3.38672   3.71110    2.160
 4577.00    3.29236   3.69521    2.160
 4578.00    3.29236   3.65975    2.160
 4579.00    4.24507   3.60972    2.160
 4580.00    4.58536   3.55557    2.160
 4581.00    4.33608   3.50876    2.160
 4582.00    3.97902   3.47715    2.160
 4583.00    4.01242   3.46276    2.160
 4584.00    4.37220   3.46381    2.160
 4585.00    4.37220   3.47752    2.160
 4586.00    4.41292   3.50214    2.160
 4587.00    4.42586   3.53545    2.160
 4588.00    3.96859   3.57226    2.160
 4589.00    3.36887   3.60400    2.160
 4590.00    3.35457   3.62143    2.160
 4591.00    3.23456   3.61944    2.160
 4592.00    3.23456   3.59977    2.160
 4593.00    3.69814   3.56984    2.160
 4594.00    3.82869   3.53935    2.160
 4595.00    3.97172   3.51651    2.160
 4596.00    4.14367   3.50516    2.160
 4597.00    3.96772   3.50461    2.160
 4598.00    2.76831   3.51113    2.160
 4599.00    2.76831   3.52033    2.160
 4600.00    3.52888   3.52919    2.160
 4601.00    3.71693   3.53640    2.160
 4602.00    3.88808   3.54230    2.160
 4603.00    4.07680   3.54906    2.160
 4604.00    4.05069   3.56037    2.160
 4605.00    3.90204   3.58052    2.160
 4606.00    3.90204   3.61304    2.160
 4607.00    4.26398   3.65852    2.160
 4608.00    4.34169   3.71133    2.160
 4609.00    4.06614   3.76200    2.160
 4610.00    3.78789   3.80039    2.160
 4611.00    3.70901   3.82073    2.160
 4612.00    3.32766   3.82460    2.160
 4613.00    3.32766   3.81958    2.160
 4614.00    3.69630   3.81455    2.160
 4615.00    3.76381   3.81504    2.160
 4616.00    3.66867   3.82194    2.160
 4617.00    3.58051   3.83244    2.160
 4618.00    3.60026   3.84328    2.160
 4619.00    3.68292   3.85277    2.160
 4620.00    3.68292   3.86079    2.160
 4621.00    3.96614   3.86752    2.160
 4622.00    4.00970   3.87235    2.160
 4623.00    3.76760   3.87354    2.160
 4624.00    3.56181   3.86933    2.160
 4625.00    3.59938   3.85967    2.160
 4626.00    3.73710   3.84613    2.160
 4627.00    3.73710   3.83179    2.160
 4628.00    3.70481   3.81948    2.160
 4629.00    3.70074   3.81069    2.160
 4630.00    4.00322   3.80450    2.160
 4631.00    4.23894   3.79794    2.160
 4632.00    4.38767   3.78724    2.160
 4633.00    4.86960   3.76966    2.160
 4634.00    4.86960   3.74428    2.160
 4635.00    3.88146   3.71196    2.160
 4636.00    3.78391   3.67521    2.160
 4637.00    3.94878   3.63768    2.160
 4638.00    4.06622   3.60374    2.160
 4639.00    4.01889   3.57806    2.160
 4640.00    3.88263   3.56301    2.160
 4641.00    3.88263   3.55733    2.160
 4642.00    3.66646   3.55452    2.160
 4643.00    3.65059   3.54590    2.160
 4644.00    3.62593   3.52390    2.160
 4645.00    3.60985   3.48806    2.160
 4646.00    3.54229   3.44661    2.160
 4647.00    3.36794   3.41339    2.160
 4648.00    3.36794   3.40205    2.160
 4649.00    3.81717   3.41865    2.160
 4650.00    3.83927   3.45942    2.160
 4651.00    4.14367   3.51182    2.160
 4652.00    4.32480   3.56079    2.160
 4653.00    4.02878   3.59571    2.160
 4654.00    3.34064   3.61524    2.160
 4655.00    3.34064   3.62699    2.160
 4656.00    3.81652   3.64321    2.160
 4657.00    3.82892   3.67344    2.160
 4658.00    3.28509   3.71869    2.160
 4659.00    2.99024   3.76940    2.160
 4660.00    2.97106   3.81013    2.160
 4661.00    2.93074   3.82569    2.160
 4662.00    2.93074   3.80706    2.160
 4663.00    3.37046   3.75397    2.160
 4664.00    3.37197   3.67356    2.160
 4665.00    3.74646   3.57815    2.160
 4666.00    3.93056   3.48373    2.160
 4667.00    3.94839   3.40689    2.160
 4668.00    3.98235   3.36201    2.160
 4669.00    3.97317   3.35607    2.160
 4670.00    3.47449   3.38627    2.160
 4671.00    3.47449   3.44044    2.160
 4672.00    4.06908   3.50309    2.160
 4673.00    4.33386   3.56122    2.160
 4674.00    4.18215   3.60740    2.160
 4675.00    3.91905   3.63919    2.160
 4676.00    3.94393   3.65576    2.160
 4677.00    4.54807   3.65660    2.160
 4678.00    4.54807   3.64224    2.160
 4679.00    4.02896   3.61622    2.160
 4680.00    3.82039   3.58598    2.160
 4681.00    3.91071   3.56088    2.160
 4682.00    4.05366   3.54804    2.160
 4683.00    4.03058   3.54937    2.160
 4684.00    3.67561   3.56140    2.160
 4685.00    3.67561   3.57723    2.160
 4686.00    3.55733   3.59029    2.160
 4687.00    3.51476   3.59689    2.160
 4688.00    3.79668   3.59689    2.160
 4689.00    4.20375   3.59283    2.160
 4690.00    4.15739   3.58863    2.160
 4691.00    3.64522   3.58823    2.160
 4692.00    3.64522   3.59430    2.160
 4693.00    3.50680   3.60689    2.160
 4694.00    3.46233   3.62267    2.160
 4695.00    3.11695   3.63501    2.160
 4696.00    2.66035   3.63639    2.160
 4697.00    2.79720   3.62170    2.160
 4698.00    3.96996   3.59096    2.160
 4699.00    3.96996   3.54925    2.160
 4700.00    3.94798   3.50505    2.160
 4701.00    3.94173   3.46717    2.160
 4702.00    3.96485   3.44192    2.160
 4703.00    3.99287   3.43157    2.160
 4704.00    3.96186   3.43402    2.160
 4705.00    3.74674   3.44392    2.160
 4706.00    3.74674   3.45529    2.160
 4707.00    3.97580   3.46444    2.160
 4708.00    4.03314   3.47149    2.160
 4709.00    4.07569   3.47952    2.160
 4710.00    4.12298   3.49140    2.160
 4711.00    4.08289   3.50743    2.160
 4712.00    3.85113   3.52542    2.160
 4713.00    3.85113   3.54346    2.160
 4714.00    3.31052   3.56259    2.160
 4715.00    3.19288   3.58695    2.160
 4716.00    3.75010   3.62089    2.160
 4717.00    4.31720   3.66544    2.160
 4718.00    4.21194   3.71668    2.160
 4719.00    3.69595   3.76721    2.160
 4720.00    3.69595   3.80948    2.160
 4721.00    4.05846   3.83893    2.160
 4722.00    4.12584   3.85428    2.160
 4723.00    4.18719   3.85564    2.160
 4724.00    4.24449   3.84225    2.160
 4725.00    4.21961   3.81174    2.160
 4726.00    4.11415   3.76250    2.160
 4727.00    4.11415   3.69731    2.160
 4728.00    5.49484   3.62526   -1.000
 4729.00    5.71080   3.56031   -1.000
 4730.00    5.15617   3.51597   -1.000
 4731.00    4.68099   3.49959    2.160
 4732.00    4.30863   3.50980    2.160
 4733.00    2.92793   3.53820    2.160
 4734.00    2.92793   3.57408    2.160
 4735.00    2.47961   3.60905    2.160
 4736.00    2.42206   3.63930    2.160
 4737.00    2.39155   3.66473    2.160
 4738.00    2.36758   3.68668    2.160
 4739.00    2.56630   3.70584    2.160
 4740.00    3.21544   3.72174    2.160
 4741.00    3.21544   3.73370    2.160
 4742.00    2.97503   3.74248    2.160
 4743.00    2.95073   3.75023    2.160
 4744.00    3.32681   3.75980    2.160
 4745.00    3.59688   3.77317    2.160
 4746.00    4.27989   3.79068    2.160
 4747.00    6.26635   3.81091   -1.000
 4748.00    6.26635   3.83099   -1.000
 4749.00    6.03574   3.84704   -1.000
 4750.00    6.01829   3.85533   -1.000
 4751.00    4.28147   3.85288    2.160
 4752.00    3.14045   3.83908    2.160
 4753.00    3.22360   3.81623    2.160
 4754.00    3.44024   3.78970    2.160
 4755.00    3.44024   3.76603    2.160
 4756.00    3.05641   3.75058    2.160
 4757.00    3.03671   3.74503    2.160
 4758.00    3.00401   3.74640    2.160
 4759.00    2.98439   3.74811    2.160
 4760.00    3.31017   3.74231    2.160
 4761.00    4.07458   3.72272    2.160
 4762.00    4.07458   3.68745    2.160
 4763.00    3.27128   3.63990    2.160
 4764.00    3.24870   3.58852    2.160
 4765.00    3.44326   3.54447    2.160
 4766.00    3.54965   3.51828    2.160
 4767.00    3.71229   3.51599    2.160
 4768.00    4.05664   3.53716    2.160
 4769.00    4.05664   3.57485    2.160
 4770.00    3.71015   3.61896    2.160
 4771.00    3.70828   3.66106    2.160
 4772.00    4.83351   3.69750    2.160
 4773.00    5.39161   3.72966   -1.000
 4774.00    5.08429   3.76067   -1.000
 4775.00    4.49378   3.79180    2.160
 4776.00    4.49528   3.82084    2.160
 4777.00    4.58706   3.84343    2.160
 4778.00    4.58706   3.85528    2.160
 4779.00    3.48099   3.85379    2.160
 4780.00    2.98393   3.83853    2.160
 4781.00    2.83133   3.81123    2.160
 4782.00    2.56444   3.77555    2.160
 4783.00    2.64594   3.73652    2.160
 4784.00    4.73213   3.69966    2.160
 4785.00    4.73213   3.66967    2.160
 4786.00    3.60734   3.64938    2.160
 4787.00    3.15109   3.63989    2.160
 4788.00    3.61556   3.64144    2.160
 4789.00    4.35671   3.65462    2.160
 4790.00    4.36037   3.68075    2.160
 4791.00    4.41855   3.72110    2.160
 4792.00    4.41855   3.77505    2.160
 4793.00    4.49803   3.83801    2.160
 4794.00    4.52692   3.90079    2.160
 4795.00    4.50028   3.95133    2.160
 4796.00    4.46151   3.97920    2.160
 4797.00    4.41426   3.98022    2.160
 4798.00    3.87854   3.95923    2.160
 4799.00    3.87854   3.92844    2.160
 4800.00    3.77106   3.90195    2.160
 4801.00    3.73616   3.88918    2.160
 4802.00    4.08286   3.89070    2.160
 4803.00    4.54486   3.89880    2.160
 4804.00    4.66473   3.90248    2.160
 4805.00    5.71384   3.89407   -1.000
 4806.00    5.71384   3.87315   -1.000
 4807.00    5.87216   3.84612   -1.000
 4808.00    5.91776   3.82219   -1.000
 4809.00    5.62050   3.80878   -1.000
 4810.00    5.25747   3.80858   -1.000
 4811.00    5.25154   3.81956   -1.000
 4812.00    5.20966   3.83740   -1.000
 4813.00    5.20966   3.85832   -1.000
 4814.00    4.38247   3.88081    2.160
 4815.00    4.17289   3.90513    2.160
 4816.00    3.55529   3.93156    2.160
 4817.00    2.86352   3.95861    2.160
 4818.00    3.05732   3.98219    2.160
 4819.00    4.19539   3.99641    2.160
 4820.00    4.19539   3.99548    2.160
 4821.00    4.43024   3.97634    2.160
 4822.00    4.48185   3.94104    2.160
 4823.00    4.39417   3.89712    2.160
 4824.00    4.30423   3.85538    2.160
 4825.00    4.33711   3.82519    2.160
 4826.00    4.50056   3.81000    2.160
 4827.00    4.50056   3.80630    2.160
 4828.00    3.42838   3.80630    2.160
 4829.00    3.22614   3.80297    2.160
 4830.00    3.57059   3.79373    2.160
 4831.00    3.89479   3.78111    2.160
 4832.00    4.01645   3.77070    2.160
 4833.00    4.53861   3.76773    2.160
 4834.00    4.53861   3.77402    2.160
 4835.00    4.39307   3.78681    2.160
 4836.00    4.36992   3.79966    2.160
 4837.00    3.98241   3.80551    2.160
 4838.00    3.64779   3.80000    2.160
 4839.00    3.62514   3.78345    2.160
 4840.00    3.54018   3.76050    2.160
 4841.00    3.54018   3.73791    2.160
 4842.00    3.44286   3.72192    2.160
 4843.00    3.43012   3.71622    2.160
 4844.00    3.85280   3.72113    2.160
 4845.00    4.18680   3.73367    2.160
 4846.00    4.22434   3.74858    2.160
 4847.00    4.34830   3.76038    2.160
 4848.00    4.34830   3.76557    2.160
 4849.00    4.00744   3.76340    2.160
 4850.00    3.97218   3.75459    2.160
 4851.00    4.21324   3.73895    2.160
 4852.00    4.38775   3.71427    2.160
 4853.00    4.12626   3.67758    2.160
 4854.00    3.35788   3.62763    0.000
 4855.00    3.35788   3.56614    0.000
 4856.00    4.32943   3.49611    0.000
 4857.00    4.40511   3.41894    0.000
 4858.00    4.63460   3.33358    0.000
 4859.00    4.78660   3.23976    0.000
 4860.00    4.44622   3.14356    0.000
 4861.00    3.55059   3.05975    0.000
 4862.00    3.55059   3.00785    0.000
 4863.00    3.15762   3.00273    0.000
 4864.00    3.13659   3.04648    0.000
 4865.00    3.33510   3.12694    0.000
 4866.00    3.45520   3.22289    0.000
 4867.00    3.60864   3.31222    0.000
 4868.00    3.97206   3.37847    0.000
 4869.00    3.97206   3.41424    2.160
 4870.00    4.10483   3.42199    2.160
 4871.00    4.10883   3.41297    2.160
 4872.00    3.58764   3.40329    2.160
 4873.00    3.30019   3.40810    2.160
 4874.00    3.45495   3.43549    2.160
 4875.00    3.78555   3.48417    2.160
 4876.00    3.78555   3.54565    2.160
 4877.00    3.71442   3.60917    2.160
 4878.00    3.71389   3.66582    2.160
 4879.00    3.81171   3.70978    2.160
 4880.00    3.86066   3.73793    2.160
 4881.00    3.59655   3.74900    2.160
 4882.00    3.08463   3.74343    2.160
 4883.00    3.09277   3.72324    2.160
 4884.00    3.65942   3.69183    2.160
 4885.00    3.65942   3.65339    2.160
 4886.00    3.75661   3.61238    2.160
 4887.00    3.80069   3.57267    2.160
 4888.00    3.82875   3.53733    2.160
 4889.00    3.87825   3.50937    2.160
 4890.00    3.89408   3.49390    2.160
 4891.00    4.32240   3.49911    2.160
 4892.00    4.32240   3.53399    2.160
 4893.00    3.74977   3.60302    2.160
 4894.00    3.51528   3.70073    2.160
 4895.00    3.68459   3.81143    2.160
 4896.00    3.95698   3.91405    2.160
 4897.00    3.97146   3.99047    2.160
 4898.00    4.20819   4.03154    2.160
 4899.00    4.20819   4.03865    2.160
 4900.00    4.46107   4.02094    2.160
 4901.00    4.55392   3.99087    2.160
 4902.00    4.35530   3.96032    2.160
 4903.00    4.06383   3.93799    2.160
 4904.00    4.07311   3.92809    2.160
 4905.00    4.18119   3.92942    2.160
 4906.00    4.18119   3.93555    2.160
 4907.00    4.76434   3.93711    2.160
 4908.00    4.95570   3.92627    2.160
 4909.00    4.83412   3.90156    2.160
 4910.00    4.67082   3.86970    2.160
 4911.00    4.62414   3.84268    2.160
 4912.00    4.20673   3.83126    2.160
 4913.00    4.20673   3.83855    2.160
 4914.00    3.95729   3.85706    2.160
 4915.00    3.88462   3.87090    2.160
 4916.00    3.90776   3.86197    2.160
 4917.00    3.93623   3.81787    2.160
 4918.00    3.90113   3.73860    2.160
 4919.00    3.64866   3.63833    2.160
 4920.00    3.64866   3.54151    2.160
 4921.00    3.52125   3.47310    2.160
 4922.00    3.48857   3.44908    2.160
 4923.00    3.57130   3.47135    2.160
 4924.00    3.66468   3.53041    2.160
 4925.00    3.86548   3.61200    2.160
 4926.00    5.05874   3.70345   -1.000
 4927.00    5.05874   3.79566   -1.000
 4928.00    3.48247   3.88122    2.160
 4929.00    3.13145   3.95237    2.160
 4930.00    3.24661   4.00078    2.160
 4931.00    3.36566   4.02016    2.160
 4932.00    3.38970   4.00934    2.160
 4933.00    3.51090   3.97326    2.160
 4934.00    3.51090   3.92116    2.160
 4935.00    3.22199   3.86257    2.160
 4936.00    3.16670   3.80465    2.160
 4937.00    2.93397   3.75270    2.160
 4938.00    2.71319   3.71282    2.160
 4939.00    2.60754   3.69316    2.160
 4940.00    2.14823   3.70145    2.160
 4941.00    2.14823   3.73974    2.160
 4942.00    2.02214   3.80135   -1.000
 4943.00    2.00175   3.87263   -1.000
 4944.00    2.84549   3.93925    2.160
 4945.00    3.57981   3.99216    2.160
 4946.00    3.55470   4.03034    2.160
 4947.00    3.45935   4.05851    0.000
 4948.00    3.45935   4.08250    0.000
 4949.00    4.19619   4.10481    0.000
 4950.00    4.29447   4.12301    0.000
 4951.00    3.48880   4.13060    0.000
 4952.00    2.84710   4.11954    0.000
 4953.00    2.81474   4.08283    0.000
 4954.00    2.70670   4.01710    0.000
 4955.00    2.70670   3.92509    0.000
 4956.00    3.64520   3.81809    0.000
 4957.00    3.74452   3.71529    0.000
 4958.00    3.22310   3.63901    0.000
 4959.00    2.84260   3.60600    0.000
 4960.00    3.01602   3.61913    0.000
 4961.00    3.53089   3.66552    0.000
 4962.00    3.53089   3.72212    0.000
 4963.00    3.03442   3.76630    0.000
 4964.00    2.99462   3.78458    0.000
 4965.00    2.63533   3.77614    0.000
 4966.00    2.39541   3.75017    0.000
 4967.00    2.57495   3.72057    0.000
 4968.00    3.05202   3.70040    0.000
 4969.00    3.05202   3.69804    2.160
 4970.00    2.36337   3.71578    2.160
 4971.00    2.32503   3.75027    2.160
 4972.00    3.00686   3.79409    2.160
 4973.00    3.42282   3.83807    2.160
 4974.00    3.23391   3.87324    2.160
 4975.00    2.78228   3.89241    2.160
 4976.00    2.78228   3.89115    2.160
 4977.00    2.46361   3.86798    2.160
 4978.00    2.45333   3.82401    2.160
 4979.00    2.64551   3.76226    2.160
 4980.00    2.75218   3.68727    2.160
 4981.00    2.63238   3.60548    2.160
 4982.00    2.37413   3.52626    2.160
 4983.00    2.37413   3.46201    2.160
 4984.00    2.55022   3.42545    2.160
 4985.00    2.55187   3.42496    2.160
 4986.00    2.04883   3.45994    2.160
 4987.00    1.79490   3.51980   -1.000
 4988.00    2.12122   3.58790    2.160
 4989.00    2.75925   3.64833    2.160
 4990.00    2.75292   3.69166    2.160
 4991.00    2.24034   3.71706    2.160
 4992.00    2.24034   3.72984    2.160
 4993.00    1.79914   3.73692   -1.000
 4994.00    1.59723   3.74275   -1.000
 4995.00    1.80885   3.74755   -1.000
 4996.00    2.18528   3.74777    2.160
 4997.00    2.19213   3.73812    2.160
 4998.00    2.38845   3.71420    0.000
 4999.00    2.38845   3.67498    0.000
 5000.00    2.13574   3.62401    0.000
 5001.00    2.03127   3.56810    0.000
 5002.00    1.55798   3.51459    0.000
 5003.00    0.79175   3.46842    0.000
 5004.00    0.77674   3.43164    0.000
 5005.00    0.52218   3.40508    0.000
 5006.00    0.52218   3.39034    0.000
 5007.00    0.57505   3.38943    0.000
 5008.00    0.59466   3.40190    0.000
 5009.00    0.89607   3.42193    0.000
 5010.00    1.34198   3.43887    0.000
 5011.00    1.42831   3.44179    0.000
 5012.00    2.46093   3.42537    0.000
 5013.00    2.46093   3.39323    0.000
 5014.00    2.10166   3.35629    0.000
 5015.00    1.98252   3.32709    0.000
 5016.00    2.23052   3.31416    0.000
 5017.00    2.56631   3.31903    0.000
 5018.00    2.39918   3.33748    0.000
 5019.00    0.87188   3.36291    0.000
 5020.00    0.87188   3.38966    0.000
 5021.00   -0.52468   3.41487    0.000
 5022.00   -0.93606   3.43850    0.000
 5023.00   -0.36706   3.46215    0.000
 5024.00    0.33889   3.48721   -1.000
 5025.00    0.37896   3.51361   -1.000
 5026.00    0.67251   3.54006   -1.000
 5027.00    0.67251   3.56585   -1.000
 5028.00   -0.24390   3.59238    0.000
 5029.00   -0.48173   3.62299    0.000
 5030.00   -0.39405   3.66026    0.000
 5031.00   -0.29429   3.70276    0.000
 5032.00    0.02122   3.74360   -1.000
 5033.00    1.92618   3.77225   -1.000
 5034.00    1.92618   3.77858   -1.000
 5035.00    3.28227   3.75702    2.160
 5036.00    3.58823   3.70836    2.160
 5037.00    2.72424   3.63879    2.160
 5038.00    1.82407   3.55762   -1.000
 5039.00    2.20341   3.47580    2.160
 5040.00    4.14314   3.40644    2.160
 5041.00    4.14314   3.36429    2.160
 5042.00    1.41425   3.36229   -1.000
 5043.00    0.88439   3.40544   -1.000
 5044.00    0.04671   3.48564   -1.000
 5045.00   -0.75416   3.58232    0.000
 5046.00   -0.63777   3.66924    0.000
 5047.00   -0.12520   3.72484    0.000
 5048.00   -0.12520   3.74006    0.000
 5049.00    0.47716   3.72088   -1.000
 5050.00    0.57613   3.68411   -1.000
 5051.00    0.36836   3.64986   -1.000
 5052.00    0.18610   3.63379   -1.000
 5053.00    0.47384   3.64267   -1.000
 5054.00    1.57923   3.67421   -1.000
 5055.00    1.57923   3.72044   -1.000
 5056.00   -0.05244   3.77234    0.000
 5057.00   -0.27313   3.82301    0.000
 5058.00   -0.13340   3.86860    0.000
 5059.00   -0.02122   3.90666    0.000
 5060.00    0.22235   3.93402   -1.000
 5061.00    1.04465   3.94574   -1.000
 5062.00    1.04465   3.93649   -1.000
 5063.00    0.82863   3.90371   -1.000
 5064.00    0.80525   3.85065   -1.000
 5065.00    0.69631   3.78679   -1.000
 5066.00    0.61617   3.72518   -1.000
 5067.00    0.25528   3.67726   -1.000
 5068.00   -0.82740   3.64882    0.000
 5069.00   -0.82740   3.63885    0.000
 5070.00   -0.59657   3.64152    0.000
 5071.00   -0.57753   3.64979    0.000
 5072.00   -1.11912   3.65827    0.000
 5073.00   -1.48372   3.66406    0.000
 5074.00   -1.26059   3.66568    0.000
 5075.00   -0.66182   3.66126    0.000
 5076.00   -0.66182   3.64775    0.000
 5077.00    1.16892   3.62187   -1.000
 5078.00    1.27483   3.58270   -1.000
 5079.00    0.93332   3.53392   -1.000
 5080.00    0.72325   3.48431   -1.000
 5081.00    0.50595   3.44528   -1.000
 5082.00   -0.01847   3.42666    0.000
 5083.00   -0.01847   3.43298    0.000
 5084.00   -0.32976   3.46238    0.000
 5085.00   -0.34029   3.50811    0.000
 5086.00   -0.91013   3.56164    0.000
 5087.00   -1.22912   3.61545    0.000
 5088.00   -0.99738   3.66485    0.000
 5089.00   -0.49331   3.70810    0.000
 5090.00   -0.49331   3.74547    0.000
 5091.00    0.02099   3.77734   -1.000
 5092.00    0.02683   3.80234   -1.000
 5093.00   -0.28664   3.81649    0.000
 5094.00   -0.44626   3.81435    0.000
 5095.00   -0.42018   3.79175    0.000
 5096.00   -0.36875   3.74903    0.000
 5097.00   -0.36815   3.69273    0.000
 5098.00   -0.31007   3.63457    0.000
 5099.00   -0.31007   3.58756    0.000
 5100.00   -0.57396   3.56120    0.000
 5101.00   -0.69583   3.55774    0.000
 5102.00   -0.43578   3.57148    0.000
 5103.00    0.03074   3.59151   -1.000
 5104.00    0.00018   3.60662    0.000
 5105.00   -0.93214   3.60945    0.000
 5106.00   -0.93214   3.59885    0.000
 5107.00   -0.70388   3.57908    0.000
 5108.00   -0.60863   3.55773    0.000
 5109.00   -0.29369   3.54282    0.000
 5110.00    0.22041   3.54057   -1.000
 5111.00    0.18541   3.55393   -1.000
 5112.00   -0.43124   3.58230    0.000
 5113.00   -0.43124   3.62234    0.000
 5114.00   -0.35095   3.66923    0.000
 5115.00   -0.32088   3.71770    0.000
 5116.00   -0.37001   3.76225    0.000
 5117.00   -0.44328   3.79711    0.000
 5118.00   -0.41694   3.81636    0.000
 5119.00   -0.09311   3.81491    0.000
 5120.00   -0.09311   3.79011    0.000
