 3098.00    0.37924   0.97152    2.008
 3099.00    0.83644   0.97173    2.008
 3100.00    0.61130   0.97315    2.008
 3101.00    0.79342   0.97706    2.008
 3102.00    0.07885   0.98181    2.008
 3103.00   -1.45895   0.98442    0.000
 3104.00    0.57625   0.98500    2.008
 3105.00    0.19358   0.98505    2.008
 3106.00    2.54201   0.98505   -1.000
 3107.00    3.65171   0.98505   -1.000
 3108.00    2.12612   0.98505    2.008
 3109.00    1.63024   0.98505    2.008
 3110.00    0.42808   0.98505    2.008
 3111.00    0.74944   0.98505    2.008
 3112.00    2.22957   0.98505    2.008
 3113.00    2.20602   0.98505    2.008
 3114.00    0.50582   0.98505    2.008
 3115.00    0.69177   0.98505    2.008
 3116.00    0.43754   0.98505    2.008
 3117.00    0.68121   0.98505    2.008
 3118.00    2.57702   0.98503   -1.000
 3119.00    1.49366   0.98457    2.008
 3120.00    0.84931   0.98146    2.008
 3121.00    1.31022   0.97291    2.008
 3122.00    1.36299   0.96246    2.008
 3123.00    1.45824   0.95666    2.008
 3124.00    0.48436   0.95535    2.008
 3125.00    1.03287   0.95524    2.008
 3126.00    0.56667   0.95524    2.008
 3127.00    0.48066   0.95524    2.008
 3128.00   -0.10557   0.95524    0.000
 3129.00    0.09726   0.95524    2.008
 3130.00    0.57667   0.95524    2.008
 3131.00    1.30931   0.95524    2.008
 3132.00    1.27387   0.95524    2.008
 3133.00    1.21285   0.95524    2.008
 3134.00    1.07314   0.95524    2.008
 3135.00    0.51943   0.95524    2.008
 3136.00    0.53845   0.95524    2.008
 3137.00    0.33324   0.95524    2.008
 3138.00    1.10248   0.95523    2.008
 3139.00    0.51948   0.95512    2.008
 3140.00    0.52450   0.95439    2.008
 3141.00    0.82337   0.95237    2.008
 3142.00    2.03079   0.94988    2.008
 3143.00    1.16562   0.94849    2.008
 3144.00    0.51380   0.94817    2.008
 3145.00    0.48961   0.94814    2.008
 3146.00    0.18703   0.94814    2.008
 3147.00    0.18246   0.94814    2.008
 3148.00    0.57999   0.94814    2.008
 3149.00    1.34263   0.94814    2.008
 3150.00    0.82664   0.94814    2.008
 3151.00    0.61518   0.94814    2.008
 3152.00    0.79820   0.94814    2.008
 3153.00    0.63778   0.94814    2.008
 3154.00    1.10400   0.94814    2.008
 3155.00    1.17641   0.94814    2.008
 3156.00    0.65816   0.94814    2.008
 3157.00    0.10533   0.94814    2.008
 3158.00    0.38246   0.94816    2.008
 3159.00    0.72270   0.94839    2.008
 3160.00    0.68556   0.94996    2.008
 3161.00    0.24173   0.95426    2.008
 3162.00   -0.15880   0.95960    0.000
 3163.00    0.12581   0.96262    2.008
 3164.00    0.52595   0.96332    2.008
 3165.00    0.22502   0.96338    2.008
 3166.00    0.25281   0.96338    2.008
 3167.00    0.73519   0.96338    2.008
 3168.00    0.61324   0.96338    2.008
 3169.00    0.79394   0.96338    2.008
 3170.00    1.34028   0.96338    2.008
 3171.00    1.51768   0.96338    2.008
 3172.00    1.91283   0.96338    2.008
 3173.00    1.31256   0.96338    2.008
 3174.00    1.00709   0.96338    2.008
 3175.00    1.02330   0.96338    2.008
 3176.00    0.02533   0.96338    2.008
 3177.00    1.09635   0.96338    2.008
 3178.00    1.12882   0.96334    2.008
 3179.00    0.87066   0.96255    2.008
 3180.00    0.89306   0.95735    2.008
 3181.00    0.43209   0.94310    2.008
 3182.00    0.77418   0.92531    2.008
 3183.00    1.31998   0.91515    2.008
 3184.00    1.36136   0.91277    2.008
 3185.00    0.90640   0.91254    2.008
 3186.00    0.56210   0.91253    2.008
 3187.00    1.01703   0.91253    2.008
 3188.00    0.36761   0.91253    2.008
 3189.00    0.11913   0.91253    2.008
 3190.00    0.20607   0.91253    2.008
 3191.00    1.92311   0.91253    2.008
 3192.00    2.42853   0.91253    2.008
 3193.00    0.58481   0.91253    2.008
 3194.00    0.47041   0.91253    2.008
 3195.00    0.86212   0.91253    2.008
 3196.00    0.71580   0.91253    2.008
 3197.00    0.70458   0.91253    2.008
 3198.00    0.93913   0.91256    2.008
 3199.00    1.57181   0.91302    2.008
 3200.00    1.88620   0.91608    2.008
 3201.00    1.52918   0.92443    2.008
 3202.00    0.60048   0.93492    2.008
 3203.00    1.31739   0.94097    2.008
 3204.00    0.84223   0.94241    2.008
 3205.00    0.67180   0.94256    2.008
 3206.00    0.41122   0.94257    2.008
 3207.00    0.51677   0.94257    2.008
 3208.00    1.17625   0.94257    2.008
 3209.00    0.78634   0.94257    2.008
 3210.00    0.46619   0.94257    2.008
 3211.00    0.56755   0.94257    2.008
 3212.00    0.38601   0.94257    2.008
 3213.00    0.23126   0.94257    2.008
 3214.00    0.95998   0.94257    2.008
 3215.00    0.87636   0.94257    2.008
 3216.00   -0.17644   0.94257    0.000
 3217.00   -0.23478   0.94257    0.000
 3218.00    1.16316   0.94252    2.008
 3219.00    1.04368   0.94169    2.008
 3220.00    1.29190   0.93637    2.008
 3221.00    1.85659   0.92178    2.008
 3222.00    1.10751   0.90342    2.008
 3223.00    0.39314   0.89275    2.008
 3224.00    0.77473   0.89013    2.008
 3225.00    0.61573   0.88985    2.008
 3226.00    0.75978   0.88984    2.008
 3227.00    1.42004   0.88984    2.008
 3228.00    0.90270   0.88984    2.008
 3229.00    0.98138   0.88984    2.008
 3230.00    0.46662   0.88984    2.008
 3231.00    0.27715   0.88984    2.008
 3232.00    1.62294   0.88984    2.008
 3233.00    1.90558   0.88984    2.008
 3234.00    1.64839   0.88984    2.008
 3235.00    1.26800   0.88984    2.008
 3236.00    1.55627   0.88984    2.008
 3237.00    0.38392   0.88984    2.008
 3238.00    1.10404   0.88992    2.008
 3239.00    0.91960   0.89123    2.008
 3240.00    0.94096   0.89958    2.008
 3241.00    0.93219   0.92250    2.008
 3242.00    0.52208   0.95140    2.008
 3243.00    1.08502   0.96833    2.008
 3244.00    1.62334   0.97261    2.008
 3245.00    1.17384   0.97308    2.008
 3246.00    0.67274   0.97310    2.008
 3247.00    1.21813   0.97310    2.008
 3248.00    1.47532   0.97310    2.008
 3249.00    1.16735   0.97310    2.008
 3250.00    0.95706   0.97310    2.008
 3251.00    1.28161   0.97310    2.008
 3252.00    1.86077   0.97310    2.008
 3253.00    1.82345   0.97310    2.008
 3254.00    0.87648   0.97310    2.008
 3255.00    0.56323   0.97310    2.008
 3256.00    0.57588   0.97310    2.008
 3257.00    0.79666   0.97310    2.008
 3258.00    1.19098   0.97314    2.008
 3259.00    0.84849   0.97385    2.008
 3260.00    1.79134   0.97831    2.008
 3261.00    1.50495   0.99056    2.008
 3262.00    1.10623   1.00606    2.008
 3263.00    1.18269   1.01521    2.008
 3264.00    1.21035   1.01759    2.008
 3265.00    0.61667   1.01786    2.008
 3266.00    0.63936   1.01787    2.008
 3267.00    0.80089   1.01787    2.008
 3268.00    0.68848   1.01787    2.008
 3269.00    0.99019   1.01787    2.008
 3270.00    1.19630   1.01787    2.008
 3271.00    1.01176   1.01787    2.008
 3272.00    1.16202   1.01787    2.008
 3273.00    0.77385   1.01787    2.008
 3274.00    0.53350   1.01787    2.008
 3275.00    0.44780   1.01787    2.008
 3276.00    0.23843   1.01787    2.008
 3277.00    0.57129   1.01787    2.008
 3278.00    0.66327   1.01786    2.008
 3279.00    1.04686   1.01765    2.008
 3280.00    0.96146   1.01637    2.008
 3281.00    0.55576   1.01285    2.008
 3282.00    1.19280   1.00839    2.008
 3283.00    1.18026   1.00574    2.008
 3284.00    0.62827   1.00503    2.008
 3285.00    0.74804   1.00495    2.008
 3286.00    1.45669   1.00495    2.008
 3287.00    1.31021   1.00495    2.008
 3288.00    0.49756   1.00495    2.008
 3289.00    0.48104   1.00495    2.008
 3290.00    0.47247   1.00495    2.008
 3291.00    0.46684   1.00495    2.008
 3292.00    0.47187   1.00495    2.008
 3293.00    0.82489   1.00495    2.008
 3294.00    1.19411   1.00495    2.008
 3295.00    1.16772   1.00495    2.008
 3296.00    0.99243   1.00495    2.008
 3297.00    0.87174   1.00495    2.008
 3298.00    0.66461   1.00493    2.008
 3299.00    1.07545   1.00462    2.008
 3300.00    0.58342   1.00270    2.008
 3301.00    0.62959   0.99743    2.008
 3302.00    0.68427   0.99073    2.008
 3303.00    1.16117   0.98671    2.008
 3304.00    1.17944   0.98562    2.008
 3305.00    0.88606   0.98549    2.008
 3306.00    1.68910   0.98548    2.008
 3307.00    1.31207   0.98548    2.008
 3308.00    1.11640   0.98548    2.008
 3309.00    0.81479   0.98548    2.008
 3310.00    1.45103   0.98548    2.008
 3311.00    0.16652   0.98548    2.008
 3312.00    0.86509   0.98548    2.008
 3313.00    1.07548   0.98548    2.008
 3314.00    1.00000   0.98549    2.008
 3315.00    1.05071   0.98566    2.008
 3316.00    1.34845   0.98669    2.008
 3317.00    0.94107   0.98953    2.008
 3318.00    0.87441   0.99316    2.008
 3319.00    0.79282   0.99534    2.008
 3320.00    0.68535   0.99595    2.008
 3321.00    0.65997   0.99602    2.008
 3322.00    0.83054   0.99593    2.008
 3323.00    0.65074   0.99557    2.008
 3324.00    0.44480   0.99561    2.008
 3325.00    1.14683   0.99922    2.008
 3326.00    0.42598   1.00805    2.008
 3327.00    0.35231   1.01760    2.008
 3328.00    0.35268   1.02261    2.008
 3329.00    0.35268   1.02340    2.008
 3330.00    0.35268   1.02585    2.008
 3331.00    0.35268   1.03368    2.008
 3332.00    1.45790   1.04337    2.008
 3333.00    1.50108   1.04694    2.008
 3334.00    1.50108   1.03754    2.008
 3335.00    1.50108   1.01442    2.008
 3336.00    1.50040   0.98433    2.008
 3337.00    1.37552   0.95908    2.008
 3338.00    1.47295   0.95037    2.008
 3339.00    1.06975   0.95747    2.008
 3340.00    1.17791   0.96879    2.008
 3341.00    1.42429   0.97676    2.008
 3342.00    0.32745   0.98300    2.008
 3343.00    0.69425   0.99255    2.008
 3344.00    1.69099   1.00810    2.008
 3345.00    1.98392   1.02388    2.008
 3346.00    1.95474   1.03325    2.008
 3347.00    1.12303   1.03154    2.008
 3348.00    0.26542   1.01136    2.008
 3349.00    0.10232   0.97385    2.008
 3350.00    0.73722   0.94286    2.008
 3351.00    1.14926   0.93879    2.008
 3352.00    1.12658   0.95908    2.008
 3353.00    0.80627   0.98443    2.008
 3354.00    0.72680   0.99814    2.008
 3355.00    1.26332   1.00121    2.008
 3356.00    0.10843   1.00265    2.008
 3357.00    0.16880   1.00407    2.008
 3358.00    0.33219   0.99682    2.008
 3359.00    0.81485   0.97015    2.008
 3360.00    0.70122   0.92683    2.008
 3361.00    0.66319   0.88334    2.008
 3362.00    1.16658   0.86174    2.008
 3363.00    1.16198   0.87417    2.008
 3364.00    1.28818   0.91234    2.008
 3365.00    0.92268   0.95317    2.008
 3366.00    1.09773   0.97427    2.008
 3367.00    0.63765   0.96534    2.008
 3368.00    0.97942   0.93398    2.008
 3369.00    0.95923   0.89994    2.008
 3370.00    0.08382   0.87919    2.008
 3371.00    0.29955   0.87241    2.008
 3372.00    0.68638   0.86906    2.008
 3373.00    1.06996   0.86476    2.008
 3374.00    1.37478   0.86930    2.008
 3375.00    1.51002   0.89509    2.008
 3376.00    0.95470   0.93979    2.008
 3377.00    0.29631   0.97727    2.008
 3378.00   -0.10290   0.98331    0.000
 3379.00   -0.07085   0.95978    0.000
 3380.00    0.40608   0.92733    2.008
 3381.00    1.06761   0.90909    2.008
 3382.00    1.06090   0.91411    2.008
 3383.00    1.51242   0.93645    2.008
 3384.00    1.90346   0.96117    2.008
 3385.00    1.15134   0.97932    2.008
 3386.00    1.31968   0.99165    2.008
 3387.00    0.94295   0.99849    2.008
 3388.00    0.74699   0.99826    2.008
 3389.00    1.01192   0.99470    2.008
 3390.00    0.52518   0.99357    2.008
 3391.00   -0.05848   0.99422    0.000
 3392.00    0.38129   0.98988    2.008
 3393.00    0.83974   0.97707    2.008
 3394.00    0.47143   0.96442    2.008
 3395.00    0.54027   0.96443    2.008
 3396.00    1.37989   0.98102    2.008
 3397.00    1.73957   1.00680    2.008
 3398.00    1.49935   1.03036    2.008
 3399.00    1.16244   1.04337    2.008
 3400.00    1.23882   1.04257    2.008
 3401.00    1.49560   1.03127    2.008
 3402.00    1.45999   1.01548    2.008
 3403.00    1.63937   0.99822    2.008
 3404.00    2.10909   0.98248    2.008
 3405.00    1.01157   0.97144    2.008
 3406.00    0.73447   0.96394    2.008
 3407.00    0.91663   0.95593    2.008
 3408.00    0.78928   0.94767    2.008
 3409.00    0.64411   0.94359    2.008
 3410.00    0.33412   0.94796    2.008
 3411.00    0.48248   0.95919    2.008
 3412.00    1.10337   0.96926    2.008
 3413.00    1.04121   0.97150    2.008
 3414.00    0.52649   0.96624    2.008
 3415.00    0.88481   0.95992    2.008
 3416.00    1.10340   0.95880    2.008
 3417.00    0.89123   0.96617    2.008
 3418.00    0.96647   0.98189    2.008
 3419.00    1.02081   1.00388    2.008
 3420.00    0.52941   1.02714    2.008
 3421.00    0.70327   1.04289    2.008
 3422.00    1.61942   1.04435    2.008
 3423.00    1.51051   1.03418    2.008
 3424.00    0.37471   1.02046    2.008
 3425.00    0.91847   1.01108    2.008
 3426.00    0.39506   1.00814    2.008
 3427.00    1.34501   1.01113    2.008
 3428.00    1.20831   1.02174    2.008
 3429.00    1.49462   1.04086    2.008
 3430.00    2.17393   1.05913    2.008
 3431.00    1.58389   1.06493    2.008
 3432.00    1.07981   1.05496    2.008
 3433.00    1.22888   1.03666    2.008
 3434.00    0.62342   1.02234    2.008
 3435.00    1.21449   1.01901    2.008
 3436.00    1.33077   1.02478    2.008
 3437.00    1.86076   1.02935    2.008
 3438.00    1.57158   1.02322    2.008
 3439.00    0.91970   1.00254    2.008
 3440.00    1.39333   0.96865    2.008
 3441.00    0.92257   0.92621    2.008
 3442.00    1.08698   0.88858    2.008
 3443.00    0.88693   0.87104    2.008
 3444.00    0.27094   0.87740    2.008
 3445.00    0.25366   0.89559    2.008
 3446.00    0.69439   0.91512    2.008
 3447.00    0.54269   0.93657    2.008
 3448.00    1.10034   0.96453    2.008
 3449.00    0.93610   0.99639    2.008
 3450.00    1.08759   1.01930    2.008
 3451.00    1.94571   1.02134    2.008
 3452.00    1.02848   1.00372    2.008
 3453.00    1.21326   0.97719    2.008
 3454.00    1.12342   0.95763    2.008
 3455.00    0.59775   0.95488    2.008
 3456.00    0.67426   0.96554    2.008
 3457.00    0.75219   0.97556    2.008
 3458.00    0.83938   0.97305    2.008
 3459.00    1.48005   0.95949    2.008
 3460.00    0.35161   0.94274    2.008
 3461.00    1.03400   0.92821    2.008
 3462.00    1.40856   0.92136    2.008
 3463.00    1.20819   0.92823    2.008
 3464.00    0.77655   0.94616    2.008
 3465.00    1.34706   0.96415    2.008
 3466.00    1.05696   0.97491    2.008
 3467.00    0.49622   0.97952    2.008
 3468.00    1.23821   0.98426    2.008
 3469.00    0.27340   0.99157    2.008
 3470.00    1.11021   0.99949    2.008
 3471.00    1.19887   1.00562    2.008
 3472.00    0.66215   1.00646    2.008
 3473.00    0.77299   0.99765    2.008
 3474.00    1.47296   0.97743    2.008
 3475.00    0.69616   0.94875    2.008
 3476.00    0.65923   0.92251    2.008
 3477.00    0.25406   0.91142    2.008
 3478.00    0.67245   0.92017    2.008
 3479.00    1.79915   0.94069    2.008
 3480.00    1.05269   0.96208    2.008
 3481.00    0.51110   0.97645    2.008
 3482.00    0.19356   0.98130    2.008
 3483.00    1.23877   0.97759    2.008
 3484.00    1.39831   0.96897    2.008
 3485.00    0.93531   0.96299    2.008
 3486.00    0.99393   0.96919    2.008
 3487.00    1.32628   0.98894    2.008
 3488.00    0.97807   1.00798    2.008
 3489.00    1.31475   1.00965    2.008
 3490.00    1.78733   0.99013    2.008
 3491.00    1.68521   0.96363    2.008
 3492.00    1.04352   0.94687    2.008
 3493.00    0.67481   0.94416    2.008
 3494.00    1.11764   0.94628    2.008
 3495.00    1.43236   0.94275    2.008
 3496.00    1.30684   0.93346    2.008
 3497.00    0.82161   0.92743    2.008
 3498.00    0.66889   0.93547    2.008
 3499.00    1.00862   0.95791    2.008
 3500.00    1.59166   0.97934    2.008
 3501.00    1.57337   0.98887    2.008
 3502.00    1.49575   0.99119    2.008
 3503.00    1.25865   0.99467    2.008
 3504.00    1.38056   1.00022    2.008
 3505.00    1.50744   1.00052    2.008
 3506.00    1.69105   0.99123    2.008
 3507.00    1.88208   0.97755    2.008
 3508.00    1.26362   0.96831    2.008
 3509.00    1.19562   0.96641    2.008
 3510.00    1.02026   0.96738    2.008
 3511.00    1.43481   0.96424    2.008
 3512.00    1.65929   0.95433    2.008
 3513.00    1.46459   0.94037    2.008
 3514.00    1.05682   0.92685    2.008
 3515.00    1.35200   0.92422    2.008
 3516.00    2.53492   0.93912   -1.000
 3517.00    2.01010   0.96684    2.008
 3518.00    1.27324   0.99581    2.008
 3519.00    0.82806   1.01283    2.008
 3520.00    0.96310   1.01099    2.008
 3521.00    1.18990   0.99245    2.008
 3522.00   -0.06979   0.96762    0.000
 3523.00    0.18109   0.94507    2.008
 3524.00    0.75096   0.92569    2.008
 3525.00    1.00609   0.90920    2.008
 3526.00    0.82622   0.89840    2.008
 3527.00    1.04435   0.89882    2.008
 3528.00    0.48993   0.91506    2.008
 3529.00    0.57322   0.94377    2.008
 3530.00    1.04269   0.97198    2.008
 3531.00    1.09561   0.98775    2.008
 3532.00    0.27088   0.98927    2.008
 3533.00    0.76071   0.98570    2.008
 3534.00    1.44536   0.98846    2.008
 3535.00    0.55897   0.99947    2.008
 3536.00    1.18419   1.01209    2.008
 3537.00    0.99729   1.01962    2.008
 3538.00    0.47080   1.02353    2.008
 3539.00    1.65461   1.02965    2.008
 3540.00    1.93296   1.03820    2.008
 3541.00    0.89628   1.04318    2.008
 3542.00    1.10782   1.04263    2.008
 3543.00    1.06077   1.04356    2.008
 3544.00    0.44716   1.04940    2.008
 3545.00    0.31577   1.05707    2.008
 3546.00    0.17008   1.06090    2.008
 3547.00    0.37384   1.05819    2.008
 3548.00    0.18371   1.05150    2.008
 3549.00    1.34691   1.04540    2.008
 3550.00    1.42487   1.04345    2.008
 3551.00    2.01190   1.04577    2.008
 3552.00    2.07868   1.04777    2.008
 3553.00    1.12778   1.04316    2.008
 3554.00    0.84393   1.03113    2.008
 3555.00    1.45537   1.01807    2.008
 3556.00    0.45180   1.01241    2.008
 3557.00    0.19774   1.01431    2.008
 3558.00    1.32666   1.01641    2.008
 3559.00    1.11202   1.01380    2.008
 3560.00    1.22198   1.00999    2.008
 3561.00    1.48803   1.01298    2.008
 3562.00    1.13133   1.02613    2.008
 3563.00    0.86939   1.04097    2.008
 3564.00    1.07379   1.04061    2.008
 3565.00    0.94206   1.01247    2.008
 3566.00    1.43165   0.96817    2.008
 3567.00    0.72841   0.93275    2.008
 3568.00    1.14170   0.91942    2.008
 3569.00    1.40438   0.91767    2.008
 3570.00    0.04731   0.90926    2.008
 3571.00    0.80625   0.89222    2.008
 3572.00    0.84075   0.88039    2.008
 3573.00    0.84798   0.88397    2.008
 3574.00    1.17027   0.89791    2.008
 3575.00    0.45160   0.91059    2.008
 3576.00    0.63272   0.91698    2.008
 3577.00    0.97861   0.91997    2.008
 3578.00    0.98613   0.92120    2.008
 3579.00    0.71008   0.91626    2.008
 3580.00    0.48726   0.89962    2.008
 3581.00    1.54705   0.87349    2.008
 3582.00    1.76915   0.84844    2.008
 3583.00    0.92776   0.83601    2.008
 3584.00    0.79794   0.83715    2.008
 3585.00    0.81286   0.83993    2.008
 3586.00    0.75149   0.83441    2.008
 3587.00    0.79072   0.82404    2.008
 3588.00    1.24799   0.82046    2.008
 3589.00    0.77374   0.83205    2.008
 3590.00    1.53038   0.85781    2.008
 3591.00    0.55650   0.89009    2.008
 3592.00    0.67146   0.91892    2.008
 3593.00    0.93676   0.93747    2.008
 3594.00    1.25584   0.94610    2.008
 3595.00    1.13230   0.95293    2.008
 3596.00    0.96548   0.96662    2.008
 3597.00    1.38227   0.98682    2.008
 3598.00    1.61263   1.00677    2.008
 3599.00    1.90468   1.02108    2.008
 3600.00    1.10269   1.02712    2.008
 3601.00    1.14326   1.02330    2.008
 3602.00    1.42908   1.00898    2.008
 3603.00    1.05960   0.98627    2.008
 3604.00    0.70262   0.96159    2.008
 3605.00    1.06824   0.94343    2.008
 3606.00    0.85755   0.93605    2.008
 3607.00    0.68728   0.93539    2.008
 3608.00    1.02343   0.93349    2.008
 3609.00    0.88308   0.92668    2.008
 3610.00    0.92876   0.91995    2.008
 3611.00    1.32932   0.92213    2.008
 3612.00    1.41390   0.93314    2.008
 3613.00    0.88530   0.94523    2.008
 3614.00    0.69982   0.95465    2.008
 3615.00    1.19994   0.96395    2.008
 3616.00    1.69907   0.97368    2.008
 3617.00    1.67835   0.97447    2.008
 3618.00    1.70629   0.95528    2.008
 3619.00    1.88242   0.92490    2.008
 3620.00    1.30220   0.90650    2.008
 3621.00    1.12149   0.91397    2.008
 3622.00    1.24959   0.94121    2.008
 3623.00    0.42705   0.97250    2.008
 3624.00    0.19990   0.99605    2.008
 3625.00    0.58094   1.01331    2.008
 3626.00    0.59384   1.03325    2.008
 3627.00    0.56787   1.05831    2.008
 3628.00    0.89830   1.08052    2.008
 3629.00    1.11813   1.08490    2.008
 3630.00    1.00955   1.06032    2.008
 3631.00    0.51073   1.01374    2.008
 3632.00    0.57166   0.96784    2.008
 3633.00    1.03457   0.94406    2.008
 3634.00    0.77960   0.94600    2.008
 3635.00    0.57009   0.96080    2.008
 3636.00    0.73190   0.97280    2.008
 3637.00    0.88868   0.97874    2.008
 3638.00    1.05254   0.98821    2.008
 3639.00    1.17732   1.00714    2.008
 3640.00    0.95209   1.03042    2.008
 3641.00    0.47667   1.04498    2.008
 3642.00    0.70485   1.04204    2.008
 3643.00    0.96226   1.02412    2.008
 3644.00    0.49879   1.00066    2.008
 3645.00    0.22778   0.98092    2.008
 3646.00    1.25905   0.96847    2.008
 3647.00    0.85524   0.95981    2.008
 3648.00    0.83092   0.95181    2.008
 3649.00    1.29805   0.94704    2.008
 3650.00    1.25480   0.95023    2.008
 3651.00    0.72523   0.96363    2.008
 3652.00    0.05884   0.98561    2.008
 3653.00    1.00066   1.00977    2.008
 3654.00    0.82333   1.03034    2.008
 3655.00    0.83041   1.04490    2.008
 3656.00    1.15667   1.05451    2.008
 3657.00    0.86330   1.06373    2.008
 3658.00    1.08366   1.07468    2.008
 3659.00    1.72227   1.08436    2.008
 3660.00    1.09964   1.08905    2.008
 3661.00    1.59276   1.08711    2.008
 3662.00    1.07778   1.07852    2.008
 3663.00    0.83112   1.06509    2.008
 3664.00    1.14638   1.05035    2.008
 3665.00    1.09169   1.03960    2.008
 3666.00    1.55828   1.03576    2.008
 3667.00    1.21114   1.03628    2.008
 3668.00    0.81737   1.03513    2.008
 3669.00    0.76644   1.02854    2.008
 3670.00    1.29174   1.02152    2.008
 3671.00    1.57969   1.02224    2.008
 3672.00    1.20433   1.03234    2.008
 3673.00    0.85283   1.04555    2.008
 3674.00    1.28589   1.05376    2.008
 3675.00    1.17046   1.05345    2.008
 3676.00    0.96639   1.04451    2.008
 3677.00    1.14179   1.02834    2.008
 3678.00    1.01545   1.00923    2.008
 3679.00    0.68940   0.99212    2.008
 3680.00    0.66376   0.98107    2.008
 3681.00    1.01650   0.97740    2.008
 3682.00    1.83305   0.97968    2.008
 3683.00    1.20628   0.98609    2.008
 3684.00    0.81884   0.99278    2.008
 3685.00    1.02026   0.99219    2.008
 3686.00    0.18031   0.97850    2.008
 3687.00    0.39925   0.95727    2.008
 3688.00    0.14803   0.94331    2.008
 3689.00    0.35550   0.94852    2.008
 3690.00    1.52344   0.97174    2.008
 3691.00    0.67161   1.00115    2.008
 3692.00    1.05937   1.02351    2.008
 3693.00    1.22894   1.03436    2.008
 3694.00    1.28416   1.03870    2.008
 3695.00    0.92147   1.03990    2.008
 3696.00    0.43742   1.03581    2.008
 3697.00    0.31767   1.02764    2.008
 3698.00    0.52460   1.02594    2.008
 3699.00    1.51699   1.04212    2.008
 3700.00    1.44827   1.07364    2.008
 3701.00    1.40134   1.10157    2.008
 3702.00    1.53527   1.10299    2.008
 3703.00    1.92778   1.06595    2.008
 3704.00    1.41135   1.00053    2.008
 3705.00    0.21990   0.93449    2.008
 3706.00   -0.31387   0.89593    0.000
 3707.00    0.65595   0.89298    2.008
 3708.00    0.93203   0.91263    2.008
 3709.00    0.95599   0.93809    2.008
 3710.00    1.21468   0.95581    2.008
 3711.00    0.91524   0.95950    2.008
 3712.00    0.58430   0.95837    2.008
 3713.00    1.30728   0.97090    2.008
 3714.00    1.12073   1.00650    2.008
 3715.00    1.06758   1.05725    2.008
 3716.00    1.18728   1.10442    2.008
 3717.00    1.16957   1.13159    2.008
 3718.00    1.28191   1.12978    0.000
 3719.00    1.60767   1.09353    0.000
 3720.00    0.83126   1.02208    0.000
 3721.00    0.76275   0.93291    0.000
 3722.00    1.92189   0.86080    0.000
 3723.00    1.79064   0.83681    0.000
 3724.00    1.59112   0.86958    0.000
 3725.00    1.63886   0.94126    0.000
 3726.00    1.69072   1.01793    0.000
 3727.00    2.35395   1.07203    0.000
 3728.00    2.15245   1.10055    0.000
 3729.00    1.94581   1.11558    0.000
 3730.00    1.55627   1.12222    0.000
 3731.00    1.83126   1.11072    0.000
 3732.00    1.86625   1.06687    0.000
 3733.00    1.43620   0.98876    0.000
 3734.00    1.68734   0.89351    0.000
 3735.00    1.95650   0.81059    0.000
 3736.00    1.57695   0.76799    0.000
 3737.00    1.38721   0.77974    0.000
 3738.00    1.31979   0.84145    2.008
 3739.00    0.82014   0.93404    2.008
 3740.00    0.80322   1.03137    2.008
 3741.00    1.36303   1.10984    2.008
 3742.00    1.53101   1.15560    2.008
 3743.00    1.47742   1.16545    2.008
 3744.00    0.99959   1.14481    2.008
 3745.00    0.67181   1.10488    2.008
 3746.00    0.89746   1.05661    2.008
 3747.00    0.97639   1.00330    2.008
 3748.00    0.80164   0.94064    2.008
 3749.00    1.26491   0.86841    2.008
 3750.00    1.54047   0.80519    2.008
 3751.00    1.22682   0.78085    2.008
 3752.00    1.19921   0.81274    2.008
 3753.00    1.07909   0.89278    2.008
 3754.00    1.16137   0.99517    2.008
 3755.00    1.30521   1.09075    2.008
 3756.00    1.41783   1.15673    2.008
 3757.00    1.48082   1.18135    2.008
 3758.00    1.48082   1.16833    2.008
 3759.00    1.48082   1.13704    2.008
 3760.00    1.48082   1.11172    2.008
 3761.00    1.48082   1.10677    2.008
 3762.00    1.48082   1.11886    2.008
 3763.00    1.43452   1.13537    2.008
 3764.00    1.24320   1.14544    2.008
 3765.00    1.24320   1.14305    2.008
 3766.00    1.24320   1.12578    2.008
 3767.00    1.24320   1.09393    2.008
 3768.00    1.24320   1.04921    2.008
 3769.00    1.24320   0.99410    2.008
 3770.00    1.24320   0.93512    2.008
 3771.00    0.95198   0.88794    2.008
 3772.00    1.11465   0.87496    2.008
 3773.00    0.83197   0.90783    2.008
 3774.00    1.03903   0.97293    2.008
 3775.00    0.94181   1.04374    2.008
 3776.00    0.79693   1.10389    2.008
 3777.00    1.51845   1.15318    2.008
 3778.00    1.23212   1.19793    2.008
 3779.00    2.01059   1.24080    2.008
 3780.00    1.85546   1.28072    2.008
 3781.00    1.84179   1.31508    2.008
 3782.00    1.64915   1.34143    2.008
 3783.00    1.03154   1.35932    2.008
 3784.00    0.65347   1.36756    2.008
 3785.00    1.22515   1.36231    2.008
 3786.00    1.82508   1.34013    2.008
 3787.00    1.21111   1.30462    2.008
 3788.00    1.70888   1.26667    2.008
 3789.00    1.75184   1.23573    2.008
 3790.00    1.17338   1.21441    2.008
 3791.00    1.72593   1.19944    2.008
 3792.00    1.54055   1.18364    2.008
 3793.00    0.44988   1.15808    2.008
 3794.00    1.06299   1.11695    2.008
 3795.00    0.77148   1.05996    2.008
 3796.00    0.46472   0.99106    0.000
 3797.00    0.45673   0.91575    0.000
 3798.00    0.45673   0.84516    0.000
 3799.00    0.45673   0.80207    0.000
 3800.00    0.47076   0.81095    0.000
 3801.00    1.31446   0.87497    0.000
 3802.00    1.31446   0.97209    0.000
 3803.00    1.31446   1.07234    2.008
 3804.00    1.31446   1.15382    2.008
 3805.00    1.28314   1.20845    2.008
 3806.00    0.82930   1.23755    2.008
 3807.00    1.40565   1.24964    2.008
 3808.00    0.92167   1.25931    2.008
 3809.00    1.14385   1.27990    2.008
 3810.00    1.76317   1.31352    2.008
 3811.00    1.03529   1.35166    2.008
 3812.00    0.74998   1.37852    2.008
 3813.00    1.10057   1.37689    2.008
 3814.00    2.17148   1.34365    2.008
 3815.00    1.40349   1.29470    2.008
 3816.00    1.06559   1.25523    2.008
 3817.00    1.95083   1.24198    2.008
 3818.00    1.13787   1.24760    2.008
 3819.00    0.97046   1.24953    2.008
 3820.00    1.18522   1.23273    2.008
 3821.00    1.49794   1.20457    2.008
 3822.00    0.95060   1.18656    2.008
 3823.00    0.69058   1.18564    2.008
 3824.00    0.63200   1.18523    2.008
 3825.00    1.15797   1.16685    2.008
 3826.00    1.27491   1.13057    2.008
 3827.00    1.04836   1.09143    2.008
 3828.00    1.26316   1.06146    2.008
 3829.00    1.45641   1.04028    2.008
 3830.00    1.47526   1.01991    2.008
 3831.00    1.04495   0.99123    2.008
 3832.00    0.79706   0.94849    2.008
 3833.00    0.88745   0.89032    0.000
 3834.00    0.95338   0.82156    0.000
 3835.00    1.35765   0.75601    0.000
 3836.00    1.00525   0.71274    0.000
 3837.00    0.74279   0.70408    0.000
 3838.00    0.54454   0.72781    0.000
 3839.00    0.38422   0.77345    0.000
 3840.00    0.61404   0.83298    0.000
 3841.00    0.70513   0.90353    0.000
 3842.00    0.77237   0.98198    2.008
 3843.00    0.76224   1.06215    2.008
 3844.00    0.82073   1.13546    2.008
 3845.00    1.14245   1.19360    2.008
 3846.00    1.13060   1.23604    2.008
 3847.00    0.89693   1.26962    2.008
 3848.00    1.05058   1.29815    2.008
 3849.00    1.30953   1.31740    2.008
 3850.00    1.44730   1.32455    2.008
 3851.00    1.53027   1.32702    2.008
 3852.00    0.96841   1.33506    2.008
 3853.00    0.67024   1.35057    2.008
 3854.00    1.08681   1.36348    2.008
 3855.00    1.03543   1.36287    2.008
 3856.00    1.21232   1.34889    2.008
 3857.00    1.41423   1.32964    2.008
 3858.00    1.15837   1.31077    2.008
 3859.00    1.23401   1.29328    2.008
 3860.00    1.20920   1.28050    2.008
 3861.00    1.12490   1.28000    2.008
 3862.00    1.50111   1.29623    0.000
 3863.00    1.67149   1.32306    0.000
 3864.00    1.49013   1.34753    0.000
 3865.00    1.97046   1.35962    0.000
 3866.00    1.38588   1.36156    0.000
 3867.00    1.15976   1.36002    0.000
 3868.00    1.69747   1.35891    0.000
 3869.00    1.33009   1.35686    0.000
 3870.00    1.10890   1.34754    0.000
 3871.00    1.43501   1.32526    0.000
 3872.00    1.47520   1.29187    2.008
 3873.00    1.38693   1.25968    2.008
 3874.00    0.98660   1.24558    2.008
 3875.00    1.23286   1.25563    2.008
 3876.00    1.02245   1.27588    2.008
 3877.00    0.92408   1.28165    2.008
 3878.00    1.03080   1.26228    2.008
 3879.00    0.85230   1.22970    2.008
 3880.00    1.21012   1.20320    2.008
 3881.00    0.60057   1.18910    2.008
 3882.00    0.93287   1.17852    0.000
 3883.00    1.16428   1.16063    0.000
 3884.00    0.84589   1.13164    0.000
 3885.00    0.83966   1.09104    0.000
 3886.00    1.18310   1.03527    0.000
 3887.00    1.17100   0.96193    0.000
 3888.00    1.10628   0.88119    0.000
 3889.00    0.90732   0.81585    0.000
 3890.00    0.42826   0.78847    0.000
 3891.00    0.29692   0.81150    0.000
 3892.00    0.83235   0.87670    2.008
 3893.00    1.43835   0.95849    2.008
 3894.00    1.48772   1.02970    2.008
 3895.00    1.27904   1.08135    2.008
 3896.00    1.57994   1.12177    2.008
 3897.00    1.16809   1.16133    2.008
 3898.00    1.12886   1.19929    2.008
 3899.00    1.68441   1.22881    2.008
 3900.00    1.56830   1.24879    2.008
 3901.00    1.53097   1.26540    2.008
 3902.00    0.60093   1.28382    2.008
 3903.00    1.04769   1.30048    2.008
 3904.00    1.28419   1.30841    2.008
 3905.00    1.26845   1.30544    2.008
 3906.00    1.27815   1.29960    2.008
 3907.00    1.43602   1.30386    2.008
 3908.00    1.60905   1.32587    2.008
 3909.00    0.96022   1.36258    2.008
 3910.00    1.02021   1.40087    2.008
 3911.00    1.66310   1.42814    2.008
 3912.00    1.09784   1.44304    2.008
 3913.00    1.47381   1.44945    2.008
 3914.00    1.11457   1.45050    2.008
 3915.00    1.00630   1.44753    2.008
 3916.00    1.32533   1.44191    2.008
 3917.00    1.42202   1.43491    2.008
 3918.00    1.22427   1.42616    2.008
 3919.00    1.11538   1.41352    2.008
 3920.00    1.35564   1.39635    2.008
 3921.00    1.06055   1.37843    2.008
 3922.00    0.66068   1.36594    2.008
 3923.00    0.90283   1.36329    2.008
 3924.00    1.76015   1.36776    2.008
 3925.00    1.19270   1.36984    2.008
 3926.00    1.44983   1.35891    2.008
 3927.00    1.22147   1.32974    2.008
 3928.00    1.38928   1.28376    2.008
 3929.00    1.01981   1.22610    2.008
 3930.00    0.96100   1.16095    2.008
 3931.00    0.90445   1.08661    2.008
 3932.00    1.22091   0.99874    2.008
 3933.00    1.36815   0.90330    2.008
 3934.00    0.90205   0.82325    2.008
 3935.00    0.51438   0.78942    2.008
 3936.00    0.70189   0.81713    2.008
 3937.00    1.07984   0.89605    2.008
 3938.00    1.46971   0.99869    2.008
 3939.00    0.98129   1.09889    2.008
 3940.00    0.91408   1.18172    2.008
 3941.00    1.05895   1.24442    2.008
 3942.00    1.15175   1.28602    2.008
 3943.00    1.80148   1.30664    2.008
 3944.00    0.91756   1.31154    2.008
 3945.00    1.14857   1.31126    2.008
 3946.00    1.40412   1.31742    2.008
 3947.00    1.59013   1.33225    2.008
 3948.00    1.54622   1.34812    2.008
 3949.00    1.51199   1.35949    2.008
 3950.00    1.15377   1.36707    2.008
 3951.00    1.38267   1.37187    2.008
 3952.00    1.49038   1.37182    2.008
 3953.00    1.69437   1.36750    2.008
 3954.00    1.52979   1.36348    2.008
 3955.00    1.24446   1.36055    2.008
 3956.00    1.48188   1.35278    2.008
 3957.00    1.19899   1.33693    2.008
 3958.00    0.98893   1.31924    2.008
 3959.00    1.41276   1.30512    2.008
 3960.00    1.38126   1.28742    2.008
 3961.00    1.13614   1.25262    0.000
 3962.00    1.23276   1.19672    0.000
 3963.00    1.07859   1.13065    0.000
 3964.00    1.14195   1.06660    0.000
 3965.00    1.09974   1.00325    0.000
 3966.00    0.78515   0.92871    0.000
 3967.00    0.36981   0.83323    0.000
 3968.00    0.41436   0.72290    0.000
 3969.00    0.62789   0.62181    0.000
 3970.00    0.61254   0.55771    0.000
 3971.00    0.73356   0.54964    0.000
 3972.00    0.95169   0.59926    0.000
 3973.00    0.96030   0.69096    0.000
 3974.00    1.02585   0.80112    0.000
 3975.00    0.87852   0.91038    2.008
 3976.00    0.82910   1.00750    2.008
 3977.00    0.97191   1.08991    2.008
 3978.00    0.90030   1.16066    2.008
 3979.00    1.18648   1.22355    2.008
 3980.00    1.50881   1.27849    2.008
 3981.00    1.40270   1.32014    2.008
 3982.00    1.37235   1.34509    2.008
 3983.00    1.46248   1.35755    2.008
 3984.00    1.51758   1.36715    2.008
 3985.00    1.58714   1.38053    2.008
 3986.00    1.41694   1.39779    2.008
 3987.00    1.51389   1.41661    2.008
 3988.00    1.37189   1.43626    2.008
 3989.00    1.40277   1.45637    2.008
 3990.00    1.64823   1.47501    2.008
 3991.00    2.08211   1.49106    2.008
 3992.00    1.92908   1.50569    2.008
 3993.00    1.80761   1.51909    2.008
 3994.00    1.68291   1.52777    2.008
 3995.00    1.40083   1.52708    2.008
 3996.00    1.23427   1.51678    2.008
 3997.00    1.47698   1.50254    2.008
 3998.00    1.60379   1.49296    2.008
 3999.00    1.73006   1.49460    2.008
 4000.00    1.51419   1.50750    2.008
 4001.00    2.00228   1.52609    2.008
 4002.00    1.68730   1.54334    2.008
 4003.00    1.67564   1.55188    2.008
 4004.00    1.53567   1.54604    2.008
 4005.00    2.05025   1.52553    2.008
 4006.00    1.74266   1.49931    2.008
 4007.00    1.35615   1.48401    2.008
 4008.00    1.62126   1.49158    2.008
 4009.00    1.60943   1.51723    2.008
 4010.00    1.65777   1.54599    2.008
 4011.00    1.78033   1.56680    2.008
 4012.00    1.66818   1.57759    2.008
 4013.00    1.85305   1.58186    2.008
 4014.00    1.57861   1.58377    2.008
 4015.00    1.94020   1.58569    2.008
 4016.00    2.12952   1.58784    2.008
 4017.00    1.54967   1.58974    2.008
 4018.00    1.33692   1.59188    2.008
 4019.00    1.69636   1.59566    2.008
 4020.00    2.06517   1.60151    2.008
 4021.00    1.81046   1.60754    2.008
 4022.00    1.65063   1.61068    2.008
 4023.00    1.62293   1.60856    2.008
 4024.00    1.56441   1.60053    0.000
 4025.00    1.72406   1.58935    0.000
 4026.00    1.75798   1.58211    0.000
 4027.00    1.64301   1.58544    0.000
 4028.00    1.55573   1.59761    0.000
 4029.00    1.50629   1.60687    0.000
 4030.00    1.89624   1.60101    0.000
 4031.00    1.55492   1.57970    2.008
 4032.00    1.80769   1.55415    2.008
 4033.00    2.03893   1.53685    2.008
 4034.00    1.56775   1.53399    2.008
 4035.00    1.58980   1.54480    2.008
 4036.00    1.50306   1.56534    2.008
 4037.00    1.51845   1.59221    2.008
 4038.00    1.48508   1.62089    2.008
 4039.00    1.72524   1.64236    2.008
 4040.00    2.03336   1.64840    2.008
 4041.00    1.91279   1.64097    2.008
 4042.00    2.24301   1.62868    2.008
 4043.00    1.64821   1.61401    2.008
 4044.00    1.47221   1.58928    2.008
 4045.00    1.59994   1.54929    2.008
 4046.00    1.42681   1.50712    2.008
 4047.00    1.63626   1.48792    2.008
 4048.00    1.96983   1.50447    2.008
 4049.00    1.75839   1.54633    2.008
 4050.00    1.67508   1.59083    2.008
 4051.00    1.02403   1.61972    2.008
 4052.00    1.39736   1.62795    2.008
 4053.00    1.45534   1.62046    2.008
 4054.00    1.88332   1.60521    2.008
 4055.00    1.98521   1.58981    2.008
 4056.00    1.79463   1.57851    2.008
 4057.00    1.74101   1.57045    2.008
 4058.00    1.83733   1.56443    2.008
 4059.00    2.06072   1.56349    2.008
 4060.00    1.59110   1.57044    2.008
 4061.00    1.15811   1.57964    2.008
 4062.00    1.23908   1.57735    2.008
 4063.00    1.53229   1.55447    2.008
 4064.00    1.72404   1.51811    2.008
 4065.00    1.80777   1.48688    2.008
 4066.00    1.63170   1.47424    2.008
 4067.00    1.48070   1.47973    0.000
 4068.00    1.68553   1.49478    0.000
 4069.00    1.35413   1.51096    0.000
 4070.00    1.16466   1.52003    0.000
 4071.00    1.42286   1.51484    2.008
 4072.00    1.75557   1.49709    2.008
 4073.00    1.75970   1.48015    2.008
 4074.00    1.63309   1.47563    2.008
 4075.00    1.67146   1.47879    2.008
 4076.00    1.97742   1.47381    2.008
 4077.00    1.62016   1.45323    2.008
 4078.00    1.28344   1.42690    2.008
 4079.00    1.26940   1.41272    2.008
 4080.00    1.22672   1.42167    2.008
 4081.00    1.38767   1.44961    2.008
 4082.00    1.03824   1.47938    2.008
 4083.00    1.24675   1.49308    2.008
 4084.00    1.83838   1.48567    2.008
 4085.00    1.39737   1.46776    2.008
 4086.00    1.25048   1.45571    2.008
 4087.00    1.27539   1.45877    2.008
 4088.00    1.71111   1.47317    2.008
 4089.00    2.06783   1.48635    2.008
 4090.00    1.83915   1.48734    2.008
 4091.00    1.72304   1.47450    2.008
 4092.00    1.39357   1.45424    2.008
 4093.00    1.11827   1.43280    2.008
 4094.00    1.31905   1.41018    2.008
 4095.00    1.54290   1.38165    0.000
 4096.00    1.79305   1.34386    0.000
 4097.00    1.81373   1.29806    0.000
 4098.00    1.40979   1.24695    0.000
 4099.00    1.11648   1.18868    0.000
 4100.00    1.26184   1.11685    0.000
 4101.00    1.20729   1.03165    0.000
 4102.00    0.61713   0.95167    0.000
 4103.00    0.78140   0.90860    0.000
 4104.00    1.08834   0.92487    0.000
 4105.00    1.24637   0.99507    0.000
 4106.00    1.12211   1.08921    0.000
 4107.00    1.03631   1.17537    0.000
 4108.00    1.10944   1.23871    2.008
 4109.00    1.32425   1.28071    2.008
 4110.00    1.40367   1.30929    2.008
 4111.00    1.32081   1.33277    2.008
 4112.00    1.56276   1.35666    2.008
 4113.00    1.23764   1.38222    2.008
 4114.00    1.01299   1.40847    2.008
 4115.00    1.51582   1.43436    2.008
 4116.00    1.74302   1.45741    2.008
 4117.00    1.48854   1.47315    2.008
 4118.00    1.21863   1.47830    2.008
 4119.00    1.44307   1.47445    2.008
 4120.00    1.28113   1.46775    2.008
 4121.00    1.40971   1.46512    2.008
 4122.00    0.95411   1.46976    2.008
 4123.00    1.12297   1.47994    2.008
 4124.00    1.52417   1.49240    2.008
 4125.00    1.64153   1.50469    2.008
 4126.00    1.86124   1.51369    2.008
 4127.00    1.41865   1.51562    2.008
 4128.00    1.60728   1.51032    2.008
 4129.00    1.11795   1.50301    2.008
 4130.00    1.09193   1.49841    2.008
 4131.00    1.59119   1.49439    2.008
 4132.00    1.65282   1.48548    2.008
 4133.00    1.50601   1.47232    2.008
 4134.00    0.76802   1.46387    2.008
 4135.00    1.67880   1.46971    2.008
 4136.00    1.15413   1.49171    2.008
 4137.00    1.01838   1.52324    2.008
 4138.00    1.40967   1.55471    2.008
 4139.00    1.77506   1.57900    2.008
 4140.00    1.90841   1.59189    2.008
 4141.00    1.54346   1.58949    2.008
 4142.00    1.77672   1.56934    2.008
 4143.00    1.27661   1.53541    2.008
 4144.00    1.63161   1.50050    2.008
 4145.00    1.41485   1.48125    2.008
 4146.00    1.34096   1.48694    2.008
 4147.00    0.74458   1.51067    2.008
 4148.00    1.09267   1.53499    2.008
 4149.00    1.51481   1.54775    2.008
 4150.00    1.83363   1.55021    2.008
 4151.00    1.22207   1.55012    2.008
 4152.00    1.13677   1.55054    2.008
 4153.00    1.54949   1.54789    2.008
 4154.00    1.60473   1.53893    2.008
 4155.00    1.66835   1.52678    2.008
 4156.00    1.57789   1.51892    2.008
 4157.00    1.10313   1.52055    2.008
 4158.00    1.18040   1.53129    2.008
 4159.00    1.57728   1.54708    2.008
 4160.00    1.59081   1.56310    2.008
 4161.00    1.81559   1.57582    2.008
 4162.00    2.05620   1.58469    2.008
 4163.00    1.64236   1.59180    2.008
 4164.00    1.38659   1.59880    2.008
 4165.00    1.53472   1.60394    2.008
 4166.00    1.62610   1.60292    2.008
 4167.00    1.40708   1.59345    2.008
 4168.00    1.66074   1.57902    2.008
 4169.00    1.52138   1.56625    2.008
 4170.00    1.17646   1.55675    2.008
 4171.00    1.82361   1.54366    2.008
 4172.00    2.18873   1.52016    2.008
 4173.00    1.67436   1.49034    2.008
 4174.00    1.44709   1.46886    2.008
 4175.00    1.25688   1.46730    2.008
 4176.00    1.45567   1.48227    2.008
 4177.00    1.52104   1.50024    2.008
 4178.00    1.44513   1.51238    2.008
 4179.00    1.55286   1.52076    2.008
 4180.00    1.55076   1.53005    2.008
 4181.00    1.58856   1.53878    2.008
 4182.00    1.83803   1.54222    2.008
 4183.00    1.78099   1.54060    2.008
 4184.00    1.62723   1.53969    2.008
 4185.00    1.44267   1.54253    2.008
 4186.00    1.61867   1.54435    2.008
 4187.00    1.76333   1.53892    2.008
 4188.00    1.63885   1.52737    2.008
 4189.00    1.52894   1.51746    2.008
 4190.00    1.82168   1.51575    2.008
 4191.00    1.57497   1.52250    2.008
 4192.00    1.17114   1.53402    2.008
 4193.00    1.48608   1.54655    2.008
 4194.00    1.72767   1.55579    2.008
 4195.00    1.50267   1.55617    2.008
 4196.00    1.62730   1.54399    2.008
 4197.00    1.86455   1.52083    2.008
 4198.00    1.93193   1.49340    2.008
 4199.00    1.73161   1.46953    2.008
 4200.00    1.70371   1.45399    2.008
 4201.00    1.92094   1.44789    2.008
 4202.00    1.82085   1.45003    2.008
 4203.00    1.42136   1.45827    2.008
 4204.00    1.36991   1.47130    2.008
 4205.00    1.12550   1.48883    2.008
 4206.00    0.89958   1.50957    2.008
 4207.00    1.07598   1.53055    2.008
 4208.00    1.43779   1.54800    2.008
 4209.00    1.63072   1.55851    2.008
 4210.00    1.35694   1.56158    2.008
 4211.00    1.39012   1.56117    2.008
 4212.00    1.69877   1.56275    2.008
 4213.00    1.47645   1.56681    2.008
 4214.00    1.41170   1.56634    2.008
 4215.00    1.30234   1.55411    2.008
 4216.00    1.09533   1.53261    2.008
 4217.00    1.57965   1.51376    2.008
 4218.00    1.68563   1.50938    2.008
 4219.00    1.58481   1.52166    2.008
 4220.00    1.45568   1.54164    2.008
 4221.00    1.49248   1.55730    2.008
 4222.00    1.47641   1.56108    2.008
 4223.00    1.58679   1.54903    2.008
 4224.00    1.89051   1.51843    2.008
 4225.00    1.61022   1.47025    2.008
 4226.00    1.48713   1.41317    2.008
 4227.00    1.40732   1.36470    2.008
 4228.00    1.56792   1.34617    2.008
 4229.00    1.33522   1.36894    2.008
 4230.00    1.15710   1.42181    2.008
 4231.00    1.28511   1.47694    2.008
 4232.00    1.75946   1.51077    2.008
 4233.00    1.38933   1.51745    2.008
 4234.00    1.23576   1.50635    2.008
 4235.00    1.36689   1.49056    2.008
 4236.00    1.77273   1.47808    2.008
 4237.00    1.46539   1.47091    2.008
 4238.00    1.60644   1.46942    2.008
 4239.00    1.49413   1.47454    2.008
 4240.00    1.82834   1.48559    2.008
 4241.00    1.79969   1.49909    2.008
 4242.00    1.70003   1.51126    2.008
 4243.00    1.55688   1.52090    2.008
 4244.00    1.46677   1.52884    2.008
 4245.00    1.37786   1.53434    2.008
 4246.00    1.60384   1.53326    2.008
 4247.00    1.36196   1.52139    2.008
 4248.00    1.53095   1.50040    2.008
 4249.00    1.45783   1.47898    2.008
 4250.00    1.38836   1.46650    2.008
 4251.00    1.35923   1.46669    2.008
 4252.00    1.39352   1.47637    2.008
 4253.00    1.83581   1.48756    2.008
 4254.00    1.89839   1.49200    2.008
 4255.00    1.33137   1.48779    2.008
 4256.00    1.64010   1.48250    2.008
 4257.00    1.37711   1.48406    2.008
 4258.00    1.01178   1.48906    2.008
 4259.00    1.09508   1.48566    2.008
 4260.00    1.86955   1.46900    2.008
 4261.00    1.68725   1.44979    2.008
 4262.00    1.76778   1.44541    2.008
 4263.00    1.36193   1.46330    2.008
 4264.00    1.44904   1.49467    2.008
 4265.00    1.72487   1.52384    2.008
 4266.00    1.17642   1.54053    2.008
 4267.00    1.44277   1.54284    2.008
 4268.00    1.69623   1.53327    2.008
 4269.00    1.73830   1.51392    2.008
 4270.00    0.82447   1.48533    2.008
 4271.00    1.00297   1.44982    2.008
 4272.00    1.14825   1.41390    2.008
 4273.00    1.22307   1.38687    2.008
 4274.00    1.41640   1.37640    2.008
 4275.00    1.86615   1.38376    2.008
 4276.00    1.32618   1.40517    2.008
 4277.00    1.73562   1.43603    2.008
 4278.00    1.93941   1.46936    2.008
 4279.00    1.10235   1.49351    2.008
 4280.00    1.42708   1.49965    2.008
 4281.00    1.80153   1.49068    2.008
 4282.00    1.54764   1.47823    2.008
 4283.00    1.43896   1.47127    2.008
 4284.00    1.66359   1.46917    2.008
 4285.00    1.61441   1.46554    2.008
 4286.00    1.57046   1.45654    2.008
 4287.00    1.28747   1.44244    2.008
 4288.00    1.39239   1.42366    2.008
 4289.00    1.46052   1.39957    2.008
 4290.00    1.12347   1.37260    2.008
 4291.00    1.08374   1.35229    2.008
 4292.00    1.04353   1.34946    2.008
 4293.00    1.26982   1.36423    2.008
 4294.00    1.36037   1.38460    2.008
 4295.00    1.06526   1.39679    2.008
 4296.00    1.23259   1.39455    2.008
 4297.00    0.92262   1.37893    2.008
 4298.00    1.07517   1.35218    2.008
 4299.00    1.50156   1.31608    2.008
 4300.00    1.47127   1.27622    2.008
 4301.00    1.35102   1.24288    2.008
 4302.00    1.30489   1.22473    2.008
 4303.00    0.79337   1.22357    2.008
 4304.00    0.81032   1.23475    2.008
 4305.00    1.02603   1.25018    2.008
 4306.00    1.04286   1.26069    2.008
 4307.00    1.38569   1.25880    2.008
 4308.00    1.31482   1.24393    2.008
 4309.00    0.87945   1.22531    2.008
 4310.00    1.04390   1.21679    2.008
 4311.00    1.18492   1.22596    2.008
 4312.00    1.49406   1.24848    2.008
 4313.00    1.24761   1.27558    2.008
 4314.00    0.74914   1.30491    2.008
 4315.00    1.05313   1.34096    2.008
 4316.00    1.33235   1.38713    2.008
 4317.00    1.39783   1.43894    2.008
 4318.00    1.36353   1.48447    2.008
 4319.00    1.35606   1.51230    2.008
 4320.00    1.70972   1.51842    2.008
 4321.00    1.70290   1.50591    2.008
 4322.00    1.62867   1.47895    2.008
 4323.00    1.78979   1.43942    2.008
 4324.00    1.70693   1.39016    2.008
 4325.00    1.57778   1.33970    2.008
 4326.00    1.79489   1.30218    2.008
 4327.00    1.65011   1.29120    2.008
 4328.00    1.04938   1.31015    2.008
 4329.00    1.28643   1.34644    2.008
 4330.00    1.45054   1.37933    2.008
 4331.00    1.14074   1.39581    2.008
 4332.00    1.15367   1.39679    0.000
 4333.00    0.86666   1.38985    0.000
 4334.00    0.77990   1.37881    0.000
 4335.00    1.26646   1.36001    0.000
 4336.00    1.71619   1.32583    0.000
 4337.00    1.48259   1.26930    0.000
 4338.00    0.88199   1.18855    0.000
 4339.00    0.81850   1.09175    0.000
 4340.00    1.25033   0.99856    0.000
 4341.00    1.15661   0.93486    0.000
 4342.00    0.96063   0.92187    0.000
 4343.00    1.14491   0.96312    0.000
 4344.00    2.10837   1.04056    0.000
 4345.00    1.77109   1.12668    0.000
 4346.00    1.03638   1.20221    0.000
 4347.00    1.08702   1.26224    2.008
 4348.00    1.50653   1.30926    2.008
 4349.00    1.13128   1.34444    2.008
 4350.00    1.41572   1.36421    2.008
 4351.00    1.82400   1.36447    2.008
 4352.00    1.43538   1.34946    2.008
 4353.00    1.42481   1.33455    2.008
 4354.00    1.85110   1.33617    2.008
 4355.00    1.37540   1.35852    2.008
 4356.00    1.34332   1.39161    2.008
 4357.00    1.33472   1.42189    2.008
 4358.00    2.03336   1.44251    2.008
 4359.00    1.52059   1.45397    2.008
 4360.00    1.63915   1.46074    2.008
 4361.00    0.88648   1.46872    2.008
 4362.00    1.32819   1.48152    2.008
 4363.00    2.04541   1.49768    2.008
 4364.00    1.71600   1.51328    2.008
 4365.00    1.77706   1.52549    2.008
 4366.00    1.67202   1.53117    2.008
 4367.00    1.84762   1.52640    2.008
 4368.00    1.14505   1.51113    2.008
 4369.00    1.38602   1.49114    2.008
 4370.00    2.00996   1.47342    2.008
 4371.00    1.26456   1.46107    2.008
 4372.00    1.49196   1.45232    2.008
 4373.00    1.17636   1.44235    2.008
 4374.00    1.50781   1.42756    2.008
 4375.00    1.24205   1.41025    2.008
 4376.00    1.27205   1.39905    2.008
 4377.00    1.01069   1.40266    2.008
 4378.00    0.71071   1.42161    2.008
 4379.00    1.74958   1.44652    2.008
 4380.00    1.47922   1.46440    2.008
 4381.00    1.55536   1.46458    2.008
 4382.00    1.33098   1.44109    2.008
 4383.00    1.24002   1.39546    2.008
 4384.00    1.18968   1.34099    2.008
 4385.00    1.85835   1.30109    2.008
 4386.00    1.56930   1.29492    2.008
 4387.00    0.92182   1.32066    2.008
 4388.00    1.53697   1.35772    2.008
 4389.00    1.47587   1.38629    2.008
 4390.00    1.36799   1.40109    2.008
 4391.00    1.53154   1.40838    2.008
 4392.00    1.34398   1.41551    2.008
 4393.00    1.23401   1.42404    2.008
 4394.00    0.84808   1.43003    2.008
 4395.00    1.21459   1.43060    2.008
 4396.00    0.86135   1.43009    2.008
 4397.00    1.50428   1.43625    2.008
 4398.00    1.16136   1.44904    2.008
 4399.00    1.46338   1.45874    2.008
 4400.00    1.95480   1.45707    2.008
 4401.00    1.98478   1.44634    2.008
 4402.00    1.51109   1.43529    2.008
 4403.00    0.67339   1.42803    2.008
 4404.00    1.64702   1.42042    2.008
 4405.00    1.72672   1.40838    2.008
 4406.00    1.58738   1.39614    2.008
 4407.00    1.36517   1.39211    2.008
 4408.00    1.50159   1.39910    2.008
 4409.00    1.54173   1.41344    2.008
 4410.00    1.65665   1.43246    2.008
 4411.00    2.06171   1.45639    2.008
 4412.00    1.97062   1.48139    2.008
 4413.00    1.64577   1.49732    2.008
 4414.00    1.67363   1.49494    2.008
 4415.00    1.78411   1.47365    2.008
 4416.00    1.41844   1.44351    2.008
 4417.00    1.16572   1.42118    2.008
 4418.00    1.18521   1.41973    2.008
 4419.00    1.36717   1.43987    2.008
 4420.00    1.41407   1.47071    2.008
 4421.00    1.35290   1.49728    2.008
 4422.00    1.84831   1.50909    2.008
 4423.00    1.46619   1.50612    2.008
 4424.00    1.05952   1.49656    2.008
 4425.00    1.47794   1.48819    2.008
 4426.00    1.80043   1.48314    2.008
 4427.00    1.89697   1.48015    2.008
 4428.00    1.58590   1.47930    2.008
 4429.00    1.30534   1.48180    2.008
 4430.00    1.36159   1.48692    2.008
 4431.00    1.61128   1.49186    2.008
 4432.00    1.68895   1.49375    2.008
 4433.00    1.64241   1.49019    2.008
 4434.00    1.50175   1.47937    2.008
 4435.00    1.50163   1.46268    2.008
 4436.00    1.78531   1.44796    2.008
 4437.00    2.12132   1.44665    2.008
 4438.00    2.01795   1.46382    2.008
 4439.00    1.61448   1.49180    2.008
 4440.00    1.72310   1.51505    2.008
 4441.00    1.92604   1.52074    2.008
 4442.00    1.89231   1.50622    2.008
 4443.00    1.53679   1.48088    2.008
 4444.00    1.38090   1.46107    2.008
 4445.00    1.31423   1.45930    2.008
 4446.00    1.30429   1.47568    2.008
 4447.00    1.65379   1.49911    2.008
 4448.00    1.95979   1.51721    2.008
 4449.00    1.64838   1.52524    2.008
 4450.00    1.76928   1.52601    2.008
 4451.00    1.80300   1.52360    2.008
 4452.00    1.70387   1.51907    2.008
 4453.00    1.59134   1.51031    2.008
 4454.00    1.41534   1.49381    2.008
 4455.00    1.18770   1.46945    2.008
 4456.00    1.46399   1.44434    2.008
 4457.00    1.58279   1.42868    2.008
 4458.00    1.65946   1.42734    2.008
 4459.00    1.23759   1.43679    2.008
 4460.00    1.32377   1.44976    2.008
 4461.00    1.44436   1.46090    2.008
 4462.00    1.60028   1.46828    2.008
 4463.00    1.50551   1.47259    2.008
 4464.00    1.35426   1.47663    2.008
 4465.00    1.30680   1.48278    2.008
 4466.00    1.42750   1.48911    2.008
 4467.00    1.95481   1.49059    2.008
 4468.00    2.23868   1.48469    2.008
 4469.00    1.68569   1.47434    0.000
 4470.00    1.11031   1.46615    0.000
 4471.00    1.31169   1.46631    0.000
 4472.00    1.57544   1.47715    0.000
 4473.00    1.73833   1.49648    0.000
 4474.00    1.38191   1.51904    0.000
 4475.00    0.96576   1.53855    0.000
 4476.00    1.21942   1.55078    2.008
 4477.00    1.71371   1.55563    2.008
 4478.00    1.86213   1.55499    2.008
 4479.00    1.79963   1.54811    2.008
 4480.00    1.80651   1.53109    2.008
 4481.00    1.72578   1.50348    2.008
 4482.00    1.60748   1.47435    2.008
 4483.00    1.37759   1.45849    2.008
 4484.00    1.35578   1.46507    2.008
 4485.00    1.10575   1.49078    2.008
 4486.00    1.24866   1.52271    2.008
 4487.00    1.39628   1.54632    2.008
 4488.00    1.74579   1.55304    2.008
 4489.00    1.59963   1.54381    2.008
 4490.00    0.92021   1.52714    2.008
 4491.00    1.41446   1.51378    2.008
 4492.00    1.51164   1.51060    2.008
 4493.00    1.96452   1.51654    2.008
 4494.00    1.93336   1.52431    2.008
 4495.00    1.84797   1.52708    2.008
 4496.00    1.58487   1.52472    2.008
 4497.00    1.38845   1.52271    2.008
 4498.00    1.85443   1.52502    2.008
 4499.00    1.75668   1.53020    2.008
 4500.00    2.23446   1.53400    2.008
 4501.00    1.44747   1.53394    2.008
 4502.00    1.16412   1.53215    2.008
 4503.00    1.89395   1.53443    2.008
 4504.00    2.19942   1.54495    2.008
 4505.00    1.54790   1.56137    2.008
 4506.00    1.46904   1.57638    2.008
 4507.00    1.63780   1.58356    2.008
 4508.00    1.65958   1.58189    2.008
 4509.00    1.20293   1.57560    2.008
 4510.00    1.13109   1.57035    2.008
 4511.00    1.50139   1.56862    2.008
 4512.00    1.11344   1.56819    2.008
 4513.00    1.00437   1.56492    2.008
 4514.00    0.86595   1.55698    2.008
 4515.00    1.01087   1.54618    2.008
 4516.00    0.77473   1.53588    2.008
 4517.00    1.14186   1.52865    2.008
 4518.00    1.32222   1.52480    2.008
 4519.00    1.24965   1.52281    2.008
 4520.00    0.85935   1.52164    2.008
 4521.00    0.81325   1.52147    2.008
 4522.00    0.51130   1.52174    2.008
 4523.00   -0.10004   1.52027    0.000
 4524.00   -0.14569   1.51506    0.000
 4525.00    0.51960   1.50597    2.008
 4526.00    0.36928   1.49400    2.008
 4527.00    0.74531   1.47946    2.008
 4528.00    0.86682   1.46227    2.008
 4529.00    0.68997   1.44444    2.008
 4530.00    0.53282   1.43086    2.008
 4531.00    0.70189   1.42581    2.008
 4532.00    0.52574   1.42826    2.008
 4533.00    0.73955   1.43177    2.008
 4534.00    0.77070   1.43000    2.008
 4535.00    0.76320   1.42319    2.008
 4536.00    0.84141   1.41946    2.008
