 2269.00    0.75904   1.11934    1.871
 2270.00    1.15733   1.12103    1.871
 2271.00    1.39390   1.12273    1.871
 2272.00    1.51295   1.12417    1.871
 2273.00    2.60081   1.12541    1.871
 2274.00    2.01212   1.12656    1.871
 2275.00    0.83818   1.12771    1.871
 2276.00    1.10254   1.12885    1.871
 2277.00    1.24041   1.12999    1.871
 2278.00    0.96646   1.13110    1.871
 2279.00    1.18817   1.13214    1.871
 2280.00    1.70837   1.13309    1.871
 2281.00    1.43873   1.13404    1.871
 2282.00    1.27862   1.13508    1.871
 2283.00    0.11224   1.13620    1.871
 2284.00    0.20808   1.13735    1.871
 2285.00    0.62199   1.13850    1.871
 2286.00    0.00161   1.13961    1.871
 2287.00   -0.41602   1.14032    0.000
 2288.00   -0.19748   1.13888    0.000
 2289.00    0.31176   1.13186    1.871
 2290.00    1.83026   1.11819    1.871
 2291.00    1.55055   1.10451    1.871
 2292.00    1.33769   1.09745    1.871
 2293.00    0.69616   1.09597    1.871
 2294.00    0.65678   1.09663    1.871
 2295.00    0.79978   1.09770    1.871
 2296.00    1.40176   1.09881    1.871
 2297.00    1.91903   1.09990    1.871
 2298.00    1.46258   1.10089    1.871
 2299.00    1.41782   1.10162    1.871
 2300.00    1.54471   1.10204    1.871
 2301.00    1.00081   1.10245    1.871
 2302.00    0.47416   1.10318    1.871
 2303.00    0.72725   1.10418    1.871
 2304.00    0.76926   1.10527    1.871
 2305.00    0.71867   1.10639    1.871
 2306.00    1.05795   1.10749    1.871
 2307.00    1.42843   1.10838    1.871
 2308.00    1.03003   1.10817    1.871
 2309.00    0.99398   1.10514    1.871
 2310.00    1.43226   1.09880    1.871
 2311.00    1.37443   1.09244    1.871
 2312.00    1.30324   1.08940    1.871
 2313.00    1.51475   1.08917    1.871
 2314.00    1.43163   1.09004    1.871
 2315.00    0.04732   1.09112    1.871
 2316.00    0.31751   1.09212    1.871
 2317.00    0.69300   1.09215    1.871
 2318.00    0.61160   1.08727    1.871
 2319.00    0.60374   1.06986    1.871
 2320.00    0.89632   1.03778    1.871
 2321.00    0.34780   1.00568    1.871
 2322.00   -0.51495   0.98818    0.000
 2323.00    0.20181   0.98319    1.871
 2324.00    0.55166   0.98311    1.871
 2325.00    2.18128   0.98401    1.871
 2326.00    1.58669   0.98506    1.871
 2327.00    0.52452   0.98670    1.871
 2328.00    0.50674   0.99122    1.871
 2329.00    0.49959   1.00304    1.871
 2330.00    0.70079   1.02335    1.871
 2331.00    0.75174   1.04368    1.871
 2332.00    0.85561   1.05555    1.871
 2333.00    0.89276   1.06013    1.871
 2334.00    0.91256   1.06178    1.871
 2335.00   -0.00444   1.06270    0.000
 2336.00    0.02739   1.06332    1.871
 2337.00    0.15561   1.06358    1.871
 2338.00    0.80106   1.06274    1.871
 2339.00    1.19237   1.05926    1.871
 2340.00    0.66108   1.05275    1.871
 2341.00    0.65603   1.04623    1.871
 2342.00    0.72494   1.04275    1.871
 2343.00    0.89519   1.04188    1.871
 2344.00    1.01214   1.04207    1.871
 2345.00    1.32365   1.04246    1.871
 2346.00    1.24053   1.04290    1.871
 2347.00    0.88544   1.04358    1.871
 2348.00    0.95436   1.04543    1.871
 2349.00    1.00785   1.05019    1.871
 2350.00    1.61634   1.05830    1.871
 2351.00    1.79894   1.06640    1.871
 2352.00    2.19330   1.07117    1.871
 2353.00    1.46795   1.07303    1.871
 2354.00    0.83231   1.07372    1.871
 2355.00    1.17584   1.07418    1.871
 2356.00    1.24330   1.07456    1.871
 2357.00    1.28839   1.07451    1.871
 2358.00    1.36440   1.07241    1.871
 2359.00    1.43945   1.06520    1.871
 2360.00   -0.18785   1.05216    0.000
 2361.00   -0.22848   1.03912    0.000
 2362.00    1.47614   1.03189    1.871
 2363.00    1.43127   1.02977    1.871
 2364.00    1.38131   1.02971    1.871
 2365.00    1.75611   1.03007    1.871
 2366.00    1.75701   1.03048    1.871
 2367.00    1.06382   1.03092    1.871
 2368.00    0.79744   1.03148    1.871
 2369.00    0.46301   1.03234    1.871
 2370.00    0.93872   1.03353    1.871
 2371.00    1.10964   1.03472    1.871
 2372.00    1.37438   1.03558    1.871
 2373.00    1.06938   1.03614    1.871
 2374.00    0.63690   1.03659    1.871
 2375.00    0.64726   1.03700    1.871
 2376.00    0.63703   1.03736    1.871
 2377.00    0.42084   1.03725    1.871
 2378.00    0.58572   1.03491    1.871
 2379.00    0.85046   1.02710    1.871
 2380.00    0.59700   1.01315    1.871
 2381.00    0.50394   0.99919    1.871
 2382.00    0.88062   0.99137    1.871
 2383.00    1.00231   0.98901    1.871
 2384.00    1.22438   0.98888    1.871
 2385.00    1.92960   0.98922    1.871
 2386.00    2.26520   0.98964    1.871
 2387.00    1.59150   0.99028    1.871
 2388.00    1.47829   0.99195    1.871
 2389.00    1.24233   0.99614    1.871
 2390.00    1.79788   1.00314    1.871
 2391.00    2.10038   1.01013    1.871
 2392.00    0.95319   1.01433    1.871
 2393.00    0.54272   1.01601    1.871
 2394.00   -0.35795   1.01667    0.000
 2395.00    0.34688   1.01710    1.871
 2396.00    0.78315   1.01748    1.871
 2397.00    1.72698   1.01763    1.871
 2398.00    1.65709   1.01671    1.871
 2399.00    1.29776   1.01320    1.871
 2400.00    1.52364   1.00683    1.871
 2401.00    1.68198   1.00046    1.871
 2402.00    1.34165   0.99694    1.871
 2403.00    1.37935   0.99602    1.871
 2404.00    1.61064   0.99616    1.871
 2405.00    1.11260   0.99653    1.871
 2406.00    0.71827   0.99692    1.871
 2407.00    0.85158   0.99732    1.871
 2408.00    0.93951   0.99770    1.871
 2409.00    1.21158   0.99805    1.871
 2410.00    0.33310   0.99836    1.871
 2411.00   -0.45120   0.99867    0.000
 2412.00    0.36249   0.99902    1.871
 2413.00    0.61591   0.99940    1.871
 2414.00    1.14268   0.99980    1.871
 2415.00    1.36734   1.00020    1.871
 2416.00    1.59355   1.00062    1.871
 2417.00    0.73381   1.00119    1.871
 2418.00    0.65637   1.00245    1.871
 2419.00    1.29908   1.00537    1.871
 2420.00    1.16582   1.01009    1.871
 2421.00    1.01465   1.01481    1.871
 2422.00   -0.14310   1.01773    0.000
 2423.00   -0.27531   1.01900    0.000
 2424.00    1.04428   1.01957    1.871
 2425.00    1.07004   1.02000    1.871
 2426.00    1.10302   1.02037    1.871
 2427.00    1.36332   1.02047    1.871
 2428.00    1.35202   1.01934    1.871
 2429.00    0.36191   1.01526    1.871
 2430.00    0.72205   1.00800    1.871
 2431.00    1.24312   1.00074    1.871
 2432.00    0.71195   0.99666    1.871
 2433.00    0.50145   0.99551    1.871
 2434.00    0.22649   0.99560    1.871
 2435.00    0.63110   0.99597    1.871
 2436.00    1.29433   0.99638    1.871
 2437.00    1.86266   0.99694    1.871
 2438.00    2.08583   0.99811    1.871
 2439.00    1.41180   1.00076    1.871
 2440.00    0.85852   1.00498    1.871
 2441.00   -0.17297   1.00921    0.000
 2442.00    0.03558   1.01185    1.871
 2443.00    0.13720   1.01304    1.871
 2444.00    0.44168   1.01361    1.871
 2445.00    0.34666   1.01406    1.871
 2446.00    0.14142   1.01449    1.871
 2447.00    0.70822   1.01477    1.871
 2448.00    1.02349   1.01428    1.871
 2449.00    1.84745   1.01199    1.871
 2450.00    1.79646   1.00776    1.871
 2451.00    1.60034   1.00353    1.871
 2452.00    1.21398   1.00123    1.871
 2453.00    0.96984   1.00074    1.871
 2454.00    1.03853   1.00102    1.871
 2455.00    1.21633   1.00147    1.871
 2456.00    1.70963   1.00193    1.871
 2457.00    1.40075   1.00228    1.871
 2458.00    1.17983   1.00210    1.871
 2459.00    1.61074   1.00070    1.871
 2460.00    1.57610   0.99802    1.871
 2461.00    1.31050   0.99534    1.871
 2462.00    0.74859   0.99394    1.871
 2463.00    0.29479   0.99376    1.871
 2464.00    0.73543   0.99410    1.871
 2465.00    0.65883   0.99455    1.871
 2466.00    0.10387   0.99500    1.871
 2467.00   -0.49128   0.99520    0.000
 2468.00   -1.03313   0.99437    0.000
 2469.00    0.29346   0.99112    1.871
 2470.00    0.61170   0.98535    1.871
 2471.00    0.99281   0.97957    1.871
 2472.00    0.96712   0.97633    1.871
 2473.00    0.94074   0.97548    1.871
 2474.00    0.29565   0.97568    1.871
 2475.00    0.23784   0.97611    1.871
 2476.00    0.77034   0.97657    1.871
 2477.00    0.91733   0.97705    1.871
 2478.00    1.08738   0.97755    1.871
 2479.00    1.44517   0.97811    1.871
 2480.00    1.56317   0.97874    1.871
 2481.00    1.73438   0.97938    1.871
 2482.00    1.41066   0.97994    1.871
 2483.00    0.98779   0.98044    1.871
 2484.00    1.32375   0.98092    1.871
 2485.00    1.35490   0.98138    1.871
 2486.00    0.48182   0.98173    1.871
 2487.00    0.34695   0.98119    1.871
 2488.00    0.14783   0.97682    1.871
 2489.00   -0.04527   0.96369    0.000
 2490.00   -0.05223   0.94151    0.000
 2491.00    1.17086   0.91933    1.871
 2492.00    1.09323   0.90618    1.871
 2493.00    0.96331   0.90177    1.871
 2494.00    0.77877   0.90120    1.871
 2495.00    0.70330   0.90152    1.871
 2496.00    0.91606   0.90206    1.871
 2497.00    0.90822   0.90349    1.871
 2498.00    0.89329   0.90873    1.871
 2499.00    0.42407   0.92261    1.871
 2500.00    0.19033   0.94536    1.871
 2501.00    1.70484   0.96812    1.871
 2502.00    1.24328   0.98202    1.871
 2503.00    0.20775   0.98730    1.871
 2504.00    0.84355   0.98877    1.871
 2505.00    1.20478   0.98926    1.871
 2506.00    1.32454   0.98892    1.871
 2507.00    0.98365   0.98553    1.871
 2508.00    0.11489   0.97529    1.871
 2509.00    0.71314   0.95801    1.871
 2510.00    1.09899   0.94071    1.871
 2511.00    1.59711   0.93046    1.871
 2512.00    1.53135   0.92710    1.871
 2513.00    1.23184   0.92721    1.871
 2514.00    1.70058   0.92961    1.871
 2515.00    2.04263   0.93501    1.871
 2516.00    1.50947   0.94213    1.871
 2517.00    1.46223   0.94753    1.871
 2518.00    1.50049   0.94999    1.871
 2519.00    1.67622   0.95044    1.871
 2520.00    1.82096   0.94893    1.871
 2521.00    1.08196   0.94454    1.871
 2522.00    1.04363   0.93845    1.871
 2523.00    1.33479   0.93405    1.871
 2524.00    1.49566   0.93247    1.871
 2525.00    1.64502   0.93243    1.871
 2526.00    1.00060   0.93280    1.871
 2527.00    0.89885   0.93316    1.871
 2528.00    0.99677   0.93323    1.871
 2529.00    1.24772   0.93264    1.871
 2530.00    1.51020   0.93139    1.871
 2531.00    1.35844   0.93013    1.871
 2532.00    1.26505   0.92955    1.871
 2533.00    0.89263   0.92961    1.871
 2534.00    0.35851   0.92997    1.871
 2535.00   -0.27170   0.93040    0.000
 2536.00    0.13281   0.93082    1.871
 2537.00    0.25829   0.93107    1.871
 2538.00    0.36739   0.93063    1.871
 2539.00    0.46199   0.92870    1.871
 2540.00    0.58794   0.92523    1.871
 2541.00    1.49729   0.92175    1.871
 2542.00    1.82399   0.91982    1.871
 2543.00    2.16003   0.91938    1.871
 2544.00    1.82569   0.91962    1.871
 2545.00    1.32192   0.92004    1.871
 2546.00   -0.05692   0.92051    0.000
 2547.00   -0.52672   0.92121    0.000
 2548.00    0.70732   0.92282    1.871
 2549.00    0.81536   0.92642    1.871
 2550.00    1.00000   0.93208    1.871
 2551.00    0.65586   0.93777    1.871
 2552.00    0.51808   0.94143    1.871
 2553.00    1.43087   0.94312    1.871
 2554.00    1.43667   0.94391    1.871
 2555.00    1.44796   0.94446    1.871
 2556.00    0.87130   0.94496    1.871
 2557.00    0.57797   0.94528    1.871
 2558.00    0.23084   0.94491    1.871
 2559.00    0.39721   0.94306    1.871
 2560.00    0.77899   0.93966    1.871
 2561.00    1.04062   0.93627    1.871
 2562.00    1.19244   0.93441    1.871
 2563.00    1.77683   0.93403    1.871
 2564.00    1.62662   0.93435    1.871
 2565.00    1.17119   0.93484    1.871
 2566.00    1.08961   0.93539    1.871
 2567.00    1.03590   0.93613    1.871
 2568.00    0.91331   0.93761    1.871
 2569.00    0.76274   0.94069    1.871
 2570.00    0.34020   0.94541    1.871
 2571.00    0.28489   0.95013    1.871
 2572.00    0.24371   0.95322    1.871
 2573.00    0.45948   0.95471    1.871
 2574.00    0.62766   0.95546    1.871
 2575.00    1.13496   0.95602    1.871
 2576.00    1.38841   0.95653    1.871
 2577.00    1.60133   0.95689    1.871
 2578.00    0.34861   0.95671    1.871
 2579.00    0.38353   0.95537    1.871
 2580.00    1.35260   0.95284    1.871
 2581.00    1.06019   0.95030    1.871
 2582.00    0.78334   0.94896    1.871
 2583.00    0.70326   0.94877    1.871
 2584.00    0.64363   0.94913    1.871
 2585.00    0.41319   0.94963    1.871
 2586.00    0.76554   0.95012    1.871
 2587.00    1.14136   0.95039    1.871
 2588.00    1.19947   0.94986    1.871
 2589.00    1.18658   0.94762    1.871
 2590.00    1.00799   0.94362    1.871
 2591.00    1.47929   0.93962    1.871
 2592.00    2.04587   0.93738    1.871
 2593.00    1.46469   0.93684    1.871
 2594.00    1.18437   0.93710    1.871
 2595.00    0.16630   0.93758    1.871
 2596.00    0.18195   0.93805    1.871
 2597.00    0.20319   0.93829    1.871
 2598.00    0.09209   0.93762    1.871
 2599.00    0.06489   0.93505    1.871
 2600.00    0.20029   0.93052    1.871
 2601.00    0.50569   0.92599    1.871
 2602.00    0.97486   0.92342    1.871
 2603.00    1.31401   0.92274    1.871
 2604.00    1.40484   0.92297    1.871
 2605.00    0.41041   0.92343    1.871
 2606.00    0.19178   0.92390    1.871
 2607.00   -0.18980   0.92419    0.000
 2608.00    0.34622   0.92379    1.871
 2609.00    0.59933   0.92196    1.871
 2610.00    1.45727   0.91863    1.871
 2611.00    1.18577   0.91531    1.871
 2612.00    0.64555   0.91347    1.871
 2613.00    0.69635   0.91306    1.871
 2614.00    0.72276   0.91334    1.871
 2615.00   -0.05052   0.91382    0.000
 2616.00    0.00556   0.91436    1.871
 2617.00    0.16690   0.91510    1.871
 2618.00    0.66230   0.91656    1.871
 2619.00    0.95585   0.91952    1.871
 2620.00    1.09898   0.92403    1.871
 2621.00    1.01636   0.92854    1.871
 2622.00    0.77925   0.93151    1.871
 2623.00    0.76575   0.93299    1.871
 2624.00    0.75668   0.93374    1.871
 2625.00    1.66530   0.93429    1.871
 2626.00    1.54485   0.93481    1.871
 2627.00    0.93599   0.93532    1.871
 2628.00    0.99341   0.93580    1.871
 2629.00    1.03702   0.93623    1.871
 2630.00    1.20205   0.93660    1.871
 2631.00    1.10695   0.93697    1.871
 2632.00    0.68745   0.93740    1.871
 2633.00    0.24118   0.93788    1.871
 2634.00   -0.14116   0.93839    0.000
 2635.00    0.56448   0.93892    1.871
 2636.00    0.71924   0.93951    1.871
 2637.00    0.90193   0.94050    1.871
 2638.00    0.87349   0.94290    1.871
 2639.00    0.84604   0.94814    1.871
 2640.00    1.27954   0.95634    1.871
 2641.00    1.36687   0.96454    1.871
 2642.00    1.36587   0.96979    1.871
 2643.00    1.43693   0.97220    1.871
 2644.00    1.51422   0.97321    1.871
 2645.00    1.70365   0.97383    1.871
 2646.00    1.73499   0.97437    1.871
 2647.00    1.62799   0.97491    1.871
 2648.00    1.65141   0.97546    1.871
 2649.00    1.68013   0.97603    1.871
 2650.00    1.35036   0.97661    1.871
 2651.00    1.22753   0.97720    1.871
 2652.00    0.98482   0.97776    1.871
 2653.00    1.12237   0.97832    1.871
 2654.00    1.31294   0.97886    1.871
 2655.00    0.52669   0.97939    1.871
 2656.00    0.25883   0.97979    1.871
 2657.00    0.32343   0.97944    1.871
 2658.00    0.81365   0.97651    1.871
 2659.00    1.58233   0.96845    1.871
 2660.00    0.96301   0.95502    1.871
 2661.00    0.69497   0.94159    1.871
 2662.00    0.19838   0.93351    1.871
 2663.00    0.44676   0.93056    1.871
 2664.00    0.88953   0.93017    1.871
 2665.00    0.88353   0.93051    1.871
 2666.00    0.88282   0.93098    1.871
 2667.00    1.20768   0.93159    1.871
 2668.00    1.34421   0.93269    1.871
 2669.00    1.62192   0.93478    1.871
 2670.00    1.02057   0.93790    1.871
 2671.00    0.70112   0.94101    1.871
 2672.00    0.33854   0.94310    1.871
 2673.00    0.53863   0.94421    1.871
 2674.00    1.02627   0.94481    1.871
 2675.00    1.52529   0.94527    1.871
 2676.00    1.82690   0.94569    1.871
 2677.00    0.80558   0.94603    1.871
 2678.00    0.73539   0.94614    1.871
 2679.00    0.70085   0.94577    1.871
 2680.00    0.82919   0.94490    1.871
 2681.00    0.91718   0.94403    1.871
 2682.00    0.35553   0.94366    1.871
 2683.00    0.41099   0.94376    1.871
 2684.00    0.74718   0.94410    1.871
 2685.00    0.51510   0.94451    1.871
 2686.00    0.33531   0.94485    1.871
 2687.00    0.96250   0.94470    1.871
 2688.00    0.88144   0.94298    1.871
 2689.00    0.27744   0.93817    1.871
 2690.00    0.60886   0.93013    1.871
 2691.00    0.89844   0.92210    1.871
 2692.00    0.55211   0.91727    1.871
 2693.00    0.55953   0.91554    1.871
 2694.00    0.85541   0.91538    1.871
 2695.00    1.12869   0.91571    1.871
 2696.00    1.39774   0.91613    1.871
 2697.00    1.30249   0.91667    1.871
 2698.00    1.22045   0.91751    1.871
 2699.00    0.87012   0.91896    1.871
 2700.00    0.46362   0.92105    1.871
 2701.00    0.01274   0.92313    1.871
 2702.00    1.15114   0.92459    1.871
 2703.00    1.28110   0.92544    1.871
 2704.00    0.12196   0.92598    1.871
 2705.00    0.62136   0.92641    1.871
 2706.00    1.24589   0.92675    1.871
 2707.00    1.36341   0.92667    1.871
 2708.00    1.35158   0.92522    1.871
 2709.00    0.87692   0.92117    1.871
 2710.00    0.77967   0.91438    1.871
 2711.00    0.64232   0.90759    1.871
 2712.00    0.27013   0.90353    1.871
 2713.00    0.18612   0.90207    1.871
 2714.00    0.92860   0.90198    1.871
 2715.00    1.06763   0.90230    1.871
 2716.00    1.29017   0.90268    1.871
 2717.00    0.75953   0.90296    1.871
 2718.00    0.53743   0.90290    1.871
 2719.00    0.43648   0.90218    1.871
 2720.00    0.75428   0.90078    1.871
 2721.00    1.33234   0.89938    1.871
 2722.00    1.76158   0.89866    1.871
 2723.00    1.96282   0.89859    1.871
 2724.00    0.32462   0.89887    1.871
 2725.00    0.34318   0.89926    1.871
 2726.00    0.38177   0.89971    1.871
 2727.00    0.74303   0.90034    1.871
 2728.00    0.93889   0.90155    1.871
 2729.00    0.17805   0.90386    1.871
 2730.00    0.33355   0.90731    1.871
 2731.00    0.75833   0.91077    1.871
 2732.00    1.43702   0.91308    1.871
 2733.00    1.85580   0.91430    1.871
 2734.00    0.36001   0.91494    1.871
 2735.00    0.26177   0.91537    1.871
 2736.00    0.24523   0.91560    1.871
 2737.00    0.35147   0.91493    1.871
 2738.00    0.42579   0.91141    1.871
 2739.00    0.41502   0.90256    1.871
 2740.00    0.50145   0.88814    1.871
 2741.00    0.78565   0.87371    1.871
 2742.00    0.42564   0.86485    1.871
 2743.00    0.14116   0.86131    1.871
 2744.00    1.01818   0.86060    1.871
 2745.00    1.22038   0.86080    1.871
 2746.00    1.54874   0.86118    1.871
 2747.00    0.86791   0.86159    1.871
 2748.00    0.26127   0.86207    1.871
 2749.00    0.31976   0.86265    1.871
 2750.00    0.30907   0.86334    1.871
 2751.00    0.21138   0.86404    1.871
 2752.00   -0.08696   0.86462    0.000
 2753.00   -0.38646   0.86509    0.000
 2754.00   -0.07156   0.86551    0.000
 2755.00    0.06608   0.86591    1.871
 2756.00    0.47311   0.86633    1.871
 2757.00    0.42830   0.86684    1.871
 2758.00    0.37761   0.86765    1.871
 2759.00    0.13563   0.86902    1.871
 2760.00    0.15760   0.87097    1.871
 2761.00    0.80816   0.87292    1.871
 2762.00    0.90171   0.87430    1.871
 2763.00    1.02105   0.87511    1.871
 2764.00    0.92804   0.87563    1.871
 2765.00    0.88844   0.87606    1.871
 2766.00    0.77542   0.87652    1.871
 2767.00    0.92588   0.87726    1.871
 2768.00    1.14268   0.87884    1.871
 2769.00    1.55709   0.88198    1.871
 2770.00    1.70786   0.88674    1.871
 2771.00    1.70369   0.89151    1.871
 2772.00    1.66122   0.89465    1.871
 2773.00    1.59183   0.89625    1.871
 2774.00    1.24340   0.89699    1.871
 2775.00    1.09628   0.89745    1.871
 2776.00    1.09628   0.89775    1.871
 2777.00    1.09628   0.89754    1.871
 2778.00    1.09628   0.89584    1.871
 2779.00    1.09628   0.89144    1.871
 2780.00    1.09628   0.88424    1.871
 2781.00    1.09628   0.87701    1.871
 2782.00    1.09628   0.87253    1.871
 2783.00    1.09628   0.87067    1.871
 2784.00    1.09628   0.87026    1.871
 2785.00    1.44640   0.87029    1.871
 2786.00    1.53112   0.87007    1.871
 2787.00    1.53112   0.86811    1.871
 2788.00    1.53112   0.86091    1.871
 2789.00    1.53112   0.84429    1.871
 2790.00    1.53112   0.81779    1.871
 2791.00    1.53112   0.79127    1.871
 2792.00    1.53112   0.77465    1.871
 2793.00    1.53112   0.76743    1.871
 2794.00    1.53112   0.76544    1.871
 2795.00    1.53112   0.76522    1.871
 2796.00    1.10136   0.76543    1.871
 2797.00    1.06471   0.76610    1.871
 2798.00    1.08909   0.76801    1.871
 2799.00    0.67486   0.77215    1.871
 2800.00    0.34099   0.77861    1.871
 2801.00    1.39412   0.78508    1.871
 2802.00    1.26009   0.78922    1.871
 2803.00    0.14037   0.79114    1.871
 2804.00    0.21661   0.79182    1.871
 2805.00    0.28588   0.79210    1.871
 2806.00    0.71499   0.79259    1.871
 2807.00    0.94529   0.79447    1.871
 2808.00    1.68772   0.80046    1.871
 2809.00    1.51136   0.81371    1.871
 2810.00    1.33083   0.83462    1.871
 2811.00    0.61863   0.85553    1.871
 2812.00    0.39274   0.86880    1.871
 2813.00   -0.01531   0.87480    0.000
 2814.00   -0.00167   0.87670    0.000
 2815.00    0.01406   0.87720    1.871
 2816.00    1.09620   0.87744    1.871
 2817.00    1.35216   0.87780    1.871
 2818.00    1.06507   0.87858    1.871
 2819.00    1.08798   0.88011    1.871
 2820.00    1.11780   0.88242    1.871
 2821.00    0.91791   0.88473    1.871
 2822.00    0.86337   0.88625    1.871
 2823.00    0.96898   0.88704    1.871
 2824.00    0.85652   0.88740    1.871
 2825.00    0.69115   0.88760    1.871
 2826.00    0.69394   0.88767    1.871
 2827.00    0.69745   0.88727    1.871
 2828.00    0.74315   0.88550    1.871
 2829.00    0.69470   0.88134    1.871
 2830.00    0.61394   0.87468    1.871
 2831.00    0.52588   0.86802    1.871
 2832.00    0.50478   0.86387    1.871
 2833.00    1.27684   0.86209    1.871
 2834.00    1.07361   0.86168    1.871
 2835.00    0.68772   0.86174    1.871
 2836.00    0.40817   0.86183    1.871
 2837.00    0.26952   0.86164    1.871
 2838.00    0.86161   0.86062    1.871
 2839.00    0.95005   0.85814    1.871
 2840.00    1.13146   0.85413    1.871
 2841.00    0.50678   0.85012    1.871
 2842.00    0.15337   0.84764    1.871
 2843.00    1.46449   0.84661    1.871
 2844.00    1.57063   0.84642    1.871
 2845.00    1.70659   0.84651    1.871
 2846.00    0.79835   0.84660    1.871
 2847.00    0.21494   0.84637    1.871
 2848.00    0.52257   0.84520    1.871
 2849.00    0.62705   0.84243    1.871
 2850.00    0.86636   0.83798    1.871
 2851.00    0.96083   0.83353    1.871
 2852.00    1.02957   0.83076    1.871
 2853.00    0.24316   0.82959    1.871
 2854.00    0.43722   0.82935    1.871
 2855.00    1.39557   0.82945    1.871
 2856.00    0.69749   0.82972    1.871
 2857.00    0.12420   0.83044    1.871
 2858.00    0.63623   0.83243    1.871
 2859.00    0.81364   0.83656    1.871
 2860.00    1.23513   0.84296    1.871
 2861.00    1.29385   0.84936    1.871
 2862.00    1.34825   0.85349    1.871
 2863.00    0.76794   0.85549    1.871
 2864.00    0.66287   0.85622    1.871
 2865.00    0.67993   0.85649    1.871
 2866.00    0.63880   0.85665    1.871
 2867.00    0.59586   0.85669    1.871
 2868.00    1.43451   0.85642    1.871
 2869.00    1.48151   0.85564    1.871
 2870.00    0.55441   0.85431    1.871
 2871.00    0.99002   0.85298    1.871
 2872.00    1.50247   0.85219    1.871
 2873.00    0.58877   0.85192    1.871
 2874.00    0.41778   0.85196    1.871
 2875.00    1.11173   0.85210    1.871
 2876.00    1.03528   0.85227    1.871
 2877.00    0.93381   0.85242    1.871
 2878.00    1.28615   0.85254    1.871
 2879.00    1.32034   0.85259    1.871
 2880.00    0.33617   0.85257    1.871
 2881.00    0.36050   0.85255    1.871
 2882.00    0.39702   0.85260    1.871
 2883.00    1.17399   0.85272    1.871
 2884.00    1.48356   0.85287    1.871
 2885.00    1.73094   0.85304    1.871
 2886.00    1.35577   0.85318    1.871
 2887.00    0.71728   0.85320    1.871
 2888.00    0.67793   0.85287    1.871
 2889.00    0.67345   0.85198    1.871
 2890.00    1.43872   0.85053    1.871
 2891.00    1.18399   0.84915    1.871
 2892.00    0.69023   0.84844    1.871
 2893.00    0.61955   0.84834    1.871
 2894.00    0.58371   0.84860    1.871
 2895.00    0.27236   0.84900    1.871
 2896.00    0.52741   0.84943    1.871
 2897.00    1.10354   0.84986    1.871
 2898.00    0.96765   0.85033    1.871
 2899.00    0.88913   0.85106    1.871
 2900.00    1.07349   0.85300    1.871
 2901.00    1.14826   0.85769    1.871
 2902.00    1.31901   0.86608    1.871
 2903.00    1.47519   0.87763    1.871
 2904.00    1.57758   0.88603    1.871
 2905.00    0.65345   0.89074    1.871
 2906.00    0.72932   0.89270    1.871
 2907.00    1.17330   0.89345    1.871
 2908.00    1.53159   0.89394    1.871
 2909.00    1.79753   0.89440    1.871
 2910.00    1.36139   0.89485    1.871
 2911.00    1.31817   0.89530    1.871
 2912.00    1.34152   0.89575    1.871
 2913.00    0.24621   0.89621    1.871
 2914.00   -0.67122   0.89666    0.000
 2915.00   -0.39602   0.89709    0.000
 2916.00   -0.14899   0.89740    0.000
 2917.00    0.72006   0.89708    1.871
 2918.00    0.18693   0.89511    1.871
 2919.00   -0.31683   0.89049    0.000
 2920.00    0.80765   0.88304    1.871
 2921.00    1.06983   0.87559    1.871
 2922.00    1.30212   0.87096    1.871
 2923.00    1.08657   0.86897    1.871
 2924.00    0.85712   0.86864    1.871
 2925.00    1.26423   0.86894    1.871
 2926.00    1.35755   0.86935    1.871
 2927.00    1.33439   0.86979    1.871
 2928.00    1.36943   0.87023    1.871
 2929.00    1.41147   0.87067    1.871
 2930.00    0.80484   0.87111    1.871
 2931.00    0.63001   0.87155    1.871
 2932.00    0.61400   0.87199    1.871
 2933.00    0.87374   0.87243    1.871
 2934.00    1.22543   0.87287    1.871
 2935.00    1.15153   0.87329    1.871
 2936.00    1.14637   0.87363    1.871
 2937.00    1.40144   0.87352    1.871
 2938.00    1.07031   0.87222    1.871
 2939.00    0.56319   0.86907    1.871
 2940.00    0.63050   0.86395    1.871
 2941.00    0.63167   0.85882    1.871
 2942.00    0.05246   0.85567    1.871
 2943.00   -0.07417   0.85436    0.000
 2944.00   -0.29427   0.85424    0.000
 2945.00   -0.14569   0.85457    0.000
 2946.00   -0.08109   0.85498    0.000
 2947.00   -0.30199   0.85541    0.000
 2948.00    0.09253   0.85584    1.871
 2949.00    0.87408   0.85628    1.871
 2950.00   -0.01378   0.85671    0.000
 2951.00   -0.47383   0.85714    0.000
 2952.00    0.87488   0.85757    1.871
 2953.00    0.99448   0.85801    1.871
 2954.00    1.21006   0.85844    1.871
 2955.00    0.39467   0.85887    1.871
 2956.00   -0.08645   0.85928    0.000
 2957.00    1.40131   0.85959    1.871
 2958.00    1.53118   0.85964    1.871
 2959.00    1.67597   0.85928    1.871
 2960.00    0.99089   0.85849    1.871
 2961.00    0.53250   0.85770    1.871
 2962.00    0.86144   0.85734    1.871
 2963.00    0.88129   0.85739    1.871
 2964.00    0.85719   0.85769    1.871
 2965.00    0.59197   0.85810    1.871
 2966.00    0.39134   0.85853    1.871
 2967.00    0.51233   0.85897    1.871
 2968.00    0.74814   0.85940    1.871
 2969.00    1.55204   0.85983    1.871
 2970.00    1.46309   0.86027    1.871
 2971.00    1.38712   0.86070    1.871
 2972.00   -0.99919   0.86114    0.000
 2973.00   -1.17664   0.86157    0.000
 2974.00   -0.29268   0.86201    0.000
 2975.00    0.01744   0.86243    1.871
 2976.00    0.31598   0.86282    1.871
 2977.00    0.78066   0.86299    1.871
 2978.00    0.89670   0.86263    1.871
 2979.00    1.02026   0.86145    1.871
 2980.00    0.81648   0.85941    1.871
 2981.00    0.59526   0.85736    1.871
 2982.00    0.19134   0.85618    1.871
 2983.00    0.31220   0.85581    1.871
 2984.00    1.83046   0.85598    1.871
 2985.00    1.32493   0.85636    1.871
 2986.00    0.70633   0.85679    1.871
 2987.00   -0.36235   0.85722    0.000
 2988.00   -0.54814   0.85765    0.000
 2989.00    0.64502   0.85809    1.871
 2990.00    0.42366   0.85852    1.871
 2991.00    0.11786   0.85895    1.871
 2992.00    0.88256   0.85939    1.871
 2993.00    1.14610   0.85982    1.871
 2994.00    1.13581   0.86025    1.871
 2995.00    0.70531   0.86067    1.871
 2996.00    0.03234   0.86104    1.871
 2997.00    0.70942   0.86115    1.871
 2998.00    0.94226   0.86061    1.871
 2999.00   -0.08177   0.85910    0.000
 3000.00   -0.17813   0.85657    0.000
 3001.00   -0.34917   0.85403    0.000
 3002.00    0.87226   0.85252    1.871
 3003.00    1.43725   0.85197    1.871
 3004.00    1.38712   0.85207    1.871
 3005.00    1.27972   0.85243    1.871
 3006.00    1.06223   0.85285    1.871
 3007.00    0.97879   0.85327    1.871
 3008.00    0.93460   0.85369    1.871
 3009.00    0.97864   0.85411    1.871
 3010.00    0.88811   0.85454    1.871
 3011.00    0.67525   0.85496    1.871
 3012.00    0.10113   0.85539    1.871
 3013.00   -0.24477   0.85581    0.000
 3014.00   -0.21601   0.85623    0.000
 3015.00    0.04590   0.85665    1.871
 3016.00    0.74705   0.85705    1.871
 3017.00    1.03991   0.85735    1.871
 3018.00    1.23989   0.85740    1.871
 3019.00    0.84403   0.85709    1.871
 3020.00    0.86675   0.85637    1.871
 3021.00    1.05049   0.85566    1.871
 3022.00    1.12845   0.85534    1.871
 3023.00    1.18861   0.85539    1.871
 3024.00    0.74339   0.85569    1.871
 3025.00    0.54219   0.85609    1.871
 3026.00    0.00026   0.85651    0.000
 3027.00    0.69717   0.85694    1.871
 3028.00    1.30370   0.85736    1.871
 3029.00    1.60892   0.85779    1.871
 3030.00    1.45482   0.85821    1.871
 3031.00    0.52973   0.85864    1.871
 3032.00    0.24392   0.85906    1.871
 3033.00   -0.03663   0.85949    0.000
 3034.00    0.78592   0.85991    1.871
 3035.00    0.99804   0.86033    1.871
 3036.00    1.23012   0.86069    1.871
 3037.00    0.94989   0.86081    1.871
 3038.00    0.63968   0.86031    1.871
 3039.00    0.25291   0.85893    1.871
 3040.00    0.18782   0.85660    1.871
 3041.00    0.42341   0.85428    1.871
 3042.00    0.20651   0.85289    1.871
 3043.00   -0.06421   0.85239    0.000
 3044.00    0.41656   0.85250    1.871
 3045.00    0.54091   0.85286    1.871
 3046.00    0.33676   0.85327    1.871
 3047.00    0.43518   0.85370    1.871
 3048.00    0.57388   0.85412    1.871
 3049.00    0.99995   0.85454    1.871
 3050.00    1.13199   0.85497    1.871
 3051.00    0.84749   0.85539    1.871
 3052.00    0.70143   0.85581    1.871
 3053.00    0.46836   0.85624    1.871
 3054.00    0.65449   0.85666    1.871
 3055.00    0.73115   0.85709    1.871
 3056.00    0.73332   0.85754    1.871
 3057.00    0.88029   0.85808    1.871
 3058.00    1.14677   0.85883    1.871
 3059.00    0.62509   0.85990    1.871
 3060.00    0.37910   0.86130    1.871
 3061.00    0.81258   0.86270    1.871
 3062.00    0.99140   0.86377    1.871
 3063.00    1.36164   0.86452    1.871
 3064.00    0.37226   0.86506    1.871
 3065.00   -0.16300   0.86552    0.000
 3066.00    0.82821   0.86595    1.871
 3067.00    0.66360   0.86638    1.871
 3068.00    0.20498   0.86681    1.871
 3069.00    0.59947   0.86724    1.871
 3070.00    0.84214   0.86767    1.871
 3071.00    1.20105   0.86810    1.871
 3072.00    1.27763   0.86853    1.871
 3073.00    1.42850   0.86896    1.871
 3074.00    0.66529   0.86939    1.871
 3075.00    0.13350   0.86981    1.871
 3076.00    1.00220   0.87017    1.871
 3077.00    1.00354   0.87029    1.871
 3078.00    0.73867   0.86980    1.871
 3079.00    0.63682   0.86846    1.871
 3080.00    0.55666   0.86621    1.871
 3081.00    0.77198   0.86397    1.871
 3082.00    0.83716   0.86262    1.871
 3083.00    0.97816   0.86213    1.871
 3084.00    0.66321   0.86225    1.871
 3085.00    0.38369   0.86260    1.871
 3086.00    0.59625   0.86302    1.871
 3087.00    0.61028   0.86345    1.871
 3088.00    0.50465   0.86387    1.871
 3089.00    0.08883   0.86430    1.871
 3090.00   -0.32739   0.86473    0.000
 3091.00    0.62575   0.86516    1.871
 3092.00    0.82500   0.86559    1.871
 3093.00    0.79357   0.86602    1.871
 3094.00    0.81621   0.86645    1.871
 3095.00    0.84175   0.86689    1.871
 3096.00    0.94344   0.86738    1.871
 3097.00    1.00044   0.86809    1.871
 3098.00    1.23157   0.86933    1.871
 3099.00    1.53764   0.87131    1.871
 3100.00    1.92728   0.87406    1.871
 3101.00    1.16063   0.87681    1.871
 3102.00    0.94226   0.87879    1.871
 3103.00    1.14057   0.88002    1.871
 3104.00    1.00796   0.88067    1.871
 3105.00    0.81726   0.88105    1.871
 3106.00    0.92993   0.88129    1.871
 3107.00    0.94015   0.88145    1.871
 3108.00    0.43384   0.88158    1.871
 3109.00    0.09988   0.88169    1.871
 3110.00   -0.44414   0.88180    0.000
 3111.00   -0.16567   0.88190    0.000
 3112.00   -0.06387   0.88201    0.000
 3113.00   -0.61051   0.88212    0.000
 3114.00   -0.91989   0.88222    0.000
 3115.00   -1.49297   0.88230    0.000
 3116.00   -0.07710   0.88223    0.000
 3117.00    0.60826   0.88161    1.871
 3118.00    0.39758   0.87958    1.871
 3119.00    0.38404   0.87563    1.871
 3120.00    0.35656   0.86968    1.871
 3121.00   -0.14888   0.86374    0.000
 3122.00   -0.42823   0.85979    0.000
 3123.00    1.25941   0.85775    1.871
 3124.00    1.31656   0.85714    1.871
 3125.00    1.31782   0.85706    1.871
 3126.00    0.48819   0.85714    1.871
 3127.00   -0.03280   0.85724    0.000
 3128.00    0.69515   0.85734    1.871
 3129.00    0.78485   0.85744    1.871
 3130.00    0.90127   0.85755    1.871
 3131.00    1.21347   0.85765    1.871
 3132.00    1.43543   0.85776    1.871
 3133.00    0.94536   0.85786    1.871
 3134.00    0.97358   0.85797    1.871
 3135.00    1.23309   0.85807    1.871
 3136.00    1.13440   0.85820    1.871
 3137.00    1.05517   0.85838    1.871
 3138.00    1.01160   0.85870    1.871
 3139.00    1.00554   0.85922    1.871
 3140.00    1.00554   0.85995    1.871
 3141.00    1.00554   0.86067    1.871
 3142.00    1.00554   0.86120    1.871
 3143.00    1.00554   0.86152    1.871
 3144.00    1.00554   0.86170    1.871
 3145.00    1.00554   0.86183    1.871
 3146.00    1.00554   0.86194    1.871
 3147.00   -0.23781   0.86204    0.000
 3148.00   -0.88768   0.86215    0.000
 3149.00   -0.88768   0.86225    0.000
 3150.00   -0.88768   0.86235    0.000
 3151.00   -0.88768   0.86246    0.000
 3152.00   -0.88768   0.86256    0.000
 3153.00   -0.88768   0.86267    0.000
 3154.00   -0.88768   0.86277    0.000
 3155.00   -0.88768   0.86288    0.000
 3156.00   -0.19527   0.86299    0.000
 3157.00    0.70296   0.86311    1.871
 3158.00    0.84217   0.86326    1.871
 3159.00    0.80002   0.86345    1.871
 3160.00   -0.16690   0.86368    0.000
 3161.00    0.04763   0.86391    1.871
 3162.00    0.36244   0.86410    1.871
 3163.00    0.35792   0.86425    1.871
 3164.00    0.38729   0.86437    1.871
 3165.00    0.95064   0.86448    1.871
 3166.00    0.75341   0.86458    1.871
 3167.00    0.42539   0.86469    1.871
 3168.00    0.86029   0.86479    1.871
 3169.00    1.04352   0.86490    1.871
 3170.00    0.86683   0.86500    1.871
 3171.00    0.65354   0.86511    1.871
 3172.00    0.24985   0.86521    1.871
 3173.00    0.54532   0.86532    1.871
 3174.00    0.69155   0.86542    1.871
 3175.00    0.40763   0.86546    1.871
 3176.00    0.34451   0.86521    1.871
 3177.00    0.21237   0.86400    1.871
 3178.00    0.90273   0.86026    1.871
 3179.00    1.29248   0.85322    1.871
 3180.00    0.40467   0.84284    1.871
 3181.00    0.44789   0.83246    1.871
 3182.00    0.64166   0.82542    1.871
 3183.00    0.61572   0.82167    1.871
 3184.00    0.59909   0.82046    1.871
 3185.00    0.50514   0.82020    1.871
 3186.00    0.45812   0.82024    1.871
 3187.00    0.34132   0.82033    1.871
 3188.00    0.66632   0.82043    1.871
 3189.00    0.90207   0.82053    1.871
 3190.00    0.84952   0.82063    1.871
 3191.00    0.61242   0.82073    1.871
 3192.00   -0.17765   0.82083    0.000
 3193.00   -0.08372   0.82093    0.000
 3194.00   -0.00680   0.82103    0.000
 3195.00    0.51289   0.82114    1.871
 3196.00    0.66322   0.82129    1.871
 3197.00    0.96885   0.82156    1.871
 3198.00    1.16563   0.82217    1.871
 3199.00    1.34726   0.82322    1.871
 3200.00    0.98576   0.82469    1.871
 3201.00    0.98353   0.82617    1.871
 3202.00    1.30872   0.82721    1.871
 3203.00    1.20073   0.82783    1.871
 3204.00    1.08843   0.82810    1.871
 3205.00    1.08312   0.82825    1.871
 3206.00    0.98960   0.82836    1.871
 3207.00    0.40678   0.82846    1.871
 3208.00    0.48484   0.82856    1.871
 3209.00    0.57639   0.82867    1.871
 3210.00    1.04687   0.82877    1.871
 3211.00    1.13732   0.82887    1.871
 3212.00    0.80822   0.82897    1.871
 3213.00    0.71775   0.82907    1.871
 3214.00    0.59803   0.82916    1.871
 3215.00    0.97128   0.82922    1.871
 3216.00    1.07494   0.82905    1.871
 3217.00    0.85745   0.82824    1.871
 3218.00    0.79480   0.82566    1.871
 3219.00    0.70098   0.82087    1.871
 3220.00    0.91273   0.81387    1.871
 3221.00    0.98450   0.80686    1.871
 3222.00    0.80558   0.80207    1.871
 3223.00    0.76222   0.79949    1.871
 3224.00    0.68858   0.79867    1.871
 3225.00    0.64506   0.79850    1.871
 3226.00    0.60936   0.79856    1.871
 3227.00   -0.31426   0.79865    0.000
 3228.00    0.20357   0.79874    1.871
 3229.00    1.20511   0.79884    1.871
 3230.00   -0.00255   0.79894    0.000
 3231.00   -0.61282   0.79903    0.000
 3232.00    0.40034   0.79913    1.871
 3233.00    0.47641   0.79923    1.871
 3234.00    0.61717   0.79934    1.871
 3235.00    0.95585   0.79950    1.871
 3236.00    1.15113   0.79998    1.871
 3237.00    0.22214   0.80137    1.871
 3238.00    0.14014   0.80525    1.871
 3239.00    0.03465   0.81219    1.871
 3240.00    0.48775   0.82218    1.871
 3241.00    0.78420   0.83218    1.871
 3242.00    1.02279   0.83911    1.871
 3243.00    1.01848   0.84299    1.871
 3244.00    0.95050   0.84439    1.871
 3245.00    1.17848   0.84488    1.871
 3246.00    1.34719   0.84505    1.871
 3247.00    0.28924   0.84516    1.871
 3248.00   -0.05459   0.84526    0.000
 3249.00   -0.83964   0.84536    0.000
 3250.00   -0.28454   0.84547    0.000
 3251.00    0.17904   0.84557    1.871
 3252.00    0.43743   0.84567    1.871
 3253.00    0.62571   0.84578    1.871
 3254.00    1.25434   0.84588    1.871
 3255.00    0.93413   0.84602    1.871
 3256.00    0.63275   0.84633    1.871
 3257.00    0.80797   0.84711    1.871
 3258.00    0.86443   0.84918    1.871
 3259.00    0.98185   0.85281    1.871
 3260.00    0.76562   0.85799    1.871
 3261.00    0.53633   0.86318    1.871
 3262.00    1.05058   0.86681    1.871
 3263.00    1.11659   0.86888    1.871
 3264.00    0.74969   0.86967    1.871
 3265.00    0.81399   0.86998    1.871
 3266.00    0.89085   0.87012    1.871
 3267.00    0.81941   0.87023    1.871
 3268.00    0.89196   0.87033    1.871
 3269.00    1.70890   0.87044    1.871
 3270.00    1.28370   0.87055    1.871
 3271.00    0.70969   0.87065    1.871
 3272.00    1.03529   0.87076    1.871
 3273.00    1.09210   0.87086    1.871
 3274.00    0.42071   0.87097    1.871
 3275.00    0.42390   0.87106    1.871
 3276.00    0.42876   0.87111    1.871
 3277.00    0.82932   0.87104    1.871
 3278.00    0.96698   0.87063    1.871
 3279.00    0.54557   0.86981    1.871
 3280.00    0.42846   0.86860    1.871
 3281.00    0.22537   0.86739    1.871
 3282.00    0.38930   0.86657    1.871
 3283.00    0.46509   0.86616    1.871
 3284.00    0.61618   0.86609    1.871
 3285.00    1.12662   0.86614    1.871
 3286.00    2.13562   0.86623    1.871
 3287.00    1.29407   0.86634    1.871
 3288.00    0.85943   0.86644    1.871
 3289.00    0.20254   0.86655    1.871
 3290.00    0.53828   0.86665    1.871
 3291.00    1.32508   0.86676    1.871
 3292.00    0.82150   0.86686    1.871
 3293.00    0.52498   0.86697    1.871
 3294.00    0.03536   0.86706    1.871
 3295.00    0.14820   0.86713    1.871
 3296.00    0.50670   0.86699    1.871
 3297.00    0.04024   0.86631    1.871
 3298.00   -0.27123   0.86418    0.000
 3299.00    0.06071   0.86032    1.871
 3300.00    0.36092   0.85477    1.871
 3301.00    1.19369   0.84922    1.871
 3302.00    0.79034   0.84536    1.871
 3303.00    0.48584   0.84322    1.871
 3304.00    0.47753   0.84255    1.871
 3305.00    0.53893   0.84240    1.871
 3306.00    0.76434   0.84246    1.871
 3307.00    0.26824   0.84256    1.871
 3308.00   -0.15429   0.84266    0.000
 3309.00    0.69879   0.84276    1.871
 3310.00    0.71977   0.84286    1.871
 3311.00    0.22365   0.84296    1.871
 3312.00    0.18611   0.84304    1.871
 3313.00    0.15007   0.84306    1.871
 3314.00    0.21993   0.84292    1.871
 3315.00    0.29430   0.84259    1.871
 3316.00    0.61876   0.84209    1.871
 3317.00    0.33754   0.84159    1.871
 3318.00    0.03346   0.84127    1.871
 3319.00    0.69455   0.84117    1.871
 3320.00    0.93143   0.84136    1.871
 3321.00    1.44902   0.84199    1.871
 3322.00    1.43498   0.84347    1.871
 3323.00    1.41787   0.84614    1.871
 3324.00    0.98022   0.84946    1.871
 3325.00    0.85486   0.85230    1.871
 3326.00    0.87798   0.85308    1.871
 3327.00    0.80070   0.85208    1.871
 3328.00    0.69438   0.85104    1.871
 3329.00    1.29061   0.85167    1.871
 3330.00    1.47746   0.85403    1.871
 3331.00    1.22623   0.85562    1.871
 3332.00    1.00031   0.85372    1.871
 3333.00    0.64825   0.84660    1.871
 3334.00    0.79265   0.83557    1.871
 3335.00    0.83659   0.82388    1.871
 3336.00    0.48340   0.81530    1.871
 3337.00    0.45999   0.81204    1.871
 3338.00    0.41853   0.81315    1.871
 3339.00   -0.06898   0.81697    0.000
 3340.00   -0.28632   0.82115    0.000
 3341.00    0.63836   0.82637    1.871
 3342.00    0.55929   0.83304    1.871
 3343.00    0.39952   0.84200    1.871
 3344.00    0.98141   0.85141    1.871
 3345.00    1.28852   0.85817    1.871
 3346.00    1.48028   0.85924    1.871
 3347.00    1.39910   0.85309    1.871
 3348.00    1.20082   0.84172    1.871
 3349.00    0.86665   0.82993    1.871
 3350.00    0.66594   0.82254    1.871
 3351.00    1.56237   0.82236    1.871
 3352.00    1.41316   0.82709    1.871
 3353.00    0.88148   0.83317    1.871
 3354.00    1.18455   0.83701    1.871
 3355.00    1.39108   0.83687    1.871
 3356.00    0.76829   0.83171    1.871
 3357.00    0.81243   0.82053    1.871
 3358.00    1.12440   0.80503    1.871
 3359.00    1.06434   0.78845    1.871
 3360.00    1.01808   0.77749    1.871
 3361.00    0.36711   0.77537    1.871
 3362.00    0.37864   0.78249    1.871
 3363.00    0.72553   0.79350    1.871
 3364.00    0.83477   0.80162    1.871
 3365.00    0.92965   0.80185    1.871
 3366.00    1.21473   0.79344    1.871
 3367.00    1.28189   0.78073    1.871
 3368.00    1.37273   0.76806    1.871
 3369.00    0.59708   0.75955    1.871
 3370.00   -0.16208   0.75592    0.000
 3371.00    0.57795   0.75696    1.871
 3372.00    0.80945   0.76253    1.871
 3373.00    1.24675   0.77259    1.871
 3374.00    1.32032   0.78566    1.871
 3375.00    1.40144   0.79846    1.871
 3376.00    0.52237   0.80640    1.871
 3377.00    0.36634   0.80715    1.871
 3378.00    0.83521   0.80214    1.871
 3379.00    0.88814   0.79624    1.871
 3380.00    0.95394   0.79403    1.871
 3381.00    0.62517   0.79776    1.871
 3382.00    0.52069   0.80585    1.871
 3383.00    0.46420   0.81598    1.871
 3384.00    0.54588   0.82492    1.871
 3385.00    0.66053   0.83169    1.871
 3386.00    0.56740   0.83514    1.871
 3387.00    0.58844   0.83589    1.871
 3388.00    1.39682   0.83439    1.871
 3389.00    1.60814   0.83129    1.871
 3390.00    1.94430   0.82694    1.871
 3391.00    0.89323   0.82206    1.871
 3392.00    0.45379   0.81866    1.871
 3393.00    0.18696   0.81897    1.871
 3394.00    0.53587   0.82426    1.871
 3395.00    1.16650   0.83376    1.871
 3396.00    1.12784   0.84452    1.871
 3397.00    1.11020   0.85317    1.871
 3398.00    1.31076   0.85723    1.871
 3399.00    1.09706   0.85535    1.871
 3400.00    0.65558   0.84884    1.871
 3401.00    1.02005   0.83981    1.871
 3402.00    1.21639   0.82974    1.871
 3403.00    0.50977   0.82073    1.871
 3404.00    0.60234   0.81311    1.871
 3405.00    0.86841   0.80712    1.871
 3406.00    0.70412   0.80260    1.871
 3407.00    0.60338   0.80012    1.871
 3408.00    1.13753   0.80019    1.871
 3409.00    1.24392   0.80222    1.871
 3410.00    1.44836   0.80460    1.871
 3411.00    0.85574   0.80485    1.871
 3412.00    0.44407   0.80232    1.871
 3413.00   -0.23473   0.79846    0.000
 3414.00   -0.56516   0.79637    0.000
 3415.00   -1.42308   0.79940    0.000
 3416.00   -0.01409   0.80828    0.000
 3417.00    1.09272   0.82175    1.871
 3418.00    0.05478   0.83536    1.871
 3419.00    0.12403   0.84575    1.871
 3420.00    0.91328   0.84947    1.871
 3421.00    1.03892   0.84718    1.871
 3422.00    1.15020   0.84098    1.871
 3423.00    1.60489   0.83523    1.871
 3424.00    1.83702   0.83248    1.871
 3425.00    2.55303   0.83365   -1.000
 3426.00    1.47668   0.83838    1.871
 3427.00    0.40243   0.84539    1.871
 3428.00   -0.62157   0.85250    0.000
 3429.00   -0.86460   0.85728    0.000
 3430.00   -1.00284   0.85615    0.000
 3431.00   -0.39626   0.85014    0.000
 3432.00    0.28582   0.84176    1.871
 3433.00    0.51185   0.83517    1.871
 3434.00    0.63338   0.83190    1.871
 3435.00    1.10585   0.82973    1.871
 3436.00    0.44478   0.82527    1.871
 3437.00   -0.39345   0.81584    0.000
 3438.00   -0.05336   0.80156    0.000
 3439.00    0.13052   0.78458    1.871
 3440.00    0.95196   0.76914    1.871
 3441.00    0.91101   0.75840    1.871
 3442.00    0.85237   0.75484    1.871
 3443.00    0.51676   0.75766    1.871
 3444.00    0.43566   0.76542    1.871
 3445.00    1.09477   0.77588    1.871
 3446.00    0.98527   0.78831    1.871
 3447.00    0.80763   0.80102    1.871
 3448.00    0.61987   0.81212    1.871
 3449.00    0.55647   0.81870    1.871
 3450.00    1.09153   0.81855    1.871
 3451.00    1.12197   0.81334    1.871
 3452.00    1.17818   0.80671    1.871
 3453.00    0.82971   0.80168    1.871
 3454.00    0.66178   0.79906    1.871
 3455.00    0.53592   0.79647    1.871
 3456.00    0.47169   0.79162    1.871
 3457.00    0.33670   0.78405    1.871
 3458.00    0.31205   0.77488    1.871
 3459.00    0.29849   0.76786    1.871
 3460.00    0.34520   0.76491    1.871
 3461.00    0.37389   0.76773    1.871
 3462.00    0.43991   0.77453    1.871
 3463.00    0.33041   0.78299    1.871
 3464.00    0.26186   0.78921    1.871
 3465.00    1.21700   0.79375    1.871
 3466.00    1.12161   0.79776    1.871
 3467.00    0.67591   0.80296    1.871
 3468.00    1.17302   0.80909    1.871
 3469.00    1.52537   0.81352    1.871
 3470.00    0.01137   0.81383    1.871
 3471.00   -0.00407   0.80782    0.000
 3472.00    0.44862   0.79651    1.871
 3473.00    0.13024   0.78220    1.871
 3474.00   -0.12486   0.76938    0.000
 3475.00    0.96396   0.76102    1.871
 3476.00    1.18953   0.75963    1.871
 3477.00    1.48776   0.76402    1.871
 3478.00    1.15743   0.77178    1.871
 3479.00    0.85904   0.77938    1.871
 3480.00    0.61961   0.78444    1.871
 3481.00    0.63591   0.78609    1.871
 3482.00    0.91889   0.78576    1.871
 3483.00    1.03186   0.78626    1.871
 3484.00    1.14684   0.78997    1.871
 3485.00    1.07024   0.79676    1.871
 3486.00    1.01369   0.80312    1.871
 3487.00    0.77536   0.80529    1.871
 3488.00    0.81827   0.80103    1.871
 3489.00    0.86748   0.79213    1.871
 3490.00   -0.14690   0.78293    0.000
 3491.00   -0.30884   0.77722    0.000
 3492.00    0.55032   0.77621    1.871
 3493.00    0.25626   0.77749    1.871
 3494.00   -0.12407   0.77862    0.000
 3495.00   -0.01143   0.77891    0.000
 3496.00   -0.00710   0.78043    0.000
 3497.00   -0.35491   0.78579    0.000
 3498.00    0.15547   0.79481    1.871
 3499.00    0.90141   0.80493    1.871
 3500.00    0.80373   0.81267    1.871
 3501.00    0.75724   0.81789    1.871
 3502.00    0.57289   0.82089    1.871
 3503.00    0.54494   0.82171    1.871
 3504.00    0.49865   0.82028    1.871
 3505.00    0.17195   0.81662    1.871
 3506.00    0.03015   0.81201    1.871
 3507.00   -0.03755   0.80694    0.000
 3508.00    0.18902   0.80140    1.871
 3509.00    0.61645   0.79429    1.871
 3510.00    0.85726   0.78620    1.871
 3511.00    0.97591   0.77753    1.871
 3512.00    0.89464   0.77046    1.871
 3513.00    0.88558   0.76726    1.871
 3514.00    0.86722   0.77031    1.871
 3515.00    0.88230   0.78019    1.871
 3516.00    0.89078   0.79399    1.871
 3517.00    1.35159   0.80624    1.871
 3518.00    1.11057   0.81222    1.871
 3519.00    0.46710   0.80925    1.871
 3520.00   -0.00763   0.79933    0.000
 3521.00   -0.31070   0.78546    0.000
 3522.00    0.78943   0.77195    1.871
 3523.00    0.87563   0.76103    1.871
 3524.00    0.89863   0.75506    1.871
 3525.00    0.75421   0.75546    1.871
 3526.00    0.64977   0.76270    1.871
 3527.00    0.47447   0.77482    1.871
 3528.00    0.47826   0.78860    1.871
 3529.00    0.55468   0.80014    1.871
 3530.00    0.27775   0.80786    1.871
 3531.00    0.05167   0.81194    1.871
 3532.00    0.98736   0.81467    1.871
 3533.00    1.01265   0.81734    1.871
 3534.00    0.56675   0.82041    1.871
 3535.00    0.19556   0.82376    1.871
 3536.00   -0.14637   0.82717    0.000
 3537.00   -0.30761   0.83068    0.000
 3538.00   -0.15788   0.83409    0.000
 3539.00    0.73431   0.83609    1.871
 3540.00    0.71187   0.83622    1.871
 3541.00    0.68858   0.83495    1.871
 3542.00   -0.04955   0.83416    0.000
 3543.00   -0.04971   0.83494    0.000
 3544.00    1.00403   0.83675    1.871
 3545.00    0.86170   0.83815    1.871
 3546.00    0.69524   0.83768    1.871
 3547.00    0.13789   0.83572    1.871
 3548.00    0.04096   0.83273    1.871
 3549.00    0.50782   0.82940    1.871
 3550.00    0.57941   0.82560    1.871
 3551.00    0.67386   0.82106    1.871
 3552.00    0.68661   0.81601    1.871
 3553.00    0.69344   0.81105    1.871
 3554.00    0.72520   0.80747    1.871
 3555.00    0.57438   0.80577    1.871
 3556.00    0.34944   0.80518    1.871
 3557.00    1.21397   0.80536    1.871
 3558.00    1.47831   0.80572    1.871
 3559.00    0.20722   0.80703    1.871
 3560.00    0.42090   0.80897    1.871
 3561.00    0.78229   0.80995    1.871
 3562.00    0.94566   0.80734    1.871
 3563.00    1.01200   0.79898    1.871
 3564.00    0.71722   0.78599    1.871
 3565.00    0.49786   0.77171    1.871
 3566.00    0.07543   0.76043    1.871
 3567.00   -0.04526   0.75258    0.000
 3568.00   -0.10605   0.74688    0.000
 3569.00    0.49828   0.74182    1.871
 3570.00    0.45685   0.73787    1.871
 3571.00    0.34957   0.73572    1.871
 3572.00    0.22216   0.73697    1.871
 3573.00    0.14901   0.74006    1.871
 3574.00    0.92281   0.74326    1.871
 3575.00    1.12744   0.74411    1.871
 3576.00    1.56319   0.74085    1.871
 3577.00    1.23666   0.73263    1.871
 3578.00    1.02389   0.72128    1.871
 3579.00    0.66345   0.70878    1.871
 3580.00    0.49458   0.69852    1.871
 3581.00    0.07536   0.69196    1.871
 3582.00    0.59087   0.68895    1.871
 3583.00    0.97083   0.68793    1.871
 3584.00    0.55076   0.68734    1.871
 3585.00    0.55822   0.68708    1.871
 3586.00    0.74969   0.68888    1.871
 3587.00    0.68595   0.69443    1.871
 3588.00    0.63288   0.70429    1.871
 3589.00    0.41658   0.71771    1.871
 3590.00    0.43467   0.73204    1.871
 3591.00    0.64733   0.74514    1.871
 3592.00    0.71896   0.75576    1.871
 3593.00    0.78625   0.76538    1.871
 3594.00    0.39091   0.77584    1.871
 3595.00    0.32241   0.78780    1.871
 3596.00    0.35927   0.80032    1.871
 3597.00    0.43609   0.81119    1.871
 3598.00    0.51739   0.81882    1.871
 3599.00    0.71341   0.82180    1.871
 3600.00    0.77794   0.81874    1.871
 3601.00    0.89778   0.80963    1.871
 3602.00    0.91577   0.79671    1.871
 3603.00    0.93724   0.78286    1.871
 3604.00    0.56638   0.77135    1.871
 3605.00    0.39233   0.76311    1.871
 3606.00   -0.20979   0.75752    0.000
 3607.00    0.09155   0.75333    1.871
 3608.00    0.49713   0.75061    1.871
 3609.00    0.56786   0.75112    1.871
 3610.00    0.69008   0.75563    1.871
 3611.00    1.93744   0.76391    1.871
 3612.00    2.17774   0.77351    1.871
 3613.00    2.54352   0.78258   -1.000
 3614.00    2.66963   0.78901   -1.000
 3615.00    2.65879   0.79061   -1.000
 3616.00    1.33142   0.78607    1.871
 3617.00    1.85205   0.77731    1.871
 3618.00    2.75120   0.76855   -1.000
 3619.00    0.14074   0.76690    1.871
 3620.00   -1.01205   0.77422    0.000
 3621.00    0.48320   0.78971    1.871
 3622.00    0.58893   0.80911    1.871
 3623.00    0.79700   0.82874    1.871
 3624.00    1.35543   0.84660    1.871
 3625.00    1.64291   0.86181    1.871
 3626.00    0.47877   0.87189    1.871
 3627.00    0.67903   0.87331    1.871
 3628.00    1.17515   0.86345    1.871
 3629.00    1.42367   0.84390    1.871
 3630.00    1.56939   0.81974    1.871
 3631.00   -0.30303   0.79982    0.000
 3632.00    0.21083   0.78901    1.871
 3633.00    1.78902   0.78856    1.871
 3634.00    0.83263   0.79552    1.871
 3635.00    0.19659   0.80620    1.871
 3636.00    0.49222   0.81753    1.871
 3637.00    0.43445   0.82936    1.871
 3638.00    0.18412   0.84059    1.871
 3639.00   -0.77678   0.84888    0.000
 3640.00   -1.49931   0.85220    0.000
 3641.00    0.58567   0.84887    1.871
 3642.00    0.98562   0.83972    1.871
 3643.00    1.53620   0.82695    1.871
 3644.00    0.57763   0.81297    1.871
 3645.00   -0.23639   0.79991    0.000
 3646.00   -0.24962   0.78962    0.000
 3647.00    0.02803   0.78398    1.871
 3648.00    1.24022   0.78497    1.871
 3649.00    1.57116   0.79302    1.871
 3650.00    1.88788   0.80687    1.871
 3651.00    1.70791   0.82330    1.871
 3652.00    1.62839   0.83960    1.871
 3653.00    1.39438   0.85321    1.871
 3654.00    0.80360   0.86477    1.871
 3655.00    0.16604   0.87503    1.871
 3656.00   -0.18392   0.88459    0.000
 3657.00   -0.26019   0.89313    0.000
 3658.00   -0.20108   0.89857    0.000
 3659.00    0.18741   0.90001    1.871
 3660.00    0.66000   0.89699    1.871
 3661.00    1.21146   0.89076    1.871
 3662.00    1.43516   0.88328    1.871
 3663.00    2.01670   0.87707    1.871
 3664.00    1.31324   0.87258    1.871
 3665.00    0.34732   0.86909    1.871
 3666.00   -1.62898   0.86532    0.000
 3667.00   -2.10736   0.86067    0.000
 3668.00    0.59817   0.85658    1.871
 3669.00    0.56640   0.85509    1.871
 3670.00    0.51706   0.85786    1.871
 3671.00    0.47932   0.86369    1.871
 3672.00    0.50269   0.86949    1.871
 3673.00    1.46664   0.87194    1.871
 3674.00    1.50802   0.86902    1.871
 3675.00    1.58101   0.86003    1.871
 3676.00    0.37807   0.84638    1.871
 3677.00   -0.17310   0.83119    0.000
 3678.00    0.04138   0.81798    1.871
 3679.00    0.03301   0.80986    1.871
 3680.00    0.01617   0.80812    1.871
 3681.00   -0.55889   0.81094    0.000
 3682.00   -0.86141   0.81440    0.000
 3683.00    0.64882   0.81451    1.871
 3684.00    1.03666   0.80943    1.871
 3685.00    1.85547   0.80088    1.871
 3686.00    1.69370   0.79326    1.871
 3687.00    1.59685   0.79248    1.871
 3688.00    0.95528   0.80054    1.871
 3689.00    1.28658   0.81555    1.871
 3690.00    2.26503   0.83177    1.871
 3691.00    1.80283   0.84433    1.871
 3692.00    1.48914   0.85024    1.871
 3693.00    1.52474   0.85058    1.871
 3694.00    1.54190   0.84859    1.871
 3695.00    1.58569   0.84753    1.871
 3696.00    0.86975   0.85050    1.871
 3697.00    0.32060   0.85845    1.871
 3698.00   -0.77793   0.86975    0.000
 3699.00   -0.53240   0.87878    0.000
 3700.00    0.88583   0.87909    1.871
 3701.00    0.71529   0.86585    1.871
 3702.00    0.56774   0.83953    1.871
 3703.00   -0.05281   0.80617    0.000
 3704.00    0.03132   0.77600    1.871
 3705.00    0.86240   0.75685    1.871
 3706.00    0.54574   0.75146    1.871
 3707.00    0.23672   0.75672    1.871
 3708.00    1.24955   0.76668    1.871
 3709.00    1.41169   0.77755    1.871
 3710.00    1.15720   0.78912    1.871
 3711.00    0.68987   0.80271    1.871
 3712.00    0.17607   0.81982    1.871
 3713.00    1.21862   0.83947    1.871
 3714.00    1.41499   0.85755    1.871
 3715.00    0.95466   0.86794    1.871
 3716.00    0.71292   0.86543    1.871
 3717.00    0.41299   0.84684    1.871
 3718.00    1.13171   0.81425    0.000
 3719.00    1.37300   0.77416    0.000
 3720.00    1.62905   0.73755    0.000
 3721.00    1.42892   0.71650    0.000
 3722.00    1.14855   0.71697    0.000
 3723.00    1.08302   0.73800    0.000
 3724.00    1.20891   0.77269    0.000
 3725.00    3.40612   0.80953    0.000
 3726.00    5.16924   0.84020    0.000
 3727.00    7.96529   0.86067    0.000
 3728.00    8.84509   0.86880    0.000
 3729.00    9.19200   0.86228    0.000
 3730.00    8.83310   0.83957    0.000
 3731.00    8.41587   0.80093    0.000
 3732.00    7.66416   0.75270    0.000
 3733.00    4.11201   0.70631    0.000
 3734.00    2.43898   0.67357    0.000
 3735.00    1.68323   0.66491    0.000
 3736.00    0.88992   0.68394    0.000
 3737.00   -0.74170   0.72572    0.000
 3738.00   -0.21862   0.78013    0.000
 3739.00    0.06256   0.83491    1.871
 3740.00    0.45904   0.87745    1.871
 3741.00    0.46797   0.90138    1.871
 3742.00    0.46393   0.90474    1.871
 3743.00    0.61539   0.89042    1.871
 3744.00    0.70798   0.86279    1.871
 3745.00    1.06302   0.82631    1.871
 3746.00    0.94196   0.78424    1.871
 3747.00    0.55276   0.74199    1.871
 3748.00    0.24544   0.70615    1.871
 3749.00    0.03260   0.68580    1.871
 3750.00    1.27451   0.68815    1.871
 3751.00    1.46284   0.71447    1.871
 3752.00    1.69254   0.75852    1.871
 3753.00    0.94956   0.81118    1.871
 3754.00    0.36824   0.86035    1.871
 3755.00    0.42123   0.89692    1.871
 3756.00    0.65673   0.91780    1.871
 3757.00    1.52828   0.92530    1.871
 3758.00    0.36533   0.92644    1.871
 3759.00   -0.66079   0.92718    0.000
 3760.00   -0.11329   0.92923    0.000
 3761.00    0.01916   0.93146    1.871
 3762.00    0.20062   0.93003    1.871
 3763.00    0.76690   0.92180    1.871
 3764.00    1.33043   0.90564    1.871
 3765.00    0.44439   0.88092    1.871
 3766.00    0.32798   0.85038    1.871
 3767.00    0.74223   0.81743    1.871
 3768.00    1.15073   0.78656    1.871
 3769.00    1.60872   0.76354    1.871
 3770.00    1.47904   0.75272    1.871
 3771.00    1.32689   0.75826    1.871
 3772.00    0.44110   0.78006    1.871
 3773.00    0.52881   0.81403    1.871
 3774.00    0.63981   0.85500    1.871
 3775.00    0.57260   0.89934    1.871
 3776.00    0.59272   0.94336    1.871
 3777.00    1.01300   0.98659    1.871
 3778.00    0.96552   1.02734    1.871
 3779.00    0.89764   1.06427    1.871
 3780.00    0.07686   1.09602    1.871
 3781.00   -0.16383   1.11989    0.000
 3782.00    0.72105   1.13466    1.871
 3783.00    0.49635   1.13887    1.871
 3784.00    0.13258   1.13177    1.871
 3785.00    0.96530   1.11443    1.871
 3786.00    1.32306   1.09014    1.871
 3787.00    1.65532   1.06268    1.871
 3788.00    0.96629   1.03583    1.871
 3789.00   -0.30185   1.01055    0.000
 3790.00   -0.52882   0.98525    0.000
 3791.00   -0.63796   0.95656    0.000
 3792.00    1.13540   0.92064    1.871
 3793.00    1.27157   0.87670    1.871
 3794.00    1.55428   0.82595    1.871
 3795.00    0.57645   0.77392    1.871
 3796.00    0.03946   0.72771    0.000
 3797.00    0.01587   0.69520    0.000
 3798.00    0.21643   0.68458    0.000
 3799.00    0.70343   0.70030    0.000
 3800.00    0.55812   0.73941    0.000
 3801.00    0.46743   0.79383    0.000
 3802.00    0.84933   0.85326    0.000
 3803.00    0.99542   0.90815    1.871
 3804.00    1.33578   0.95466    1.871
 3805.00    1.12762   0.99135    1.871
 3806.00    0.98053   1.02210    1.871
 3807.00    0.50167   1.05034    1.871
 3808.00    0.49519   1.07764    1.871
 3809.00    0.63156   1.10216    1.871
 3810.00    0.51349   1.11911    1.871
 3811.00    0.41926   1.12559    1.871
 3812.00    1.62330   1.12140    1.871
 3813.00    1.66033   1.11016    1.871
 3814.00    1.15706   1.09681    1.871
 3815.00    1.11774   1.08519    1.871
 3816.00    1.08236   1.07607    1.871
 3817.00    1.27243   1.06818    1.871
 3818.00    1.31354   1.05924    1.871
 3819.00    1.34924   1.04809    1.871
 3820.00    1.17467   1.03684    1.871
 3821.00    0.99769   1.02637    1.871
 3822.00    1.59315   1.01547    1.871
 3823.00    1.51275   1.00070    1.871
 3824.00    0.24734   0.98077    1.871
 3825.00    0.11606   0.95724    1.871
 3826.00   -0.03405   0.93189    0.000
 3827.00    0.90797   0.90672    1.871
 3828.00    1.07084   0.88013    1.871
 3829.00    0.38613   0.85036    1.871
 3830.00    0.36687   0.81474    1.871
 3831.00    0.34204   0.77203    1.871
 3832.00    0.77252   0.72579    1.871
 3833.00    0.89569   0.68118    0.000
 3834.00    0.75767   0.64666    0.000
 3835.00    0.62719   0.62806    0.000
 3836.00    0.43688   0.62896    0.000
 3837.00    1.21811   0.64758    0.000
 3838.00    1.51072   0.68067    0.000
 3839.00    1.58741   0.72422    0.000
 3840.00    1.39934   0.77552    0.000
 3841.00    1.08850   0.83098    0.000
 3842.00    0.76941   0.88681    1.871
 3843.00    0.63475   0.93976    1.871
 3844.00    0.70851   0.98497    1.871
 3845.00    1.16551   1.02173    1.871
 3846.00    2.02488   1.04944    1.871
 3847.00    1.54865   1.07005    1.871
 3848.00    1.31453   1.08553    1.871
 3849.00    0.59344   1.09822    1.871
 3850.00    0.79810   1.10989    1.871
 3851.00    1.24741   1.12086    1.871
 3852.00    0.52730   1.13009    1.871
 3853.00    0.12334   1.13521    1.871
 3854.00   -0.03076   1.13564    0.000
 3855.00    0.23719   1.13255    1.871
 3856.00    0.91513   1.12819    1.871
 3857.00    1.37424   1.12428    1.871
 3858.00    1.66673   1.12279    1.871
 3859.00   -0.56873   1.12488    0.000
 3860.00   -0.87006   1.13031    0.000
 3861.00   -1.28516   1.13774    0.000
 3862.00   -0.19629   1.14438    0.000
 3863.00    0.58879   1.14894    0.000
 3864.00    1.84119   1.15073    0.000
 3865.00    2.15964   1.15040    0.000
 3866.00    2.78902   1.14916    0.000
 3867.00    2.03377   1.14717    0.000
 3868.00    1.41899   1.14370    0.000
 3869.00    1.96074   1.13843    0.000
 3870.00    1.95832   1.13116    0.000
 3871.00    1.63367   1.12425    0.000
 3872.00    1.86941   1.11916    1.871
 3873.00    2.08573   1.11656    1.871
 3874.00    2.44133   1.11381    1.871
 3875.00    2.31212   1.10692    1.871
 3876.00    1.34996   1.09167    1.871
 3877.00    1.41674   1.06920    1.871
 3878.00    1.48578   1.04382    1.871
 3879.00    1.69370   1.01812    1.871
 3880.00    1.84380   0.99412    1.871
 3881.00    2.48551   0.96985    1.871
 3882.00    1.79452   0.94245    0.000
 3883.00    0.98957   0.90949    0.000
 3884.00    0.29950   0.86862    0.000
 3885.00    0.15618   0.82098    0.000
 3886.00    0.53052   0.77210    0.000
 3887.00    1.28057   0.73128    0.000
 3888.00    2.26721   0.70874    0.000
 3889.00    1.04764   0.71015    0.000
 3890.00    0.73753   0.73562    0.000
 3891.00    1.73200   0.77877    0.000
 3892.00    0.41860   0.82953    1.871
 3893.00   -1.53633   0.87964    0.000
 3894.00    0.51555   0.92477    1.871
 3895.00    1.30901   0.96460    1.871
 3896.00    1.64891   1.00042    1.871
 3897.00    1.76213   1.03182    1.871
 3898.00    1.95321   1.05981    1.871
 3899.00    2.01128   1.08456    1.871
 3900.00    2.02814   1.10697    1.871
 3901.00    1.58734   1.12764    1.871
 3902.00    1.56331   1.14529    1.871
 3903.00    1.51713   1.16022    1.871
 3904.00    1.95961   1.17385    1.871
 3905.00    2.18175   1.18886    1.871
 3906.00    0.17868   1.20792    1.871
 3907.00    0.40226   1.23198    1.871
 3908.00    0.94199   1.25892    1.871
 3909.00    1.61679   1.28400    1.871
 3910.00    2.00343   1.30326    1.871
 3911.00    2.87552   1.31540    1.871
 3912.00    2.64621   1.32011    1.871
 3913.00    1.97096   1.31918    1.871
 3914.00    1.50765   1.31509    1.871
 3915.00    1.20636   1.30947    1.871
 3916.00    2.61902   1.30236    1.871
 3917.00    2.32591   1.29309    1.871
 3918.00    1.14340   1.28175    1.871
 3919.00    1.81403   1.26918    1.871
 3920.00    2.30733   1.25801    1.871
 3921.00    1.85925   1.25002    1.871
 3922.00    1.52717   1.24617    1.871
 3923.00    0.54504   1.24427    1.871
 3924.00    1.47069   1.24076    1.871
 3925.00    2.23916   1.23243    1.871
 3926.00    1.22388   1.21686    1.871
 3927.00    1.32896   1.19372    1.871
 3928.00    2.40230   1.16335    1.871
 3929.00    2.22764   1.12678    1.871
 3930.00    2.06421   1.08462    1.871
 3931.00   -0.97963   1.03976    0.000
 3932.00   -1.17159   0.99875    0.000
 3933.00    0.81852   0.97269    1.871
 3934.00    2.51115   0.97085    1.871
 3935.00    4.29545   0.99560   -1.000
 3936.00    1.39399   1.03808    1.871
 3937.00    0.64929   1.08818    1.871
 3938.00    0.23078   1.13549    1.871
 3939.00   -0.43650   1.17278    0.000
 3940.00   -1.22926   1.19842    0.000
 3941.00   -0.82082   1.21291    0.000
 3942.00   -0.48562   1.21842    0.000
 3943.00    1.42124   1.22012    1.871
 3944.00    1.98666   1.22184    1.871
 3945.00    2.74540   1.22568    1.871
 3946.00    2.33353   1.23254    1.871
 3947.00    2.08825   1.24069    1.871
 3948.00    0.72712   1.24893    1.871
 3949.00    1.56847   1.25617    1.871
 3950.00    2.84525   1.26104    1.871
 3951.00    2.49491   1.26247    1.871
 3952.00    2.20294   1.26028    1.871
 3953.00   -1.19514   1.25473    0.000
 3954.00   -0.49743   1.24519    0.000
 3955.00    0.70501   1.23042    1.871
 3956.00    0.79579   1.21011    1.871
 3957.00    0.82889   1.18452    1.871
 3958.00    0.30555   1.15344    1.871
 3959.00    0.22103   1.11553    1.871
 3960.00    0.05504   1.07067    1.871
 3961.00    0.54880   1.02112    0.000
 3962.00    0.80215   0.96892    0.000
 3963.00    1.37402   0.91519    0.000
 3964.00    1.12862   0.85797    0.000
 3965.00    0.55586   0.79636    0.000
 3966.00    0.64291   0.73160    0.000
 3967.00    0.69379   0.66977    0.000
 3968.00    2.14290   0.62094    0.000
 3969.00    2.14955   0.59454    0.000
 3970.00    1.98766   0.59665    0.000
 3971.00    1.28865   0.62684    0.000
 3972.00    0.82472   0.67988    0.000
 3973.00    2.68556   0.74736    0.000
 3974.00    2.82698   0.82138    0.000
 3975.00    2.79542   0.89474   -1.000
 3976.00    1.98382   0.96462    1.871
 3977.00    1.37478   1.02795    1.871
 3978.00    1.59113   1.08378    1.871
 3979.00    1.43248   1.13133    1.871
 3980.00    0.77311   1.16984    1.871
 3981.00    1.20956   1.20103    1.871
 3982.00    1.57909   1.22647    1.871
 3983.00    0.97897   1.24958    1.871
 3984.00    0.98297   1.27263    1.871
 3985.00    1.40434   1.29598    1.871
 3986.00    0.48407   1.31866    1.871
 3987.00   -0.39405   1.33912    0.000
 3988.00   -0.80478   1.35659    0.000
 3989.00   -0.80133   1.37069    0.000
 3990.00   -0.35181   1.38285    0.000
 3991.00    0.99804   1.39401    1.871
 3992.00    2.44909   1.40374    1.871
 3993.00    0.02947   1.41061   -1.000
 3994.00   -0.24315   1.41326    0.000
 3995.00    1.87554   1.41226    1.871
 3996.00    1.90314   1.41043    1.871
 3997.00    1.93658   1.41131    1.871
 3998.00    1.90117   1.41659    1.871
 3999.00    1.76538   1.42572    1.871
 4000.00    0.61823   1.43514    1.871
 4001.00    1.58401   1.44129    1.871
 4002.00    2.90484   1.44073    1.871
 4003.00    2.01275   1.43363    1.871
 4004.00    1.70662   1.42294    1.871
 4005.00    1.68290   1.41507    1.871
 4006.00    1.01306   1.41533    1.871
 4007.00   -0.02442   1.42526    0.000
 4008.00   -0.08413   1.44128    0.000
 4009.00   -0.05987   1.45802    0.000
 4010.00    1.12004   1.47252    1.871
 4011.00    1.43912   1.48409    1.871
 4012.00    2.00013   1.49279    1.871
 4013.00    1.31686   1.50001    1.871
 4014.00    1.00677   1.50626    1.871
 4015.00    1.28555   1.51149    1.871
 4016.00    1.44048   1.51633    1.871
 4017.00    1.75147   1.52076    1.871
 4018.00    1.27227   1.52443    1.871
 4019.00    1.02099   1.52630    1.871
 4020.00    1.70307   1.52487    1.871
 4021.00    1.51621   1.51899    1.871
 4022.00    1.05293   1.50971    1.871
 4023.00    0.87588   1.49956    1.871
 4024.00    0.77021   1.49165    0.000
 4025.00    0.86742   1.48862    0.000
 4026.00    0.60889   1.49027    0.000
 4027.00   -0.09345   1.49225    0.000
 4028.00   -0.15935   1.48815    0.000
 4029.00   -0.20399   1.47394    0.000
 4030.00    1.62378   1.45162    0.000
 4031.00    1.62559   1.42867    1.871
 4032.00    1.13601   1.41367    1.871
 4033.00    1.44136   1.41253    1.871
 4034.00    1.67511   1.42675    1.871
 4035.00    1.30349   1.45365    1.871
 4036.00    1.14719   1.48629    1.871
 4037.00    0.74051   1.51669    1.871
 4038.00    1.04248   1.53776    1.871
 4039.00    1.30324   1.54585    1.871
 4040.00    0.76412   1.54032    1.871
 4041.00    0.50893   1.52371    1.871
 4042.00   -0.23593   1.49736    0.000
 4043.00   -0.26044   1.46493    0.000
 4044.00   -0.28430   1.43297    0.000
 4045.00    1.69993   1.41148    1.871
 4046.00    1.91504   1.40883    1.871
 4047.00    0.86379   1.42549    1.871
 4048.00    0.61240   1.45442    1.871
 4049.00    0.33683   1.48533    1.871
 4050.00    0.26426   1.50941    1.871
 4051.00    0.31507   1.52203    1.871
 4052.00    0.80294   1.52263    1.871
 4053.00    0.76531   1.51429    1.871
 4054.00    0.71880   1.50184    1.871
 4055.00    0.60582   1.48942    1.871
 4056.00    0.62535   1.47989    1.871
 4057.00    1.13806   1.47391    1.871
 4058.00    1.02276   1.47092    1.871
 4059.00    0.86188   1.46766    1.871
 4060.00    1.23974   1.45995    1.871
 4061.00    1.33028   1.44463    1.871
 4062.00    0.71966   1.42370    1.871
 4063.00    0.56632   1.40381    1.871
 4064.00    0.32390   1.39111    1.871
 4065.00    0.71392   1.38874    1.871
 4066.00    0.87464   1.39528    1.871
 4067.00    0.93519   1.40518    0.000
 4068.00    1.02309   1.41226    0.000
 4069.00    1.18095   1.41297    0.000
 4070.00    1.23454   1.40725    0.000
 4071.00    1.25833   1.39889    1.871
 4072.00    0.96681   1.39243    1.871
 4073.00    0.85539   1.38878    1.871
 4074.00    0.62674   1.38478    1.871
 4075.00    0.47809   1.37778    1.871
 4076.00    0.39853   1.37008    1.871
 4077.00    0.91231   1.36808    1.871
 4078.00    0.96487   1.37616    1.871
 4079.00    1.05722   1.39399    1.871
 4080.00    0.56131   1.41518    1.871
 4081.00    0.25909   1.43187    1.871
 4082.00    0.45089   1.43888    1.871
 4083.00    0.41416   1.43764    1.871
 4084.00    0.28331   1.43333    1.871
 4085.00   -0.22501   1.43106    0.000
 4086.00   -0.57599   1.43283    0.000
 4087.00    0.78814   1.43602    1.871
 4088.00    1.01340   1.43593    1.871
 4089.00    1.32858   1.42841    1.871
 4090.00    1.14908   1.41109    1.871
 4091.00    1.00891   1.38519    1.871
 4092.00    1.00879   1.35212    1.871
 4093.00    0.87718   1.31215    1.871
 4094.00    0.37761   1.26577    1.871
 4095.00    0.86198   1.21302    0.000
 4096.00    1.28852   1.15576    0.000
 4097.00    1.25883   1.09674    0.000
 4098.00    1.15681   1.03856    0.000
 4099.00    0.71101   0.98448    0.000
 4100.00    0.51607   0.94054    0.000
 4101.00    0.32264   0.91536    0.000
 4102.00    1.36098   0.91503    0.000
 4103.00    1.55621   0.94126    0.000
 4104.00    1.41490   0.98763    0.000
 4105.00    1.09492   1.04380    0.000
 4106.00    0.73721   1.09947    0.000
 4107.00    1.48113   1.14850    0.000
 4108.00    1.60987   1.18739    1.871
 4109.00    1.14703   1.21814    1.871
 4110.00    1.36573   1.24456    1.871
 4111.00    1.64139   1.27056    1.871
 4112.00    1.32393   1.29785    1.871
 4113.00    1.14143   1.32547    1.871
 4114.00    0.26668   1.35105    1.871
 4115.00    0.33230   1.37110    1.871
 4116.00    0.42572   1.38385    1.871
 4117.00    0.39984   1.39016    1.871
 4118.00    0.38798   1.39267    1.871
 4119.00    0.34746   1.39530    1.871
 4120.00    0.26032   1.40056    1.871
 4121.00    0.11984   1.40955    1.871
 4122.00    0.35781   1.42126    1.871
 4123.00    0.46686   1.43391    1.871
 4124.00    0.79766   1.44486    1.871
 4125.00    0.47977   1.45071    1.871
 4126.00   -0.10407   1.44884    0.000
 4127.00    0.85448   1.43972    1.871
 4128.00    1.31334   1.42589    1.871
 4129.00    2.15025   1.41091    1.871
 4130.00    2.02154   1.39745    1.871
 4131.00    1.75120   1.38837    1.871
 4132.00   -2.19724   1.38655    0.000
 4133.00   -4.35637   1.39488    0.000
 4134.00   -1.80966   1.41306    0.000
 4135.00   -0.92143   1.43733    0.000
 4136.00    1.03029   1.46203    1.871
 4137.00    3.03687   1.48154    1.871
 4138.00    4.28661   1.49146   -1.000
 4139.00    1.56113   1.48993    1.871
 4140.00    0.85843   1.47625    1.871
 4141.00   -0.62133   1.45293    0.000
 4142.00    1.95930   1.42654    1.871
 4143.00    3.77562   1.40648   -1.000
 4144.00    3.25102   1.39952    1.871
 4145.00    3.11349   1.40657    1.871
 4146.00    2.83185   1.42186    1.871
 4147.00   -1.46673   1.43740    0.000
 4148.00   -4.89052   1.44807    0.000
 4149.00   -0.66586   1.45276    0.000
 4150.00    0.34310   1.45328    1.871
 4151.00    2.04408   1.45186    1.871
 4152.00    2.21018   1.44983    1.871
 4153.00    2.35933   1.44837    1.871
 4154.00    1.43645   1.44873    1.871
 4155.00    1.25645   1.45237    1.871
 4156.00    1.17145   1.46073    1.871
 4157.00    0.95459   1.47341    1.871
 4158.00    0.73517   1.48882    1.871
 4159.00    0.89952   1.50458    1.871
 4160.00    1.04292   1.51803    1.871
 4161.00    1.68112   1.52783    1.871
 4162.00    0.28019   1.53283    1.871
 4163.00   -1.31690   1.53231    0.000
 4164.00   -2.31741   1.52632    0.000
 4165.00   -2.07193   1.51683    0.000
 4166.00    1.88629   1.50602    1.871
 4167.00    1.64469   1.49609    1.871
 4168.00    1.33406   1.48660    1.871
 4169.00    2.46420   1.47572    1.871
 4170.00    2.94077   1.46111    1.871
 4171.00    4.26193   1.44322   -1.000
 4172.00    3.32241   1.42584   -1.000
 4173.00    1.95757   1.41394    1.871
 4174.00    4.08681   1.41050   -1.000
 4175.00    4.76749   1.41403   -1.000
 4176.00    2.98660   1.42114    1.871
 4177.00    1.82929   1.42934    1.871
 4178.00   -0.07563   1.43849    0.000
 4179.00    0.99323   1.44818    1.871
 4180.00    1.43859   1.45800    1.871
 4181.00    1.03227   1.46746    1.871
 4182.00    1.05687   1.47631    1.871
 4183.00    1.10302   1.48429    1.871
 4184.00    1.25388   1.48976    1.871
 4185.00    1.32772   1.49076    1.871
 4186.00    0.28387   1.48714    1.871
 4187.00    0.74000   1.48162    1.871
 4188.00    1.72870   1.47789    1.871
 4189.00   -0.16062   1.47769    0.000
 4190.00   -1.21600   1.48045    0.000
 4191.00   -3.07520   1.48441    0.000
 4192.00   -2.36671   1.48666    0.000
 4193.00   -0.44849   1.48402    0.000
 4194.00   -2.15664   1.47375    0.000
 4195.00   -3.24041   1.45600    0.000
 4196.00    2.45232   1.43459    1.871
 4197.00    2.80296   1.41380    1.871
 4198.00    2.67452   1.39761    1.871
 4199.00    2.83657   1.38804    1.871
 4200.00    2.95295   1.38625    1.871
 4201.00    1.89617   1.39249    1.871
 4202.00    2.08501   1.40607    1.871
 4203.00    3.09589   1.42637    1.871
 4204.00    3.07834   1.45127    1.871
 4205.00    3.06408   1.47728    1.871
 4206.00   -2.33017   1.50040    0.000
 4207.00   -2.08373   1.51760    0.000
 4208.00    2.00310   1.52706    1.871
 4209.00   -0.23670   1.52905    0.000
 4210.00   -2.28793   1.52526    0.000
 4211.00   -2.70618   1.51765    0.000
 4212.00   -1.98381   1.50736    0.000
 4213.00    1.94496   1.49577    1.871
 4214.00    3.14348   1.48595    1.871
 4215.00    4.38006   1.48302   -1.000
 4216.00    2.70749   1.48985    1.871
 4217.00    2.07494   1.50503    1.871
 4218.00    0.50386   1.52183    1.871
 4219.00    0.68528   1.53199    1.871
 4220.00    0.89619   1.52865    1.871
 4221.00    0.95783   1.50837    1.871
 4222.00    1.13161   1.47097    1.871
 4223.00    2.41015   1.42192    1.871
 4224.00    1.42412   1.36998    1.871
 4225.00    0.13093   1.32742    1.871
 4226.00   -0.89269   1.30486    0.000
 4227.00   -1.09531   1.30826    0.000
 4228.00    0.39497   1.33427    1.871
 4229.00    0.41241   1.37246    1.871
 4230.00    0.43826   1.40942    1.871
 4231.00    2.64140   1.43600    1.871
 4232.00    3.46782   1.44936   -1.000
 4233.00    3.37709   1.45262   -1.000
 4234.00    3.24338   1.45184    1.871
 4235.00    3.01868   1.45244    1.871
 4236.00    2.36765   1.45737    1.871
 4237.00    2.04740   1.46786    1.871
 4238.00    0.22609   1.48340    1.871
 4239.00    0.08789   1.50246   -1.000
 4240.00   -0.17653   1.52354    0.000
 4241.00    0.85931   1.54530    1.871
 4242.00    1.37761   1.56554    1.871
 4243.00    0.73562   1.58112    1.871
 4244.00    0.59472   1.58761    1.871
 4245.00    0.30073   1.58217   -1.000
 4246.00    0.17560   1.56472   -1.000
 4247.00    0.10420   1.53898   -1.000
 4248.00    0.33144   1.51180    1.871
 4249.00    1.07839   1.48897    1.871
 4250.00    2.94496   1.47411    1.871
 4251.00    2.50998   1.46736    1.871
 4252.00    2.22827   1.46668    1.871
 4253.00    1.55849   1.46971    1.871
 4254.00    1.23060   1.47489    1.871
 4255.00    0.41272   1.48166    1.871
 4256.00    1.13461   1.48740    1.871
 4257.00    1.66350   1.48858    1.871
 4258.00    1.03614   1.48452    1.871
 4259.00    0.80825   1.47960    1.871
 4260.00    0.25803   1.48196    1.871
 4261.00    0.51716   1.49653    1.871
 4262.00    0.73187   1.52213    1.871
 4263.00    0.99995   1.55127    1.871
 4264.00    1.14572   1.57441    1.871
 4265.00    1.58622   1.58404    1.871
 4266.00    1.47149   1.57685    1.871
 4267.00    1.36455   1.55343    1.871
 4268.00    1.12068   1.51726    1.871
 4269.00    1.20499   1.47447    1.871
 4270.00    1.86986   1.43297    1.871
 4271.00    1.54747   1.40058    1.871
 4272.00    1.20828   1.38391    1.871
 4273.00    1.16275   1.38546    1.871
 4274.00    1.24881   1.40352    1.871
 4275.00    1.87224   1.43314    1.871
 4276.00    1.81040   1.46795    1.871
 4277.00    1.73708   1.49961    1.871
 4278.00    1.19965   1.52187    1.871
 4279.00    1.00223   1.53279    1.871
 4280.00    0.60001   1.53463    1.871
 4281.00    0.72848   1.53183    1.871
 4282.00    0.90035   1.52715    1.871
 4283.00    0.90005   1.52095    1.871
 4284.00    0.94582   1.51258    1.871
 4285.00    1.51396   1.50095    1.871
 4286.00    1.35021   1.48501    1.871
 4287.00    1.10249   1.46528    1.871
 4288.00    0.76133   1.44411    1.871
 4289.00    0.59872   1.42614    1.871
 4290.00   -0.05451   1.41661    0.000
 4291.00    0.31127   1.41727    1.871
 4292.00    0.93902   1.42403    1.871
 4293.00    1.97711   1.43033    1.871
 4294.00    2.42051   1.43012    1.871
 4295.00    1.08012   1.42075    1.871
 4296.00    1.18447   1.40234    1.871
 4297.00    1.38850   1.37647    1.871
 4298.00    1.31144   1.34699    1.871
 4299.00    1.27203   1.31966    1.871
 4300.00    1.95733   1.29940    1.871
 4301.00    1.75209   1.28825    1.871
 4302.00    1.26866   1.28444    1.871
 4303.00    0.48209   1.28387    1.871
 4304.00    0.02376   1.28245    1.871
 4305.00   -0.04286   1.27729    0.000
 4306.00    0.26954   1.26882    1.871
 4307.00    1.08771   1.26134    1.871
 4308.00    2.38351   1.26104    1.871
 4309.00    3.24002   1.27250   -1.000
 4310.00    1.02507   1.29668    1.871
 4311.00    0.97559   1.33140    1.871
 4312.00    1.36567   1.37420    1.871
 4313.00    2.56058   1.42248    1.871
 4314.00    3.45371   1.47384   -1.000
 4315.00    5.07470   1.52390   -1.000
 4316.00    4.90096   1.56633   -1.000
 4317.00    3.60496   1.59493   -1.000
 4318.00    3.00338   1.60501    1.871
 4319.00    2.49502   1.59606    1.871
 4320.00    0.88846   1.56989    1.871
 4321.00    0.22736   1.52934   -1.000
 4322.00   -1.54062   1.47948    0.000
 4323.00   -0.54805   1.42844    0.000
 4324.00    0.39537   1.38701    1.871
 4325.00    1.52678   1.36579    1.871
 4326.00    1.98243   1.36916    1.871
 4327.00    3.21639   1.39264    1.871
 4328.00    3.38325   1.42392   -1.000
 4329.00    3.56226   1.45147   -1.000
 4330.00    2.48841   1.46761    1.871
 4331.00    2.37792   1.47087    1.871
 4332.00    3.37194   1.46185    0.000
 4333.00    2.37750   1.43964    0.000
 4334.00    1.17495   1.40197    0.000
 4335.00    2.44830   1.34716    0.000
 4336.00    2.63051   1.27803    0.000
 4337.00    0.96212   1.20219    0.000
 4338.00    1.92243   1.13344    0.000
 4339.00    3.23316   1.08577    0.000
 4340.00    3.23572   1.06824    0.000
 4341.00    3.22225   1.08276    0.000
 4342.00    3.03121   1.12329    0.000
 4343.00    3.08447   1.17899    0.000
 4344.00    3.16670   1.23989    0.000
 4345.00    1.84744   1.29869    0.000
 4346.00    1.34615   1.35027    0.000
 4347.00    1.85435   1.39062    1.871
 4348.00    1.73132   1.41637    1.871
 4349.00    1.51567   1.42686    1.871
 4350.00    1.31211   1.42566    1.871
 4351.00    1.21906   1.42082    1.871
 4352.00    1.20854   1.42253    1.871
 4353.00    1.22007   1.43593    1.871
 4354.00    1.24312   1.46028    1.871
 4355.00    1.57819   1.48953    1.871
 4356.00    1.75332   1.51772    1.871
 4357.00    0.33732   1.54191    1.871
 4358.00    0.80997   1.56194    1.871
 4359.00    1.95823   1.58004    1.871
 4360.00    1.64523   1.59829    1.871
 4361.00    1.45898   1.61685    1.871
 4362.00    1.46024   1.63379    1.871
 4363.00    1.29864   1.64650    1.871
 4364.00    0.86907   1.65264    1.871
 4365.00    0.87916   1.65060    1.871
 4366.00    0.88596   1.64035    1.871
 4367.00    1.93502   1.62476    1.871
 4368.00    1.80763   1.60784    1.871
 4369.00    1.13238   1.59207    1.871
 4370.00    0.19416   1.57718   -1.000
 4371.00   -0.52122   1.56167    0.000
 4372.00   -2.66499   1.54501    0.000
 4373.00   -2.92709   1.52923    0.000
 4374.00   -2.92279   1.51814    0.000
 4375.00   -0.77371   1.51505    0.000
 4376.00    1.07477   1.51975    1.871
 4377.00    5.68535   1.52595   -1.000
 4378.00    6.37309   1.52522   -1.000
 4379.00    6.11786   1.51034   -1.000
 4380.00    3.38145   1.47903    1.871
 4381.00    0.72923   1.43576    1.871
 4382.00    4.69079   1.39057   -1.000
 4383.00    5.98114   1.35674   -1.000
 4384.00    8.63941   1.34416   -1.000
 4385.00    6.84888   1.35477   -1.000
 4386.00    4.88992   1.38124   -1.000
 4387.00    3.29177   1.41278    1.871
 4388.00    3.13214   1.44093    1.871
 4389.00    4.79674   1.46281   -1.000
 4390.00    4.97752   1.47955   -1.000
 4391.00    5.20049   1.49345   -1.000
 4392.00    2.59369   1.50660    1.871
 4393.00    1.74461   1.51994    1.871
 4394.00    1.00924   1.53423    1.871
 4395.00    0.56526   1.54941    1.871
 4396.00   -0.05299   1.56357    0.000
 4397.00   -0.18130   1.57268    0.000
 4398.00   -0.16969   1.57254    0.000
 4399.00    0.64245   1.56226    1.871
 4400.00    1.29685   1.54385    1.871
 4401.00    2.32825   1.51975    1.871
 4402.00    2.36462   1.49269    1.871
 4403.00    1.94015   1.46651    1.871
 4404.00  -10.11298   1.44672    0.000
 4405.00  -10.79139   1.44016    0.000
 4406.00  -12.00587   1.44967    0.000
 4407.00   -5.53688   1.47379    0.000
 4408.00   -2.49925   1.50689    0.000
 4409.00    0.82109   1.54237    1.871
 4410.00    2.93794   1.57246    1.871
 4411.00    7.26285   1.59006   -1.000
 4412.00    5.59912   1.59138   -1.000
 4413.00    4.71055   1.57939   -1.000
 4414.00    5.86216   1.56197   -1.000
 4415.00    5.92837   1.54972   -1.000
 4416.00    6.01610   1.55043   -1.000
 4417.00    6.00198   1.56461   -1.000
 4418.00    5.99340   1.58588   -1.000
 4419.00    1.99811   1.60529    1.871
 4420.00    1.22353   1.61610    1.871
 4421.00   -0.25295   1.61674    0.000
 4422.00    2.13393   1.61072    1.871
 4423.00    3.77701   1.60331   -1.000
 4424.00    2.41511   1.59843    1.871
 4425.00    1.54520   1.59667    1.871
 4426.00   -0.82122   1.59730    0.000
 4427.00   -0.43204   1.59927    0.000
 4428.00   -0.12935   1.60108    0.000
 4429.00    2.40869   1.60136    1.871
 4430.00    3.75711   1.59905   -1.000
 4431.00    7.62173   1.59350   -1.000
 4432.00    5.06341   1.58518   -1.000
 4433.00    2.81931   1.57603    1.871
 4434.00   -5.73190   1.57041    0.000
 4435.00   -6.30193   1.57327    0.000
 4436.00   -2.32159   1.58665    0.000
 4437.00   -2.54373   1.60639    0.000
 4438.00   -2.76328   1.62496    0.000
 4439.00    3.85144   1.63494   -1.000
 4440.00    5.85359   1.63475   -1.000
 4441.00    9.32852   1.62866   -1.000
 4442.00    7.80362   1.62450   -1.000
 4443.00    6.10229   1.62869   -1.000
 4444.00    4.03409   1.64259   -1.000
 4445.00    2.86106   1.66199    1.871
 4446.00   -1.88009   1.68033    0.000
 4447.00    2.67092   1.69262    1.871
 4448.00    8.38474   1.69714   -1.000
 4449.00    3.91439   1.69392   -1.000
 4450.00    1.52867   1.68304    1.871
 4451.00   -8.85184   1.66449    0.000
 4452.00   -5.78283   1.63921    0.000
 4453.00   -1.42236   1.60946    0.000
 4454.00   -6.44818   1.57986    0.000
 4455.00   -7.51728   1.55541    0.000
 4456.00    3.91678   1.53951   -1.000
 4457.00    5.67838   1.53225   -1.000
 4458.00    8.51264   1.53151   -1.000
 4459.00    7.69260   1.53561   -1.000
 4460.00    7.31016   1.54416   -1.000
 4461.00    5.94417   1.55736   -1.000
 4462.00    4.30075   1.57457   -1.000
 4463.00    1.29539   1.59324    1.871
 4464.00    1.34201   1.60943    1.871
 4465.00    1.36428   1.62009    1.871
 4466.00    2.69867   1.62470    1.871
 4467.00    3.17817   1.62551    1.871
 4468.00    4.17983   1.62607   -1.000
 4469.00    1.14398   1.63005    0.000
 4470.00   -0.51257   1.64015    0.000
 4471.00   -2.00652   1.65685    0.000
 4472.00   -1.44666   1.67806    0.000
 4473.00    0.00640   1.69992    0.000
 4474.00    0.56127   1.71834    0.000
 4475.00    0.90543   1.73013    0.000
 4476.00    4.77843   1.73276   -1.000
 4477.00    5.27111   1.72470   -1.000
 4478.00    5.96014   1.70597   -1.000
 4479.00    3.55599   1.68075    1.871
 4480.00    1.86729   1.65717    1.871
 4481.00    2.81050   1.64524    1.871
 4482.00    2.68178   1.65000    1.871
 4483.00    1.95895   1.66908    1.871
 4484.00    0.33015   1.69404   -1.000
 4485.00   -0.96205   1.71475    0.000
 4486.00    0.05367   1.72411   -1.000
 4487.00    1.01598   1.72088    1.871
 4488.00    4.23283   1.70947   -1.000
 4489.00    3.23575   1.69629    1.871
 4490.00    2.34383   1.68641    1.871
 4491.00   -1.88599   1.68077    0.000
 4492.00   -2.49513   1.67738    0.000
 4493.00   -1.87666   1.67462    0.000
 4494.00   -0.12003   1.67295    0.000
 4495.00    1.65037   1.67484    1.871
 4496.00    2.48493   1.68164    1.871
 4497.00    2.76939   1.69234    1.871
 4498.00    3.37821   1.70454    1.871
 4499.00    2.93522   1.71650    1.871
 4500.00    2.43120   1.72888    1.871
 4501.00    1.79744   1.74399    1.871
 4502.00    1.58795   1.76300    1.871
 4503.00    1.25968   1.78458    1.871
 4504.00    1.01352   1.80403    1.871
 4505.00    0.69828   1.81754    1.871
 4506.00    0.65877   1.82283   -1.000
 4507.00    0.68296   1.82129   -1.000
 4508.00    1.07668   1.81614    1.871
 4509.00    0.35386   1.80939   -1.000
 4510.00   -0.69405   1.80163    0.000
 4511.00   -0.90500   1.79213    0.000
 4512.00   -0.91520   1.78015    0.000
 4513.00    0.23626   1.76706   -1.000
 4514.00    0.10265   1.75541   -1.000
 4515.00   -0.11681   1.74742    0.000
 4516.00    0.42997   1.74354   -1.000
 4517.00    0.71080   1.74316    1.871
 4518.00    2.58728   1.74518    1.871
 4519.00    1.57382   1.74826    1.871
 4520.00   -0.31967   1.75051    0.000
 4521.00    0.00418   1.74875   -1.000
 4522.00    0.16234   1.74032   -1.000
 4523.00    3.49929   1.72374    1.871
 4524.00    3.05933   1.69979    1.871
 4525.00    2.08797   1.67077    1.871
 4526.00    1.44317   1.63968    1.871
 4527.00    1.08375   1.61074    1.871
 4528.00    0.61049   1.58837    1.871
 4529.00    0.64042   1.57530    1.871
 4530.00    0.75523   1.57188    1.871
 4531.00    0.79806   1.57514    1.871
 4532.00    0.82518   1.58130    1.871
 4533.00    0.54871   1.58842    1.871
 4534.00    0.82763   1.59773    1.871
 4535.00    1.67888   1.61217    1.871
 4536.00    1.08486   1.63340    1.871
 4537.00    0.65914   1.65925    1.871
 4538.00    0.91063   1.68405    1.871
 4539.00    0.94869   1.70240    1.871
 4540.00    0.98911   1.71211    1.871
 4541.00    0.79079   1.71500    1.871
 4542.00    0.63030   1.71424    1.871
 4543.00   -1.03314   1.71162    0.000
 4544.00   -0.61564   1.70767    0.000
 4545.00    2.00924   1.70205    1.871
 4546.00    1.47797   1.69520    1.871
 4547.00    0.99333   1.68838    1.871
 4548.00    0.89929   1.68245    1.871
 4549.00    0.86652   1.67852    1.871
 4550.00    0.78994   1.67692    1.871
 4551.00    1.17453   1.67718    1.871
 4552.00    1.56979   1.67777    1.871
 4553.00    0.56697   1.67832    1.871
 4554.00    0.30379   1.68096   -1.000
 4555.00    0.07173   1.68924   -1.000
 4556.00    0.51477   1.70542   -1.000
 4557.00    1.02884   1.72839    1.871
 4558.00    0.65336   1.75362    1.871
 4559.00    0.62795   1.77486   -1.000
 4560.00    1.24734   1.78825    1.871
 4561.00    0.66155   1.79165    1.871
 4562.00   -0.10368   1.78647    0.000
 4563.00    0.45847   1.77645   -1.000
 4564.00    0.57111   1.76705   -1.000
 4565.00   -0.20979   1.76307    0.000
 4566.00    0.23691   1.76646   -1.000
 4567.00    0.89778   1.77494    1.871
 4568.00    0.00063   1.78377    0.000
 4569.00   -0.26402   1.78797    0.000
 4570.00    1.09846   1.78652    1.871
 4571.00    0.00463   1.78198   -1.000
 4572.00   -1.82987   1.77875    0.000
 4573.00   -0.79370   1.77957    0.000
 4574.00   -0.33297   1.78315    0.000
 4575.00    0.18571   1.78590   -1.000
 4576.00   -0.24749   1.78391    0.000
 4577.00   -1.07451   1.77526    0.000
 4578.00   -0.93819   1.76013    0.000
 4579.00   -0.87012   1.74114    0.000
 4580.00   -1.70563   1.72249    0.000
 4581.00   -1.55197   1.70859    0.000
 4582.00   -1.19910   1.70097    0.000
 4583.00   -0.21990   1.69938    0.000
 4584.00    0.33644   1.70213   -1.000
 4585.00    0.40962   1.70822   -1.000
 4586.00    0.05268   1.71766   -1.000
 4587.00   -0.85389   1.72971    0.000
 4588.00   -0.93017   1.74228    0.000
 4589.00   -0.97948   1.75164    0.000
 4590.00    0.50733   1.75466   -1.000
 4591.00    0.24961   1.75061   -1.000
 4592.00   -0.83040   1.74133    0.000
 4593.00   -0.90477   1.73070    0.000
 4594.00   -0.95915   1.72204    0.000
 4595.00    1.04351   1.71723    1.871
 4596.00    1.17249   1.71652    1.871
 4597.00    0.86122   1.71907    1.871
 4598.00    1.62560   1.72302    1.871
 4599.00    2.25645   1.72672    1.871
 4600.00    2.10727   1.72918    1.871
 4601.00    1.75204   1.73042    1.871
 4602.00    0.37088   1.73136   -1.000
 4603.00    1.64863   1.73311    1.871
 4604.00    2.83726   1.73725    1.871
 4605.00    2.51380   1.74577    1.871
 4606.00    2.63486   1.75989    1.871
 4607.00    3.55600   1.77874    1.871
 4608.00    3.72349   1.79940    1.871
 4609.00    3.89903   1.81775    1.871
 4610.00    3.86347   1.82944    1.871
 4611.00    3.76234   1.83384    1.871
 4612.00    3.16611   1.83269    1.871
 4613.00    2.76377   1.82962    1.871
 4614.00    2.28859   1.82784    1.871
