2846.466124 0.002306
2848.584180 0.020433
2850.702237 0.011164
2852.820293 0.008033
2854.938349 0.019161
2857.056406 0.013542
2859.174462 0.022246
2861.292519 0.005162
2863.410575 0.014443
2865.528632 0.002322
2867.646688 0.034274
2869.764744 0.026403
2871.882801 0.002135
2874.000857 0.017395
2876.118914 0.009066
2878.236970 0.025403
2880.355027 0.009021
2882.473083 0.004599
2884.591139 0.015759
2886.709196 0.016504
2888.827252 -0.009933
2890.945309 0.007552
2893.063365 0.030745
2895.181422 0.000238
2897.299478 0.025170
2899.417534 -0.009985
2901.535591 0.015763
2903.653647 0.008978
2905.771704 0.015407
2907.889760 0.002847
2910.007817 0.015715
2912.125873 -0.010630
2914.243929 -0.004426
2916.361986 -0.001930
2918.480042 0.008813
2920.598099 -0.004033
2922.716155 0.006152
2924.834212 0.008482
2926.952268 0.014074
2929.070325 0.014555
2931.188381 0.006967
2933.306437 0.012752
2935.424494 0.011037
2937.542550 0.004195
2939.660607 0.008889
2941.778663 0.038778
2943.896720 0.027405
2946.014776 -0.002445
2948.132832 -0.012176
2950.250889 0.011076
2952.368945 0.020092
2954.487002 0.011870
2956.605058 0.010895
2958.723115 -0.001844
2960.841171 0.022608
2962.959227 0.010185
2965.077284 0.009341
2967.195340 0.004625
2969.313397 0.005051
2971.431453 0.013046
2973.549510 0.003594
2975.667566 0.007096
2977.785622 0.007791
2979.903679 0.017649
2982.021735 0.000930
2984.139792 0.009870
2986.257848 0.000924
2988.375905 0.018158
2990.493961 0.017430
2992.612017 0.019864
2994.730074 0.020605
2996.848130 0.005411
2998.966187 0.012910
3001.084243 0.035079
3003.202300 0.007003
3005.320356 0.007187
3007.438412 0.011134
3009.556469 0.006794
3011.674525 -0.001408
3013.792582 -0.000202
3015.910638 0.012296
3018.028695 0.033065
3020.146751 0.010995
3022.264807 0.018978
3024.382864 0.017315
3026.500920 0.020816
3028.618977 0.023211
3030.737033 0.026110
3032.855090 0.012990
3034.973146 0.007301
3037.091203 0.028232
3039.209259 0.015330
3041.327315 0.035516
3043.445372 0.012948
3045.563428 0.023971
3047.681485 0.023057
3049.799541 0.015779
3051.917598 0.016933
3054.035654 0.009844
3056.153710 0.007743
3058.271767 0.011905
3060.389823 0.016358
3062.507880 -0.000093
3064.625936 0.012521
3066.743993 0.013831
3068.862049 0.010995
3070.980105 0.002530
3073.098162 0.009151
3075.216218 0.019100
3077.334275 0.014607
3079.452331 -0.011775
3081.570388 0.005693
3083.688444 0.021551
3085.806500 0.030720
3087.924557 0.014668
3090.042613 0.008912
3092.160670 0.024238
3094.278726 0.015034
3096.396783 0.004569
3098.514839 0.003969
3100.632895 0.017255
3102.750952 0.009123
3104.869008 0.015636
3106.987065 0.010304
3109.105121 0.016253
3111.223178 0.023624
3113.341234 0.020066
3115.459290 0.022206
3117.577347 0.002737
3119.695403 -0.001114
3121.813460 0.010543
3123.931516 0.011959
3126.049573 0.008097
3128.167629 0.003996
3130.285685 0.022318
3132.403742 0.009578
3134.521798 0.006873
3136.639855 0.021367
3138.757911 0.012046
3140.875968 0.007624
3142.994024 0.004572
3145.112080 0.021046
3147.230137 0.020351
3149.348193 0.011132
3151.466250 0.000203
3153.584306 0.023663
3155.702363 0.017717
3157.820419 0.014396
3159.938476 0.006160
3162.056532 0.000606
3164.174588 0.003441
3166.292645 0.019905
3168.410701 0.027919
3170.528758 0.023513
3172.646814 0.002488
3174.764871 0.006869
3176.882927 0.016673
3179.000983 0.021927
3181.119040 0.013378
3183.237096 0.021474
3185.355153 -0.008265
3187.473209 0.027351
3189.591266 0.021762
3191.709322 0.004014
3193.827378 -0.003719
3195.945435 0.020278
3198.063491 0.001649
3200.181548 0.011925
3202.299604 0.014458
3204.417661 0.013463
3206.535717 0.025751
3208.653773 0.020069
3210.771830 0.026211
3212.889886 0.011386
3215.007943 0.000643
3217.125999 0.011385
3219.244056 0.033432
3221.362112 0.005371
3223.480168 0.001340
3225.598225 0.008742
3227.716281 0.022846
3229.834338 0.001979
3231.952394 0.004290
3234.070451 0.002626
3236.188507 0.010144
3238.306563 0.023490
3240.424620 0.010147
3242.542676 0.004529
3244.660733 0.003498
3246.778789 0.002083
3248.896846 0.017321
3251.014902 0.023549
3253.132958 0.014334
3255.251015 0.006424
3257.369071 0.022626
3259.487128 0.011968
3261.605184 0.006449
3263.723241 0.013964
3265.841297 0.030206
3267.959353 0.023934
3270.077410 0.019689
3272.195466 0.007032
3274.313523 0.010777
3276.431579 0.009271
3278.549636 0.011841
3280.667692 0.030806
3282.785749 -0.002523
3284.903805 0.011868
3287.021861 0.026303
3289.139918 0.023713
3291.257974 0.007503
3293.376031 0.028203
3295.494087 0.018771
3297.612144 0.023409
3299.730200 0.033673
3301.848256 0.018709
3303.966313 0.011361
3306.084369 -0.003155
3308.202426 0.011076
3310.320482 0.022472
3312.438539 0.011519
3314.556595 -0.000856
3316.674651 0.031852
3318.792708 0.029250
3320.910764 0.027142
3323.028821 -0.002496
3325.146877 0.011917
3327.264934 0.008827
3329.382990 0.014512
3331.501046 0.004895
3333.619103 0.018861
3335.737159 0.007287
3337.855216 0.001340
3339.973272 0.012481
3342.091329 0.021449
3344.209385 0.022049
3346.327441 0.026471
3348.445498 0.023558
3350.563554 0.018827
3352.681611 0.006755
3354.799667 0.019018
3356.917724 0.018468
3359.035780 0.004828
3361.153836 0.001650
3363.271893 0.005895
3365.389949 0.014657
3367.508006 -0.000261
3369.626062 0.005088
3371.744119 0.016937
3373.862175 0.015169
3375.980231 0.001730
3378.098288 0.018174
3380.216344 0.009605
3382.334401 0.022179
3384.452457 0.021425
3386.570514 0.017546
3388.688570 0.026052
3390.806626 0.020109
3392.924683 0.015016
3395.042739 0.019426
3397.160796 0.014591
3399.278852 0.020493
3401.396909 0.018213
3403.514965 0.025647
3405.633022 -0.000216
3407.751078 0.013544
3409.869134 0.009720
3411.987191 0.015656
3414.105247 0.006496
3416.223304 0.017683
3418.341360 0.004215
3420.459417 0.012648
3422.577473 0.027549
3424.695529 0.021269
3426.813586 0.013617
3428.931642 0.030298
3431.049699 0.010669
3433.167755 0.015155
3435.285812 0.016040
3437.403868 0.023611
3439.521924 0.007340
3441.639981 0.013159
3443.758037 0.012130
3445.876094 0.008336
3447.994150 0.007186
3450.112207 0.009219
3452.230263 0.008386
3454.348319 0.011949
3456.466376 0.006935
3458.584432 0.001298
3460.702489 0.007374
3462.820545 0.027588
3464.938602 0.028281
3467.056658 0.004524
3469.174714 0.027677
3471.292771 0.021713
3473.410827 0.013546
3475.528884 0.011901
3477.646940 0.008531
3479.764997 0.003298
3481.883053 0.011352
3484.001109 -0.003848
3486.119166 0.029537
3488.237222 0.003071
3490.355279 0.014333
3492.473335 -0.003038
3494.591392 0.030904
3496.709448 0.006752
3498.827504 0.021505
3500.945561 0.013436
3503.063617 0.011709
3524.244182 0.011628
3526.362238 0.022974
3528.480295 0.006176
3530.598351 0.018282
3532.716407 0.018006
3534.834464 0.009952
3536.952520 0.011301
3539.070577 0.005710
3541.188633 0.032812
3543.306690 -0.006585
3545.424746 0.013947
3547.542802 0.026657
3549.660859 0.019997
3551.778915 0.025256
3553.896972 -0.001523
3556.015028 0.007920
3558.133085 0.017707
3560.251141 0.002733
3562.369197 0.019942
3564.487254 0.005448
3566.605310 0.016733
3568.723367 0.002268
3570.841423 0.013962
3572.959480 0.023109
3575.077536 0.012267
3577.195592 0.007997
3579.313649 0.005271
3581.431705 0.027388
3583.549762 0.018974
3585.667818 0.006627
3587.785875 0.000158
3589.903931 -0.010825
3592.021987 0.002537
3594.140044 0.022805
3596.258100 0.007981
3598.376157 0.005358
3600.494213 0.013433
3602.612270 0.008826
3604.730326 0.006206
3606.848382 0.013273
3608.966439 0.016696
3611.084495 0.006113
3613.202552 0.023854
3615.320608 0.023890
3617.438665 0.011430
3619.556721 0.004517
3621.674777 0.015565
3623.792834 0.008217
3625.910890 0.018484
3628.028947 0.030767
3630.147003 0.016299
3632.265060 0.002310
3634.383116 0.004119
3636.501172 0.016908
3638.619229 0.026564
3640.737285 0.000627
3642.855342 0.009880
3644.973398 0.015981
3647.091455 0.012700
3649.209511 0.001040
3651.327568 -0.005031
3653.445624 0.006942
3655.563680 0.015078
3657.681737 0.005699
3659.799793 0.002566
3661.917850 0.004757
3664.035906 -0.000363
3666.153963 0.010230
3668.272019 0.002648
3670.390075 -0.001022
3672.508132 0.017503
3674.626188 0.017652
3676.744245 -0.001739
3678.862301 0.002333
3680.980358 0.010708
3683.098414 0.038848
3685.216470 0.000881
3687.334527 0.013073
3689.452583 0.037002
3691.570640 -0.004928
3693.688696 -0.016160
3695.806753 0.003798
3697.924809 0.012409
3700.042865 0.009856
3702.160922 0.016713
3704.278978 -0.010204
3706.397035 0.024140
3708.515091 0.043547
3710.633148 -0.025253
3712.751204 -0.007459
3714.869260 0.016978
3716.987317 0.015954
3719.105373 0.009034
3721.223430 0.018405
3723.341486 0.016254
3725.459543 0.047935
3727.577599 0.083151
3729.695655 0.056202
3731.813712 0.048662
3733.931768 0.012355
3736.049825 -0.009174
3738.167881 0.022936
3740.285938 0.010392
3742.403994 0.010688
3744.522050 0.031013
3746.640107 0.017616
3748.758163 0.018512
3750.876220 0.000933
3752.994276 -0.013577
3755.112333 0.000972
3757.230389 0.009846
3759.348445 0.017046
3761.466502 0.027545
3763.584558 0.030797
3765.702615 0.007150
3767.820671 0.000563
3769.938728 0.027476
3772.056784 0.010894
3774.174841 0.002171
3776.292897 0.007562
3778.410953 0.011417
3780.529010 0.012554
3782.647066 0.008925
3784.765123 0.036985
3786.883179 0.020539
3789.001236 0.019127
3791.119292 0.001021
3793.237348 0.012444
3795.355405 0.015144
3797.473461 0.005106
3799.591518 0.009657
3801.709574 0.012214
3803.827631 0.021986
3805.945687 0.010040
3808.063743 0.006034
3810.181800 0.043277
3812.299856 0.027598
3814.417913 0.013543
3816.535969 0.025615
3818.654026 0.032300
3820.772082 0.040146
3822.890138 0.007105
3825.008195 0.026559
3827.126251 0.013881
3829.244308 0.023031
3831.362364 0.010674
3833.480421 0.015217
3835.598477 0.007671
3837.716533 0.014600
3839.834590 0.001862
3841.952646 0.004332
3844.070703 0.009803
3846.188759 0.017534
3848.306816 0.008930
3850.424872 0.018792
3852.542928 0.023821
3854.660985 0.026678
3856.779041 0.001358
3858.897098 0.013840
3861.015154 0.017284
3863.133211 0.023253
3865.251267 0.037215
3867.369323 0.020248
3869.487380 0.020530
3871.605436 0.039779
3873.723493 0.024500
3875.841549 0.014977
3877.959606 0.030398
3880.077662 0.026307
3882.195719 0.018907
3884.313775 0.017100
3886.431831 0.032687
3888.549888 0.024651
3890.667944 0.011344
3892.786001 0.021550
3894.904057 0.011364
3897.022114 0.016074
3899.140170 0.018952
3901.258226 0.009798
3903.376283 0.023386
3905.494339 0.012442
3907.612396 0.015581
3909.730452 0.006488
3911.848509 0.005759
3913.966565 0.015891
3916.084621 0.019754
3918.202678 0.008124
3920.320734 0.019880
3922.438791 0.008197
3924.556847 0.019928
3926.674904 0.025879
3928.792960 0.034247
3930.911016 -0.013374
3933.029073 0.007226
3935.147129 0.013479
3937.265186 0.002485
3939.383242 0.027873
3941.501299 -0.004821
3943.619355 0.012085
3945.737411 0.009279
3947.855468 0.011369
3949.973524 0.029221
3952.091581 0.009985
3954.209637 0.017747
3956.327694 0.004990
3958.445750 0.025729
3960.563806 0.005187
3985.980484 0.000841
3988.098540 0.015767
3990.216596 0.031543
3992.334653 0.002538
3994.452709 0.017579
3996.570766 0.019320
3998.688822 0.009207
4000.806879 0.007758
4002.924935 0.023753
4005.042992 0.024308
4007.161048 0.006056
4009.279104 -0.001044
4011.397161 0.009438
4013.515217 0.021959
4015.633274 0.030402
4017.751330 0.015639
4019.869387 0.017669
4021.987443 0.032531
4024.105499 0.013987
4026.223556 0.012345
4028.341612 0.015062
4030.459669 0.024606
4032.577725 0.023185
4034.695782 0.009396
4036.813838 0.018830
4038.931894 0.015984
4041.049951 0.023248
4043.168007 0.012180
4045.286064 0.022209
4047.404120 0.010177
4049.522177 0.010863
4051.640233 0.028185
4053.758289 0.032281
4055.876346 0.027198
4057.994402 0.015834
4060.112459 0.037405
4062.230515 0.026128
4064.348572 0.008995
4066.466628 0.028581
4068.584684 0.024272
4070.702741 0.006840
4072.820797 0.024867
4074.938854 0.018469
4077.056910 0.036602
4079.174967 0.034093
4081.293023 0.020036
4083.411079 0.029942
4085.529136 0.021639
4087.647192 0.024329
4089.765249 0.004464
4091.883305 0.029607
4094.001362 0.041395
4096.119418 0.057888
4098.237474 0.029350
4100.355531 -0.002952
4102.473587 -0.003357
4104.591644 0.004827
4106.709700 0.020256
4108.827757 0.012655
4110.945813 0.010489
4113.063869 0.021174
4115.181926 0.023537
4117.299982 0.022697
4119.418039 0.035396
4121.536095 0.024962
4123.654152 0.042746
4125.772208 0.020717
4127.890265 0.005463
4130.008321 0.035194
4132.126377 0.012610
4134.244434 0.038077
4136.362490 0.040401
4138.480547 0.045056
4140.598603 0.023391
4142.716660 -0.012949
4144.834716 0.007972
4146.952772 0.030609
4149.070829 0.015460
4151.188885 0.011121
4153.306942 0.031797
4155.424998 0.005023
4157.543055 0.016551
4159.661111 0.028491
4161.779167 0.021586
4163.897224 0.022218
4166.015280 0.013385
4168.133337 0.011334
4170.251393 0.023593
4172.369450 0.017566
4174.487506 0.020261
4176.605562 0.026179
4178.723619 0.011408
4180.841675 0.017527
4182.959732 0.016841
4185.077788 0.032420
4187.195845 0.015579
4189.313901 0.004372
4191.431957 0.016434
4193.550014 0.013462
4195.668070 0.024928
4197.786127 0.035533
4199.904183 0.019904
4202.022240 0.026781
4204.140296 0.031140
4206.258352 0.030857
4208.376409 0.018001
4210.494465 0.023137
4212.612522 0.015022
4214.730578 0.033153
4216.848635 0.020837
4218.966691 0.004122
4221.084747 0.024419
4223.202804 0.028871
4225.320860 0.022423
4227.438917 0.003620
4229.556973 0.006567
4231.675030 0.018024
4233.793086 0.016564
4235.911142 0.018736
4238.029199 0.002066
4240.147255 0.026905
4242.265312 0.023127
4244.383368 0.011768
4246.501425 0.017848
4248.619481 0.021801
4250.737538 0.019005
4252.855594 0.037634
4254.973650 0.009960
4257.091707 0.016430
4259.209763 0.018991
4261.327820 0.019461
4263.445876 0.020865
4265.563933 0.037679
4267.681989 0.032195
4269.800045 0.022059
4271.918102 0.020278
4274.036158 0.018619
4276.154215 0.025167
4278.272271 0.028221
4280.390328 0.028617
4282.508384 0.041396
4284.626440 0.019755
4286.744497 0.015321
4288.862553 0.021405
4290.980610 0.018246
4293.098666 0.010149
4295.216723 0.022018
4297.334779 0.030426
4299.452835 0.022245
4301.570892 0.037697
4303.688948 0.015075
4305.807005 0.014288
4307.925061 -0.014870
4310.043118 0.006409
4312.161174 0.040323
4314.279230 0.015772
4316.397287 0.009101
4318.515343 0.018523
4320.633400 0.001117
4322.751456 -0.046353
4324.869513 0.033972
4326.987569 0.023817
4329.105625 0.049734
4331.223682 0.029867
4333.341738 0.016823
4335.459795 0.028081
4337.577851 0.016336
4339.695908 0.020803
4341.813964 0.026643
4343.932020 0.008451
4346.050077 0.019940
4348.168133 0.009646
4350.286190 0.025078
4352.404246 0.018347
4354.522303 0.019497
4356.640359 0.012452
4358.758415 0.035282
4360.876472 0.017993
4362.994528 0.008683
4365.112585 0.016196
4367.230641 0.039471
4369.348698 0.022017
4371.466754 0.017404
4373.584811 0.002015
4375.702867 0.000453
4377.820923 0.011892
4379.938980 0.021801
4382.057036 0.037475
4384.175093 0.001387
4386.293149 0.024237
4388.411206 0.012041
4390.529262 0.017170
4392.647318 0.007829
4394.765375 0.021552
4396.883431 0.009100
4399.001488 0.004757
4401.119544 0.017470
4403.237601 0.010958
4405.355657 0.007042
4407.473713 0.024352
4409.591770 0.016647
4411.709826 0.016651
4413.827883 0.019952
4415.945939 0.018354
4418.063996 0.008775
4420.182052 0.027582
4422.300108 0.011997
4424.418165 0.025880
4426.536221 0.014983
4428.654278 0.034010
4430.772334 0.023320
4432.890391 0.026293
4435.008447 0.029227
4437.126503 0.011608
4439.244560 0.026063
4441.362616 0.031849
4443.480673 0.012741
4445.598729 0.011864
4447.716786 0.019271
4449.834842 0.015013
4451.952898 0.048026
4454.070955 0.019398
4456.189011 0.029889
4458.307068 0.031369
4460.425124 0.013419
4462.543181 0.026269
4464.661237 0.012463
4466.779293 0.018294
4468.897350 0.029826
4471.015406 0.035019
4473.133463 0.023988
4475.251519 0.011444
4477.369576 0.013566
4479.487632 0.022644
4481.605688 0.004275
4483.723745 0.021448
4485.841801 0.022252
4487.959858 0.011022
4490.077914 0.004415
4492.195971 0.017000
4494.314027 0.017578
4496.432084 0.005637
4498.550140 0.008852
4500.668196 0.009331
4502.786253 0.024612
4504.904309 0.038617
4507.022366 0.009385
4509.140422 0.009274
4511.258479 0.018354
4513.376535 0.011975
4515.494591 0.026774
4517.612648 0.033317
4519.730704 0.008250
4521.848761 0.002296
4523.966817 0.032352
4526.084874 0.019200
4528.202930 0.023010
4530.320986 0.020174
4532.439043 0.011354
4534.557099 0.015849
4536.675156 0.012611
4538.793212 0.028457
4540.911269 0.014846
4543.029325 0.022877
4545.147381 0.015313
4547.265438 0.005443
4549.383494 0.009167
4551.501551 0.025451
4553.619607 0.019520
4555.737664 0.021883
4557.855720 0.023887
4559.973776 -0.002444
4562.091833 -0.065717
4564.209889 -0.012299
4566.327946 0.035735
4568.446002 0.035191
4570.564059 0.003949
4572.682115 0.005428
4574.800171 0.035513
4576.918228 0.009635
4579.036284 0.023429
4581.154341 0.028955
4583.272397 0.035334
4585.390454 0.015992
4587.508510 0.090482
4589.626566 0.034722
4591.744623 0.044124
4593.862679 0.058096
4595.980736 0.036493
4598.098792 0.015746
4600.216849 0.025734
4602.334905 -0.012092
4604.452961 -0.008762
4606.571018 0.023885
4608.689074 0.000815
4610.807131 0.033547
4612.925187 0.014696
4615.043244 0.011295
4617.161300 0.025701
4619.279357 0.012459
4621.397413 -0.009159
4623.515469 -0.019039
4625.633526 0.010608
4627.751582 -0.010188
4629.869639 0.005800
4631.987695 0.018535
4634.105752 0.010199
4636.223808 0.046711
4638.341864 0.034500
4640.459921 -0.039392
4642.577977 0.004755
4644.696034 0.021611
4646.814090 0.033515
4648.932147 0.030009
4651.050203 0.019765
4653.168259 0.010666
4655.286316 0.006600
4657.404372 0.046472
4659.522429 0.022908
4661.640485 0.036813
4663.758542 0.034572
4665.876598 0.025950
4667.994654 0.050448
4670.112711 0.022873
4672.230767 0.027822
4674.348824 0.033537
4676.466880 0.012260
4678.584937 0.018075
4680.702993 0.032521
4682.821049 0.016196
4684.939106 0.015476
4687.057162 0.040958
4689.175219 0.033076
4691.293275 0.004071
4693.411332 0.006371
4695.529388 0.013114
4697.647444 0.010961
4699.765501 0.021238
4701.883557 0.033986
4704.001614 0.013445
4706.119670 0.002967
4708.237727 0.034222
4710.355783 0.032522
4712.473839 0.044799
4714.591896 0.001014
4716.709952 0.011722
4718.828009 0.040085
4720.946065 -0.002687
4723.064122 0.017843
4725.182178 0.019965
4727.300234 0.001543
4729.418291 0.010622
4731.536347 0.015693
4733.654404 0.022275
4735.772460 0.034002
4737.890517 0.000028
4740.008573 -0.050334
4742.126630 0.030105
4744.244686 0.038460
4746.362742 0.016381
4748.480799 0.037617
4750.598855 0.017528
4752.716912 0.047100
4754.834968 0.014317
4756.953025 0.001030
4759.071081 0.024023
4761.189137 0.026994
4763.307194 0.029012
4765.425250 0.034104
4767.543307 0.037562
4769.661363 -0.003646
4771.779420 0.029884
4773.897476 0.024459
4776.015532 0.033011
4778.133589 0.009568
4780.251645 0.020561
4782.369702 0.010674
4784.487758 0.026409
4786.605815 0.006078
4788.723871 0.026876
4790.841927 0.008684
4792.959984 0.000413
4795.078040 0.011630
4797.196097 0.018335
4799.314153 0.023298
4801.432210 0.039235
4803.550266 0.051165
4805.668322 0.042056
4807.786379 0.017429
4809.904435 -0.008479
4812.022492 0.025945
4814.140548 0.027190
4816.258605 0.024192
4818.376661 0.012331
4820.494717 0.026056
4822.612774 0.041115
4824.730830 0.012525
4826.848887 -0.022028
4828.966943 0.011808
4831.085000 0.052728
4833.203056 0.037146
4835.321112 0.023700
4837.439169 0.026960
4839.557225 0.012287
4841.675282 0.013465
4843.793338 0.031074
4845.911395 0.030247
4848.029451 0.018230
4850.147508 0.016108
4852.265564 0.006383
4854.383620 0.006858
4856.501677 0.042178
4858.619733 0.044639
4860.737790 0.016671
4862.855846 -0.001865
4864.973903 -0.006105
4867.091959 0.000869
4869.210015 0.038980
4871.328072 -0.001230
4873.446128 0.011745
4875.564185 0.035266
4877.682241 0.016199
4879.800298 0.025418
4881.918354 0.081692
4884.036410 -0.000563
4886.154467 -0.012998
4888.272523 0.006907
4890.390580 0.002144
4892.508636 0.004037
4894.626693 0.023436
4896.744749 -0.032804
4898.862805 -0.031470
4900.980862 -0.003646
4903.098918 -0.003850
4905.216975 -0.005558
4907.335031 -0.004540
4909.453088 0.031543
4911.571144 0.020510
4913.689200 0.055859
4915.807257 0.014534
4917.925313 0.019390
4920.043370 0.020964
4922.161426 0.026136
4924.279483 0.042340
4926.397539 0.043655
4928.515595 0.001216
4930.633652 0.044879
4932.751708 0.042155
4934.869765 0.020787
4936.987821 0.041320
4939.105878 0.053871
4941.223934 0.045608
4943.341990 0.001719
4945.460047 0.030204
4947.578103 0.004237
4949.696160 0.005003
4951.814216 0.025457
4953.932273 0.048464
4956.050329 0.019601
4958.168385 0.019135
4960.286442 0.074440
4962.404498 0.055617
4964.522555 0.032938
4966.640611 0.015439
4968.758668 0.012220
4970.876724 -0.021218
4972.994781 0.035395
4975.112837 0.063019
4977.230893 -0.017760
4979.348950 0.019544
4981.467006 0.023400
4983.585063 0.057855
4985.703119 0.008345
4987.821176 0.005766
4989.939232 -0.074671
4992.057288 0.011164
4994.175345 0.003605
4996.293401 0.046755
4998.411458 0.043957
5000.529514 0.050660
5002.647571 0.021621
5004.765627 0.024000
5006.883683 0.034163
5009.001740 0.063326
5011.119796 0.052835
5013.237853 0.028014
5015.355909 -0.037052
5017.473966 -0.015885
5019.592022 0.041176
5021.710078 0.024613
5023.828135 0.008020
5025.946191 0.038211
5028.064248 0.044138
5030.182304 0.056522
5032.300361 -0.006587
5034.418417 -0.032504
5036.536473 -0.031968
5038.654530 0.055235
5040.772586 0.063006
5042.890643 0.007255
5045.008699 0.006782
5047.126756 0.007082
5049.244812 -0.005026
5051.362868 -0.009451
5053.480925 0.044656
5055.598981 -0.045649
5057.717038 0.039785
5059.835094 0.020087
5061.953151 -0.016343
5064.071207 -0.019776
5066.189263 0.024106
5068.307320 0.015207
5070.425376 0.033829
5072.543433 0.049351
5074.661489 0.055206
5076.779546 -0.012552
5078.897602 -0.001185
5081.015658 0.027590
5083.133715 0.032356
5085.251771 -0.017625
5087.369828 0.007342
5089.487884 0.034158
5091.605941 0.017523
5093.723997 0.016865
5095.842054 0.015260
5097.960110 0.023798
5100.078166 -0.012912
5102.196223 0.033803
5104.314279 -0.030465
5106.432336 0.014749
5108.550392 0.041898
5110.668449 0.003003
5112.786505 0.006012
5114.904561 0.008373
5117.022618 0.011872
5119.140674 0.010347
5121.258731 0.017806
5123.376787 0.015984
5125.494844 -0.006189
5127.612900 0.019960
5129.730956 -0.004093
5131.849013 0.031601
5133.967069 -0.002181
5136.085126 -0.000566
5138.203182 0.016210
5140.321239 0.019032
5142.439295 0.012896
5144.557351 0.021056
5146.675408 0.024931
5148.793464 0.016933
5150.911521 0.024012
5153.029577 0.020167
5155.147634 0.022775
5157.265690 0.008437
5159.383746 0.001414
5161.501803 0.013160
5163.619859 0.027330
5165.737916 0.015097
5167.855972 0.023338
5169.974029 0.041468
5172.092085 0.034028
5174.210141 0.013087
5176.328198 0.010747
5178.446254 0.018710
5180.564311 0.015420
5182.682367 0.017989
5184.800424 0.013889
5186.918480 0.011584
5189.036536 0.025235
5191.154593 0.017606
5193.272649 0.017011
5195.390706 -0.000509
5197.508762 0.009109
5199.626819 0.001433
5201.744875 0.012061
5203.862931 0.008279
5205.980988 0.001232
5208.099044 -0.002504
5210.217101 0.014529
5212.335157 0.006404
5214.453214 0.034211
5216.571270 -0.004605
5218.689327 -0.013334
5220.807383 -0.012164
5222.925439 -0.019441
5225.043496 0.033816
5227.161552 0.064577
5229.279609 -0.026376
5231.397665 0.028173
5233.515722 0.025974
5235.633778 -0.028528
5237.751834 0.000047
5239.869891 0.058693
5241.987947 -0.005119
5244.106004 -0.024383
5246.224060 0.008148
5248.342117 0.026050
5250.460173 0.016897
5252.578229 0.020786
5254.696286 -0.006821
5256.814342 0.019504
5258.932399 -0.121910
5261.050455 0.033738
5263.168512 -0.004626
5265.286568 0.000990
5267.404624 0.023403
5269.522681 -0.057331
5271.640737 0.025852
5273.758794 0.036192
5275.876850 0.014965
5277.994907 0.040656
5280.112963 0.046165
5282.231019 0.027542
5284.349076 -0.034515
5286.467132 -0.038024
5288.585189 -0.002509
5290.703245 0.035504
5292.821302 0.046904
5294.939358 -0.004116
5297.057414 -0.053583
5299.175471 0.024104
5301.293527 0.002139
5303.411584 0.044103
5305.529640 0.043515
5307.647697 -0.013370
5309.765753 0.011961
5311.883809 0.006108
5314.001866 0.127995
5316.119922 0.149117
5318.237979 0.021767
5320.356035 0.021362
5322.474092 0.016189
5324.592148 0.055351
5326.710204 0.020621
5328.828261 0.004284
5330.946317 -0.018710
5333.064374 0.006444
5335.182430 0.041783
5337.300487 0.036486
5339.418543 -0.001410
5341.536600 -0.023095
5343.654656 0.001731
5345.772712 0.002339
5347.890769 0.039871
5350.008825 0.012756
5352.126882 0.006336
5354.244938 0.039652
5356.362995 0.021977
5358.481051 -0.048927
5360.599107 0.007683
5362.717164 -0.003855
5364.835220 -0.042779
5366.953277 -0.015775
5369.071333 0.037668
5371.189390 0.002796
5373.307446 0.044541
5375.425502 0.044684
5377.543559 0.007871
5379.661615 0.023181
5381.779672 0.007256
5383.897728 0.017517
5386.015785 0.016204
5388.133841 -0.003256
5390.251897 -0.009582
5392.369954 0.004803
5394.488010 0.005977
5396.606067 0.015670
5398.724123 0.007879
5400.842180 0.014209
5402.960236 0.008216
5405.078292 0.005354
5407.196349 0.021585
5409.314405 0.007539
5411.432462 -0.015982
5413.550518 0.025836
5415.668575 0.039192
5417.786631 0.002757
5419.904687 0.007121
5422.022744 0.009783
5424.140800 0.001207
5426.258857 0.031359
5428.376913 -0.008377
5430.494970 -0.006207
5432.613026 -0.005574
5434.731082 0.002223
5436.849139 0.006745
5438.967195 -0.005738
5441.085252 -0.005982
5443.203308 -0.009000
5445.321365 -0.000936
5447.439421 0.001203
5449.557477 0.027706
5451.675534 0.030982
5453.793590 -0.044845
5455.911647 -0.042611
5458.029703 0.057837
5460.147760 0.021520
5462.265816 -0.004948
5464.383873 0.025478
5466.501929 0.023864
5468.619985 0.002514
5470.738042 0.014497
5472.856098 -0.033360
5474.974155 0.011226
5477.092211 0.047711
5479.210268 0.003169
5481.328324 0.004343
5483.446380 0.003634
5485.564437 -0.011097
5487.682493 0.000110
5489.800550 -0.000136
5491.918606 0.049086
5494.036663 0.021655
5496.154719 0.019455
5498.272775 0.004919
5500.390832 0.002726
5502.508888 0.009055
5504.626945 0.010191
5506.745001 0.035745
5508.863058 0.033208
5510.981114 0.011663
5513.099170 0.008428
5534.279735 -0.004638
5536.397791 0.055803
5538.515848 -0.019965
5540.633904 0.001274
5542.751960 0.041283
5544.870017 0.032143
5546.988073 -0.023981
5549.106130 0.009298
5551.224186 -0.004718
5553.342243 -0.003778
5555.460299 0.018161
5557.578355 -0.006158
5559.696412 -0.182428
5561.814468 0.001592
5563.932525 -0.047882
5566.050581 0.080974
5568.168638 0.111068
5570.286694 0.043500
5572.404750 0.022436
5574.522807 0.111099
5576.640863 0.016314
5578.758920 0.035358
5580.876976 -0.016763
5582.995033 0.005788
5585.113089 -0.030413
5587.231146 0.032170
5589.349202 -0.004018
5591.467258 -0.001311
5593.585315 0.063220
5595.703371 0.032372
5597.821428 -0.116287
5599.939484 -0.026356
5602.057541 -0.001085
5604.175597 0.080682
5606.293653 0.038741
5608.411710 -0.082467
5610.529766 0.125230
5612.647823 0.038881
5614.765879 0.032434
5616.883936 0.069655
5619.001992 -0.142123
5621.120048 -0.014808
5623.238105 0.058863
5625.356161 0.108480
5627.474218 0.048547
5629.592274 0.032124
5631.710331 0.009344
5633.828387 -0.049420
5635.946443 -0.014312
5638.064500 -0.000192
5640.182556 0.025736
5642.300613 -0.115082
5644.418669 -0.038620
5646.536726 0.024668
5648.654782 0.086958
5650.772838 0.125953
5652.890895 0.087844
5655.008951 0.048633
5657.127008 0.023681
5659.245064 0.031036
5661.363121 -0.000346
5663.481177 -0.009668
5665.599233 0.056671
5667.717290 0.053384
5669.835346 -0.081950
5671.953403 0.062515
5674.071459 0.049746
5676.189516 0.054986
5678.307572 0.102989
5680.425628 0.050561
5682.543685 0.052254
5684.661741 0.032368
5686.779798 0.045612
5688.897854 0.031945
5691.015911 0.019029
5693.133967 0.020321
5695.252024 0.023593
5697.370080 -0.002836
5699.488136 -0.038680
5701.606193 -0.031793
5703.724249 -0.030383
5705.842306 0.042845
5707.960362 0.115576
5710.078419 0.039561
5712.196475 -0.003320
5714.314531 0.015282
5716.432588 -0.001377
5718.550644 0.000152
5720.668701 -0.001088
5722.786757 0.034517
5724.904814 0.045481
5727.022870 0.019670
5729.140926 0.009723
5731.258983 -0.023587
5733.377039 -0.041331
5735.495096 0.043945
5737.613152 0.039667
5739.731209 0.016736
5741.849265 0.055916
5743.967321 -0.006071
5746.085378 0.001663
5748.203434 0.005795
5750.321491 0.014212
5752.439547 0.008465
5754.557604 0.013692
5756.675660 0.042118
5758.793716 0.026470
5760.911773 0.017540
5763.029829 -0.007583
5765.147886 -0.013966
5767.265942 0.026708
5769.383999 0.036646
5771.502055 0.015019
5773.620111 0.003878
5775.738168 0.015538
5777.856224 0.007285
5779.974281 -0.002764
5782.092337 0.009077
5784.210394 -0.000184
5786.328450 0.007205
5788.446506 -0.019051
5790.564563 0.018941
5792.682619 0.021012
5794.800676 0.007405
5796.918732 0.025212
5799.036789 0.007728
5801.154845 0.031780
5803.272901 0.025263
5805.390958 0.025888
5807.509014 0.025551
5809.627071 -0.003215
5811.745127 0.035543
5813.863184 0.042235
5815.981240 0.011825
5818.099297 -0.006089
5820.217353 0.033753
5822.335409 0.027764
5824.453466 0.025286
5826.571522 0.014391
5828.689579 0.042870
5830.807635 0.031388
