4043.194069 0.049018
4046.202611 0.041907
4049.211153 0.047529
4052.219695 0.047410
4055.228237 0.049873
4058.236779 0.044444
4061.245322 0.057679
4064.253864 0.055530
4067.262406 0.047751
4070.270948 0.047911
4073.279490 0.045833
4076.288032 0.056715
4079.296574 0.042559
4082.305116 0.037539
4085.313658 0.053693
4088.322201 0.040963
4091.330743 0.041452
4094.339285 0.035902
4097.347827 0.028608
4100.356369 0.039029
4103.364911 0.058094
4106.373453 0.043276
4109.381995 0.033766
4112.390537 0.040656
4115.399080 0.048308
4118.407622 0.036485
4121.416164 0.035500
4124.424706 0.023556
4127.433248 0.060209
4130.441790 0.048762
4133.450332 0.047400
4136.458874 0.042547
4139.467416 0.047334
4142.475959 0.052007
4145.484501 0.056093
4148.493043 0.055901
4151.501585 0.055824
4154.510127 0.052350
4157.518669 0.031901
4160.527211 0.049334
4163.535753 0.056465
4166.544295 0.044059
4169.552838 0.054483
4172.561380 0.037337
4175.569922 0.052808
4178.578464 0.054421
4181.587006 0.043137
4184.595548 0.046672
4187.604090 0.041642
4190.612632 0.051977
4193.621174 0.042511
4196.629717 0.042903
4199.638259 0.047857
4202.646801 0.044567
4205.655343 0.046336
4208.663885 0.045268
4211.672427 0.051944
4214.680969 0.057076
4217.689511 0.051090
4220.698053 0.051848
4223.706596 0.052963
4226.715138 0.047882
4229.723680 0.033648
4232.732222 0.059412
4235.740764 0.043681
4238.749306 0.051659
4241.757848 0.053925
4244.766390 0.048864
4247.774932 0.046393
4250.783475 0.037779
4253.792017 0.052016
4256.800559 0.049494
4259.809101 0.046408
4262.817643 0.044951
4265.826185 0.042030
4268.834727 0.052324
4271.843269 0.030791
4274.851811 0.039141
4277.860354 0.055732
4280.868896 0.053654
4283.877438 0.055776
4286.885980 0.047071
4289.894522 0.045488
4292.903064 0.050606
4295.911606 0.041357
4298.920148 0.047670
4301.928690 0.048553
4304.937232 0.042670
4307.945775 0.038040
4310.954317 0.045725
4313.962859 0.050079
4316.971401 0.041196
4319.979943 0.047493
4322.988485 0.043261
4325.997027 0.043879
4329.005569 0.035688
4332.014111 0.037846
4335.022654 0.042527
4338.031196 0.035359
4341.039738 0.067199
4344.048280 0.068108
4347.056822 0.057992
4350.065364 0.046352
4353.073906 0.044576
4356.082448 0.046017
4359.090990 0.048938
4362.099533 0.056079
4365.108075 0.044344
4368.116617 0.051828
4371.125159 0.048756
4374.133701 0.045330
4377.142243 0.049635
4380.150785 0.039396
4383.159327 0.041924
4386.167869 0.055679
4389.176412 0.046437
4392.184954 0.046631
4395.193496 0.044852
4398.202038 0.050203
4401.210580 0.041422
4404.219122 0.045008
4407.227664 0.035882
4410.236206 0.037992
4413.244748 0.045587
4416.253291 0.041863
4419.261833 0.050596
4422.270375 0.046797
4425.278917 0.049783
4428.287459 0.046434
4431.296001 0.045846
4434.304543 0.046836
4437.313085 0.043380
4440.321627 0.051740
4443.330170 0.055756
4446.338712 0.036368
4449.347254 0.033445
4452.355796 0.051660
4455.364338 0.050401
4458.372880 0.046368
4461.381422 0.054200
4464.389964 0.049671
4467.398506 0.040715
4470.407049 0.051883
4473.415591 0.048534
4476.424133 0.049958
4479.432675 0.044623
4482.441217 0.054210
4485.449759 0.058779
4488.458301 0.051894
4491.466843 0.041680
4494.475385 0.048437
4497.483928 0.052540
4500.492470 0.048276
4503.501012 0.052546
4506.509554 0.039332
4509.518096 0.038605
4512.526638 0.049639
4515.535180 0.049153
4518.543722 0.052816
4521.552264 0.049459
4524.560807 0.050738
4527.569349 0.045874
4530.577891 0.047108
4533.586433 0.047314
4536.594975 0.047661
4539.603517 0.046326
4542.612059 0.039809
4545.620601 0.048209
4548.629143 0.038276
4551.637686 0.049755
4554.646228 0.045756
4557.654770 0.046457
4560.663312 0.044229
4563.671854 0.045086
4566.680396 0.055277
4569.688938 0.051901
4572.697480 0.050933
4575.706022 0.051923
4578.714565 0.048356
4581.723107 0.041319
4584.731649 0.037664
4587.740191 0.040687
4590.748733 0.050565
4593.757275 0.049673
4596.765817 0.040278
4599.774359 0.047825
4602.782901 0.053119
4605.791444 0.046344
4608.799986 0.048485
4611.808528 0.045476
4614.817070 0.042380
4617.825612 0.045307
4620.834154 0.048806
4623.842696 0.049622
4626.851238 0.046570
4629.859780 0.048500
4632.868323 0.054471
4635.876865 0.053594
4638.885407 0.044454
4641.893949 0.042907
4644.902491 0.044085
4647.911033 0.042920
4650.919575 0.040900
4653.928117 0.051442
4656.936659 0.040193
4659.945202 0.056027
4662.953744 0.053826
4665.962286 0.043174
4668.970828 0.040750
4671.979370 0.036420
4674.987912 0.053190
4677.996454 0.051694
4681.004996 0.039140
4684.013538 0.046696
4687.022081 0.053184
4690.030623 0.047099
4693.039165 0.045420
4696.047707 0.042692
4699.056249 0.037260
4702.064791 0.048506
4705.073333 0.034406
4708.081875 0.035974
4711.090417 0.047085
4714.098960 0.050770
4717.107502 0.038736
4720.116044 0.041015
4723.124586 0.049994
4726.133128 0.048111
4729.141670 0.046100
4732.150212 0.036367
4735.158754 0.049523
4738.167296 0.051230
4741.175839 0.038459
4744.184381 0.045205
4747.192923 0.046676
4750.201465 0.026508
4753.210007 0.038862
4756.218549 0.038883
4759.227091 0.043178
4762.235633 0.042770
4765.244175 0.044166
4768.252718 0.044998
4771.261260 0.048639
4774.269802 0.039459
4777.278344 0.044399
4780.286886 0.051060
4783.295428 0.044127
4786.303970 0.034332
4789.312512 0.045435
4792.321054 0.037886
4795.329597 0.044796
4798.338139 0.043858
4801.346681 0.043594
4804.355223 0.045974
4807.363765 0.046215
4810.372307 0.044853
4813.380849 0.045942
4816.389391 0.043423
4819.397933 0.047993
4822.406476 0.050960
4825.415018 0.052540
4828.423560 0.051181
4831.432102 0.037992
4834.440644 0.046142
4837.449186 0.035439
4840.457728 0.040348
4843.466270 0.038549
4846.474812 0.040502
4849.483355 0.041381
4852.491897 0.035628
4855.500439 0.036181
4858.508981 0.050032
4861.517523 0.137014
4864.526065 0.123900
4867.534607 0.067353
4870.543149 0.033360
4873.551691 0.035903
4876.560234 0.043867
4879.568776 0.047355
4882.577318 0.031535
4885.585860 0.043924
4888.594402 0.046729
4891.602944 0.048755
4894.611486 0.033456
4897.620028 0.042554
4900.628570 0.045035
4903.637113 0.036226
4906.645655 0.045500
4909.654197 0.040170
4912.662739 0.046154
4915.671281 0.036095
4918.679823 0.040903
4921.688365 0.040864
4924.696907 0.041691
4927.705449 0.040633
4930.713992 0.043777
4933.722534 0.042508
4936.731076 0.029230
4939.739618 0.037939
4942.748160 0.041016
4945.756702 0.043924
4948.765244 0.045485
4951.773786 0.040683
4954.782328 0.044913
4957.790871 0.133440
4960.799413 0.162808
4963.807955 0.098818
4966.816497 0.056419
4969.825039 0.041587
4972.833581 0.043049
4975.842123 0.049818
4978.850665 0.049151
4981.859207 0.038271
4984.867750 0.035382
5023.978797 0.041733
5026.987339 0.041516
5029.995881 0.041445
5033.004423 0.049149
5036.012965 0.045307
5039.021507 0.039402
5042.030050 0.040386
5045.038592 0.047236
5048.047134 0.049890
5051.055676 0.042456
5054.064218 0.027438
5057.072760 0.030069
5060.081302 0.043924
5063.089844 0.039453
5066.098386 0.043474
5069.106929 0.035327
5072.115471 0.043670
5075.124013 0.043343
5078.132555 0.035975
5081.141097 0.037593
5084.149639 0.034483
5087.158181 0.036868
5090.166723 0.032227
5093.175265 0.041025
5096.183808 0.042746
5099.192350 0.041803
5102.200892 0.039150
5105.209434 0.030690
5108.217976 0.039498
5111.226518 0.037195
5114.235060 0.033687
5117.243602 0.040962
5120.252144 0.050617
5123.260687 0.041919
5126.269229 0.040326
5129.277771 0.033841
5132.286313 0.031083
5135.294855 0.033121
5138.303397 0.041644
5141.311939 0.042555
5144.320481 0.032499
5147.329023 0.048825
5150.337566 0.037455
5153.346108 0.037826
5156.354650 0.039583
5159.363192 0.036672
5162.371734 0.046657
5165.380276 0.040159
5168.388818 0.030857
5171.397360 0.043285
5174.405902 0.042778
5177.414445 0.038552
5180.422987 0.047015
5183.431529 0.041323
5186.440071 0.037986
5189.448613 0.030169
5192.457155 0.037849
5195.465697 0.045335
5198.474239 0.040650
5201.482781 0.032006
5204.491324 0.031271
5207.499866 0.036479
5210.508408 0.034552
5213.516950 0.036821
5216.525492 0.027300
5219.534034 0.044398
5222.542576 0.031908
5225.551118 0.034542
5228.559660 0.043595
5231.568203 0.037338
5234.576745 0.032460
5237.585287 0.031408
5240.593829 0.038216
5243.602371 0.031808
5246.610913 0.034306
5249.619455 0.041095
5252.627997 0.031280
5255.636539 0.034759
5258.645082 0.037339
5261.653624 0.036926
5264.662166 0.041161
5267.670708 0.025564
5270.679250 0.025326
5273.687792 0.025818
5276.696334 0.044552
5279.704876 0.026459
5282.713418 0.035483
5285.721961 0.032228
5288.730503 0.041221
5291.739045 0.038075
5294.747587 0.043139
5297.756129 0.044456
5300.764671 0.037350
5303.773213 0.044638
5306.781755 0.034529
5309.790297 0.033349
5312.798840 0.039714
5315.807382 0.041898
5318.815924 0.050547
5321.824466 0.052877
5324.833008 0.043587
5327.841550 0.046290
5330.850092 0.034510
5333.858634 0.036579
5336.867176 0.037500
5339.875719 0.035259
5342.884261 0.038002
5345.892803 0.046018
5348.901345 0.044515
5351.909887 0.035282
5354.918429 0.038733
5357.926971 0.032492
5360.935513 0.035765
5363.944055 0.044122
5366.952598 0.041362
5369.961140 0.032815
5372.969682 0.032300
5375.978224 0.042970
5378.986766 0.044965
5381.995308 0.038102
5385.003850 0.031838
5388.012392 0.035634
5391.020934 0.034777
5394.029477 0.036389
5397.038019 0.033519
5400.046561 0.043323
5403.055103 0.039837
5406.063645 0.034640
5409.072187 0.026705
5412.080729 0.031608
5415.089271 0.030907
5418.097813 0.037209
5421.106356 0.039848
5424.114898 0.040558
5427.123440 0.036667
5430.131982 0.045085
5433.140524 0.037770
5436.149066 0.039274
5439.157608 0.036865
5442.166150 0.041625
5445.174692 0.045127
5448.183235 0.033790
5451.191777 0.034385
5454.200319 0.039543
5457.208861 0.042411
5460.217403 0.036705
5463.225945 0.040689
5466.234487 0.041782
5469.243029 0.025244
5472.251571 0.027887
5475.260114 0.039995
5478.268656 0.030129
5481.277198 0.034500
5484.285740 0.038027
5487.294282 0.035239
5490.302824 0.038888
5493.311366 0.042293
5496.319908 0.034873
5499.328450 0.038217
5502.336993 0.036763
5505.345535 0.035481
5508.354077 0.039690
5511.362619 0.033911
5514.371161 0.024843
5517.379703 0.037406
5520.388245 0.042938
5523.396787 0.042039
5526.405329 0.032123
5529.413872 0.034123
5532.422414 0.028250
5535.430956 0.033725
5538.439498 0.041034
5541.448040 0.032471
5544.456582 0.033617
5547.465124 0.030252
5550.473666 0.043232
5553.482208 0.044447
5556.490751 0.040421
5559.499293 0.034949
5562.507835 0.036493
5565.516377 0.040609
5568.524919 0.041218
5571.533461 0.034131
5574.542003 0.024662
5577.550545 0.031952
5580.559087 0.030618
5583.567630 0.033504
5586.576172 0.020950
5589.584714 0.024941
5592.593256 0.026651
5595.601798 0.031852
5598.610340 0.026231
5601.618882 0.031363
5604.627424 0.029041
5607.635966 0.034286
5610.644509 0.043610
5613.653051 0.029761
5616.661593 0.028163
5619.670135 0.025007
5622.678677 0.037178
5625.687219 0.030323
5628.695761 0.027815
5631.704303 0.018758
5634.712845 0.045904
5637.721388 0.036554
5640.729930 0.029297
5643.738472 0.042535
5646.747014 0.032683
5649.755556 0.032142
5652.764098 0.040865
5655.772640 0.040563
5658.781182 0.041817
5661.789724 0.045580
5664.798267 0.019823
5667.806809 0.030286
5670.815351 0.032563
5673.823893 0.035675
5676.832435 0.035754
5679.840977 0.040487
5682.849519 0.034918
5685.858061 0.031319
5688.866603 0.024980
5691.875146 0.043051
5694.883688 0.031718
5697.892230 0.038709
5700.900772 0.035566
5703.909314 0.025378
5706.917856 0.033497
5709.926398 0.037548
5712.934940 0.039443
5715.943482 0.034920
5718.952024 0.038689
5721.960567 0.034652
5724.969109 0.039597
5727.977651 0.042794
5730.986193 0.043537
5733.994735 0.036261
5737.003277 0.028615
5740.011819 0.039069
5743.020361 0.034104
5746.028903 0.041159
5749.037446 0.028465
5752.045988 0.048039
5755.054530 0.044604
5758.063072 0.033726
5761.071614 0.036783
5764.080156 0.035339
5767.088698 0.042448
5770.097240 0.041126
5773.105782 0.030743
5776.114325 0.029734
5779.122867 0.034937
5782.131409 0.041113
5785.139951 0.036771
5788.148493 0.039132
5791.157035 0.032909
5794.165577 0.033007
5797.174119 0.041918
5800.182661 0.026543
5803.191204 0.034199
5806.199746 0.038316
5809.208288 0.033019
5812.216830 0.033616
5815.225372 0.031272
5818.233914 0.031993
5821.242456 0.034141
5824.250998 0.036448
5827.259540 0.039703
5830.268083 0.033314
5833.276625 0.038013
5836.285167 0.035117
5839.293709 0.043678
5842.302251 0.039884
5845.310793 0.025716
5848.319335 0.034401
5851.327877 0.040195
5854.336419 0.033071
5857.344962 0.038828
5860.353504 0.039612
5863.362046 0.031009
5866.370588 0.042678
5869.379130 0.045346
5872.387672 0.038603
5875.396214 0.053962
5878.404756 0.051567
5881.413298 0.032579
5884.421841 0.050562
5887.430383 0.044673
5890.438925 0.037832
5893.447467 0.033836
5896.456009 0.030796
5899.464551 0.049861
5902.473093 0.037451
5905.481635 0.036423
5908.490177 0.034167
5911.498720 0.040001
5914.507262 0.032797
5917.515804 0.040135
5920.524346 0.025312
5923.532888 0.035018
5926.541430 0.031769
5929.549972 0.037203
5932.558514 0.033416
5935.567056 0.019683
5938.575599 0.029980
5941.584141 0.040914
5944.592683 0.036910
5947.601225 0.038605
5950.609767 0.043977
5953.618309 0.037533
5956.626851 0.042268
5959.635393 0.033192
5962.643935 0.037801
5965.652478 0.035146
5968.661020 0.033832
5971.669562 0.034606
5974.678104 0.032479
5977.686646 0.037498
5980.695188 0.033860
5983.703730 0.038156
5986.712272 0.028877
5989.720814 0.031271
5992.729357 0.033895
5995.737899 0.034508
5998.746441 0.035992
6001.754983 0.038537
6004.763525 0.032638
6007.772067 0.036807
6010.780609 0.037110
6013.789151 0.039085
6016.797693 0.043619
6019.806236 0.039510
6022.814778 0.036517
6025.823320 0.027555
6028.831862 0.038541
6031.840404 0.037879
6034.848946 0.035216
6037.857488 0.042461
6040.866030 0.034681
6043.874572 0.034003
6046.883115 0.031058
6049.891657 0.041134
6052.900199 0.048007
6055.908741 0.036429
6058.917283 0.034391
6061.925825 0.032961
6064.934367 0.030458
6067.942909 0.035957
6070.951451 0.033612
6073.959994 0.032937
6076.968536 0.039626
6079.977078 0.038261
6082.985620 0.032832
6085.994162 0.033194
6089.002704 0.031821
6092.011246 0.032487
6095.019788 0.026119
6098.028330 0.024622
6101.036873 0.035816
6104.045415 0.040471
6107.053957 0.035801
6110.062499 0.031934
6113.071041 0.041782
6116.079583 0.032485
6119.088125 0.037051
6122.096667 0.026379
6125.105209 0.034519
6128.113752 0.030622
6131.122294 0.035300
6134.130836 0.032660
6137.139378 0.029457
6140.147920 0.029016
6143.156462 0.034221
6146.165004 0.026486
6149.173546 0.018480
6152.182088 0.017225
6155.190631 0.018029
6158.199173 0.025645
6161.207715 0.027874
6164.216257 0.026769
6167.224799 0.024521
6170.233341 0.028457
6173.241883 0.026838
6176.250425 0.033861
6179.258967 0.036190
6182.267510 0.028809
6185.276052 0.034514
6188.284594 0.031695
6191.293136 0.027893
6194.301678 0.028974
6197.310220 0.026910
6200.318762 0.034517
6203.327304 0.029357
6206.335846 0.031276
6209.344389 0.038622
6212.352931 0.038976
6215.361473 0.019244
6218.370015 0.028438
6221.378557 0.031365
6224.387099 0.031436
6227.395641 0.027027
6230.404183 0.023613
6233.412725 0.032614
6236.421268 0.032322
6239.429810 0.028399
6242.438352 0.025063
6245.446894 0.027764
6248.455436 0.025307
6251.463978 0.029570
6254.472520 0.035098
6257.481062 0.021051
6260.489604 0.041870
6263.498147 0.030286
6266.506689 0.034320
6269.515231 0.035590
6272.523773 0.036509
6275.532315 0.041879
6278.540857 0.025629
6281.549399 0.031418
6284.557941 0.038249
6287.566483 0.032095
6290.575026 0.026133
6293.583568 0.021287
6296.592110 0.039440
6299.600652 0.035175
6302.609194 0.033512
6305.617736 0.034178
6308.626278 0.032044
6311.634820 0.027108
6314.643362 0.035727
6317.651905 0.029835
6320.660447 0.037273
6323.668989 0.035861
6326.677531 0.038768
6329.686073 0.034547
6332.694615 0.025042
6335.703157 0.023421
6338.711699 0.034928
6341.720241 0.029232
6344.728784 0.027463
6347.737326 0.021122
6350.745868 0.031312
6353.754410 0.031696
6356.762952 0.036898
6359.771494 0.029234
6362.780036 0.027427
6365.788578 0.039183
6368.797120 0.036171
6371.805663 0.040792
6374.814205 0.034246
6377.822747 0.024337
6380.831289 0.025791
6383.839831 0.030275
6386.848373 0.024925
6389.856915 0.018748
6392.865457 0.032841
6395.873999 0.030425
6398.882542 0.024244
6401.891084 0.030412
6404.899626 0.039904
6407.908168 0.030326
6410.916710 0.034265
6413.925252 0.034944
6416.933794 0.025781
6419.942336 0.027963
6422.950878 0.028840
6425.959420 0.026768
6428.967963 0.029510
6431.976505 0.024722
6434.985047 0.024767
6437.993589 0.029568
6441.002131 0.036366
6444.010673 0.023882
6447.019215 0.029581
6450.027757 0.032000
6453.036299 0.030723
6456.044842 0.033656
6459.053384 0.030974
6462.061926 0.032116
6465.070468 0.031339
6468.079010 0.034746
6471.087552 0.028876
6474.096094 0.031913
6477.104636 0.020439
6480.113178 0.028077
6483.121721 0.023701
6486.130263 0.014683
6489.138805 0.048889
6492.147347 0.032913
6495.155889 0.022263
6498.164431 0.021775
6501.172973 0.026106
6504.181515 0.029896
6507.190057 0.016980
6510.198600 0.027182
6513.207142 0.014034
6516.215684 0.022417
6519.224226 0.026788
6522.232768 0.023546
6525.241310 0.026356
6528.249852 0.031802
6531.258394 0.024511
6534.266936 0.031693
6537.275479 0.026822
6540.284021 0.027708
6543.292563 0.032561
6546.301105 0.028378
6549.309647 0.023470
6552.318189 0.024812
6555.326731 0.027256
6558.335273 0.047882
6561.343815 0.201333
6564.352358 0.342311
6567.360900 0.239379
6570.369442 0.063378
6573.377984 0.030058
6576.386526 0.037721
6579.395068 0.032174
6582.403610 0.027686
6585.412152 0.035448
6588.420694 0.033533
6591.429237 0.029794
6594.437779 0.038174
6597.446321 0.024784
6600.454863 0.025763
6603.463405 0.028121
6606.471947 0.032459
6609.480489 0.023794
6612.489031 0.024706
6615.497573 0.033800
6618.506116 0.033055
6621.514658 0.030105
6624.523200 0.024575
6627.531742 0.030543
6630.540284 0.030873
6633.548826 0.036322
6636.557368 0.029143
6639.565910 0.028349
6642.574452 0.033605
6645.582995 0.034598
6648.591537 0.033819
6651.600079 0.035141
6654.608621 0.024613
6657.617163 0.027388
6660.625705 0.026173
6663.634247 0.022296
6666.642789 0.025955
6669.651331 0.025643
6672.659874 0.032494
6675.668416 0.025599
6678.676958 0.037045
6681.685500 0.028430
6684.694042 0.019958
6687.702584 0.029173
6690.711126 0.025651
6693.719668 0.021711
6696.728210 0.027008
6699.736753 0.019506
6702.745295 0.026451
6705.753837 0.032464
6708.762379 0.026544
6711.770921 0.026310
6714.779463 0.040962
6717.788005 0.047531
6720.796547 0.044223
6723.805089 0.038924
6726.813632 0.032229
6729.822174 0.028212
6732.830716 0.044510
6735.839258 0.044249
6738.847800 0.022543
6741.856342 0.024453
6744.864884 0.020237
6747.873426 0.030474
6750.881968 0.032713
6753.890511 0.027779
6756.899053 0.031091
6759.907595 0.029394
6762.916137 0.021338
6765.924679 0.031818
6768.933221 0.029301
6771.941763 0.025102
6774.950305 0.024586
6777.958847 0.025430
6780.967390 0.029853
6783.975932 0.025462
6786.984474 0.029090
6789.993016 0.037431
6793.001558 0.031965
6796.010100 0.029771
6799.018642 0.027400
6802.027184 0.013657
6805.035726 0.008936
6808.044269 0.001762
6811.052811 0.017492
6814.061353 0.016886
6817.069895 0.040030
6820.078437 0.049741
6823.086979 0.038793
6826.095521 0.023536
6829.104063 0.013706
6832.112605 0.012308
6835.121148 0.024794
6838.129690 0.024073
6841.138232 0.031955
6844.146774 0.027238
6847.155316 0.029676
6850.163858 0.026711
6853.172400 0.031733
6856.180942 0.037872
6859.189484 0.033427
6862.198027 0.026247
6865.206569 0.020500
6868.215111 0.020350
6871.223653 0.022031
6874.232195 0.021359
6877.240737 0.030145
6880.249279 0.025419
6883.257821 0.021185
6886.266363 0.030640
6889.274906 0.017201
6892.283448 0.026418
6895.291990 0.021450
6898.300532 0.021616
6901.309074 0.019997
6904.317616 0.019241
6907.326158 0.012281
6910.334700 0.006525
6913.343242 0.013996
6916.351785 0.026776
6919.360327 0.020396
6922.368869 0.027937
6925.377411 0.023903
6928.385953 0.015957
6931.394495 0.029079
6934.403037 0.022522
6937.411579 0.015516
6940.420121 0.026614
6943.428664 0.016827
6946.437206 0.022864
6949.445748 0.014489
6952.454290 0.020388
6955.462832 0.020210
6958.471374 0.023751
6961.479916 0.023387
6964.488458 0.017661
6967.497000 0.019482
6970.505543 0.028997
6973.514085 0.027438
6976.522627 0.013318
6979.531169 0.025859
6982.539711 0.030088
6985.548253 0.031036
6988.556795 0.027966
6991.565337 0.018904
6994.573879 0.013979
6997.582422 0.018162
7000.590964 0.022464
7003.599506 0.008451
7006.608048 0.012261
7009.616590 0.018280
7012.625132 0.019694
7015.633674 0.020708
7018.642216 0.020491
7021.650758 0.015372
7024.659301 0.021018
7027.667843 0.007996
7030.676385 0.022626
7033.684927 0.034249
7036.693469 0.027515
7039.702011 0.014646
7042.710553 0.008124
7045.719095 0.028806
7048.727637 0.019792
7051.736180 0.018274
7054.744722 0.019626
7057.753264 0.034585
7060.761806 0.038661
7063.770348 0.023932
7066.778890 0.017916
7069.787432 0.023301
7072.795974 0.028550
7075.804516 0.015667
7078.813059 0.015031
7081.821601 0.016390
7084.830143 0.001241
7087.838685 0.012565
7090.847227 0.017510
7093.855769 0.035078
7096.864311 0.005882
7099.872853 0.033725
7102.881395 0.020660
7105.889938 0.027199
7108.898480 0.022498
7111.907022 0.012946
7114.915564 0.018109
7117.924106 0.026296
7120.932648 0.025978
7123.941190 0.020047
7126.949732 0.018466
7129.958274 0.006663
7132.966816 0.022372
7135.975359 0.036856
7138.983901 0.029990
7141.992443 0.037498
7145.000985 0.014303
7148.009527 0.015134
7151.018069 0.021005
7154.026611 0.022423
7157.035153 0.023578
7160.043695 0.012787
7163.052238 0.024676
7166.060780 0.020819
7169.069322 0.020885
7172.077864 0.023645
7175.086406 0.025946
7178.094948 0.027853
7181.103490 0.015761
7184.112032 0.015203
7187.120574 0.025689
7190.129117 0.019482
7193.137659 0.019965
7196.146201 0.025891
7199.154743 0.021179
7202.163285 0.022992
7205.171827 0.023218
7208.180369 0.024620
7211.188911 0.027919
7214.197453 0.014860
7217.205996 0.015307
7220.214538 0.020348
7223.223080 0.027683
7226.231622 0.026626
7229.240164 0.024882
7232.248706 0.024720
7235.257248 0.025607
7238.265790 0.027289
7241.274332 0.024833
7244.282875 0.017168
7247.291417 0.024511
7250.299959 0.025524
7253.308501 0.031859
7256.317043 0.029731
7259.325585 0.017673
7262.334127 0.021276
7265.342669 0.024724
7268.351211 0.023867
7271.359754 0.022396
7274.368296 0.019174
7277.376838 0.031896
7280.385380 0.024938
7283.393922 0.026271
7286.402464 0.031733
7289.411006 0.020581
7292.419548 0.020192
7295.428090 0.027213
7298.436633 0.027156
7301.445175 0.030473
7304.453717 0.023748
7307.462259 0.025772
7310.470801 0.025859
7313.479343 0.021764
7316.487885 0.020326
7319.496427 0.027506
7322.504969 0.025656
7325.513512 0.028316
7328.522054 0.028775
7331.530596 0.025843
7334.539138 0.022098
7337.547680 0.034998
7340.556222 0.035329
7343.564764 0.020377
7346.573306 0.028797
7349.581848 0.034054
7352.590391 0.025054
7355.598933 0.025233
7358.607475 0.033135
7361.616017 0.022346
7364.624559 0.030806
7367.633101 0.022514
7370.641643 0.026423
7373.650185 0.016082
7376.658727 0.020630
7379.667270 0.025265
7382.675812 0.016189
7385.684354 0.021176
7388.692896 0.030940
7391.701438 0.027427
7394.709980 0.028477
7397.718522 0.029097
7400.727064 0.023897
7403.735606 0.025938
7406.744149 0.020202
7409.752691 0.008857
7412.761233 0.022937
7415.769775 0.016402
7418.778317 0.009117
7421.786859 0.008189
7424.795401 0.017439
7427.803943 0.013727
7430.812485 0.025051
7433.821028 0.012530
7436.829570 0.019548
7439.838112 0.024414
7442.846654 0.024606
7445.855196 0.024948
7448.863738 0.016024
7451.872280 0.022806
7454.880822 0.016608
7457.889364 0.025361
7460.897907 0.025495
7463.906449 0.011722
7466.914991 0.001029
7469.923533 0.011539
7472.932075 0.019270
7475.940617 0.021088
7478.949159 0.024687
7481.957701 0.024183
7484.966243 0.013321
7487.974786 0.018476
7490.983328 0.022623
7493.991870 0.022118
7497.000412 0.019552
7500.008954 0.018233
7503.017496 0.019937
7506.026038 0.037963
7509.034580 0.019892
7512.043122 0.012681
7515.051665 0.031983
7518.060207 0.018624
7521.068749 0.013866
7524.077291 0.021699
7527.085833 0.021729
7530.094375 0.021026
7533.102917 0.017179
7536.111459 0.009034
7539.120001 0.014859
7542.128544 0.012426
7545.137086 0.005931
7548.145628 0.028091
7551.154170 0.013573
7554.162712 0.017711
7557.171254 0.017747
7560.179796 0.022706
7563.188338 0.019374
7566.196880 0.024699
7569.205423 0.021420
7572.213965 0.027166
7575.222507 0.004900
7578.231049 0.034630
7581.239591 0.018089
7584.248133 0.005425
7587.256675 0.020606
7590.265217 0.020412
7593.273759 0.018975
7596.282302 0.015040
7599.290844 0.023467
7602.299386 0.019677
7605.307928 0.025035
7608.316470 0.018530
7611.325012 0.026471
7614.333554 0.021249
7617.342096 0.012051
7620.350638 0.023405
7623.359181 0.016780
7626.367723 0.017870
7629.376265 0.026148
7632.384807 0.024521
7635.393349 0.023884
7638.401891 0.017862
7641.410433 0.018807
7644.418975 0.014961
7647.427517 0.023764
7650.436060 0.016120
7653.444602 0.018744
7656.453144 0.017926
7659.461686 0.018125
7662.470228 0.015398
7665.478770 0.018658
7668.487312 0.028117
7671.495854 0.022120
7674.504396 0.020288
7677.512939 0.025036
7680.521481 0.033542
7683.530023 0.018355
7686.538565 0.026332
7689.547107 0.027066
7692.555649 0.016759
7695.564191 0.027635
7698.572733 0.025373
7701.581275 0.014231
7704.589818 0.016811
7707.598360 0.013950
7710.606902 0.021104
7713.615444 0.012284
7716.623986 0.028082
7719.632528 0.020217
7722.641070 0.013601
7725.649612 0.024229
7728.658154 0.022333
7731.666697 0.019193
7734.675239 0.013713
7737.683781 0.026926
7740.692323 0.016093
7743.700865 0.022012
7746.709407 0.013896
7749.717949 0.023527
7752.726491 0.015667
7755.735033 0.021113
7758.743576 0.018146
7761.752118 0.021666
7764.760660 0.014832
7767.769202 0.029781
7770.777744 0.020334
7773.786286 0.019843
7776.794828 0.024703
7779.803370 0.016066
7782.811912 0.018486
7785.820455 0.019906
7788.828997 0.020673
7791.837539 0.020450
7794.846081 0.022327
7797.854623 0.025107
7800.863165 0.012898
7803.871707 0.016940
7806.880249 0.035064
7809.888791 0.022048
7812.897334 0.025959
7815.905876 0.024584
7818.914418 0.026543
7821.922960 0.017550
7824.931502 0.016937
7827.940044 0.013536
7830.948586 0.014712
7833.957128 0.025345
7836.965670 0.016098
7839.974212 0.002390
7842.982755 0.015571
7845.991297 0.021978
7848.999839 0.018493
7852.008381 0.021553
7855.016923 -0.002406
7858.025465 0.028781
7861.034007 0.045613
7864.042549 0.027218
7867.051091 0.035114
7870.059634 0.024747
7873.068176 0.031121
7876.076718 0.020466
7879.085260 0.015524
7882.093802 0.019221
7885.102344 0.013573
7888.110886 0.018594
7891.119428 0.020782
7894.127970 0.021875
7897.136513 0.015317
7900.145055 0.013634
7903.153597 0.008281
7906.162139 -0.009006
7909.170681 0.047644
7912.179223 0.012654
7915.187765 0.028853
7918.196307 0.015562
7921.204849 0.016452
7924.213392 0.016442
7927.221934 0.030566
7930.230476 0.024628
7933.239018 0.017497
7936.247560 0.014437
7939.256102 0.016720
7942.264644 0.004822
7945.273186 0.011676
7948.281728 0.012778
7951.290271 -0.011967
7954.298813 0.004900
7957.307355 0.018835
7960.315897 0.013806
7963.324439 0.027785
7966.332981 0.024195
7969.341523 0.011572
7972.350065 0.005303
7975.358607 0.026874
7978.367150 0.025348
7981.375692 -0.003291
7984.384234 0.020313
7987.392776 0.016317
7990.401318 -0.019109
7993.409860 0.007838
7996.418402 0.032301
7999.426944 0.028844
8002.435486 0.020654
8005.444029 0.021196
8008.452571 0.011330
8011.461113 0.020323
8014.469655 0.012569
8017.478197 0.011987
8020.486739 0.013514
8023.495281 0.018028
8026.503823 0.015627
8029.512365 0.018613
8032.520908 0.016300
8035.529450 0.022476
8038.537992 0.011299
8041.546534 0.021318
8044.555076 0.021942
8047.563618 0.020089
8050.572160 0.019533
8053.580702 0.033857
8056.589244 0.016187
8059.597787 -0.000635
8062.606329 0.013069
8065.614871 0.007622
8068.623413 0.022606
8071.631955 0.015381
8074.640497 0.012611
8077.649039 0.019061
8080.657581 0.012894
8083.666123 0.015028
8086.674666 0.022005
8089.683208 0.021256
8092.691750 0.023882
8095.700292 0.011174
8098.708834 0.004004
8101.717376 0.011577
8104.725918 0.022832
8107.734460 0.012876
8110.743002 0.002210
8113.751545 0.018293
8116.760087 0.017137
8119.768629 0.011345
8122.777171 0.015187
8125.785713 0.022483
8128.794255 0.017793
8131.802797 0.025077
8134.811339 0.021028
8137.819881 0.015603
8140.828424 0.022833
8143.836966 0.020908
8146.845508 0.015398
8149.854050 0.010277
8152.862592 0.018731
8155.871134 0.018830
8158.879676 0.027548
8161.888218 0.018564
8164.896760 0.022670
8167.905303 0.010893
8170.913845 0.018412
8173.922387 0.016816
8176.930929 0.028642
8179.939471 0.006545
8182.948013 0.018347
8185.956555 0.021800
8188.965097 0.022562
8191.973639 0.013232
8194.982182 0.009389
8197.990724 0.023540
8200.999266 0.021215
8204.007808 0.020317
8207.016350 0.015201
8210.024892 0.017310
8213.033434 0.018820
8216.041976 0.024467
8219.050518 0.017992
8222.059061 0.018285
8225.067603 0.018469
8228.076145 0.025768
8231.084687 0.023140
8234.093229 0.021393
8237.101771 0.020954
8240.110313 0.013020
8243.118855 0.011707
8246.127397 0.015165
8249.135940 0.015719
8252.144482 0.023502
8255.153024 0.024645
8258.161566 0.017003
8261.170108 0.009382
8264.178650 0.021846
8267.187192 0.019917
8270.195734 0.015346
8273.204276 0.012756
8276.212819 0.021186
8279.221361 0.016609
8282.229903 0.021728
