3136.559441 -0.003393
3138.909091 0.001311
3141.258741 0.007214
3143.608392 0.003676
3145.958042 -0.002947
3148.307692 0.019731
3150.657343 0.013454
3153.006993 0.002421
3155.356643 0.009712
3157.706294 0.008312
3160.055944 0.000318
3162.405594 0.003983
3164.755245 0.023864
3167.104895 -0.008330
3169.454545 -0.010608
3171.804196 0.013595
3174.153846 0.013309
3176.503497 -0.011680
3178.853147 -0.000753
3181.202797 0.011825
3183.552448 0.011430
3185.902098 -0.003379
3188.251748 -0.012551
3190.601399 0.019390
3192.951049 0.017250
3195.300699 0.008628
3197.650350 -0.008737
3200.000000 -0.003422
3202.349650 0.005406
3204.699301 -0.011775
3207.048951 -0.012705
3209.398601 0.016086
3211.748252 -0.001812
3214.097902 0.006456
3216.447552 0.002557
3218.797203 -0.003936
3221.146853 0.014565
3223.496503 0.016710
3225.846154 0.007223
3228.195804 0.017799
3230.545455 0.018400
3232.895105 0.007099
3235.244755 0.001939
3237.594406 0.006034
3239.944056 0.009929
3242.293706 -0.003240
3244.643357 0.000897
3246.993007 -0.004154
3249.342657 -0.001897
3251.692308 0.027057
3254.041958 0.014966
3256.391608 -0.009687
3258.741259 -0.004215
3261.090909 0.006697
3263.440559 0.013416
3265.790210 0.008848
3268.139860 0.007414
3270.489510 0.000206
3272.839161 0.007560
3275.188811 0.018887
3277.538462 0.000125
3279.888112 -0.006950
3282.237762 0.001823
3284.587413 0.001376
3286.937063 0.022264
3289.286713 0.004842
3291.636364 0.004334
3293.986014 0.012638
3296.335664 0.007754
3298.685315 -0.003500
3301.034965 0.013615
3303.384615 0.004448
3305.734266 0.005983
3308.083916 0.006628
3310.433566 -0.000007
3312.783217 0.002614
3315.132867 0.004351
3317.482517 -0.009531
3319.832168 0.008118
3322.181818 0.016807
3324.531469 0.004600
3326.881119 -0.000441
3329.230769 0.003925
3331.580420 0.008664
3333.930070 0.008271
3336.279720 0.005268
3338.629371 -0.004118
3340.979021 -0.002019
3343.328671 0.016036
3345.678322 -0.008289
3348.027972 -0.007303
3350.377622 0.030106
3352.727273 0.013181
3355.076923 0.005306
3357.426573 -0.000225
3359.776224 0.008321
3362.125874 0.000398
3364.475524 0.005171
3366.825175 -0.003547
3369.174825 -0.001496
3371.524476 0.013876
3373.874126 0.006182
3376.223776 -0.014952
3378.573427 0.013276
3380.923077 -0.004994
3383.272727 -0.008296
3385.622378 0.001696
3387.972028 0.011949
3390.321678 0.014859
3392.671329 -0.005423
3395.020979 -0.000583
3397.370629 -0.000284
3399.720280 0.004110
3402.069930 -0.000076
3404.419580 0.010065
3406.769231 0.009314
3409.118881 0.005556
3411.468531 -0.004212
3413.818182 0.012933
3416.167832 -0.001893
3418.517483 -0.001363
3420.867133 0.005965
3423.216783 0.002802
3425.566434 0.011611
3427.916084 -0.009142
3430.265734 0.004871
3432.615385 0.015117
3434.965035 0.022194
3437.314685 0.001762
3439.664336 0.000436
3442.013986 -0.006025
3444.363636 0.014531
3446.713287 0.011402
3449.062937 0.007436
3451.412587 0.007309
3453.762238 0.013357
3456.111888 -0.013737
3458.461538 -0.007621
3460.811189 0.013400
3463.160839 0.009168
3465.510490 -0.011312
3467.860140 0.005529
3470.209790 0.009111
3472.559441 0.013874
3474.909091 0.011136
3477.258741 -0.020958
3479.608392 -0.009134
3481.958042 0.002654
3484.307692 0.007797
3486.657343 0.016619
3489.006993 -0.014540
3491.356643 0.001726
3493.706294 0.011889
3496.055944 0.012372
3498.405594 0.005473
3500.755245 0.002459
3503.104895 -0.005353
3505.454545 0.003250
3507.804196 0.011143
3510.153846 -0.001274
3512.503497 0.010816
3514.853147 0.010786
3517.202797 0.009007
3519.552448 0.009804
3521.902098 0.003216
3524.251748 -0.004156
3526.601399 -0.002003
3528.951049 0.016365
3531.300699 0.004512
3533.650350 0.008707
3536.000000 0.007444
3538.349650 0.020643
3540.699301 0.022302
3543.048951 0.001150
3545.398601 -0.008660
3547.748252 0.000486
3550.097902 0.008567
3552.447552 0.016948
3554.797203 -0.009946
3557.146853 -0.009138
3559.496503 0.015707
3561.846154 -0.008432
3564.195804 0.003667
3566.545455 0.019554
3568.895105 0.007644
3571.244755 -0.008728
3573.594406 -0.004733
3575.944056 0.007255
3578.293706 0.010699
3580.643357 0.013492
3582.993007 -0.005050
3585.342657 0.005300
3587.692308 0.000187
3590.041958 0.015186
3592.391608 0.017813
3594.741259 -0.001951
3597.090909 0.010476
3599.440559 -0.003029
3601.790210 -0.001431
3604.139860 0.009310
3606.489510 0.005532
3608.839161 0.004181
3611.188811 -0.002129
3613.538462 0.002556
3615.888112 0.009973
3618.237762 0.006003
3620.587413 -0.002943
3622.937063 -0.000730
3625.286713 0.014765
3627.636364 0.023989
3629.986014 0.007904
3632.335664 0.002169
3634.685315 0.017865
3637.034965 0.008524
3639.384615 -0.019760
3641.734266 0.005731
3644.083916 0.008722
3646.433566 -0.001238
3648.783217 0.005085
3651.132867 0.005146
3653.482517 0.014171
3655.832168 0.008372
3658.181818 0.012189
3660.531469 -0.002270
3662.881119 -0.002469
3665.230769 0.011407
3667.580420 0.017829
3669.930070 -0.002550
3672.279720 0.019757
3674.629371 0.016826
3676.979021 0.004584
3679.328671 0.004350
3681.678322 -0.000447
3684.027972 0.010703
3686.377622 0.009773
3688.727273 0.003257
3691.076923 0.006471
3693.426573 0.005115
3695.776224 0.010530
3698.125874 -0.001661
3700.475524 0.014307
3702.825175 0.023955
3705.174825 0.006642
3707.524476 0.016480
3709.874126 -0.000336
3712.223776 -0.001984
3714.573427 -0.007412
3716.923077 0.023427
3719.272727 0.024846
3721.622378 -0.003700
3723.972028 0.004872
3726.321678 0.030971
3728.671329 0.022712
3731.020979 0.017637
3733.370629 0.015065
3735.720280 0.016801
3738.069930 0.005753
3740.419580 -0.015761
3742.769231 -0.010819
3745.118881 0.016742
3747.468531 0.001285
3749.818182 0.001950
3752.167832 0.015152
3754.517483 0.013053
3756.867133 0.008107
3759.216783 -0.018293
3761.566434 0.004339
3763.916084 0.017952
3766.265734 -0.003889
3768.615385 -0.002786
3770.965035 0.012476
3773.314685 0.005527
3775.664336 0.007688
3778.013986 0.004025
3780.363636 0.020916
3782.713287 0.003428
3785.062937 0.015106
3787.412587 0.022893
3789.762238 0.008329
3792.111888 0.012130
3794.461538 0.000437
3796.811189 0.005192
3799.160839 -0.006127
3801.510490 -0.008195
3803.860140 0.004703
3806.209790 -0.001776
3808.559441 0.003126
3810.909091 0.013968
3813.258741 0.012838
3815.608392 -0.002222
3817.958042 -0.000529
3820.307692 -0.000237
3822.657343 0.007782
3825.006993 0.012721
3827.356643 0.002637
3829.706294 -0.003665
3832.055944 -0.001925
3834.405594 0.030712
3836.755245 0.037220
3839.104895 0.029345
3841.454545 0.006334
3843.804196 0.015930
3846.153846 0.017747
3848.503497 0.004868
3850.853147 0.002644
3853.202797 0.012974
3855.552448 0.008469
3857.902098 0.015848
3860.251748 0.004021
3862.601399 -0.000252
3864.951049 0.011368
3867.300699 0.008410
3869.650350 0.025811
3872.000000 0.024053
3874.349650 0.000858
3876.699301 0.003906
3879.048951 0.001190
3881.398601 0.002400
3883.748252 -0.005975
3886.097902 0.027405
3909.594406 0.022399
3911.944056 0.008987
3914.293706 0.005527
3916.643357 0.027401
3918.993007 0.018357
3921.342657 0.004209
3923.692308 0.002590
3926.041958 0.000442
3928.391608 0.005515
3930.741259 0.016374
3933.090909 -0.007351
3935.440559 -0.004414
3937.790210 -0.002895
3940.139860 0.021753
3942.489510 0.008455
3944.839161 0.006618
3947.188811 0.018741
3949.538462 0.020846
3951.888112 0.012316
3954.237762 0.010609
3956.587413 0.009236
3958.937063 0.003445
3961.286713 0.017261
3963.636364 0.021161
3965.986014 0.023279
3968.335664 0.029333
3970.685315 0.014452
3973.034965 0.009821
3975.384615 0.007441
3977.734266 0.008390
3980.083916 0.008961
3982.433566 0.034557
3984.783217 0.011840
3987.132867 -0.005350
3989.482517 -0.004485
3991.832168 0.002062
3994.181818 0.006610
3996.531469 0.009037
3998.881119 0.003504
4001.230769 0.005196
4003.580420 0.019063
4005.930070 0.013119
4008.279720 0.015142
4010.629371 -0.012723
4012.979021 0.000241
4015.328671 0.007509
4017.678322 0.011135
4020.027972 -0.007849
4022.377622 -0.005581
4024.727273 0.011348
4027.076923 0.011110
4029.426573 0.008222
4031.776224 0.011458
4034.125874 -0.002642
4036.475524 0.000554
4038.825175 0.010794
4041.174825 0.023214
4043.524476 0.024333
4045.874126 0.012032
4048.223776 0.012516
4050.573427 0.019870
4052.923077 0.002129
4055.272727 -0.001636
4057.622378 0.000082
4059.972028 0.000772
4062.321678 -0.012178
4064.671329 0.007067
4067.020979 0.026005
4069.370629 -0.000755
4071.720280 0.016515
4074.069930 0.021831
4076.419580 0.003301
4078.769231 -0.010445
4081.118881 0.008813
4083.468531 0.020685
4085.818182 0.009243
4088.167832 0.007592
4090.517483 -0.000020
4092.867133 -0.005603
4095.216783 0.007178
4097.566434 0.035522
4099.916084 0.053299
4102.265734 0.010976
4104.615385 0.016373
4106.965035 0.001644
4109.314685 0.035289
4111.664336 0.027964
4114.013986 0.106097
4116.363636 0.022430
4118.713287 0.007461
4121.062937 -0.039676
4123.412587 0.009280
4125.762238 0.020247
4128.111888 -0.022462
4130.461538 0.004911
4132.811189 0.015194
4135.160839 0.014278
4137.510490 -0.022841
4139.860140 -0.006316
4142.209790 0.004933
4144.559441 0.019827
4146.909091 0.022469
4149.258741 0.010282
4151.608392 -0.002159
4153.958042 -0.026783
4156.307692 0.004846
4158.657343 -0.005309
4161.006993 0.002196
4163.356643 -0.002021
4165.706294 -0.024077
4168.055944 -0.004329
4170.405594 0.036810
4172.755245 0.013889
4175.104895 0.032872
4177.454545 -0.015809
4179.804196 -0.008982
4182.153846 0.014416
4184.503497 0.021627
4186.853147 0.006309
4189.202797 0.003181
4191.552448 0.027827
4193.902098 0.022462
4196.251748 0.012516
4198.601399 0.030078
4200.951049 0.032639
4203.300699 0.010966
4205.650350 -0.001184
4208.000000 0.014315
4210.349650 0.000812
4212.699301 0.023726
4215.048951 0.014365
4217.398601 0.008105
4219.748252 0.022706
4222.097902 0.000545
4224.447552 0.009417
4226.797203 0.005094
4229.146853 0.000266
4231.496503 0.000067
4233.846154 -0.003311
4236.195804 -0.007446
4238.545455 -0.002033
4240.895105 0.004978
4243.244755 0.020657
4245.594406 0.014618
4247.944056 -0.005571
4250.293706 0.013500
4252.643357 0.016179
4254.993007 0.022977
4257.342657 0.002948
4259.692308 -0.003569
4262.041958 0.002018
4264.391608 0.006791
4266.741259 -0.000514
4269.090909 0.008102
4271.440559 0.006260
4273.790210 0.001166
4276.139860 0.005625
4278.489510 0.017950
4280.839161 0.011431
4283.188811 -0.000876
4285.538462 -0.010106
4287.888112 0.032647
4290.237762 0.014000
4292.587413 0.007198
4294.937063 0.011544
4297.286713 0.014574
4299.636364 0.001973
4301.986014 -0.001751
4304.335664 0.013015
4306.685315 0.014119
4309.034965 0.018726
4311.384615 0.029766
4313.734266 0.002958
4316.083916 -0.004124
4318.433566 -0.010648
4320.783217 0.005840
4323.132867 0.019461
4325.482517 0.017993
4327.832168 -0.007480
4330.181818 -0.001710
4332.531469 0.014202
4334.881119 0.014595
4337.230769 0.010240
4339.580420 0.015300
4341.930070 0.009479
4344.279720 0.016683
4346.629371 0.014947
4348.979021 0.001280
4351.328671 0.017591
4353.678322 0.021998
4356.027972 0.021748
4358.377622 0.001535
4360.727273 0.013295
4363.076923 0.031400
4365.426573 0.006569
4367.776224 0.026903
4370.125874 0.004826
4372.475524 0.027467
4374.825175 0.007614
4377.174825 -0.010281
4379.524476 -0.002740
4381.874126 -0.002496
4384.223776 0.010608
4386.573427 0.008975
4388.923077 0.012726
4391.272727 0.022236
4393.622378 0.004343
4421.818182 0.018825
4424.167832 0.004239
4426.517483 -0.003146
4428.867133 -0.003409
4431.216783 -0.021580
4433.566434 0.009358
4435.916084 0.010134
4438.265734 -0.001905
4440.615385 0.026963
4442.965035 0.015898
4445.314685 0.057270
4447.664336 -0.002889
4450.013986 -0.008396
4452.363636 -0.003947
4454.713287 -0.026291
4457.062937 -0.001869
4459.412587 -0.004057
4461.762238 0.006907
4464.111888 0.010452
4466.461538 0.019182
4468.811189 0.006767
4471.160839 0.013553
4473.510490 0.017391
4475.860140 0.022332
4478.209790 0.005029
4480.559441 0.015331
4482.909091 0.011313
4485.258741 0.015625
4487.608392 0.011286
4489.958042 0.000306
4492.307692 -0.001965
4494.657343 -0.004862
4497.006993 0.008520
4499.356643 0.005170
4501.706294 0.014120
4504.055944 0.014127
4506.405594 0.005799
4508.755245 -0.001201
4511.104895 0.012218
4513.454545 -0.000341
4515.804196 0.013884
4518.153846 0.019270
4520.503497 0.032564
4522.853147 0.007877
4525.202797 0.006182
4527.552448 -0.009774
4529.902098 0.005252
4532.251748 0.000947
4534.601399 -0.002378
4536.951049 0.011685
4539.300699 0.044827
4541.650350 0.033646
4544.000000 0.034783
4546.349650 0.015924
4548.699301 -0.000246
4551.048951 -0.004267
4553.398601 0.002277
4555.748252 0.012401
4558.097902 0.008992
4560.447552 0.010419
4562.797203 0.010600
4565.146853 0.010375
4567.496503 0.010866
4569.846154 0.021606
4572.195804 0.025701
4574.545455 0.011167
4576.895105 0.001383
4579.244755 0.022434
4581.594406 0.033167
4583.944056 0.007571
4586.293706 0.012628
4588.643357 0.008220
4590.993007 0.016379
4593.342657 0.022978
4595.692308 0.027563
4598.041958 -0.014587
4600.391608 0.009388
4602.741259 -0.012532
4605.090909 0.002909
4607.440559 0.013596
4609.790210 0.010538
4612.139860 0.010082
4614.489510 -0.010968
4616.839161 0.001848
4619.188811 -0.007045
4621.538462 0.007277
4623.888112 0.001376
4626.237762 0.007165
4628.587413 0.014087
4630.937063 -0.000944
4633.286713 0.008799
4635.636364 0.024310
4637.986014 0.016391
4640.335664 0.007189
4642.685315 0.016813
4645.034965 0.019835
4647.384615 0.001207
4649.734266 0.012930
4652.083916 0.006717
4654.433566 0.014912
4656.783217 0.014174
4659.132867 0.006438
4661.482517 -0.009795
4663.832168 0.024469
4666.181818 0.016953
4668.531469 0.008607
4670.881119 0.000641
4673.230769 0.016530
4675.580420 -0.006016
4677.930070 -0.008538
4680.279720 0.016394
4682.629371 0.015835
4684.979021 0.000105
4687.328671 0.004501
4689.678322 0.001520
4692.027972 0.020690
4694.377622 0.017114
4696.727273 0.027890
4699.076923 0.007650
4701.426573 0.005466
4703.776224 0.024834
4706.125874 0.005793
4708.475524 0.019037
4710.825175 0.024303
4713.174825 0.010279
4715.524476 0.014025
4717.874126 0.003037
4720.223776 -0.005096
4722.573427 0.009175
4724.923077 0.013183
4727.272727 0.015990
4729.622378 0.004370
4731.972028 0.012684
4734.321678 0.015411
4736.671329 0.012120
4739.020979 0.020572
4741.370629 0.015864
4743.720280 0.019017
4746.069930 0.019370
4748.419580 0.010284
4750.769231 -0.000310
4753.118881 0.004298
4755.468531 0.018326
4757.818182 0.018707
4760.167832 0.004052
4762.517483 -0.006741
4764.867133 0.009244
4767.216783 0.006579
4769.566434 0.010857
4771.916084 0.006748
4774.265734 0.029912
4776.615385 0.006408
4778.965035 -0.005417
4781.314685 -0.009367
4783.664336 -0.011610
4786.013986 0.033296
4788.363636 0.029049
4790.713287 0.018489
4793.062937 0.022725
4795.412587 0.037097
4797.762238 -0.010746
4800.111888 0.032098
4802.461538 0.005828
4804.811189 -0.027389
4807.160839 0.005080
4809.510490 0.033210
4811.860140 0.012154
4814.209790 0.012787
4816.559441 0.005471
4818.909091 0.018864
4821.258741 0.019899
4823.608392 0.004149
4825.958042 0.005908
4828.307692 0.005771
4830.657343 0.007262
4833.006993 0.015272
4835.356643 0.019290
4837.706294 -0.001922
4840.055944 0.000103
4842.405594 -0.033859
4844.755245 -0.004871
4847.104895 0.006582
4849.454545 0.021284
4851.804196 0.007754
4854.153846 0.020640
4856.503497 0.039935
4858.853147 0.009859
4861.202797 -0.021782
4863.552448 0.003064
4865.902098 0.008284
4868.251748 0.017814
4870.601399 0.028717
4872.951049 0.007046
4875.300699 0.017242
4877.650350 0.024770
4880.000000 0.004712
4882.349650 0.013623
4884.699301 0.015610
4887.048951 0.010262
4889.398601 0.003473
4891.748252 -0.000965
4894.097902 -0.001249
4896.447552 0.002573
4898.797203 -0.005953
4901.146853 0.010674
4903.496503 0.014191
4905.846154 0.019492
4908.195804 0.000780
4910.545455 0.021302
4912.895105 0.031499
4915.244755 0.021694
4917.594406 0.018989
4919.944056 0.018253
4922.293706 -0.000752
4924.643357 0.017548
4926.993007 0.014722
4929.342657 0.016219
4931.692308 0.015573
4934.041958 -0.003033
4936.391608 0.002992
4938.741259 -0.003265
4941.090909 0.022364
4943.440559 -0.005117
4945.790210 0.008280
4948.139860 0.016419
4950.489510 0.009910
4952.839161 0.013783
4955.188811 0.013208
4957.538462 0.017219
4959.888112 0.026666
4962.237762 0.023828
4964.587413 0.006479
4966.937063 0.003742
4969.286713 0.025754
4971.636364 0.019113
4973.986014 -0.007651
4976.335664 0.020905
4978.685315 0.011997
4981.034965 0.010394
4983.384615 0.023386
4985.734266 0.012066
4988.083916 0.013361
4990.433566 0.015928
4992.783217 0.013310
4995.132867 0.009282
4997.482517 0.014321
4999.832168 0.008450
5002.181818 0.013099
5004.531469 0.028428
5006.881119 0.025676
5009.230769 0.021120
5011.580420 0.018695
5013.930070 0.006987
5016.279720 0.006492
5018.629371 0.012209
5020.979021 0.017741
5023.328671 0.010432
5025.678322 0.003507
5028.027972 0.000945
5030.377622 0.009766
5032.727273 0.013913
5035.076923 -0.001728
5037.426573 0.016863
5039.776224 0.009628
5042.125874 0.013235
5044.475524 0.005472
5046.825175 0.020044
5049.174825 0.025004
5051.524476 0.018957
5053.874126 0.023063
5056.223776 0.024916
5058.573427 0.006051
5060.923077 -0.050854
5063.272727 0.005297
5065.622378 0.023776
5067.972028 -0.015223
5070.321678 -0.050354
5072.671329 0.000298
5075.020979 0.014112
5077.370629 0.010185
5079.720280 0.018235
5082.069930 0.028226
5084.419580 0.057513
5086.769231 -0.006718
5089.118881 0.079115
5091.468531 0.073442
5093.818182 -0.041015
5096.167832 -0.014473
5098.517483 0.029459
5100.867133 0.046109
5103.216783 -0.013569
5105.566434 0.038479
5107.916084 0.015273
5110.265734 0.011557
5112.615385 0.016534
5114.965035 -0.009787
5117.314685 0.001381
5119.664336 -0.032478
5122.013986 0.017757
5124.363636 0.001402
5126.713287 0.012716
5129.062937 0.000899
5131.412587 0.001845
5133.762238 0.032072
5136.111888 0.039065
5138.461538 0.049625
5140.811189 0.001838
5143.160839 0.011190
5145.510490 0.002634
5147.860140 -0.005155
5150.209790 -0.022230
5152.559441 0.025722
5154.909091 0.049816
5157.258741 0.040256
5159.608392 0.005041
5161.958042 -0.006768
5164.307692 -0.007771
5166.657343 0.021662
5169.006993 0.014698
5171.356643 0.000303
5173.706294 0.031310
5176.055944 0.016602
5178.405594 0.017256
5180.755245 0.000688
5183.104895 0.012231
5185.454545 0.019024
5187.804196 0.034842
5190.153846 0.006353
5192.503497 0.004827
5194.853147 0.035596
5197.202797 -0.009045
5199.552448 0.021796
5201.902098 0.001076
5204.251748 0.013140
5206.601399 0.028524
5208.951049 -0.002196
5211.300699 0.013080
5213.650350 0.000479
5216.000000 -0.030485
5218.349650 -0.009599
5220.699301 0.024437
5223.048951 0.043740
5225.398601 0.002347
5227.748252 -0.008285
5230.097902 0.032065
5232.447552 0.019089
5234.797203 0.018538
5237.146853 0.028949
5239.496503 0.012986
5241.846154 0.009329
5244.195804 0.017985
5246.545455 0.004885
5248.895105 0.005695
5251.244755 0.019753
5253.594406 0.022159
5255.944056 0.006136
5258.293706 -0.011244
5260.643357 0.046497
5262.993007 0.065384
5265.342657 0.012233
5267.692308 -0.004566
5270.041958 -0.001663
5272.391608 0.026930
5274.741259 0.014971
5277.090909 -0.004834
5279.440559 0.013398
5281.790210 0.013953
5284.139860 0.012887
5286.489510 0.012568
5288.839161 0.007652
5291.188811 -0.000981
5293.538462 -0.022403
5295.888112 -0.027784
5298.237762 0.012901
5300.587413 -0.000633
5302.937063 0.002667
5305.286713 0.014870
5307.636364 0.010214
5309.986014 0.003576
5312.335664 0.005004
5314.685315 0.005516
5317.034965 -0.003960
5319.384615 0.004623
5321.734266 0.039872
5324.083916 0.014747
5326.433566 0.000670
5328.783217 -0.018210
5331.132867 -0.007786
5333.482517 0.049831
5335.832168 0.006881
5338.181818 -0.034650
5340.531469 -0.006239
5342.881119 0.018630
5345.230769 0.017387
5347.580420 0.003669
5349.930070 -0.009814
5352.279720 0.019669
5354.629371 -0.042847
5356.979021 0.039467
5359.328671 0.017664
5361.678322 0.010704
5364.027972 0.002301
5366.377622 0.006397
5368.727273 0.019589
5371.076923 -0.001476
5373.426573 0.018121
5375.776224 0.016039
5378.125874 0.012596
5380.475524 -0.003511
5382.825175 0.022584
5385.174825 0.033007
5387.524476 -0.039424
5389.874126 -0.021440
5392.223776 -0.001455
5394.573427 0.075112
5396.923077 0.015419
5399.272727 0.042293
5401.622378 -0.007183
5403.972028 -0.008130
5406.321678 -0.004912
5408.671329 0.001775
5411.020979 0.016748
5413.370629 0.021466
5415.720280 -0.027656
5418.069930 0.008935
5420.419580 -0.007090
5422.769231 0.062961
5425.118881 0.018277
5427.468531 -0.018963
5429.818182 0.001344
5432.167832 0.025411
5434.517483 0.037067
5436.867133 0.025601
5439.216783 0.006090
5441.566434 0.029816
5443.916084 0.029889
5446.265734 -0.053794
5448.615385 0.058500
5450.965035 0.024603
5453.314685 0.005808
5455.664336 0.050139
5458.013986 0.040844
5460.363636 0.036732
5462.713287 0.037342
5465.062937 0.035868
5467.412587 -0.013948
5469.762238 -0.029597
5472.111888 -0.001385
5474.461538 0.002442
5476.811189 0.013425
5479.160839 0.002274
5481.510490 -0.001281
5483.860140 0.019175
5486.209790 -0.054599
5488.559441 0.023153
5490.909091 0.051654
5493.258741 0.055096
5495.608392 0.065722
5497.958042 0.015266
5500.307692 0.019649
5502.657343 0.056347
5505.006993 0.026731
5507.356643 0.045112
5509.706294 -0.011976
5512.055944 -0.052317
5514.405594 -0.027319
5516.755245 0.024145
5519.104895 0.036937
5521.454545 0.021370
5523.804196 0.004570
5526.153846 0.003197
5528.503497 0.028229
5530.853147 -0.000330
5533.202797 -0.017544
5535.552448 0.102203
5537.902098 -0.019356
5540.251748 0.019728
5542.601399 0.043676
5544.951049 0.018485
5547.300699 0.023775
5549.650350 0.008724
5552.000000 -0.008223
5554.349650 0.030012
5556.699301 0.025304
5559.048951 -0.036336
5561.398601 -0.021991
5563.748252 0.018547
5566.097902 0.022099
5568.447552 0.006437
5570.797203 0.091274
5573.146853 -0.022246
5575.496503 0.040977
5577.846154 -0.032809
5580.195804 0.029610
5582.545455 0.011726
5584.895105 0.008586
5587.244755 -0.014006
5589.594406 0.059583
