2831.872305 0.012764
2833.933490 0.023586
2835.994675 0.017123
2838.055861 0.013450
2840.117046 0.003857
2842.178231 0.017180
2844.239416 -0.000873
2846.300602 0.005094
2848.361787 0.026091
2850.422972 0.019488
2852.484158 0.016513
2854.545343 0.016340
2856.606528 0.000880
2858.667714 0.015764
2860.728899 0.008531
2862.790084 0.015306
2864.851270 0.013413
2866.912455 0.016910
2868.973640 0.022904
2871.034825 0.003805
2873.096011 0.011207
2875.157196 0.013689
2877.218381 0.010306
2879.279567 0.005209
2881.340752 0.022347
2883.401937 0.011357
2885.463123 0.011723
2887.524308 0.017218
2889.585493 0.010268
2891.646678 0.012263
2893.707864 0.017099
2895.769049 0.025208
2897.830234 0.017285
2899.891420 0.020540
2901.952605 0.022800
2904.013790 0.025615
2906.074976 0.020295
2908.136161 0.026815
2910.197346 0.014477
2912.258532 -0.000758
2914.319717 0.006750
2916.380902 0.023484
2918.442087 0.011917
2920.503273 0.016102
2922.564458 0.019481
2924.625643 0.029363
2926.686829 0.021906
2928.748014 0.012670
2930.809199 0.006426
2932.870385 0.009448
2934.931570 0.012766
2936.992755 0.013328
2939.053940 0.020059
2941.115126 0.014354
2943.176311 0.016588
2945.237496 0.024766
2947.298682 0.009116
2949.359867 0.021244
2951.421052 0.017975
2953.482238 0.019747
2955.543423 0.016765
2957.604608 0.021327
2959.665794 0.021749
2961.726979 0.005082
2963.788164 0.015767
2965.849349 0.014361
2967.910535 0.019078
2969.971720 0.007616
2972.032905 0.023389
2974.094091 0.026653
2976.155276 0.022730
2978.216461 0.025137
2980.277647 0.018970
2982.338832 0.027065
2984.400017 0.023148
2986.461202 0.010578
2988.522388 0.014257
2990.583573 0.013792
2992.644758 0.005427
2994.705944 0.018936
2996.767129 0.005021
2998.828314 0.011601
3000.889500 0.010896
3002.950685 0.012516
3005.011870 0.008768
3007.073056 0.008267
3009.134241 0.022155
3011.195426 0.025278
3013.256611 0.012427
3015.317797 0.005442
3017.378982 0.005570
3019.440167 0.013979
3021.501353 0.017379
3023.562538 0.011379
3025.623723 0.014708
3027.684909 0.010895
3029.746094 0.026255
3031.807279 0.028825
3033.868464 0.018117
3035.929650 0.013198
3037.990835 0.012046
3040.052020 0.025399
3042.113206 0.028314
3044.174391 0.014432
3046.235576 0.021714
3048.296762 0.019527
3050.357947 0.024684
3052.419132 0.029008
3054.480318 0.023799
3056.541503 0.020444
3058.602688 0.015075
3060.663873 0.014797
3062.725059 0.019836
3064.786244 0.018787
3066.847429 0.019589
3068.908615 0.021046
3070.969800 0.014802
3073.030985 0.022490
3075.092171 0.024530
3077.153356 0.015311
3079.214541 0.018835
3081.275726 0.017589
3083.336912 0.019995
3085.398097 0.013701
3087.459282 0.023283
3089.520468 0.015837
3091.581653 0.016296
3093.642838 0.022908
3095.704024 0.015054
3097.765209 0.012998
3099.826394 0.018649
3101.887580 0.011681
3103.948765 0.002273
3106.009950 0.019677
3108.071135 0.017374
3110.132321 0.013356
3112.193506 0.014565
3114.254691 0.001477
3116.315877 0.006487
3118.377062 0.020890
3120.438247 0.021974
3122.499433 0.028315
3124.560618 0.017165
3126.621803 0.010507
3128.682988 0.016745
3130.744174 0.031646
3132.805359 0.015456
3134.866544 0.017930
3136.927730 0.020647
3138.988915 0.020628
3141.050100 0.031831
3143.111286 0.018262
3145.172471 0.017541
3147.233656 0.006887
3149.294842 0.019760
3151.356027 0.024222
3153.417212 0.017210
3155.478397 0.016074
3157.539583 0.019684
3159.600768 0.010346
3161.661953 0.009948
3163.723139 0.021523
3165.784324 0.018594
3167.845509 0.022312
3169.906695 0.018527
3171.967880 0.013436
3174.029065 0.015530
3176.090250 0.012672
3178.151436 0.018932
3180.212621 0.014798
3182.273806 0.024137
3184.334992 0.023677
3186.396177 0.016173
3188.457362 0.023909
3190.518548 0.016259
3192.579733 0.021926
3194.640918 0.024526
3196.702104 0.011601
3198.763289 0.018053
3200.824474 0.026751
3202.885659 0.023516
3204.946845 0.019001
3207.008030 0.030624
3209.069215 0.020361
3211.130401 0.027067
3213.191586 0.018668
3215.252771 0.016219
3217.313957 0.012759
3219.375142 0.019703
3221.436327 0.016836
3223.497512 0.025950
3225.558698 0.029218
3227.619883 0.026309
3229.681068 0.019364
3231.742254 0.029333
3233.803439 0.009964
3235.864624 0.012849
3237.925810 0.013611
3239.986995 0.003995
3242.048180 0.024703
3244.109366 0.022806
3246.170551 0.015586
3248.231736 0.026836
3250.292921 0.027054
3252.354107 0.015392
3254.415292 0.025058
3256.476477 0.019751
3258.537663 0.015808
3260.598848 0.010212
3262.660033 0.014483
3264.721219 0.018732
3266.782404 0.032800
3268.843589 0.026830
3270.904774 0.018893
3272.965960 0.008040
3275.027145 0.025392
3277.088330 0.018129
3279.149516 0.024188
3281.210701 0.015268
3283.271886 0.025522
3285.333072 0.025594
3287.394257 0.021883
3289.455442 0.019451
3291.516628 0.026457
3293.577813 0.022676
3295.638998 0.015811
3297.700183 0.025007
3299.761369 0.023834
3301.822554 0.019639
3303.883739 0.025209
3305.944925 0.017718
3308.006110 0.014434
3310.067295 0.019850
3312.128481 0.021017
3314.189666 0.011164
3316.250851 0.025306
3318.312036 0.013027
3320.373222 0.025525
3322.434407 0.020933
3324.495592 0.011256
3326.556778 0.019436
3328.617963 0.007683
3330.679148 0.013735
3332.740334 0.017954
3334.801519 0.026716
3336.862704 0.007077
3338.923890 0.013977
3340.985075 0.018880
3343.046260 0.023602
3345.107445 0.017712
3347.168631 0.024790
3349.229816 0.021718
3351.291001 0.013354
3353.352187 0.017511
3355.413372 0.025960
3357.474557 0.029248
3359.535743 0.016509
3361.596928 0.012915
3363.658113 0.019246
3365.719298 0.011062
3367.780484 0.009360
3369.841669 0.017992
3371.902854 0.023691
3373.964040 0.015500
3376.025225 0.012467
3378.086410 0.019397
3380.147596 0.010257
3382.208781 0.022900
3384.269966 0.023773
3386.331152 0.018629
3388.392337 0.022742
3390.453522 0.014557
3392.514707 0.025363
3394.575893 0.018965
3396.637078 0.022978
3398.698263 0.014209
3400.759449 0.010618
3402.820634 0.016654
3404.881819 0.023445
3406.943005 0.028451
3409.004190 0.021300
3431.677228 0.024803
3433.738414 0.013512
3435.799599 0.018931
3437.860784 0.030049
3439.921969 0.015706
3441.983155 0.019442
3444.044340 0.020633
3446.105525 0.013398
3448.166711 0.016105
3450.227896 0.013785
3452.289081 0.020149
3454.350267 0.014175
3456.411452 0.016025
3458.472637 0.011787
3460.533822 0.013793
3462.595008 0.020313
3464.656193 0.029249
3466.717378 0.013003
3468.778564 0.006285
3470.839749 0.013881
3472.900934 0.014720
3474.962120 0.012314
3477.023305 0.010373
3479.084490 0.018699
3481.145675 0.032724
3483.206861 0.030790
3485.268046 0.022183
3487.329231 0.026047
3489.390417 0.023722
3491.451602 0.025415
3493.512787 0.025874
3495.573973 0.022643
3497.635158 0.014936
3499.696343 0.019882
3501.757529 0.029640
3503.818714 0.026838
3505.879899 0.020586
3507.941084 0.023758
3510.002270 0.024310
3512.063455 0.018424
3514.124640 0.016750
3516.185826 0.017539
3518.247011 0.015046
3520.308196 0.016301
3522.369382 0.023616
3524.430567 0.022062
3526.491752 0.016051
3528.552937 0.024188
3530.614123 0.037991
3532.675308 0.021776
3534.736493 0.012580
3536.797679 0.021943
3538.858864 0.021238
3540.920049 0.014074
3542.981235 0.016088
3545.042420 0.017885
3547.103605 0.017268
3549.164791 0.013231
3551.225976 0.031219
3553.287161 0.019455
3555.348346 0.015185
3557.409532 0.019127
3559.470717 0.020334
3561.531902 0.017262
3563.593088 0.022807
3565.654273 0.019477
3567.715458 0.016061
3569.776644 0.020714
3571.837829 0.021647
3573.899014 0.017043
3575.960199 0.021852
3578.021385 0.020169
3580.082570 0.026261
3582.143755 0.022974
3584.204941 0.016794
3586.266126 0.017783
3588.327311 0.009315
3590.388497 0.018556
3592.449682 0.031553
3594.510867 0.026668
3596.572053 0.022071
3598.633238 0.023477
3600.694423 0.011297
3602.755608 0.028379
3604.816794 0.015005
3606.877979 0.006965
3608.939164 0.027206
3611.000350 0.014266
3613.061535 0.020312
3615.122720 0.024667
3617.183906 0.030860
3619.245091 0.022675
3621.306276 0.032317
3623.367461 0.018434
3625.428647 0.021249
3627.489832 0.023734
3629.551017 0.022556
3631.612203 0.022285
3633.673388 0.025005
3635.734573 0.024728
3637.795759 0.014472
3639.856944 0.032837
3641.918129 0.021127
3643.979315 0.008820
3646.040500 0.014571
3648.101685 0.008763
3650.162870 0.031486
3652.224056 0.024699
3654.285241 0.032545
3656.346426 0.024012
3658.407612 0.024434
3660.468797 0.033915
3662.529982 0.033128
3664.591168 0.023313
3666.652353 0.016205
3668.713538 0.029724
3670.774723 0.023018
3672.835909 0.025276
3674.897094 0.019885
3676.958279 0.017496
3679.019465 0.023225
3681.080650 0.019316
3683.141835 0.027624
3685.203021 0.027755
3687.264206 0.020365
3689.325391 0.015693
3691.386577 0.023291
3693.447762 0.022682
3695.508947 0.023564
3697.570132 0.019822
3699.631318 0.014219
3701.692503 0.020829
3703.753688 0.027648
3705.814874 0.028455
3707.876059 0.023132
3709.937244 0.016882
3711.998430 0.017521
3714.059615 0.022569
3716.120800 0.021978
3718.181985 0.027456
3720.243171 0.029893
3722.304356 0.025824
3724.365541 0.022221
3726.426727 0.024352
3728.487912 0.038098
3730.549097 0.027479
3732.610283 0.014494
3734.671468 0.025022
3736.732653 0.022055
3738.793839 0.022606
3740.855024 0.024559
3742.916209 0.026189
3744.977394 0.019301
3747.038580 0.024972
3749.099765 0.031709
3751.160950 0.018406
3753.222136 0.033091
3755.283321 0.033184
3757.344506 0.025893
3759.405692 0.025371
3761.466877 0.032069
3763.528062 0.037554
3765.589247 0.018863
3767.650433 0.025577
3769.711618 0.036771
3771.772803 0.018027
3773.833989 0.026389
3775.895174 0.032099
3777.956359 0.032065
3780.017545 0.027780
3782.078730 0.034425
3784.139915 0.033079
3786.201101 0.024551
3788.262286 0.025766
3790.323471 0.033707
3792.384656 0.031393
3794.445842 0.028057
3796.507027 0.024482
3798.568212 0.026369
3800.629398 0.028768
3802.690583 0.016162
3804.751768 0.020304
3806.812954 0.028566
3808.874139 0.029575
3810.935324 0.033228
3812.996509 0.021163
3815.057695 0.026491
3817.118880 0.031586
3819.180065 0.028897
3821.241251 0.023099
3823.302436 0.019842
3825.363621 0.026959
3827.424807 0.025307
3829.485992 0.019671
3831.547177 0.022648
3833.608363 0.028596
3835.669548 0.003662
3837.730733 0.011732
3839.791918 0.015996
3841.853104 0.035907
3843.914289 0.029926
3845.975474 0.029440
3848.036660 0.022353
3850.097845 0.023963
3852.159030 0.021239
3854.220216 0.025206
3856.281401 0.027587
3858.342586 0.028397
3860.403771 0.048400
3862.464957 0.027439
3864.526142 0.038174
3866.587327 0.043201
3868.648513 0.012056
3870.709698 0.031305
3872.770883 0.039035
3874.832069 0.022722
3876.893254 0.017541
3878.954439 0.024665
3881.015625 0.034472
3883.076810 0.032051
3885.137995 0.014157
3887.199180 0.012390
3889.260366 0.028932
3891.321551 0.026537
3893.382736 0.030905
3895.443922 0.042706
3897.505107 0.020867
3899.566292 0.024767
3901.627478 0.020257
3903.688663 0.011194
3905.749848 0.025332
3907.811033 0.029230
3909.872219 0.028090
3911.933404 0.031745
3913.994589 0.037143
3916.055775 0.029954
3918.116960 0.024253
3920.178145 0.025949
3922.239331 0.017434
3924.300516 0.029918
3926.361701 0.022839
3928.422887 0.042102
3930.484072 0.028997
3932.545257 0.024937
3934.606442 0.018459
3936.667628 0.020286
3938.728813 0.010927
3940.789998 0.019706
3942.851184 0.021662
3944.912369 0.029050
3946.973554 0.031767
3949.034740 0.031444
3951.095925 0.030300
3953.157110 0.024293
3955.218295 0.018651
3957.279481 0.023964
3959.340666 0.025210
3961.401851 0.020639
3963.463037 0.029590
3965.524222 0.021353
3967.585407 0.007970
3969.646593 0.015309
3971.707778 0.019219
3973.768963 0.009640
3975.830149 0.010893
3977.891334 0.025887
3979.952519 0.025748
3982.013704 0.040586
3984.074890 0.048985
3986.136075 0.040209
3988.197260 0.036496
3990.258446 0.048884
3992.319631 0.052449
3994.380816 0.033797
3996.442002 0.031854
3998.503187 0.039092
4000.564372 0.031664
4002.625557 0.046229
4004.686743 0.038222
4006.747928 0.031260
4008.809113 0.023600
4010.870299 0.029017
4012.931484 0.045807
4014.992669 0.051936
4017.053855 0.039569
4019.115040 0.030360
4021.176225 0.023283
4023.237411 0.029175
4025.298596 0.041825
4027.359781 0.023592
4029.420966 0.025479
4031.482152 0.030771
4033.543337 0.031594
4035.604522 0.040025
4037.665708 0.043736
4039.726893 0.038068
4041.788078 0.029040
4043.849264 0.037138
4045.910449 0.040748
4047.971634 0.028326
4050.032819 0.042809
4052.094005 0.033850
4054.155190 0.041415
4056.216375 0.029321
4058.277561 0.041697
4060.338746 0.030237
4062.399931 0.033075
4064.461117 0.033543
4066.522302 0.035315
4068.583487 0.038132
4070.644673 0.040073
4072.705858 0.036908
4074.767043 0.031811
4076.828228 0.036580
4078.889414 0.036569
4080.950599 0.036442
4083.011784 0.036252
4085.072970 0.043394
4087.134155 0.044100
4089.195340 0.040377
4091.256526 0.032785
4093.317711 0.038554
4095.378896 0.040578
4097.440081 0.026202
4099.501267 0.035151
4101.562452 0.031263
4103.623637 0.031835
4105.684823 0.030705
4107.746008 0.032752
4109.807193 0.030638
4111.868379 0.035296
4113.929564 0.027946
4115.990749 0.029191
4118.051935 0.034123
4120.113120 0.036351
4122.174305 0.039462
4124.235490 0.037110
4126.296676 0.037876
4128.357861 0.045561
4130.419046 0.024913
4132.480232 0.038307
4134.541417 0.044262
4136.602602 0.037120
4138.663788 0.044621
4140.724973 0.037367
4142.786158 0.036910
4144.847343 0.044380
4146.908529 0.038627
4148.969714 0.046293
4151.030899 0.033216
4153.092085 0.034893
4155.153270 0.040521
4157.214455 0.037989
4159.275641 0.041207
4161.336826 0.049985
4163.398011 0.043975
4165.459197 0.033435
4167.520382 0.037909
4169.581567 0.030016
4171.642752 0.023741
4173.703938 0.030576
4175.765123 0.034910
4177.826308 0.042333
4179.887494 0.030472
4181.948679 0.035174
4184.009864 0.044353
4186.071050 0.039409
4188.132235 0.049096
4190.193420 0.021692
4192.254605 0.031672
4194.315791 0.030004
4196.376976 0.040880
4198.438161 0.042079
4200.499347 0.034741
4202.560532 0.043944
4204.621717 0.036585
4206.682903 0.027581
4208.744088 0.038459
4210.805273 0.024107
4212.866459 0.011962
4214.927644 0.037844
4216.988829 0.027624
4219.050014 0.034237
4221.111200 0.042736
4223.172385 0.044720
4225.233570 0.032866
4227.294756 0.027109
4229.355941 0.035826
4231.417126 0.038905
4233.478312 0.023605
4235.539497 0.035868
4237.600682 0.039503
4239.661867 0.041425
4241.723053 0.025688
4243.784238 0.047661
4245.845423 0.034040
4247.906609 0.037040
4249.967794 0.025866
4252.028979 0.033601
4254.090165 0.044642
4256.151350 0.038207
4258.212535 0.043000
4260.273721 0.046014
4262.334906 0.043587
4264.396091 0.032174
4266.457276 0.052456
4268.518462 0.035181
4270.579647 0.040978
4272.640832 0.033788
4274.702018 0.032328
4276.763203 0.029402
4278.824388 0.050480
4280.885574 0.039330
4282.946759 0.039351
4285.007944 0.038872
4287.069129 0.034594
4289.130315 0.028120
4291.191500 0.041154
4293.252685 0.031130
4295.313871 0.033946
4297.375056 0.035974
4299.436241 0.018377
4301.497427 0.032131
4303.558612 0.026231
4305.619797 0.027029
4307.680982 0.027710
4309.742168 0.029315
4311.803353 0.029975
4313.864538 0.039128
4315.925724 0.036694
4317.986909 0.044377
4320.048094 0.038389
4322.109280 0.028544
4324.170465 0.031258
4326.231650 0.030018
4328.292836 0.028148
4330.354021 0.044378
4332.415206 0.034246
4334.476391 0.028512
4336.537577 0.038836
4338.598762 0.044518
4340.659947 0.030204
4342.721133 0.028232
4344.782318 0.041324
4346.843503 0.040417
4348.904689 0.042546
4350.965874 0.033208
4353.027059 0.038502
4355.088244 0.040395
4357.149430 0.031742
4359.210615 0.038210
4361.271800 0.043758
4363.332986 0.049113
4365.394171 0.046666
4367.455356 0.040093
4369.516542 0.046123
4371.577727 0.039426
4373.638912 0.027173
4375.700098 0.040636
4377.761283 0.037154
4379.822468 0.029839
4381.883653 0.037825
4383.944839 0.036259
4386.006024 0.030512
4388.067209 0.038149
4390.128395 0.030263
4392.189580 0.033238
4394.250765 0.037433
4396.311951 0.038167
4398.373136 0.037183
4400.434321 0.029407
4402.495506 0.028048
4404.556692 0.043686
4406.617877 0.037667
4408.679062 0.026973
4410.740248 0.036409
4412.801433 0.039316
4414.862618 0.037693
4416.923804 0.038253
4418.984989 0.045044
4421.046174 0.047826
4423.107360 0.044650
4425.168545 0.049517
4427.229730 0.058234
4429.290915 0.044743
4431.352101 0.045286
4433.413286 0.035100
4435.474471 0.043665
4437.535657 0.062560
4439.596842 0.061329
4441.658027 0.045845
4443.719213 0.056113
4445.780398 0.043062
4447.841583 0.032438
4449.902768 0.040264
4451.963954 0.050020
4454.025139 0.053758
4456.086324 0.040734
4458.147510 0.040676
4460.208695 0.027145
4462.269880 0.012842
4464.331066 0.049222
4466.392251 0.059508
4468.453436 0.020932
4470.514622 0.035371
4472.575807 0.052411
4474.636992 0.040349
4476.698177 0.045139
4478.759363 0.060282
4480.820548 0.040918
4482.881733 0.037044
4484.942919 0.033642
4487.004104 0.036162
4489.065289 0.047196
4491.126475 0.037080
4493.187660 0.033353
4495.248845 0.038038
4497.310030 0.037475
4499.371216 0.032049
4501.432401 0.070614
4503.493586 0.070773
4505.554772 0.045671
4507.615957 0.035317
4509.677142 0.043748
4511.738328 0.061868
4513.799513 0.046008
4515.860698 0.029956
4517.921884 0.042796
4519.983069 0.049742
4522.044254 0.050022
4524.105439 0.056694
4526.166625 0.055854
4528.227810 0.045696
4530.288995 0.041416
4532.350181 0.027497
4534.411366 0.035659
4536.472551 0.044166
4538.533737 0.045313
4540.594922 0.049914
4542.656107 0.043825
4544.717292 0.034832
4546.778478 0.047394
4548.839663 0.047013
4550.900848 0.052274
4552.962034 0.048375
4555.023219 0.038534
4557.084404 0.044790
4559.145590 0.035147
4561.206775 0.041749
4563.267960 0.039937
4565.329146 0.048788
4567.390331 0.056282
4569.451516 0.044451
4571.512701 0.043607
4573.573887 0.048574
4575.635072 0.048623
4577.696257 0.040025
4579.757443 0.042042
4581.818628 0.054077
4583.879813 0.043243
4585.940999 0.053842
4588.002184 0.034419
4590.063369 0.039724
4592.124554 0.053669
4594.185740 0.037984
4596.246925 0.034813
4598.308110 0.050457
4600.369296 0.052454
4602.430481 0.041116
4604.491666 0.048755
4606.552852 0.036251
4608.614037 0.038314
4610.675222 0.036385
4612.736408 0.044796
4614.797593 0.034890
4616.858778 0.039195
4618.919963 0.043114
4620.981149 0.059765
4623.042334 0.050154
4625.103519 0.046953
4627.164705 0.059142
4629.225890 0.048682
4631.287075 0.043628
4633.348261 0.043923
4635.409446 0.033507
4637.470631 0.047992
4639.531816 0.039482
4641.593002 0.034932
4643.654187 0.031803
4645.715372 0.039501
4647.776558 0.049588
4649.837743 0.048815
4651.898928 0.055826
4653.960114 0.050771
4656.021299 0.039536
4658.082484 0.050526
4660.143670 0.047307
4662.204855 0.020398
4664.266040 0.054582
4666.327225 0.040044
4668.388411 0.021737
4670.449596 0.049573
4672.510781 0.067030
4674.571967 0.045788
4676.633152 0.051364
4678.694337 0.040902
4680.755523 0.019121
4682.816708 0.053167
4684.877893 0.066634
4686.939078 0.056467
4689.000264 0.057504
4691.061449 0.048283
4693.122634 0.049784
4695.183820 0.040059
4697.245005 0.050452
4699.306190 0.047242
4701.367376 0.056660
4703.428561 0.044963
4705.489746 0.043850
4707.550932 0.038751
4709.612117 0.048441
4711.673302 0.037194
4713.734487 0.044597
4715.795673 0.052753
4717.856858 0.060063
4719.918043 0.041449
4721.979229 0.043877
4724.040414 0.044668
4726.101599 0.049794
4728.162785 0.020092
4730.223970 0.026530
4732.285155 0.056286
4734.346340 0.035171
4736.407526 0.044757
4738.468711 0.053042
4740.529896 0.044759
4742.591082 0.040575
4744.652267 0.051486
4746.713452 0.054009
4748.774638 0.026220
4750.835823 0.042699
4752.897008 0.008949
4754.958194 0.066418
4757.019379 0.042896
4759.080564 0.063238
4761.141749 0.040070
4763.202935 0.058764
4765.264120 0.047968
4767.325305 0.042244
4769.386491 0.052290
4771.447676 0.035214
4773.508861 0.033341
4775.570047 0.047102
4777.631232 0.043636
4779.692417 0.049588
4781.753602 0.051001
4783.814788 0.034746
4785.875973 0.054666
4787.937158 0.030099
4789.998344 0.033982
4792.059529 0.039711
4794.120714 0.018184
4796.181900 0.019982
4798.243085 0.052549
4800.304270 0.033437
4802.365456 0.066286
4804.426641 0.043306
4806.487826 0.039932
4808.549011 0.045944
4810.610197 0.037057
4812.671382 0.033823
4814.732567 0.014505
4816.793753 0.039880
4818.854938 0.056544
4820.916123 0.062897
4822.977309 0.055218
4825.038494 0.031994
4827.099679 0.039533
4829.160864 0.061163
4831.222050 0.067980
4833.283235 0.056406
4835.344420 0.030037
4837.405606 0.046205
4839.466791 0.043684
4841.527976 0.047551
4843.589162 0.056843
4845.650347 0.037010
4847.711532 0.028505
4849.772718 0.023753
4851.833903 0.025092
4853.895088 0.002171
4855.956273 0.053480
4858.017459 0.063944
4860.078644 0.057434
4862.139829 0.043006
4864.201015 0.058228
4866.262200 0.064675
4868.323385 0.051050
4870.384571 0.037245
4872.445756 0.041310
4874.506941 0.040339
4876.568126 0.033833
4878.629312 0.026351
4880.690497 0.039092
4882.751682 0.013462
4884.812868 0.014896
4886.874053 0.049255
4888.935238 0.067102
4890.996424 0.048913
4893.057609 0.034612
4895.118794 0.047144
4897.179980 0.043762
4899.241165 0.031773
4901.302350 0.033488
4903.363535 0.075789
4905.424721 0.067189
4907.485906 0.049940
4909.547091 0.054276
4911.608277 0.044496
4913.669462 0.032475
4915.730647 0.030232
4917.791833 0.032265
4919.853018 0.029794
4921.914203 0.006800
4923.975388 0.036193
4926.036574 0.073669
4928.097759 0.068253
4930.158944 0.049484
4932.220130 0.052590
4934.281315 0.040431
4936.342500 0.045057
4938.403686 0.041942
4940.464871 0.026103
4942.526056 0.044746
4944.587242 0.059338
4946.648427 0.050123
4948.709612 0.061015
4950.770797 0.047923
4952.831983 0.054723
4954.893168 0.050826
4956.954353 0.054133
4959.015539 0.042779
4961.076724 0.054892
4963.137909 0.047333
4965.199095 0.034061
4967.260280 0.044570
4969.321465 0.044183
4971.382650 0.048417
4973.443836 0.054097
4975.505021 0.056849
4977.566206 0.060802
4979.627392 0.043665
4981.688577 0.040130
4983.749762 0.042149
4985.810948 0.043617
4987.872133 0.038873
4989.933318 0.050972
4991.994504 0.044453
4994.055689 0.043033
4996.116874 0.047161
4998.178059 0.041277
5000.239245 0.043977
5002.300430 0.038877
5004.361615 0.036513
5006.422801 0.047691
5008.483986 0.041863
5010.545171 0.047644
5012.606357 0.038957
5014.667542 0.044494
5016.728727 0.036276
5018.789912 0.045226
5020.851098 0.041651
5022.912283 0.039724
5024.973468 0.039829
5027.034654 0.039778
5029.095839 0.039793
5031.157024 0.038758
5033.218210 0.043919
5035.279395 0.039269
5037.340580 0.044947
5039.401766 0.040739
5041.462951 0.042139
5043.524136 0.037026
5045.585321 0.060253
5047.646507 0.054312
5049.707692 0.031572
5051.768877 0.039658
5053.830063 0.048293
5055.891248 0.043404
5057.952433 0.050607
5060.013619 0.052029
5062.074804 0.054318
5064.135989 0.052981
5066.197174 0.050468
5068.258360 0.050345
5070.319545 0.060670
5072.380730 0.057517
5074.441916 0.032654
5076.503101 0.027603
5078.564286 0.036916
5080.625472 0.011616
5082.686657 0.013428
5084.747842 0.035923
5086.809028 0.051854
5088.870213 0.055114
5090.931398 0.039426
5092.992583 0.048686
5095.053769 0.083962
5097.114954 0.043669
5099.176139 0.039446
5101.237325 0.067555
5103.298510 0.040384
5105.359695 0.032592
5107.420881 0.036063
5109.482066 0.045004
5111.543251 0.050875
5113.604436 0.006287
5115.665622 -0.011357
5117.726807 -0.012981
5119.787992 0.037806
5121.849178 0.057871
5123.910363 0.059077
5125.971548 0.079664
5128.032734 0.063061
5130.093919 0.054228
5132.155104 0.033371
5134.216289 0.048962
5136.277475 0.043969
5138.338660 0.039531
5140.399845 0.039856
5142.461031 0.025889
5144.522216 0.064955
5146.583401 0.039812
5148.644587 0.031659
5150.705772 0.043627
5152.766957 0.040428
5154.828143 0.049175
5156.889328 0.051744
5158.950513 0.051231
5161.011698 0.045028
5163.072884 0.052539
5165.134069 0.039648
5167.195254 0.023236
5169.256440 0.054451
5171.317625 0.069741
5173.378810 0.029803
5175.439996 0.055160
5177.501181 0.046968
5179.562366 0.033176
5181.623551 0.014363
5183.684737 0.061091
5185.745922 0.039416
5187.807107 0.062918
5189.868293 0.031679
5191.929478 0.064506
5193.990663 0.047523
5196.051849 0.068858
5198.113034 0.043124
5200.174219 0.051620
5202.235405 0.045619
5204.296590 0.039774
5206.357775 0.038825
5208.418960 0.045544
5210.480146 0.050677
5212.541331 0.034839
5214.602516 0.039911
5216.663702 0.049967
5218.724887 0.042719
5220.786072 0.077095
5222.847258 0.067311
5224.908443 0.038253
5226.969628 0.043676
5229.030813 0.049551
5231.091999 0.040059
5233.153184 0.041189
5235.214369 0.043496
5237.275555 0.036678
5239.336740 0.045578
5241.397925 0.044950
5243.459111 0.035703
5245.520296 0.036206
5247.581481 0.052049
5249.642667 0.053150
5251.703852 0.045601
5253.765037 0.039511
5255.826222 0.042900
5257.887408 0.045765
5259.948593 0.042006
5262.009778 0.053628
5264.070964 0.046860
5266.132149 0.036180
5268.193334 0.030470
5270.254520 0.044096
5272.315705 0.039151
5274.376890 0.046040
5276.438075 0.058767
5278.499261 0.060615
5280.560446 0.047140
5282.621631 0.036840
5284.682817 0.051754
5286.744002 0.057142
5288.805187 0.041137
5290.866373 0.052509
5292.927558 0.071419
5294.988743 0.052852
5297.049929 0.051105
5299.111114 0.033579
5301.172299 0.055689
5303.233484 0.049992
5305.294670 0.062254
5307.355855 0.036697
5309.417040 0.065416
5311.478226 0.049742
5313.539411 0.059175
5315.600596 0.060856
5317.661782 0.069200
5319.722967 0.049555
5321.784152 0.069654
5323.845337 0.063956
5325.906523 0.031766
5327.967708 0.056773
5330.028893 0.010858
5332.090079 0.042161
5334.151264 0.057724
5336.212449 0.054978
5338.273635 0.054950
5340.334820 0.051476
5342.396005 0.053671
5344.457191 0.046557
5346.518376 0.049310
5348.579561 0.053640
5350.640746 0.043092
5352.701932 0.040563
5354.763117 0.053614
5356.824302 0.066503
5358.885488 0.042318
5360.946673 0.046404
5363.007858 0.046660
5365.069044 0.049438
5367.130229 0.048936
5369.191414 0.046716
5371.252599 0.040598
5373.313785 0.025534
5375.374970 0.019421
5377.436155 0.064182
5379.497341 0.023928
5381.558526 0.006021
5383.619711 0.045637
5385.680897 0.031379
5387.742082 0.053812
5389.803267 0.087332
5391.864453 0.065344
5393.925638 0.037076
5395.986823 0.033094
5398.048008 0.064934
5400.109194 0.046693
5402.170379 0.038572
5404.231564 0.057799
5406.292750 0.051355
5408.353935 0.049014
5410.415120 0.040610
5412.476306 0.055631
5428.965788 0.062435
5431.026973 0.078176
5433.088159 0.066393
5435.149344 0.059212
5437.210529 0.045149
5439.271715 0.050211
5441.332900 0.045151
5443.394085 0.071709
5445.455270 0.051337
5447.516456 0.058579
5449.577641 0.052646
5451.638826 0.043096
5453.700012 0.065393
5455.761197 0.061309
5457.822382 0.051958
5459.883568 0.038523
5461.944753 0.064578
5464.005938 0.028727
5466.067123 0.040492
5468.128309 0.035718
5470.189494 0.017312
5472.250679 -0.000889
5474.311865 -0.016910
5476.373050 0.057854
5478.434235 0.072463
5480.495421 0.064580
5482.556606 0.029765
5484.617791 0.072563
5486.678977 0.082390
5488.740162 0.065694
5490.801347 0.050710
5492.862532 0.032590
5494.923718 0.029623
5496.984903 0.022079
5499.046088 0.007858
5501.107274 0.081574
5503.168459 0.073062
5505.229644 0.068990
5507.290830 0.045138
5509.352015 0.042310
5511.413200 0.045027
5513.474385 0.049676
5515.535571 0.050050
5517.596756 0.041030
5519.657941 0.027744
5521.719127 0.049507
5523.780312 0.053369
5525.841497 0.051183
5527.902683 0.074988
5529.963868 0.052192
5532.025053 0.040039
5534.086239 0.048494
5536.147424 0.053222
5538.208609 0.064973
5540.269794 0.055051
5542.330980 0.067925
5544.392165 0.062911
5546.453350 0.058662
5548.514536 0.053863
5550.575721 0.062033
5552.636906 0.057978
5554.698092 0.077743
5556.759277 0.074058
5558.820462 0.046883
5560.881647 0.045062
5562.942833 0.058331
5565.004018 0.052392
5567.065203 0.046747
5569.126389 0.045208
5571.187574 0.047503
5573.248759 0.025724
5575.309945 0.065432
5577.371130 0.043816
5579.432315 0.062320
5581.493501 0.048954
5583.554686 0.046419
5585.615871 0.033041
5587.677056 0.044755
5589.738242 0.055347
5591.799427 0.069573
5593.860612 0.051362
5595.921798 0.042855
5597.982983 0.046084
5600.044168 0.050403
5602.105354 0.036793
5604.166539 0.046483
5606.227724 0.038564
5608.288909 0.035051
5610.350095 0.052147
5612.411280 0.046274
5614.472465 0.053247
5616.533651 0.040215
5618.594836 0.042662
5620.656021 0.069434
5622.717207 0.048197
5624.778392 0.041059
5626.839577 0.057305
5628.900763 0.062972
5630.961948 0.050903
5633.023133 0.074471
5635.084318 0.073620
5637.145504 0.051075
5639.206689 0.049935
5641.267874 0.053603
5643.329060 0.058327
5645.390245 0.052100
5647.451430 0.059687
5649.512616 0.049935
5651.573801 0.040748
5653.634986 0.055008
5655.696171 0.045343
5657.757357 0.061217
5659.818542 0.055304
5661.879727 0.058003
5663.940913 0.055671
5666.002098 0.061368
5668.063283 0.058630
5670.124469 0.070321
5672.185654 0.040204
5674.246839 0.040934
