3373.421086 0.030891
3375.936866 0.041847
3378.452646 0.043201
3380.968425 0.046951
3383.484205 0.059173
3385.999985 0.036978
3388.515765 0.041429
3391.031545 0.057726
3393.547324 0.053701
3396.063104 0.042418
3398.578884 0.031059
3401.094664 0.050755
3403.610443 0.047811
3406.126223 0.048748
3408.642003 0.047757
3411.157783 0.044736
3413.673563 0.031943
3416.189342 0.056342
3418.705122 0.059131
3421.220902 0.026255
3423.736682 0.061466
3426.252461 0.061102
3428.768241 0.031603
3431.284021 0.038440
3433.799801 0.037399
3436.315581 0.052585
3438.831360 0.065214
3441.347140 0.037085
3443.862920 0.038748
3446.378700 0.040111
3448.894480 0.037554
3451.410259 0.064758
3453.926039 0.043449
3456.441819 0.058716
3458.957599 0.033611
3461.473378 0.044621
3463.989158 0.029715
3466.504938 0.017512
3469.020718 0.049010
3471.536498 0.052380
3474.052277 0.015295
3476.568057 0.033024
3479.083837 0.044768
3481.599617 0.055793
3484.115396 0.040466
3486.631176 0.030341
3489.146956 0.035343
3491.662736 0.040166
3494.178516 0.043969
3496.694295 0.042788
3499.210075 0.043579
3501.725855 0.040377
3504.241635 0.047098
3506.757414 0.039423
3509.273194 0.063225
3511.788974 0.055543
3514.304754 0.037075
3516.820534 0.025182
3519.336313 0.043322
3521.852093 0.045252
3524.367873 0.053673
3526.883653 0.041609
3529.399432 0.038003
3531.915212 0.046213
3534.430992 0.034188
3536.946772 0.027275
3539.462552 0.043447
3541.978331 0.039123
3544.494111 0.043951
3547.009891 0.062672
3549.525671 0.045489
3552.041450 0.038150
3554.557230 0.036054
3557.073010 0.037781
3559.588790 0.039088
3562.104570 0.050610
3564.620349 0.053639
3567.136129 0.043386
3569.651909 0.039522
3572.167689 0.043214
3574.683468 0.037223
3577.199248 0.053223
3579.715028 0.042542
3582.230808 0.055751
3584.746588 0.034335
3587.262367 0.039848
3589.778147 0.032454
3592.293927 0.048186
3594.809707 0.060638
3597.325486 0.041374
3599.841266 0.034159
3602.357046 0.039783
3604.872826 0.048179
3607.388606 0.036184
3609.904385 0.037745
3612.420165 0.025026
3614.935945 0.044416
3617.451725 0.057212
3619.967505 0.042794
3622.483284 0.024129
3624.999064 0.043777
3627.514844 0.032465
3630.030624 0.056994
3632.546403 0.040143
3635.062183 0.039914
3637.577963 0.041165
3640.093743 0.038933
3642.609523 0.043890
3645.125302 0.024886
3647.641082 0.048926
3650.156862 0.024801
3652.672642 0.033957
3655.188421 0.044170
3657.704201 0.040931
3660.219981 0.031508
3662.735761 0.032811
3665.251541 0.033894
3667.767320 0.035381
3670.283100 0.042994
3672.798880 0.044952
3675.314660 0.029704
3677.830439 0.038328
3680.346219 0.044095
3682.861999 0.049547
3685.377779 0.020193
3687.893559 0.036227
3690.409338 0.060434
3692.925118 0.058573
3695.440898 0.033269
3697.956678 0.035044
3700.472457 0.045880
3702.988237 0.039609
3705.504017 0.053528
3708.019797 0.049222
3710.535577 0.043765
3713.051356 0.036620
3715.567136 0.030161
3718.082916 0.040909
3720.598696 0.039722
3723.114475 0.084310
3725.630255 0.226524
3728.146035 0.396179
3730.661815 0.394108
3733.177595 0.232200
3735.693374 0.086778
3738.209154 0.050284
3740.724934 0.045056
3743.240714 0.040131
3745.756493 0.038908
3748.272273 0.026336
3750.788053 0.050780
3753.303833 0.033772
3755.819613 0.028550
3758.335392 0.042397
3760.851172 0.054659
3763.366952 0.050316
3765.882732 0.052761
3768.398511 0.017144
3770.914291 0.047675
3773.430071 0.044287
3775.945851 0.049979
3778.461631 0.041888
3780.977410 0.035816
3783.493190 0.041483
3786.008970 0.059584
3788.524750 0.057355
3791.040530 0.064250
3793.556309 0.056552
3796.072089 0.053173
3798.587869 0.052461
3801.103649 0.041139
3803.619428 0.049926
3806.135208 0.054325
3808.650988 0.053524
3811.166768 0.066322
3813.682548 0.046597
3816.198327 0.065758
3818.714107 0.045433
3821.229887 0.061910
3823.745667 0.064184
3826.261446 0.053658
3828.777226 0.026329
3831.293006 0.040533
3833.808786 0.052077
3836.324566 0.051259
3838.840345 0.036174
3841.356125 0.054403
3843.871905 0.058856
3846.387685 0.045439
3848.903464 0.064715
3851.419244 0.065359
3853.935024 0.039498
3856.450804 0.050205
3858.966584 0.067075
3861.482363 0.069667
3863.998143 0.064429
3866.513923 0.069442
3869.029703 0.110923
3871.545482 0.087440
3874.061262 0.073395
3876.577042 0.054546
3879.092822 0.045928
3881.608602 0.043138
3884.124381 0.039766
3886.640161 0.021605
3889.155941 0.071688
3891.671721 0.047971
3894.187500 0.051232
3896.703280 0.035090
3899.219060 0.060886
3901.734840 0.040051
3904.250620 0.052085
3906.766399 0.048293
3909.282179 0.055593
3911.797959 0.062022
3914.313739 0.058528
3916.829518 0.058839
3919.345298 0.068247
3921.861078 0.069036
3924.376858 0.066036
3926.892638 0.075359
3929.408417 0.057610
3931.924197 0.064555
3934.439977 0.057536
3936.955757 0.030709
3939.471536 0.047284
3941.987316 0.052361
3944.503096 0.057436
3947.018876 0.057209
3949.534656 0.054011
3952.050435 0.048587
3954.566215 0.035223
3957.081995 0.042944
3959.597775 0.065270
3962.113555 0.047163
3964.629334 0.046411
3967.145114 0.063182
3969.660894 0.056941
3972.176674 0.082004
3974.692453 0.045960
3977.208233 0.056585
3979.724013 0.047192
3982.239793 0.043777
3984.755573 0.052654
3987.271352 0.035700
3989.787132 0.054761
3992.302912 0.054358
3994.818692 0.052363
3997.334471 0.038823
3999.850251 0.052105
4002.366031 0.042372
4004.881811 0.069290
4007.397591 0.050621
4009.913370 0.052568
4012.429150 0.052755
4014.944930 0.062524
4017.460710 0.050541
4019.976489 0.063286
4022.492269 0.056525
4025.008049 0.054266
4027.523829 0.040146
4030.039609 0.033776
4032.555388 0.072241
4035.071168 0.075803
4037.586948 0.057534
4040.102728 0.040515
4042.618507 0.049163
4045.134287 0.047048
4047.650067 0.055961
4050.165847 0.050540
4052.681627 0.045873
4055.197406 0.065813
4057.713186 0.059908
4060.228966 0.067167
4062.744746 0.044762
4065.260525 0.037189
4067.776305 0.062672
4070.292085 0.063648
4072.807865 0.048614
4075.323645 0.036641
4077.839424 0.050448
4080.355204 0.058313
4082.870984 0.053342
4085.386764 0.069307
4087.902543 0.053508
4090.418323 0.052104
4092.934103 0.015024
4095.449883 0.036638
4097.965663 0.070388
4100.481442 0.071722
4102.997222 0.073324
4105.513002 0.060698
4108.028782 0.046932
4110.544561 0.046497
4113.060341 0.043074
4115.576121 0.042591
4118.091901 0.051917
4120.607681 0.049081
4123.123460 0.051669
4125.639240 0.043376
4128.155020 0.043252
4130.670800 0.052584
4133.186580 0.043024
4135.702359 0.057371
4138.218139 0.063407
4140.733919 0.044484
4143.249699 0.042733
4145.765478 0.047013
4148.281258 0.043924
4150.797038 0.051487
4153.312818 0.042479
4155.828598 0.051847
4158.344377 0.063034
4188.533735 0.034111
4191.049514 0.030004
4193.565294 0.056986
4196.081074 0.037960
4198.596854 0.041973
4201.112634 0.047622
4203.628413 0.058827
4206.144193 0.055431
4208.659973 0.057277
4211.175753 0.056141
4213.691532 0.045901
4216.207312 0.043292
4218.723092 0.057816
4221.238872 0.054209
4223.754652 0.055213
4226.270431 0.061227
4228.786211 0.064751
4231.301991 0.050303
4233.817771 0.061126
4236.333550 0.055436
4238.849330 0.030655
4241.365110 0.048904
4243.880890 0.073894
4246.396670 0.058750
4248.912449 0.058639
4251.428229 0.042964
4253.944009 0.046780
4256.459789 0.059889
4258.975568 0.061684
4261.491348 0.042542
4264.007128 0.037560
4266.522908 0.039976
4269.038688 0.045071
4271.554467 0.040978
4274.070247 0.036615
4276.586027 0.039872
4279.101807 0.046692
4281.617586 0.063929
4284.133366 0.054139
4286.649146 0.038483
4289.164926 0.031292
4291.680706 0.061972
4294.196485 0.044025
4296.712265 0.039473
4299.228045 0.029188
4301.743825 0.057339
4304.259605 0.054915
4306.775384 0.050683
4309.291164 0.039346
4311.806944 0.033512
4314.322724 0.052143
4316.838503 0.044560
4319.354283 0.033255
4321.870063 0.048238
4324.385843 0.044690
4326.901623 0.042763
4329.417402 0.049992
4331.933182 0.041331
4334.448962 0.033186
4336.964742 0.066832
4339.480521 0.082720
4341.996301 0.096565
4344.512081 0.059876
4347.027861 0.061432
4349.543641 0.047926
4352.059420 0.043864
4354.575200 0.044187
4357.090980 0.030540
4359.606760 0.057542
4362.122539 0.067949
4364.638319 0.062892
4367.154099 0.034410
4369.669879 0.046010
4372.185659 0.062704
4374.701438 0.041455
4377.217218 0.043919
4379.732998 0.062733
4382.248778 0.053582
4384.764557 0.039284
4387.280337 0.055602
4389.796117 0.046751
4392.311897 0.041530
4394.827677 0.045423
4397.343456 0.042753
4399.859236 0.044743
4402.375016 0.058203
4404.890796 0.090200
4407.406575 0.075112
4409.922355 0.086385
4412.438135 0.032868
4414.953915 0.003255
4417.469695 0.026901
4419.985474 0.013857
4422.501254 0.029483
4425.017034 0.044759
4427.532814 0.046007
4430.048593 0.060280
4432.564373 0.052173
4435.080153 0.043314
4437.595933 0.050604
4440.111713 0.036674
4442.627492 0.033747
4445.143272 0.051469
4447.659052 0.060516
4450.174832 0.065011
4452.690611 0.052779
4455.206391 0.045442
4457.722171 0.051687
4460.237951 0.048957
4462.753731 0.040609
4465.269510 0.029876
4467.785290 0.034629
4470.301070 0.043403
4472.816850 0.047069
4475.332630 0.036896
4477.848409 0.032489
4480.364189 0.019350
4482.879969 0.038655
4485.395749 0.033469
4487.911528 0.035546
4490.427308 0.043000
4492.943088 0.050671
4495.458868 0.041449
4497.974648 0.045680
4500.490427 0.040519
4503.006207 0.041738
4505.521987 0.039447
4508.037767 0.033017
4510.553546 0.045061
4513.069326 0.045354
4515.585106 0.044534
4518.100886 0.047912
4520.616666 0.054933
4523.132445 0.039718
4525.648225 0.050487
4528.164005 0.048230
4530.679785 0.054653
4533.195564 0.047214
4535.711344 0.039015
4538.227124 0.044002
4540.742904 0.055006
4543.258684 0.061273
4545.774463 0.024771
4548.290243 0.027669
4550.806023 0.041034
4553.321803 0.030577
4555.837582 0.051548
4558.353362 0.062879
4560.869142 0.060241
4563.384922 0.064884
4565.900702 0.038583
4568.416481 0.048610
4570.932261 0.044161
4573.448041 0.059714
4575.963821 0.053387
4578.479600 0.041976
4580.995380 0.044770
4583.511160 0.049410
4586.026940 0.047983
4588.542720 0.048252
4591.058499 0.047165
4593.574279 0.030946
4596.090059 0.050603
4598.605839 0.043875
4601.121618 0.043479
4603.637398 0.060920
4606.153178 0.053173
4608.668958 0.041722
4611.184738 0.039559
4613.700517 0.034624
4616.216297 0.046810
4618.732077 0.039968
4621.247857 0.047031
4623.763636 0.028075
4626.279416 0.038622
4628.795196 0.050765
4631.310976 0.042376
4633.826756 0.045269
4636.342535 0.028138
4638.858315 0.036004
4641.374095 0.039119
4643.889875 0.049604
4646.405655 0.036659
4648.921434 0.043832
4651.437214 0.047580
4653.952994 0.026548
4656.468774 0.052403
4658.984553 0.048865
4661.500333 0.048024
4664.016113 0.044845
4666.531893 0.041373
4669.047673 0.054195
4671.563452 0.045579
4674.079232 0.024444
4676.595012 0.031383
4679.110792 0.064199
4681.626571 0.046136
4684.142351 0.036900
4686.658131 0.048724
4689.173911 0.040235
4691.689691 0.026281
4694.205470 0.041672
4696.721250 0.048451
4699.237030 0.041721
4701.752810 0.036394
4704.268589 0.034172
4706.784369 0.045661
4709.300149 0.069324
4711.815929 0.106528
4714.331709 0.078130
4716.847488 0.051489
4719.363268 0.017014
4721.879048 -0.012111
4724.394828 0.020356
4726.910607 0.045727
4729.426387 0.048140
4731.942167 0.043214
4734.457947 0.050898
4736.973727 0.041852
4739.489506 0.030044
4742.005286 0.024788
4744.521066 0.031343
4747.036846 0.051461
4749.552625 0.045244
4752.068405 0.042958
4754.584185 0.055421
4757.099965 0.035841
4759.615745 0.051650
4762.131524 0.041690
4764.647304 0.031904
4767.163084 0.024982
4769.678864 0.029898
4772.194643 0.044801
4774.710423 0.038385
4777.226203 0.057794
4779.741983 0.060959
4782.257763 0.036984
4784.773542 0.037361
4787.289322 0.044334
4789.805102 0.044136
4792.320882 0.025457
4794.836662 0.035778
4797.352441 0.051727
4799.868221 0.040748
4802.384001 0.053074
4804.899781 0.053356
4807.415560 0.042683
4809.931340 0.049209
4812.447120 0.034814
4814.962900 0.034329
4817.478680 0.036596
4819.994459 0.025775
4822.510239 0.042086
4825.026019 0.044817
4827.541799 0.045056
4830.057578 0.039408
4832.573358 0.040505
4835.089138 0.040701
4837.604918 0.037170
4840.120698 0.046518
4842.636477 0.047407
4845.152257 0.040290
4847.668037 0.025796
4850.183817 0.025692
4852.699596 0.050188
4855.215376 0.032151
4857.731156 0.064152
4860.246936 0.157228
4862.762716 0.166547
4865.278495 0.124909
4867.794275 0.073576
4870.310055 0.021411
4872.825835 0.037124
4875.341614 0.044826
4877.857394 0.042922
4880.373174 0.030213
4882.888954 0.025939
4885.404734 0.036844
4887.920513 0.043088
4890.436293 0.035615
4892.952073 0.041287
4895.467853 0.044231
4897.983632 0.027373
4900.499412 0.026352
4903.015192 0.027539
4905.530972 0.036937
4908.046752 0.043359
4910.562531 0.019093
4913.078311 0.039701
4915.594091 0.051520
4918.109871 0.036084
4920.625650 0.044563
4923.141430 0.044696
4925.657210 0.039763
4928.172990 0.047516
4930.688770 0.039453
4933.204549 0.043763
4935.720329 0.037355
4938.236109 0.045354
4940.751889 0.037430
4943.267668 0.036148
4945.783448 0.038526
4948.299228 0.034687
4950.815008 0.045170
4953.330788 0.049351
4955.846567 0.108919
4958.362347 0.226092
4960.878127 0.210176
4963.393907 0.102520
4965.909687 0.037966
4968.425466 0.036803
4970.941246 0.032209
4973.457026 0.048746
4975.972806 0.046695
4978.488585 0.054004
4981.004365 0.035442
4983.520145 0.030173
4986.035925 0.060494
4988.551705 0.036821
4991.067484 0.045040
4993.583264 0.047627
4996.099044 0.032332
4998.614824 0.033723
5001.130603 0.043580
5003.646383 0.184198
5006.162163 0.540605
5008.677943 0.593694
5011.193723 0.297586
5013.709502 0.085245
5016.225282 0.042519
5018.741062 0.040137
5021.256842 0.026558
5023.772621 0.039639
5026.288401 0.041463
5028.804181 0.030457
5031.319961 0.026436
5033.835741 0.050655
5036.351520 0.041101
5038.867300 0.026152
5041.383080 0.043302
5043.898860 0.030082
5046.414639 0.033288
5048.930419 0.044090
5051.446199 0.049358
5053.961979 0.040543
5056.477759 0.040304
5058.993538 0.041844
5061.509318 0.031982
5064.025098 0.035958
5066.540878 0.025163
5069.056657 0.044227
5071.572437 0.031524
5074.088217 0.050343
5076.603997 0.051849
5079.119777 0.039867
5081.635556 0.057902
5084.151336 0.030483
5086.667116 0.033484
5089.182896 0.024529
5091.698675 0.026101
5094.214455 0.050320
5096.730235 0.023635
5099.246015 0.020093
5101.761795 0.041092
5104.277574 0.025665
5106.793354 0.036879
5109.309134 0.029854
5111.824914 0.036410
5114.340693 0.023427
5116.856473 0.042615
5119.372253 0.057883
5121.888033 0.024290
5124.403813 0.024143
5126.919592 0.041564
5129.435372 0.030089
5131.951152 0.064688
5134.466932 0.056141
5136.982712 0.036613
5139.498491 0.028715
5142.014271 0.025004
5144.530051 0.014883
5147.045831 0.024826
5149.561610 0.020681
5152.077390 0.031537
5154.593170 0.030162
5157.108950 0.028474
5159.624730 0.024486
5162.140509 0.023263
5164.656289 0.045356
5167.172069 0.030191
5169.687849 0.038211
5172.203628 0.043017
5174.719408 0.026177
5177.235188 0.024136
5179.750968 0.040816
5182.266748 0.050494
5184.782527 0.034839
5187.298307 0.034561
5189.814087 0.025245
5192.329867 0.047512
5194.845646 0.040282
5197.361426 0.036120
5199.877206 0.038142
5202.392986 0.042693
5204.908766 0.042804
5207.424545 0.026886
5209.940325 0.031017
5212.456105 0.034765
5214.971885 0.056199
5217.487664 0.039679
5220.003444 0.031192
5222.519224 0.033882
5225.035004 0.037501
5227.550784 0.040846
5230.066563 0.033032
5232.582343 0.022845
5235.098123 0.029230
5237.613903 0.032890
5240.129682 0.040915
5242.645462 0.032598
5245.161242 0.033067
5247.677022 0.033208
5250.192802 0.032856
5252.708581 0.028956
5255.224361 0.036502
5257.740141 0.040807
5260.255921 0.033510
5262.771700 0.024568
5265.287480 0.029301
5267.803260 0.038131
5270.319040 0.039267
5272.834820 0.028488
5275.350599 0.024297
5277.866379 0.042030
5280.382159 0.026195
5282.897939 0.021826
5285.413718 0.032576
5287.929498 0.038030
5290.445278 0.030608
5292.961058 0.030339
5295.476838 0.036099
5297.992617 0.031074
5300.508397 0.025065
5303.024177 0.033059
5305.539957 0.029205
5308.055737 0.042483
5310.571516 0.031655
5313.087296 0.030897
5315.603076 0.037341
5318.118856 0.038924
5320.634635 0.042949
5323.150415 0.028289
5325.666195 0.032556
5328.181975 0.038746
5330.697755 0.034175
5333.213534 0.035043
5335.729314 0.039568
5338.245094 0.037816
5340.760874 0.044358
5343.276653 0.040434
5345.792433 0.020841
5348.308213 0.035185
5350.823993 0.034097
5353.339773 0.034943
5355.855552 0.032599
5358.371332 0.025325
5360.887112 0.035731
5363.402892 0.035998
5365.918671 0.024549
5368.434451 0.025702
5370.950231 0.028428
5373.466011 0.033433
5375.981791 0.025552
5378.497570 0.024043
5381.013350 0.039140
5383.529130 0.032159
5386.044910 0.023179
5388.560689 0.032340
5391.076469 0.019886
5393.592249 0.016022
5396.108029 0.026562
5398.623809 0.022250
5401.139588 0.030139
5403.655368 0.025019
5406.171148 0.036701
5408.686928 0.032526
5411.202707 0.035625
5413.718487 0.035373
5416.234267 0.022675
5418.750047 0.026354
5421.265827 0.048450
5423.781606 0.030652
5426.297386 0.043032
5428.813166 0.026398
5431.328946 0.025100
5433.844725 0.023695
5436.360505 0.026467
5438.876285 0.030014
5441.392065 0.025445
5443.907845 0.038137
5446.423624 0.032381
5448.939404 0.033564
5451.455184 0.006169
5453.970964 0.027769
5456.486743 0.023529
5459.002523 0.032242
5461.518303 0.046234
5464.034083 0.028129
5466.549863 0.022851
5469.065642 0.035166
5471.581422 0.024715
5474.097202 0.029081
5476.612982 0.031227
5479.128762 0.046336
5481.644541 0.025999
5484.160321 0.041504
5486.676101 0.026721
5489.191881 0.030932
5491.707660 0.031134
5494.223440 0.036514
5496.739220 0.032444
5499.255000 0.038332
5501.770780 0.031786
5504.286559 0.011280
5506.802339 0.054137
5509.318119 0.015826
5511.833899 0.024216
5514.349678 0.045722
5516.865458 0.034067
5519.381238 0.028491
5521.897018 0.056956
5524.412798 0.039861
5526.928577 0.015115
5529.444357 0.011676
5531.960137 0.021644
5534.475917 0.025226
5536.991696 0.034242
5539.507476 0.016416
5542.023256 0.033179
5544.539036 0.044773
5547.054816 0.036052
5549.570595 0.039025
5552.086375 0.018834
5554.602155 0.021069
5557.117935 0.026366
5559.633714 0.034491
5562.149494 0.028061
5564.665274 0.004363
5567.181054 0.024459
5569.696834 0.028480
5572.212613 0.031105
5574.728393 0.036494
5577.244173 0.018736
5579.759953 0.008631
5582.275732 0.030980
5584.791512 0.036484
5587.307292 0.025108
5589.823072 0.022785
5592.338852 0.030301
5594.854631 0.025890
5597.370411 0.015278
5599.886191 0.023552
5602.401971 0.033674
5604.917750 0.025840
5607.433530 0.039194
5609.949310 0.019022
5612.465090 0.037949
5614.980870 0.029235
5617.496649 0.027944
5620.012429 0.018224
5622.528209 0.009466
5625.043989 0.026011
5627.559768 0.008993
5630.075548 0.038363
5632.591328 0.025254
5635.107108 0.027455
5637.622888 0.035517
5640.138667 0.045746
5642.654447 0.034047
5645.170227 0.037101
5647.686007 0.022637
5650.201787 0.006535
5652.717566 0.022272
5655.233346 0.030312
5657.749126 0.012168
5660.264906 0.035076
5662.780685 0.036807
5665.296465 0.031079
5667.812245 0.017473
5670.328025 0.005329
5672.843805 0.019201
5675.359584 0.027415
5677.875364 0.024919
5680.391144 0.040571
5682.906924 0.017384
5685.422703 0.002340
5687.938483 0.006535
5690.454263 0.022030
5692.970043 0.044579
5695.485823 0.028555
5698.001602 0.048771
5700.517382 0.066478
5703.033162 0.033679
5705.548942 0.029257
5708.064721 0.030222
5710.580501 0.034661
5713.096281 0.018014
5715.612061 0.043357
5718.127841 0.004502
5720.643620 0.029152
5723.159400 0.019949
5725.675180 0.041537
5728.190960 0.034955
5730.706739 0.029729
5733.222519 0.019774
5735.738299 0.023867
5738.254079 0.029510
5740.769859 0.034283
5743.285638 0.031680
5745.801418 0.031010
5748.317198 0.017241
5750.832978 0.032733
5753.348757 0.046836
5755.864537 0.019697
5758.380317 0.018307
5760.896097 0.012185
5763.411877 0.033126
5765.927656 0.027016
5768.443436 0.007068
5770.959216 0.004247
5773.474996 0.006504
5775.990775 0.002591
5778.506555 0.018574
5781.022335 0.056136
5783.538115 0.053140
5786.053895 0.031936
5788.569674 0.045130
5791.085454 0.036802
5793.601234 0.024799
5796.117014 0.012982
5798.632793 -0.005807
5801.148573 0.011184
5803.664353 -0.010969
5806.180133 0.014557
5808.695913 0.053474
5811.211692 0.034628
5813.727472 0.059919
5816.243252 0.021588
5818.759032 0.017008
5821.274812 0.026942
5823.790591 0.013570
5826.306371 0.022340
5828.822151 0.032055
5831.337931 0.014659
5833.853710 0.028408
5836.369490 0.039057
5838.885270 0.044157
5841.401050 0.043387
5843.916830 0.018467
5846.432609 0.024427
5848.948389 -0.002630
5851.464169 -0.006433
5853.979949 0.027861
5856.495728 0.031073
5859.011508 0.058109
5861.527288 0.073105
5864.043068 0.036321
5866.558848 0.021496
5869.074627 0.022677
5871.590407 0.026188
5874.106187 0.041410
5876.621967 0.035367
5879.137746 0.050670
5881.653526 0.018268
5884.169306 0.034583
5886.685086 0.021205
5889.200866 0.028120
5891.716645 0.037704
5894.232425 0.038009
5896.748205 0.028602
5899.263985 0.018888
5901.779764 0.030462
5904.295544 0.022864
5906.811324 0.018729
5909.327104 0.045680
5911.842884 0.047281
5914.358663 0.032561
5916.874443 0.017888
5919.390223 -0.011849
5921.906003 0.028652
5924.421782 0.006189
5926.937562 0.032150
5929.453342 0.045316
5931.969122 -0.012447
5934.484902 0.012851
5937.000681 0.037314
5939.516461 0.022212
5942.032241 0.023482
5944.548021 0.026468
5947.063800 0.021379
5949.579580 0.024493
5952.095360 0.030924
5954.611140 0.018144
5957.126920 0.007216
5959.642699 0.034307
5962.158479 0.054559
5964.674259 0.038843
5967.190039 0.037443
5969.705818 0.029593
5972.221598 0.032520
5974.737378 0.034259
5977.253158 0.018576
5979.768938 0.006279
5982.284717 0.013579
5984.800497 0.026231
5987.316277 0.031414
5989.832057 0.032062
5992.347837 0.024351
5994.863616 0.018910
5997.379396 0.028508
5999.895176 0.017909
6002.410956 0.033737
6004.926735 0.047044
6007.442515 0.020734
6009.958295 0.021547
6012.474075 0.002583
6014.989855 0.048626
6017.505634 0.032678
6020.021414 0.027781
6022.537194 0.025282
6025.052974 0.034287
6027.568753 0.010274
6030.084533 0.024145
6032.600313 0.045998
6035.116093 0.024295
6037.631873 0.015103
6040.147652 0.015672
6042.663432 0.028980
6045.179212 0.035935
6047.694992 0.019757
6050.210771 0.035288
6052.726551 0.036406
6055.242331 0.030640
6057.758111 0.022564
6060.273891 0.021473
6062.789670 0.026037
6065.305450 0.038475
6067.821230 0.034406
6070.337010 0.032766
6072.852789 0.030491
6075.368569 0.013551
6077.884349 0.018783
6080.400129 0.027584
6082.915909 0.033015
6085.431688 0.028879
6087.947468 0.018377
6090.463248 0.013481
6092.979028 0.023406
6095.494807 0.012175
6098.010587 0.021734
6100.526367 0.025313
6103.042147 0.032222
6105.557927 0.037335
6108.073706 0.016529
6110.589486 0.024178
6113.105266 0.025545
6115.621046 0.023475
6118.136825 0.025080
6120.652605 0.026880
6123.168385 0.026507
6125.684165 0.027913
6128.199945 0.030977
6130.715724 0.015480
6133.231504 0.016912
6135.747284 0.029819
6138.263064 0.024060
6140.778843 0.029036
6143.294623 0.040111
6145.810403 0.038562
6148.326183 0.025345
6150.841963 0.028611
6153.357742 0.024554
6155.873522 0.026495
6158.389302 0.011389
6160.905082 0.018886
6163.420862 0.033507
6165.936641 0.023110
6168.452421 0.033006
6170.968201 0.026126
6173.483981 0.023620
6175.999760 0.018907
6178.515540 0.024070
6181.031320 0.010273
6183.547100 0.029249
6186.062880 0.024488
6188.578659 0.010360
6191.094439 0.019966
6193.610219 0.045512
6196.125999 0.019921
6198.641778 0.030622
6201.157558 0.055033
6203.673338 0.025815
6206.189118 0.015128
6208.704898 0.062306
6211.220677 0.034277
6213.736457 0.051414
6216.252237 0.026025
6218.768017 0.034775
6221.283796 0.026710
6223.799576 0.012613
6226.315356 -0.000579
6228.831136 0.019290
6231.346916 0.013615
6233.862695 0.043127
6236.378475 0.036080
6238.894255 0.029366
6241.410035 0.046956
6243.925814 0.043531
6246.441594 0.012146
6248.957374 -0.005796
6251.473154 0.026448
6253.988934 0.024842
6256.504713 0.015685
6259.020493 0.016935
6261.536273 0.020046
6264.052053 0.036952
6266.567832 0.039154
6269.083612 0.027544
6271.599392 0.050693
6274.115172 0.034658
6276.630952 0.044913
6279.146731 0.020798
6281.662511 0.029228
6284.178291 0.071001
6286.694071 0.036254
6289.209850 0.001458
6291.725630 -0.022872
6294.241410 0.032550
6296.757190 0.028700
6299.272970 0.051409
6301.788749 0.057839
6304.304529 0.020775
6306.820309 0.047188
6309.336089 0.047884
6311.851868 0.048400
6314.367648 0.001107
6316.883428 -0.023540
6319.399208 0.030057
6321.914988 0.029289
6324.430767 0.023964
6326.946547 0.029506
6329.462327 0.019513
6331.978107 0.014007
6334.493887 0.046833
6337.009666 0.027132
6339.525446 0.022264
6342.041226 -0.025907
6344.557006 0.012633
6347.072785 0.006490
6349.588565 0.010719
6352.104345 0.023076
6354.620125 0.028669
6357.135905 0.003969
6359.651684 0.024314
6362.167464 0.052984
6364.683244 0.074356
6367.199024 0.010141
6369.714803 0.043069
6372.230583 0.016299
6374.746363 0.027515
6377.262143 0.024161
6379.777923 0.019747
6382.293702 0.013934
6384.809482 0.006713
6387.325262 0.037069
6389.841042 0.041408
6392.356821 0.042432
6394.872601 0.032657
6397.388381 0.035983
6399.904161 -0.000422
6402.419941 -0.009177
6404.935720 0.018193
6407.451500 0.005869
6409.967280 0.021952
6412.483060 0.027738
6414.998839 0.033106
6417.514619 0.021282
6420.030399 0.023109
6422.546179 0.022221
6425.061959 0.025080
6427.577738 0.042437
6430.093518 0.031369
6432.609298 0.028329
6435.125078 0.032620
6437.640857 0.017437
6440.156637 0.028689
6442.672417 0.035065
6445.188197 0.028965
6447.703977 0.033352
6450.219756 0.065275
6452.735536 0.075377
6455.251316 0.006449
6457.767096 0.069578
6460.282875 0.057520
6462.798655 0.011085
6465.314435 0.004418
6467.830215 -0.043368
6470.345995 0.022257
6472.861774 0.037873
6475.377554 0.039968
6477.893334 0.074112
6480.409114 0.027833
6482.924893 0.024379
6485.440673 0.030774
6487.956453 0.002206
6490.472233 0.000033
6492.988013 -0.031485
6495.503792 0.013545
6498.019572 -0.029731
6500.535352 0.012518
6503.051132 0.011621
6505.566912 0.015967
6508.082691 0.019513
6510.598471 0.035794
6513.114251 0.044331
6515.630031 0.029964
6518.145810 0.036013
6520.661590 0.042695
6523.177370 0.014304
6525.693150 -0.001104
6528.208930 0.030214
6530.724709 0.030673
6533.240489 0.025373
6535.756269 0.033381
6538.272049 0.036648
6540.787828 0.032088
6543.303608 0.026053
6545.819388 0.025598
6548.335168 0.025678
6550.850948 0.037824
6553.366727 0.069156
6555.882507 0.082985
6558.398287 0.103701
6560.914067 0.237270
6563.429846 0.428954
6565.945626 0.449208
6568.461406 0.157427
6570.977186 -0.008345
6573.492966 -0.009186
6576.008745 0.014838
6578.524525 0.047413
6581.040305 0.038176
6583.556085 0.050860
6586.071864 0.021946
6588.587644 0.030896
6591.103424 0.024523
6593.619204 0.014870
6596.134984 0.035827
6598.650763 0.029336
6601.166543 0.016321
6603.682323 0.172969
6606.198103 0.045347
6608.713882 0.087167
6611.229662 0.089036
6613.745442 -0.109220
6616.261222 -0.025257
6618.777002 -0.010170
6621.292781 0.008772
6623.808561 -0.007973
6626.324341 0.018633
6628.840121 0.023749
6631.355900 0.017974
6633.871680 0.031587
6636.387460 0.030442
6638.903240 0.015682
6641.419020 -0.001112
6643.934799 -0.042115
6646.450579 0.104462
6648.966359 0.173775
6651.482139 0.013844
6653.997918 -0.015051
6656.513698 -0.031582
6659.029478 0.016940
6661.545258 0.053721
6664.061038 0.014858
6666.576817 0.015618
6669.092597 -0.030557
6671.608377 0.080518
6674.124157 0.164062
6676.639937 0.094249
6679.155716 0.027322
6681.671496 -0.093783
6684.187276 -0.051982
6686.703056 0.008007
6689.218835 0.006704
6691.734615 0.059329
6694.250395 0.020988
6696.766175 0.001467
6699.281955 0.002887
6701.797734 0.112910
6704.313514 0.065907
6706.829294 0.010072
6709.345074 -0.017782
6711.860853 -0.045586
6714.376633 0.036649
6716.892413 0.058543
6719.408193 0.056906
6721.923973 0.052576
6724.439752 0.031919
6726.955532 0.031994
6729.471312 0.025487
6731.987092 0.026475
6734.502871 0.035189
6737.018651 0.022159
6739.534431 0.007150
6742.050211 0.030069
6744.565991 0.008974
6747.081770 0.030961
6749.597550 0.024556
6752.113330 0.003866
6754.629110 0.024576
6757.144889 0.020252
6759.660669 0.033627
6762.176449 0.030111
6764.692229 0.037834
6767.208009 0.054625
6769.723788 -0.021650
6772.239568 -0.007742
6774.755348 0.030933
6777.271128 0.020337
6779.786907 0.007692
6782.302687 0.002900
6784.818467 0.006274
6787.334247 0.007363
6789.850027 0.029443
6792.365806 0.024576
6794.881586 0.015760
6797.397366 0.019175
6799.913146 0.040235
6802.428925 0.041145
6804.944705 0.033476
6807.460485 0.005727
6809.976265 0.006090
6812.492045 0.027444
6815.007824 0.010568
6817.523604 0.021575
6820.039384 0.009889
6822.555164 0.016693
6825.070943 -0.010939
6827.586723 0.018999
6830.102503 0.024254
6832.618283 0.024215
6835.134063 0.037106
6837.649842 0.031288
6840.165622 0.022805
6842.681402 0.011051
6845.197182 0.034506
6847.712962 0.034383
6850.228741 0.016785
6852.744521 0.019551
6855.260301 0.045075
6857.776081 -0.005907
6860.291860 0.024357
6862.807640 0.013942
6865.323420 0.019196
6867.839200 0.040553
6870.354980 0.025057
6872.870759 0.045861
6875.386539 0.023405
6877.902319 0.045694
6880.418099 0.028956
6882.933878 0.015828
6885.449658 0.019878
6887.965438 0.024347
6890.481218 0.026802
6892.996998 0.009278
6895.512777 0.033070
6898.028557 0.032930
6900.544337 0.029170
6903.060117 0.030908
6905.575896 0.022719
6908.091676 0.011536
6910.607456 0.039256
6913.123236 0.002579
6915.639016 0.012157
6918.154795 0.056208
6920.670575 0.038360
6923.186355 0.016011
6925.702135 0.011004
