2542.749589 0.015778
2544.643058 0.005329
2546.536528 0.007344
2548.429998 0.005943
2550.323468 -0.001853
2552.216938 -0.002485
2554.110407 0.007003
2556.003877 -0.001911
2557.897347 0.015420
2559.790817 -0.002963
2561.684286 0.017782
2563.577756 0.000569
2565.471226 0.005757
2567.364696 0.005617
2569.258166 0.015822
2571.151635 0.009705
2573.045105 0.001876
2574.938575 0.003220
2576.832045 0.014648
2578.725515 -0.004060
2580.618984 0.002524
2582.512454 0.001253
2584.405924 0.003847
2586.299394 0.002188
2588.192863 0.000623
2590.086333 0.012703
2591.979803 -0.001708
2593.873273 0.003625
2595.766743 0.019794
2597.660212 -0.002356
2599.553682 -0.001968
2601.447152 0.005731
2603.340622 0.005985
2605.234091 -0.000554
2607.127561 -0.000201
2609.021031 0.014357
2610.914501 0.018098
2612.807971 0.020013
2614.701440 0.026045
2616.594910 0.018673
2618.488380 0.014555
2620.381850 0.019816
2622.275320 0.006919
2624.168789 0.013563
2626.062259 0.015626
2627.955729 0.001217
2629.849199 0.006951
2631.742668 0.004245
2633.636138 0.006218
2635.529608 0.004008
2637.423078 0.007392
2639.316548 0.012641
2641.210017 0.000571
2643.103487 0.002964
2644.996957 0.008369
2646.890427 0.016561
2648.783896 0.014229
2650.677366 0.014417
2652.570836 0.019477
2654.464306 0.001444
2656.357776 0.003905
2658.251245 -0.001095
2660.144715 0.014102
2662.038185 0.030237
2663.931655 0.004528
2665.825125 0.006177
2667.718594 0.010100
2669.612064 0.023530
2671.505534 0.010156
2673.399004 0.002408
2675.292473 -0.001065
2677.185943 0.009156
2679.079413 0.006053
2680.972883 -0.001800
2682.866353 0.006511
2684.759822 0.020301
2686.653292 0.005038
2688.546762 -0.003506
2690.440232 0.006405
2692.333702 0.030552
2694.227171 0.008108
2696.120641 0.005507
2698.014111 0.004808
2699.907581 0.020441
2701.801050 0.012857
2703.694520 0.007080
2705.587990 0.012622
2707.481460 0.007704
2709.374930 0.004525
2711.268399 0.013944
2713.161869 0.007933
2715.055339 0.008023
2716.948809 0.005212
2718.842278 0.013712
2720.735748 0.004263
2722.629218 0.011878
2724.522688 0.014492
2726.416158 0.006846
2728.309627 0.011687
2730.203097 0.004494
2732.096567 0.005333
2733.990037 0.013504
2735.883507 0.018679
2737.776976 0.016928
2739.670446 0.016900
2741.563916 0.010026
2743.457386 0.008246
2745.350855 0.012648
2747.244325 0.004931
2749.137795 0.019326
2751.031265 0.020046
2752.924735 0.010566
2754.818204 -0.001834
2756.711674 0.015560
2758.605144 0.005371
2760.498614 0.014759
2762.392083 0.006638
2764.285553 0.017364
2766.179023 0.009630
2768.072493 0.011387
2769.965963 0.007899
2771.859432 0.008306
2773.752902 0.013810
2775.646372 0.011009
2777.539842 0.006229
2779.433312 0.011454
2781.326781 0.001040
2783.220251 0.001810
2785.113721 0.004750
2787.007191 -0.000656
2788.900660 0.004112
2790.794130 0.004360
2792.687600 -0.000422
2794.581070 -0.002339
2796.474540 0.007962
2798.368009 0.001477
2800.261479 0.010557
2802.154949 0.003532
2804.048419 0.010860
2805.941889 0.012678
2807.835358 0.013257
2809.728828 0.008179
2811.622298 0.010409
2813.515768 0.001780
2815.409237 0.001804
2817.302707 0.025468
2819.196177 0.008208
2821.089647 0.016030
2822.983117 0.012613
2824.876586 0.000434
2826.770056 0.017576
2828.663526 0.006758
2830.556996 0.012166
2832.450465 0.011886
2834.343935 0.004369
2836.237405 0.008513
2838.130875 0.005646
2840.024345 0.007085
2841.917814 0.005817
2843.811284 0.009144
2845.704754 0.008050
2847.598224 0.005648
2849.491694 0.002293
2851.385163 0.017100
2853.278633 0.018729
2855.172103 0.022868
2857.065573 0.005320
2858.959042 0.001515
2860.852512 0.010345
2862.745982 0.027757
2864.639452 0.015197
2866.532922 0.012872
2868.426391 0.008794
2870.319861 0.016549
2872.213331 0.013012
2874.106801 0.001742
2876.000270 0.008093
2877.893740 0.004055
2879.787210 0.001397
2881.680680 0.015343
2883.574150 0.011889
2885.467619 -0.000037
2887.361089 0.004309
2889.254559 0.007399
2891.148029 0.016611
2893.041499 -0.009278
2894.934968 0.014160
2896.828438 0.001582
2898.721908 0.016533
2900.615378 0.017747
2902.508847 0.016219
2904.402317 0.027800
2906.295787 0.011961
2908.189257 0.004378
2910.082727 0.009949
2911.976196 0.007655
2913.869666 0.012412
2915.763136 0.007513
2917.656606 0.007382
2919.550076 0.015126
2921.443545 0.002134
2923.337015 -0.005642
2925.230485 0.008521
2927.123955 0.012668
2929.017424 0.016616
2930.910894 0.012596
2932.804364 -0.002343
2934.697834 0.011383
2936.591304 0.000671
2938.484773 0.008530
2940.378243 0.007047
2942.271713 0.025354
2944.165183 0.018460
2946.058652 0.004915
2947.952122 0.013054
2949.845592 0.015791
2951.739062 0.007951
2953.632532 0.014948
2955.526001 0.014884
2957.419471 0.016224
2959.312941 0.010235
2961.206411 0.015413
2963.099881 0.020997
2964.993350 0.024187
2966.886820 0.005778
2968.780290 0.001343
2970.673760 0.018160
2972.567229 0.008389
2974.460699 0.007697
2976.354169 0.007479
2978.247639 0.007220
2980.141109 0.000199
2982.034578 -0.007250
2983.928048 0.008107
2985.821518 0.019402
2987.714988 0.015583
2989.608457 0.019224
2991.501927 0.017719
2993.395397 0.004863
2995.288867 0.003230
2997.182337 0.015196
2999.075806 0.019197
3000.969276 0.008686
3002.862746 0.018498
3004.756216 0.018079
3006.649686 0.010030
3008.543155 0.012184
3010.436625 0.011476
3012.330095 0.014034
3014.223565 0.010030
3016.117034 0.011435
3018.010504 0.010774
3019.903974 0.014360
3021.797444 0.007657
3023.690914 0.018413
3025.584383 0.012087
3027.477853 0.000168
3029.371323 0.020431
3031.264793 0.005124
3033.158263 0.008970
3035.051732 0.005459
3036.945202 0.019136
3038.838672 0.002988
3040.732142 0.014197
3042.625611 0.022213
3044.519081 0.015484
3046.412551 0.020789
3048.306021 0.011558
3050.199491 0.007015
3052.092960 0.008570
3053.986430 0.012977
3055.879900 0.010042
3057.773370 0.012477
3059.666839 0.009320
3061.560309 0.014969
3063.453779 0.000766
3065.347249 0.013632
3067.240719 0.022388
3069.134188 0.015993
3071.027658 0.018437
3072.921128 0.014556
3074.814598 0.009674
3076.708068 0.011610
3078.601537 0.008417
3080.495007 0.012576
3082.388477 0.012321
3084.281947 0.015130
3086.175416 0.013580
3088.068886 0.008962
3089.962356 0.017325
3091.855826 0.009042
3093.749296 0.018701
3095.642765 0.009251
3097.536235 0.009849
3099.429705 0.021203
3101.323175 0.020856
3103.216645 0.008922
3105.110114 0.019858
3107.003584 0.022867
3108.897054 0.011599
3110.790524 0.009446
3112.683993 0.007962
3114.577463 0.011684
3116.470933 0.014609
3118.364403 0.012222
3120.257873 0.011973
3122.151342 0.002356
3124.044812 0.011129
3125.938282 0.007118
3127.831752 0.004266
3129.725221 0.012166
3131.618691 0.010089
3133.512161 -0.000359
3135.405631 0.004414
3154.340329 -0.005698
3156.233798 0.014815
3158.127268 0.007237
3160.020738 0.017501
3161.914208 0.012370
3163.807678 0.008242
3165.701147 0.015694
3167.594617 0.007037
3169.488087 0.018239
3171.381557 0.014646
3173.275026 0.015007
3175.168496 0.019726
3177.061966 0.016688
3178.955436 0.011346
3180.848906 0.021273
3182.742375 0.017530
3184.635845 0.010662
3186.529315 0.008116
3188.422785 0.009401
3190.316255 0.008285
3192.209724 0.011162
3194.103194 0.019799
3195.996664 0.012898
3197.890134 0.005903
3199.783603 0.010901
3201.677073 -0.000350
3203.570543 0.011288
3205.464013 0.004887
3207.357483 0.016535
3209.250952 0.019563
3211.144422 0.011435
3213.037892 0.005864
3214.931362 0.021472
3216.824832 0.021115
3218.718301 0.015636
3220.611771 0.011910
3222.505241 0.016545
3224.398711 0.006735
3226.292180 0.009545
3228.185650 0.007678
3230.079120 0.018538
3231.972590 0.001585
3233.866060 0.010704
3235.759529 0.022649
3237.652999 0.005187
3239.546469 0.013336
3241.439939 0.005650
3243.333408 0.016091
3245.226878 0.017203
3247.120348 0.008011
3249.013818 0.014819
3250.907288 0.012337
3252.800757 0.011773
3254.694227 0.016348
3256.587697 -0.000404
3258.481167 0.004593
3260.374637 0.019468
3262.268106 0.009505
3264.161576 0.010689
3266.055046 0.003836
3267.948516 0.007766
3269.841985 0.014910
3271.735455 0.010596
3273.628925 0.011275
3275.522395 0.006861
3277.415865 -0.003276
3279.309334 0.013615
3281.202804 0.014261
3283.096274 0.016651
3284.989744 0.014646
3286.883213 0.012475
3288.776683 0.003322
3290.670153 0.021297
3292.563623 0.010204
3294.457093 0.001002
3296.350562 0.018358
3298.244032 0.025673
3300.137502 0.016358
3302.030972 0.005125
3303.924442 0.019904
3305.817911 0.026240
3307.711381 0.025976
3309.604851 0.012274
3334.219958 0.021122
3336.113428 0.023013
3338.006898 0.006637
3339.900367 0.011682
3341.793837 0.009670
3343.687307 0.020243
3345.580777 0.018825
3347.474247 0.003410
3349.367716 0.014029
3351.261186 0.022092
3353.154656 0.022258
3355.048126 0.021858
3356.941595 0.012744
3358.835065 0.009538
3360.728535 0.008875
3362.622005 0.014484
3364.515475 0.019551
3366.408944 0.014035
3368.302414 0.007706
3370.195884 0.008115
3372.089354 0.007503
3373.982824 0.011667
3375.876293 0.010400
3377.769763 0.007656
3379.663233 0.010240
3381.556703 0.009958
3383.450172 0.004472
3385.343642 0.003186
3387.237112 0.012062
3389.130582 0.012069
3391.024052 0.016368
3392.917521 0.007010
3394.810991 0.013997
3396.704461 0.017552
3398.597931 0.002213
3400.491400 -0.009928
3402.384870 0.005813
3404.278340 0.014157
3406.171810 0.019936
3408.065280 0.013958
3409.958749 0.013172
3411.852219 0.018590
3413.745689 0.018565
3415.639159 0.014038
3417.532629 0.017952
3419.426098 0.005289
3421.319568 -0.000389
3423.213038 0.007763
3425.106508 0.012200
3426.999977 0.013477
3428.893447 0.010869
3430.786917 0.002054
3432.680387 0.012356
3434.573857 0.013780
3436.467326 0.016518
3438.360796 0.019238
3440.254266 0.017913
3442.147736 0.010535
3444.041206 0.023892
3445.934675 0.016302
3447.828145 0.012585
3449.721615 0.012662
3451.615085 0.010139
3453.508554 0.011048
3455.402024 0.011964
3457.295494 0.011762
3459.188964 0.008968
3461.082434 0.012074
3462.975903 0.008108
3464.869373 0.014514
3466.762843 0.017240
3468.656313 0.014101
3470.549782 0.012009
3472.443252 0.011109
3474.336722 0.004294
3476.230192 0.000819
3478.123662 0.001650
3480.017131 0.006623
3481.910601 0.007958
3483.804071 0.010556
3485.697541 0.007626
3487.591011 0.013540
3489.484480 0.002311
3491.377950 0.007121
3493.271420 0.017440
3495.164890 0.016295
3497.058359 0.018970
3498.951829 0.013445
3500.845299 0.014640
3502.738769 0.008787
3504.632239 0.024975
3506.525708 0.023791
3508.419178 0.013312
3510.312648 0.008060
3512.206118 0.020647
3514.099587 0.005593
3515.993057 0.011503
3517.886527 0.008216
3519.779997 0.012008
3521.673467 0.006322
3523.566936 0.011411
3525.460406 0.027830
3527.353876 0.007104
3529.247346 0.005868
3531.140816 0.015423
3533.034285 0.014278
3534.927755 0.017152
3536.821225 0.014941
3538.714695 0.006517
3540.608164 0.019087
3542.501634 0.017281
3544.395104 0.022637
3546.288574 0.009250
3548.182044 0.011657
3550.075513 0.013230
3551.968983 0.023279
3553.862453 0.008957
3555.755923 0.022252
3557.649393 0.020343
3559.542862 0.008922
3561.436332 0.000015
3563.329802 -0.006648
3565.223272 0.010921
3567.116741 0.003480
3569.010211 0.007981
3570.903681 0.013391
3572.797151 0.007225
3574.690621 0.008843
3576.584090 0.015272
3578.477560 0.024252
3580.371030 0.012667
3582.264500 0.015756
3584.157969 0.014221
3586.051439 0.015171
3587.944909 0.012484
3589.838379 0.003762
3591.731849 0.010088
3593.625318 0.016922
3595.518788 0.014450
3597.412258 0.017522
3599.305728 0.016557
3601.199198 0.022503
3603.092667 0.015151
3604.986137 0.009536
3606.879607 0.009945
3608.773077 0.009400
3610.666546 0.011000
3612.560016 0.010776
3614.453486 0.016503
3616.346956 0.013594
3618.240426 0.015180
3620.133895 0.002156
3622.027365 0.015104
3623.920835 0.014362
3625.814305 0.009960
3627.707774 0.014191
3629.601244 0.008737
3631.494714 0.008341
3633.388184 0.012472
3635.281654 0.017691
3637.175123 0.001799
3639.068593 0.003477
3640.962063 0.006758
3642.855533 0.011084
3644.749003 0.014007
3646.642472 0.011221
3648.535942 0.012248
3650.429412 0.010054
3652.322882 0.015633
3654.216351 0.020882
3656.109821 0.013431
3658.003291 0.016809
3659.896761 0.019587
3661.790231 0.009922
3663.683700 0.004633
3665.577170 0.003456
3667.470640 0.008165
3669.364110 0.011969
3671.257580 0.007708
3673.151049 0.009508
3675.044519 0.001492
3676.937989 -0.001115
3678.831459 0.012435
3680.724928 0.016907
3682.618398 0.010039
3684.511868 0.019317
3686.405338 0.017795
3688.298808 0.009653
3690.192277 0.007270
3692.085747 0.018152
3693.979217 0.008332
3695.872687 -0.007704
3697.766156 0.017479
3699.659626 0.012378
3701.553096 -0.003572
3703.446566 0.014138
3705.340036 0.014939
3707.233505 0.007356
3709.126975 0.006379
3711.020445 0.009138
3712.913915 0.009596
3714.807385 0.010512
3716.700854 0.004094
3718.594324 0.018320
3720.487794 0.024532
3722.381264 0.008094
3724.274733 0.027329
3726.168203 0.053093
3728.061673 0.054147
3729.955143 0.045371
3731.848613 0.036187
3733.742082 0.020304
3735.635552 0.015938
3737.529022 0.018489
3739.422492 0.008456
3741.315961 0.006000
3743.209431 0.002536
3745.102901 0.008495
3746.996371 0.015578
3748.889841 0.012438
3750.783310 0.011156
3752.676780 0.015756
3754.570250 0.012865
3756.463720 0.017087
3758.357190 0.008465
3760.250659 0.007120
3762.144129 0.019384
3764.037599 0.011225
3765.931069 0.011366
3767.824538 0.016130
3769.718008 0.006805
3771.611478 0.008889
3773.504948 0.015747
3775.398418 0.016938
3777.291887 0.013261
3779.185357 0.020236
3781.078827 0.016183
3782.972297 0.013980
3784.865767 0.020574
3786.759236 0.019661
3788.652706 0.003109
3790.546176 0.009220
3792.439646 0.023772
3794.333115 0.021863
3796.226585 0.019162
3798.120055 0.012038
3800.013525 0.020230
3801.906995 0.024994
3803.800464 0.012234
3805.693934 0.009497
3807.587404 0.017218
3809.480874 0.023042
3811.374343 0.023762
3813.267813 0.014670
3815.161283 0.013884
3817.054753 0.021666
3818.948223 0.009533
3820.841692 0.003148
3822.735162 0.015212
3824.628632 0.017786
3826.522102 0.009465
3828.415572 0.006531
3830.309041 0.016871
3832.202511 0.015579
3834.095981 0.013706
3835.989451 0.021401
3837.882920 0.005867
3839.776390 0.010829
3841.669860 0.015104
3843.563330 0.010482
3845.456800 0.006918
3847.350269 0.026373
3849.243739 0.024466
3851.137209 0.018324
3853.030679 0.029322
3854.924149 0.016244
3856.817618 0.015728
3858.711088 0.016212
3860.604558 0.008675
3862.498028 0.008051
3864.391497 0.024981
3866.284967 0.013904
3868.178437 -0.009301
3870.071907 -0.015797
3871.965377 0.020774
3873.858846 0.020182
3875.752316 0.004947
3877.645786 0.013238
3879.539256 0.019273
3881.432725 0.014577
3883.326195 0.020197
3885.219665 0.022126
3887.113135 0.013306
3889.006605 0.003591
3890.900074 0.010218
3892.793544 0.006369
3894.687014 0.014108
3896.580484 0.011662
3898.473954 0.005184
3900.367423 0.012189
3902.260893 0.008221
3904.154363 0.006645
3906.047833 0.014765
3907.941302 0.016858
3909.834772 0.018995
3911.728242 0.019337
3913.621712 0.016677
3915.515182 0.024294
3917.408651 0.023411
3919.302121 0.013852
3921.195591 0.025767
3923.089061 0.026255
3924.982530 0.017311
3926.876000 0.017448
3928.769470 0.007393
3930.662940 0.015929
3932.556410 0.019986
3934.449879 0.011989
3936.343349 0.007794
3938.236819 0.016199
3940.130289 0.016763
3942.023759 0.017299
3943.917228 0.023848
3945.810698 0.018367
3947.704168 0.016485
3949.597638 0.021623
3951.491107 0.021169
3953.384577 0.021153
3955.278047 0.017811
3957.171517 0.021754
3959.064987 0.017446
3960.958456 0.021208
3962.851926 0.014699
3964.745396 0.015883
3966.638866 0.020592
3968.532336 0.022259
3970.425805 0.014567
3972.319275 0.007958
3974.212745 0.000833
3976.106215 0.014587
3977.999684 0.020247
3979.893154 0.015117
3981.786624 0.026066
3983.680094 0.019385
3985.573564 0.018585
3987.467033 0.016083
3989.360503 0.015665
3991.253973 0.011458
3993.147443 0.011811
3995.040912 0.014449
3996.934382 0.024447
3998.827852 0.020410
4000.721322 0.018664
4002.614792 0.023649
4004.508261 0.013971
4006.401731 0.020263
4008.295201 0.018331
4010.188671 0.022519
4012.082141 0.018091
4013.975610 0.018081
4015.869080 0.028930
4017.762550 0.021247
4019.656020 0.026397
4021.549489 0.022147
4023.442959 0.019226
4025.336429 0.018481
4027.229899 0.013592
4029.123369 0.017827
4031.016838 0.021160
4032.910308 0.018016
4034.803778 0.017328
4036.697248 0.028991
4038.590717 0.024024
4040.484187 0.010061
4042.377657 0.016934
4044.271127 0.020008
4046.164597 0.011137
4048.058066 0.016023
4049.951536 0.018305
4051.845006 0.019176
4053.738476 0.012690
4055.631946 0.022142
4057.525415 0.015068
4059.418885 0.024742
4061.312355 0.015505
4063.205825 0.020643
4065.099294 0.021403
4066.992764 0.013367
4068.886234 0.016779
4070.779704 0.013578
4072.673174 0.007854
4074.566643 0.012844
4076.460113 0.024808
4078.353583 0.019154
4080.247053 0.022069
4082.140523 0.029758
4084.033992 -0.003775
4085.927462 0.010066
4087.820932 0.006969
4089.714402 0.016207
4091.607871 0.021621
4093.501341 0.022737
4095.394811 0.003849
4097.288281 0.019791
4099.181751 0.023039
4101.075220 0.033817
4102.968690 0.034715
4104.862160 0.003210
4106.755630 0.012917
4108.649099 0.010917
4110.542569 0.035934
4112.436039 0.008090
4114.329509 0.003216
4116.222979 0.036437
4118.116448 0.019789
4120.009918 0.000255
4121.903388 0.016240
4123.796858 0.044530
4125.690328 0.027153
4127.583797 0.035985
4129.477267 0.032054
4131.370737 0.008188
4133.264207 0.016866
4135.157676 0.027700
4137.051146 0.053275
4138.944616 0.028384
4140.838086 0.026940
4142.731556 0.017761
4144.625025 0.009084
4146.518495 0.018449
4148.411965 0.017351
4150.305435 0.026226
4152.198904 0.024820
4154.092374 0.005283
4155.985844 0.005927
4157.879314 0.027903
4159.772784 0.012389
4161.666253 0.022206
4163.559723 0.026658
4165.453193 0.019519
4167.346663 0.019367
4169.240133 0.012457
4171.133602 0.026029
4173.027072 0.027079
4174.920542 0.003726
4176.814012 0.022885
4178.707481 0.006136
4180.600951 0.011153
4182.494421 0.018258
4184.387891 0.020495
4186.281361 0.015338
4188.174830 -0.004697
4190.068300 0.004405
4191.961770 0.016880
4193.855240 0.021797
4195.748710 0.023077
4197.642179 0.020049
4199.535649 0.019616
4201.429119 0.016555
4203.322589 0.019669
4205.216058 0.010990
4207.109528 0.006257
4209.002998 0.007638
4210.896468 0.003566
4212.789938 0.029271
4214.683407 0.033069
4216.576877 0.029063
4218.470347 0.026849
4220.363817 0.020805
4222.257286 0.019003
4224.150756 0.014216
4226.044226 0.006990
4227.937696 0.018106
4229.831166 0.019048
4231.724635 0.018105
4233.618105 0.016463
4235.511575 0.024037
4237.405045 0.027414
4239.298515 0.027288
4241.191984 0.025177
4243.085454 -0.000824
4244.978924 0.012695
4246.872394 0.020717
4248.765863 0.009129
4250.659333 0.018605
4252.552803 0.027384
4254.446273 0.017283
4256.339743 0.015913
4258.233212 0.019077
4260.126682 0.026701
4262.020152 0.017960
4263.913622 0.021199
4265.807091 0.028199
4267.700561 0.011825
4269.594031 0.020511
4271.487501 0.004654
4273.380971 0.005722
4275.274440 0.019687
4277.167910 0.028277
4279.061380 0.023565
4280.954850 0.020974
4282.848320 0.023959
4284.741789 -0.014795
4286.635259 0.016720
4288.528729 0.008520
4290.422199 0.034844
4292.315668 0.016888
4294.209138 0.031585
4296.102608 0.030806
4297.996078 0.006947
4299.889548 0.035675
4301.783017 0.026267
4303.676487 0.008691
4305.569957 0.003143
4307.463427 0.033432
4309.356897 0.009598
4311.250366 0.018219
4313.143836 0.027496
4315.037306 0.008596
4316.930776 0.026359
4318.824245 0.021161
4320.717715 0.015731
4322.611185 0.016476
4324.504655 0.017689
4326.398125 0.011431
4328.291594 0.021433
4330.185064 0.001480
4332.078534 0.015993
4333.972004 0.015121
4335.865473 0.003616
4337.758943 0.005907
4339.652413 0.020249
4341.545883 0.029391
4343.439353 0.003686
4345.332822 0.051901
4347.226292 0.005797
4349.119762 0.009684
4351.013232 0.005744
4352.906702 0.024731
4354.800171 0.022415
4356.693641 0.012915
4358.587111 0.015246
4360.480581 0.010753
4362.374050 0.018294
4364.267520 0.035761
4366.160990 0.022625
4368.054460 -0.000157
4369.947930 0.000735
4371.841399 0.008983
4373.734869 0.030651
4375.628339 0.009815
4377.521809 0.014643
4379.415278 0.010416
4381.308748 0.014633
4383.202218 0.018105
4385.095688 0.006285
4386.989158 0.020803
4388.882627 0.034438
4390.776097 0.032462
4392.669567 0.028789
4394.563037 0.007081
4396.456507 0.021146
4398.349976 0.032408
4400.243446 0.021792
4402.136916 0.017956
4404.030386 0.007704
4405.923855 0.030951
4407.817325 0.016104
4409.710795 -0.013094
4411.604265 0.005706
4413.497735 0.013881
4415.391204 0.014162
4417.284674 0.028485
4419.178144 0.031452
4421.071614 0.015959
4422.965084 -0.003273
4424.858553 0.010537
4426.752023 0.014471
4428.645493 0.005520
4430.538963 -0.002416
4432.432432 0.032307
4434.325902 0.024089
4436.219372 0.024375
4438.112842 0.014780
4440.006312 0.010106
4441.899781 0.028216
4443.793251 0.020888
4445.686721 0.015272
4447.580191 0.014142
4449.473660 0.000696
4451.367130 0.010171
4453.260600 0.015544
4455.154070 0.022633
4457.047540 0.039145
4458.941009 0.080985
4460.834479 0.054219
4462.727949 -0.004662
4464.621419 0.016966
4466.514889 0.010926
4468.408358 0.004575
4470.301828 0.025838
4472.195298 -0.002856
4474.088768 0.014282
4475.982237 0.028460
4477.875707 0.028153
4479.769177 0.018165
4481.662647 0.020543
4483.556117 0.022290
4485.449586 0.038336
4487.343056 0.025367
4489.236526 0.028927
4491.129996 0.009629
4493.023466 0.039446
4494.916935 0.019373
4496.810405 0.031973
4498.703875 0.016964
4500.597345 0.023302
4502.490814 0.062044
4504.384284 0.029345
4506.277754 0.040194
4508.171224 0.018710
4510.064694 0.014369
4511.958163 0.025726
4513.851633 0.022520
4515.745103 0.025695
4517.638573 0.022322
4519.532042 0.019829
4521.425512 0.009581
4523.318982 0.021537
4525.212452 0.013606
4527.105922 0.011490
4528.999391 0.025371
4530.892861 0.029478
4532.786331 0.033117
4534.679801 0.025054
4536.573271 0.013698
4538.466740 0.006480
4540.360210 0.024643
4542.253680 0.024807
4544.147150 0.023362
4546.040619 0.011206
4547.934089 0.002815
4549.827559 0.016578
4551.721029 0.031926
4553.614499 0.017519
4555.507968 0.018755
4557.401438 0.030684
4559.294908 0.026416
4561.188378 0.013766
4563.081847 0.011465
4564.975317 0.022058
4566.868787 0.032451
4568.762257 0.012832
4570.655727 0.019786
4572.549196 0.037286
4574.442666 0.029441
4576.336136 0.020578
4578.229606 0.033577
4580.123076 0.029814
4582.016545 0.018785
4583.910015 0.022503
4585.803485 0.038019
4587.696955 0.037498
4589.590424 0.000255
4591.483894 0.013062
4593.377364 0.015848
4595.270834 0.014115
4597.164304 0.026627
4599.057773 0.016283
4600.951243 0.024560
4602.844713 0.019100
4604.738183 0.023440
4606.631653 0.020412
4608.525122 0.033892
4610.418592 0.020870
4612.312062 0.023302
4614.205532 0.019800
4616.099001 0.017227
4617.992471 0.015747
4619.885941 0.015663
4621.779411 0.022133
4623.672881 0.013719
4625.566350 0.015214
4627.459820 0.027874
4629.353290 0.027515
4631.246760 0.021903
4633.140229 0.017111
4635.033699 0.017792
4636.927169 0.017686
4638.820639 0.020757
4640.714109 0.016888
4642.607578 0.024202
4644.501048 0.030207
4646.394518 0.023640
4648.287988 0.007167
4650.181458 -0.003614
4652.074927 0.009149
4653.968397 0.019590
4655.861867 0.024867
4657.755337 0.019227
4659.648806 0.023778
4661.542276 0.037046
4663.435746 0.039791
4665.329216 0.053765
4667.222686 0.025884
4669.116155 -0.008382
4671.009625 -0.027862
4672.903095 -0.007046
4674.796565 -0.010124
4676.690034 0.002907
4678.583504 0.001168
4680.476974 -0.008167
4682.370444 0.005364
4684.263914 0.006950
4686.157383 0.011310
4688.050853 0.012118
4689.944323 0.024933
4691.837793 0.013543
4693.731263 0.008615
4695.624732 0.012338
4697.518202 0.070445
4699.411672 0.039107
4701.305142 0.005167
4703.198611 -0.013024
4705.092081 -0.052551
4706.985551 -0.014991
4708.879021 0.041754
4710.772491 -0.004379
4712.665960 -0.008694
4714.559430 0.014328
4716.452900 0.012438
4718.346370 0.035589
4720.239840 0.039475
4722.133309 0.014596
4724.026779 0.007696
4725.920249 0.004751
4727.813719 0.020459
4729.707188 0.087770
4731.600658 0.063499
4733.494128 0.021091
4735.387598 0.036891
4737.281068 0.018183
4739.174537 0.020508
4741.068007 0.026957
4742.961477 0.040764
4744.854947 0.069881
4746.748416 0.096456
4748.641886 -0.006799
4750.535356 0.020581
4752.428826 0.002486
4754.322296 -0.012255
4756.215765 0.008897
4758.109235 0.020433
4760.002705 0.059111
4761.896175 0.026705
4763.789645 0.026906
4765.683114 0.045135
4767.576584 0.058898
4769.470054 0.024451
4771.363524 0.026719
4773.256993 -0.009514
4775.150463 0.004017
4777.043933 0.017443
4778.937403 0.033289
4780.830873 0.027289
4782.724342 0.023113
4784.617812 0.046227
4786.511282 0.048431
4788.404752 0.049178
4790.298221 0.009343
4792.191691 0.004136
4794.085161 0.014900
4795.978631 0.003828
4797.872101 0.001097
4799.765570 0.014601
4801.659040 0.018411
4803.552510 0.013333
4805.445980 0.006251
4807.339450 0.026822
4809.232919 0.026445
4811.126389 0.025908
4813.019859 0.027013
4814.913329 0.026404
4816.806798 0.012771
4818.700268 0.020114
4820.593738 0.010178
4822.487208 0.003555
4824.380678 0.011172
4826.274147 0.009627
4828.167617 0.021701
4830.061087 0.009195
4831.954557 0.011033
4833.848027 0.014620
4835.741496 0.014342
4837.634966 0.005500
4839.528436 0.027106
4841.421906 0.032199
4843.315375 0.017672
4845.208845 0.012251
4847.102315 0.001861
4848.995785 0.015049
4850.889255 0.012812
4852.782724 0.029036
4854.676194 0.047193
4856.569664 0.036373
4858.463134 0.033286
4860.356603 0.033384
4862.250073 0.058681
4864.143543 0.043175
4866.037013 0.018792
4867.930483 0.010212
4869.823952 0.005278
4871.717422 0.028244
4873.610892 0.051421
4875.504362 0.048253
4877.397832 0.006197
4879.291301 0.007844
4881.184771 0.024610
4883.078241 0.007632
4884.971711 0.024190
4886.865180 0.004555
4888.758650 -0.013352
4890.652120 0.014073
4892.545590 0.016810
4894.439060 0.003810
4896.332529 0.014792
4898.225999 0.011874
4900.119469 0.013601
4902.012939 0.027723
4903.906408 0.028183
4905.799878 0.030281
4907.693348 0.012762
4909.586818 0.019936
4911.480288 0.015451
4913.373757 0.020651
4915.267227 0.007151
4917.160697 0.002928
4919.054167 0.015249
4920.947637 0.022250
4922.841106 0.018055
4924.734576 0.012982
4926.628046 0.019655
4928.521516 0.020512
4930.414985 0.020454
4932.308455 0.036861
4934.201925 0.071793
4936.095395 0.116645
4937.988865 0.047531
4939.882334 -0.040719
4941.775804 -0.001217
4943.669274 -0.005206
4945.562744 0.015592
4947.456214 0.040811
4949.349683 -0.015743
4951.243153 0.003608
4953.136623 0.011178
4955.030093 0.024336
4956.923562 0.006606
4958.817032 0.019834
4960.710502 0.022144
4962.603972 0.027314
4964.497442 0.023996
4966.390911 0.021169
4968.284381 0.037802
4970.177851 0.134319
4972.071321 0.061128
4973.964790 0.096559
4975.858260 0.041897
4977.751730 -0.100902
4979.645200 -0.013448
4981.538670 -0.024724
4983.432139 -0.016460
4985.325609 0.027936
4987.219079 0.017468
4989.112549 -0.006395
4991.006019 0.008547
4992.899488 0.025851
4994.792958 0.019381
4996.686428 0.030343
4998.579898 0.011351
5000.473367 -0.030205
5002.366837 0.058637
5004.260307 0.082953
5006.153777 0.083733
5008.047247 0.071585
5009.940716 -0.062554
5011.834186 0.004418
5013.727656 0.033342
5015.621126 0.032876
5017.514595 -0.007660
5019.408065 -0.008916
5021.301535 0.067282
5023.195005 0.094405
5025.088475 0.145931
5026.981944 0.031783
5028.875414 -0.054178
5030.768884 -0.011876
5032.662354 -0.026419
5034.555824 0.003686
5036.449293 0.021577
5038.342763 0.014537
5040.236233 0.013348
5042.129703 0.039290
5044.023172 0.074765
5045.916642 -0.038060
5047.810112 -0.008581
5049.703582 -0.023025
5051.597052 -0.023693
5053.490521 0.031324
5055.383991 0.034306
5057.277461 0.034174
5059.170931 0.040513
5061.064401 0.053880
5062.957870 0.019791
5064.851340 0.026269
5066.744810 0.052913
5068.638280 0.003156
5070.531749 -0.043746
5072.425219 0.013807
5074.318689 0.035604
5076.212159 -0.000978
5078.105629 0.008268
5079.999098 0.019287
5081.892568 0.020568
5083.786038 0.017939
5085.679508 0.015027
5087.572977 0.026716
5089.466447 0.027654
5091.359917 0.045348
5093.253387 0.049251
5095.146857 0.004179
5097.040326 -0.015908
5098.933796 0.001532
5100.827266 0.043582
5102.720736 -0.007363
5104.614206 0.008422
5106.507675 0.014369
5108.401145 -0.005631
5110.294615 0.027894
5112.188085 0.029231
5114.081554 0.012070
5115.975024 0.019839
5117.868494 0.034554
5119.761964 0.023918
5121.655434 0.020525
5123.548903 0.036507
5125.442373 0.008761
5127.335843 0.025467
5129.229313 0.027262
5131.122782 0.004945
5133.016252 0.019962
5134.909722 0.020662
5136.803192 -0.001776
5138.696662 0.015301
5140.590131 0.030422
5142.483601 0.006114
5144.377071 0.029020
5146.270541 0.025097
5148.164011 0.037349
5150.057480 0.016818
5151.950950 0.032704
5153.844420 0.052528
5155.737890 0.039310
5157.631359 0.006000
5159.524829 0.016671
5161.418299 0.010576
5163.311769 0.009722
5165.205239 0.020687
5167.098708 0.010508
5168.992178 0.013797
5170.885648 0.023775
5172.779118 0.004222
5174.672588 0.012677
5176.566057 0.024128
5178.459527 0.016034
5180.352997 0.018022
5182.246467 -0.007638
5184.139936 0.000263
5186.033406 0.020118
5187.926876 0.021751
5189.820346 0.030143
5191.713816 0.027219
5193.607285 0.033907
5195.500755 0.019584
5197.394225 0.020450
5199.287695 0.023978
5201.181164 0.019873
5203.074634 0.018820
5204.968104 0.024487
5206.861574 0.025160
5208.755044 0.033049
5210.648513 0.032174
5212.541983 0.046281
