4015.131559 0.129464
4016.417702 0.149207
4017.703846 0.174302
4018.989990 0.170963
4020.276134 0.164069
4021.562277 0.104439
4022.848421 0.125210
4024.134565 0.138475
4025.420708 0.137295
4026.706852 0.153757
4027.992996 0.129722
4029.279140 0.140983
4030.565283 0.137569
4031.851427 0.121890
4033.137571 0.135058
4034.423715 0.115934
4035.709858 0.123319
4036.996002 0.155168
4038.282146 0.149715
4039.568290 0.159612
4040.854433 0.171068
4042.140577 0.134366
4043.426721 0.114679
4044.712865 0.143449
4045.999008 0.141950
4047.285152 0.133245
4048.571296 0.142272
4049.857439 0.120912
4051.143583 0.149659
4052.429727 0.170303
4053.715871 0.163295
4055.002014 0.122726
4056.288158 0.141849
4057.574302 0.118397
4058.860446 0.108796
4060.146589 0.134271
4061.432733 0.153159
4062.718877 0.164727
4064.005021 0.126511
4065.291164 0.134217
4066.577308 0.116735
4067.863452 0.125633
4069.149596 0.176008
4070.435739 0.153167
4071.721883 0.183771
4073.008027 0.204922
4074.294171 0.163557
4075.580314 0.132806
4076.866458 0.129414
4078.152602 0.139373
4079.438745 0.129800
4080.724889 0.158728
4082.011033 0.125824
4083.297177 0.121768
4084.583320 0.138025
4085.869464 0.160177
4087.155608 0.151169
4088.441752 0.171387
4089.727895 0.201249
4091.014039 0.175731
4092.300183 0.127935
4093.586327 0.144587
4094.872470 0.143209
4096.158614 0.127539
4097.444758 0.133106
4098.730902 0.134286
4100.017045 0.139866
4101.303189 0.159331
4102.589333 0.113529
4103.875476 0.134602
4105.161620 0.140663
4106.447764 0.159834
4107.733908 0.134535
4109.020051 0.147527
4110.306195 0.162543
4111.592339 0.140471
4112.878483 0.138686
4114.164626 0.116345
4115.450770 0.123393
4116.736914 0.161289
4118.023058 0.127810
4119.309201 0.140910
4120.595345 0.161929
4121.881489 0.150042
4123.167633 0.147036
4124.453776 0.167536
4125.739920 0.158916
4127.026064 0.149857
4128.312208 0.144920
4129.598351 0.118432
4130.884495 0.125918
4132.170639 0.112294
4133.456782 0.143837
4134.742926 0.152163
4136.029070 0.160410
4137.315214 0.158105
4138.601357 0.138934
4139.887501 0.134858
4141.173645 0.104993
4142.459789 0.120300
4143.745932 0.159448
4145.032076 0.129229
4146.318220 0.146687
4147.604364 0.160175
4148.890507 0.158410
4150.176651 0.159198
4151.462795 0.167530
4152.748939 0.153907
4154.035082 0.135261
4155.321226 0.133528
4156.607370 0.124814
4157.893513 0.139912
4159.179657 0.134664
4160.465801 0.102572
4161.751945 0.136446
4163.038088 0.160822
4164.324232 0.132163
4165.610376 0.111663
4166.896520 0.122529
4168.182663 0.136866
4169.468807 0.134386
4170.754951 0.141493
4172.041095 0.125725
4173.327238 0.087060
4174.613382 0.099297
4175.899526 0.147896
4177.185670 0.146843
4178.471813 0.118006
4179.757957 0.133702
4181.044101 0.118087
4182.330245 0.131062
4183.616388 0.132936
4184.902532 0.140382
4186.188676 0.138280
4187.474819 0.144229
4188.760963 0.114802
4190.047107 0.126223
4191.333251 0.113245
4192.619394 0.117354
4193.905538 0.160680
4195.191682 0.153851
4196.477826 0.140535
4197.763969 0.122972
4199.050113 0.167250
4200.336257 0.188041
4201.622401 0.125120
4202.908544 0.122065
4204.194688 0.112647
4205.480832 0.114892
4206.766976 0.127377
4208.053119 0.165065
4209.339263 0.141404
4210.625407 0.126402
4211.911551 0.119645
4213.197694 0.080824
4214.483838 0.114774
4215.769982 0.114888
4217.056125 0.108803
4218.342269 0.123253
4219.628413 0.174994
4220.914557 0.127104
4222.200700 0.153860
4223.486844 0.134416
4224.772988 0.110379
4226.059132 0.122940
4227.345275 0.101744
4228.631419 0.092179
4229.917563 0.159208
4231.203707 0.146201
4232.489850 0.164387
4233.775994 0.153430
4235.062138 0.117445
4236.348282 0.169915
4237.634425 0.142359
4238.920569 0.111435
4240.206713 0.138816
4241.492856 0.152592
4242.779000 0.167932
4244.065144 0.158740
4245.351288 0.152118
4246.637431 0.140918
4247.923575 0.121619
4249.209719 0.131037
4250.495863 0.156446
4251.782006 0.159888
4253.068150 0.115855
4254.354294 0.138567
4255.640438 0.133854
4256.926581 0.133596
4258.212725 0.142274
4259.498869 0.171994
4260.785013 0.150410
4262.071156 0.166129
4263.357300 0.185619
4264.643444 0.191440
4265.929588 0.142655
4267.215731 0.141882
4268.501875 0.147217
4269.788019 0.129010
4271.074162 0.143910
4272.360306 0.127147
4273.646450 0.123426
4274.932594 0.126294
4276.218737 0.113552
4277.504881 0.143762
4278.791025 0.159782
4280.077169 0.152329
4281.363312 0.166081
4282.649456 0.137219
4283.935600 0.166931
4285.221744 0.186588
4286.507887 0.139456
4287.794031 0.168012
4289.080175 0.157578
4290.366319 0.124327
4291.652462 0.102691
4292.938606 0.123815
4294.224750 0.125133
4295.510893 0.135659
4296.797037 0.142169
4298.083181 0.145954
4299.369325 0.140479
4300.655468 0.149043
4301.941612 0.090347
4303.227756 0.125566
4304.513900 0.092798
4305.800043 0.107655
4307.086187 0.137535
4308.372331 0.119074
4309.658475 0.133506
4310.944618 0.153987
4312.230762 0.138413
4313.516906 0.138921
4314.803050 0.139746
4331.522918 0.176503
4332.809062 0.172258
4334.095206 0.171534
4335.381349 0.151190
4336.667493 0.154697
4337.953637 0.136698
4339.239781 0.131728
4340.525924 0.137111
4341.812068 0.153023
4343.098212 0.157609
4344.384356 0.151660
4345.670499 0.190945
4346.956643 0.152938
4348.242787 0.169241
4349.528930 0.183260
4350.815074 0.120166
4352.101218 0.150217
4353.387362 0.139597
4354.673505 0.163994
4355.959649 0.164247
4357.245793 0.134169
4358.531937 0.220049
4359.818080 0.171519
4361.104224 0.121078
4362.390368 0.187814
4363.676512 0.164718
4364.962655 0.110949
4366.248799 0.157595
4367.534943 0.150029
4368.821087 0.152282
4370.107230 0.156911
4371.393374 0.171303
4372.679518 0.168104
4373.965662 0.175479
4375.251805 0.161446
4376.537949 0.124245
4377.824093 0.108034
4379.110236 0.120993
4380.396380 0.138654
4381.682524 0.127285
4382.968668 0.150958
4384.254811 0.157955
4385.540955 0.143950
4386.827099 0.134855
4388.113243 0.129284
4389.399386 0.126171
4390.685530 0.157035
4391.971674 0.155577
4393.257818 0.168093
4394.543961 0.134023
4395.830105 0.147833
4397.116249 0.162926
4398.402393 0.171143
4399.688536 0.184197
4400.974680 0.163192
4402.260824 0.146152
4403.546967 0.154669
4404.833111 0.159026
4406.119255 0.160203
4407.405399 0.164538
4408.691542 0.156771
4409.977686 0.151999
4411.263830 0.158316
4412.549974 0.193047
4413.836117 0.157759
4415.122261 0.129425
4416.408405 0.150137
4417.694549 0.137307
4418.980692 0.183318
4420.266836 0.189160
4421.552980 0.162456
4422.839124 0.166400
4424.125267 0.163880
4425.411411 0.174550
4426.697555 0.159192
4427.983699 0.158062
4429.269842 0.161261
4430.555986 0.187900
4431.842130 0.158869
4433.128273 0.174735
4434.414417 0.139271
4435.700561 0.156630
4436.986705 0.130410
4438.272848 0.169423
4439.558992 0.173415
4440.845136 0.190763
4442.131280 0.204195
4443.417423 0.167769
4444.703567 0.174919
4445.989711 0.197050
4447.275855 0.144217
4448.561998 0.175901
4449.848142 0.149812
4451.134286 0.189197
4452.420430 0.129071
4453.706573 0.141294
4454.992717 0.138327
4456.278861 0.138522
4457.565004 0.156377
4458.851148 0.158413
4460.137292 0.126060
4461.423436 0.148516
4462.709579 0.148351
4463.995723 0.151524
4465.281867 0.155207
4466.568011 0.171380
4467.854154 0.185866
4469.140298 0.135265
4470.426442 0.103032
4471.712586 0.174629
4472.998729 0.139587
4474.284873 0.184370
4475.571017 0.185014
4476.857161 0.211778
4478.143304 0.160568
4479.429448 0.170117
4480.715592 0.186081
4482.001736 0.159268
4483.287879 0.182785
4484.574023 0.194239
4485.860167 0.171352
4487.146310 0.153714
4488.432454 0.158103
4489.718598 0.187196
4491.004742 0.177162
4492.290885 0.157841
4493.577029 0.175299
4494.863173 0.171747
4496.149317 0.178522
4497.435460 0.181763
4498.721604 0.143171
4500.007748 0.166312
4501.293892 0.178197
4502.580035 0.156530
4503.866179 0.166660
4505.152323 0.183820
4506.438467 0.161305
4507.724610 0.175159
4509.010754 0.205142
4510.296898 0.179515
4511.583041 0.184298
4512.869185 0.144267
4514.155329 0.175506
4515.441473 0.179994
4516.727616 0.194588
4518.013760 0.183922
4519.299904 0.159536
4520.586048 0.150260
4521.872191 0.177224
4523.158335 0.191587
4524.444479 0.159741
4525.730623 0.152766
4527.016766 0.150327
4528.302910 0.163132
4529.589054 0.160425
4530.875198 0.170711
4532.161341 0.140401
4533.447485 0.142202
4534.733629 0.133073
4536.019773 0.151096
4537.305916 0.151779
4538.592060 0.209796
4539.878204 0.158435
4541.164347 0.167653
4542.450491 0.184795
4543.736635 0.180600
4545.022779 0.150531
4546.308922 0.180770
4547.595066 0.232492
4548.881210 0.167373
4550.167354 0.194085
4551.453497 0.181061
4552.739641 0.194488
4554.025785 0.156912
4555.311929 0.152444
4556.598072 0.146707
4557.884216 0.186248
4559.170360 0.168082
4560.456504 0.208651
4561.742647 0.212390
4563.028791 0.274642
4564.314935 0.311077
4565.601079 0.314636
4566.887222 0.238698
4568.173366 0.257268
4569.459510 0.331831
4570.745653 0.317640
4572.031797 0.202418
4573.317941 0.193324
4574.604085 0.154888
4575.890228 0.190470
4577.176372 0.166751
4578.462516 0.171585
4579.748660 0.190656
4581.034803 0.185727
4582.320947 0.157172
4583.607091 0.203760
4584.893235 0.172548
4586.179378 0.138506
4587.465522 0.195771
4588.751666 0.189810
4590.037810 0.157046
4591.323953 0.162237
4592.610097 0.201808
4593.896241 0.165213
4595.182384 0.177168
4596.468528 0.206678
4597.754672 0.189197
4599.040816 0.157025
4600.326959 0.184645
4601.613103 0.208092
4602.899247 0.210239
4604.185391 0.171085
4605.471534 0.176531
4606.757678 0.207782
4608.043822 0.221046
4609.329966 0.166888
4610.616109 0.184489
4611.902253 0.186852
4613.188397 0.170529
4614.474541 0.161687
4615.760684 0.163797
4617.046828 0.183716
4618.332972 0.171087
4619.619116 0.173861
4620.905259 0.203298
4622.191403 0.150457
4623.477547 0.172144
4624.763690 0.192832
4626.049834 0.198794
4627.335978 0.181347
4628.622122 0.191121
4629.908265 0.204092
4631.194409 0.236139
4632.480553 0.187196
4633.766697 0.164498
4635.052840 0.171189
4636.338984 0.169264
4637.625128 0.189570
4638.911272 0.190506
4640.197415 0.183189
4641.483559 0.177928
4642.769703 0.183146
4644.055847 0.217019
4645.341990 0.184406
4646.628134 0.158425
4647.914278 0.140690
4649.200421 0.125973
4650.486565 0.149603
4651.772709 0.202819
4653.058853 0.197152
4654.344996 0.201263
4655.631140 0.189062
4656.917284 0.149971
4658.203428 0.141508
4659.489571 0.179770
4660.775715 0.167539
4662.061859 0.177644
4663.348003 0.178414
4664.634146 0.166627
4665.920290 0.159651
4667.206434 0.155723
4668.492578 0.129732
4669.778721 0.157456
4671.064865 0.176456
4672.351009 0.126172
4673.637153 0.173083
4674.923296 0.177498
4676.209440 0.166781
4677.495584 0.167391
4678.781727 0.161614
4680.067871 0.191521
4681.354015 0.164753
4682.640159 0.156493
4683.926302 0.131288
4685.212446 0.171033
4686.498590 0.128587
4687.784734 0.166572
4689.070877 0.175139
4690.357021 0.206389
4691.643165 0.172224
4692.929309 0.166636
4694.215452 0.194604
4695.501596 0.170861
4696.787740 0.155202
4698.073884 0.146407
4699.360027 0.175185
4700.646171 0.183220
4701.932315 0.134905
4703.218458 0.142044
4704.504602 0.159712
4705.790746 0.149517
4707.076890 0.164489
4708.363033 0.138892
4709.649177 0.186432
4710.935321 0.180743
4712.221465 0.163672
4713.507608 0.179328
4714.793752 0.142204
4716.079896 0.165721
4717.366040 0.183831
4718.652183 0.190198
4719.938327 0.183453
4721.224471 0.168931
4722.510615 0.190103
4723.796758 0.202402
4725.082902 0.136932
4726.369046 0.149395
4727.655190 0.193324
4728.941333 0.162036
4730.227477 0.166495
4731.513621 0.150208
4732.799764 0.161280
4734.085908 0.147552
4735.372052 0.167393
4736.658196 0.145027
4737.944339 0.166852
4739.230483 0.159254
4740.516627 0.169092
4741.802771 0.167646
4743.088914 0.157831
4744.375058 0.148578
4745.661202 0.187116
4746.947346 0.149465
4748.233489 0.157093
4749.519633 0.173409
4750.805777 0.157779
4752.091921 0.145850
4753.378064 0.169836
4754.664208 0.178543
4755.950352 0.162006
4757.236495 0.181636
4758.522639 0.194158
4759.808783 0.164547
4761.094927 0.161404
4762.381070 0.178719
4763.667214 0.146774
4764.953358 0.150497
4766.239502 0.182527
4767.525645 0.140487
4768.811789 0.158359
4770.097933 0.195378
4771.384077 0.167732
4772.670220 0.162150
4773.956364 0.148741
4775.242508 0.172405
4776.528652 0.190291
4777.814795 0.158498
4779.100939 0.183966
4780.387083 0.177843
4781.673227 0.174066
4782.959370 0.160192
4784.245514 0.157779
4785.531658 0.136363
4786.817801 0.157552
4788.103945 0.161897
4789.390089 0.166912
4790.676233 0.188153
4791.962376 0.166589
4793.248520 0.160140
4794.534664 0.190428
4795.820808 0.199760
4797.106951 0.173169
4798.393095 0.162927
4799.679239 0.175804
4800.965383 0.169908
4802.251526 0.151909
4803.537670 0.162615
4804.823814 0.168442
4806.109958 0.193256
4807.396101 0.182762
4808.682245 0.208368
4809.968389 0.157430
4811.254532 0.154551
4812.540676 0.167288
4813.826820 0.190621
4815.112964 0.163727
4816.399107 0.153467
4817.685251 0.168856
4818.971395 0.157027
4820.257539 0.184954
4821.543682 0.184804
4822.829826 0.175903
4824.115970 0.154384
4825.402114 0.146524
4826.688257 0.173458
4827.974401 0.159884
4829.260545 0.190956
4830.546689 0.164392
4831.832832 0.238702
4833.118976 0.171099
4834.405120 0.169061
4835.691264 0.148786
4836.977407 0.185522
4838.263551 0.133422
4839.549695 0.170135
4840.835838 0.186032
4842.121982 0.177828
4843.408126 0.137095
4844.694270 0.184520
4845.980413 0.158033
4847.266557 0.163388
4848.552701 0.251798
4849.838845 0.177815
4851.124988 0.163829
4852.411132 0.167845
4853.697276 0.159233
4854.983420 0.137677
4856.269563 0.154113
4857.555707 0.157269
4858.841851 0.138923
4860.127995 0.140188
4861.414138 0.149751
4862.700282 0.160487
4863.986426 0.139002
4865.272569 0.108205
4866.558713 0.154742
4867.844857 0.152129
4869.131001 0.180295
4870.417144 0.142572
4871.703288 0.176189
4872.989432 0.139782
4874.275576 0.104209
4875.561719 0.138769
4876.847863 0.145570
4878.134007 0.129895
4879.420151 0.237772
4880.706294 0.274053
4881.992438 0.211924
4883.278582 0.152724
4884.564726 0.162059
4885.850869 0.184062
4887.137013 0.180047
4888.423157 0.130695
4889.709301 0.169226
4890.995444 0.131417
4892.281588 0.144574
4893.567732 0.153956
4894.853875 0.149140
4896.140019 0.175143
4897.426163 0.158778
4898.712307 0.175632
4899.998450 0.198123
4901.284594 0.184155
4902.570738 0.175614
4903.856882 0.203641
4905.143025 0.207308
4906.429169 0.222398
4907.715313 0.172900
4909.001457 0.153860
4910.287600 0.157617
4911.573744 0.133906
4912.859888 0.160267
4914.146032 0.154057
4915.432175 0.151057
4916.718319 0.182694
4918.004463 0.167975
4919.290607 0.158435
4920.576750 0.134095
4921.862894 0.151175
4923.149038 0.175057
4924.435181 0.197148
4925.721325 0.196819
4927.007469 0.166322
4928.293613 0.175632
4929.579756 0.170353
4930.865900 0.142487
4932.152044 0.152823
4933.438188 0.153542
4934.724331 0.166490
4936.010475 0.149546
4937.296619 0.191410
4938.582763 0.170191
4939.868906 0.170246
4941.155050 0.172872
4942.441194 0.208904
4943.727338 0.147189
4945.013481 0.172449
4946.299625 0.168049
4947.585769 0.165014
4948.871912 0.162479
4950.158056 0.180391
4951.444200 0.184781
4952.730344 0.181771
4954.016487 0.149008
4955.302631 0.155145
4956.588775 0.151890
4957.874919 0.140343
4959.161062 0.179509
4960.447206 0.131799
4961.733350 0.171386
4963.019494 0.172731
4964.305637 0.158323
4965.591781 0.150763
4966.877925 0.169664
4968.164069 0.141833
4969.450212 0.192774
4970.736356 0.173126
4972.022500 0.152276
4973.308644 0.147236
4974.594787 0.180343
4975.880931 0.207779
4977.167075 0.152138
4978.453218 0.158428
4979.739362 0.177959
4981.025506 0.150689
4982.311650 0.135234
4983.597793 0.156379
4984.883937 0.162047
4986.170081 0.154487
4987.456225 0.159681
4988.742368 0.168400
4990.028512 0.181922
4991.314656 0.155106
4992.600800 0.143251
4993.886943 0.155477
4995.173087 0.161645
4996.459231 0.161896
4997.745375 0.152575
4999.031518 0.146708
5000.317662 0.168729
5001.603806 0.148428
5002.889949 0.157611
5004.176093 0.156565
5005.462237 0.157030
5006.748381 0.148954
5008.034524 0.173037
5009.320668 0.151549
5010.606812 0.163429
5011.892956 0.170981
5013.179099 0.155487
5014.465243 0.163396
5015.751387 0.138418
5017.037531 0.163574
5018.323674 0.148777
5019.609818 0.150904
5020.895962 0.163230
5022.182106 0.158105
5023.468249 0.152269
5024.754393 0.145796
5026.040537 0.134529
5027.326681 0.122765
5028.612824 0.161033
5029.898968 0.163324
5031.185112 0.149991
5032.471255 0.176596
5033.757399 0.147026
5035.043543 0.154481
5036.329687 0.181304
5037.615830 0.158739
5038.901974 0.135275
5040.188118 0.152872
5041.474262 0.135109
5042.760405 0.140502
5044.046549 0.148838
5045.332693 0.171700
5046.618837 0.154337
5047.904980 0.144924
5049.191124 0.164580
5050.477268 0.141771
5051.763412 0.159150
5053.049555 0.194689
5054.335699 0.183804
5055.621843 0.150755
5056.907986 0.166504
5058.194130 0.156120
5059.480274 0.164602
5060.766418 0.172058
5062.052561 0.132820
5063.338705 0.137220
5064.624849 0.191911
5065.910993 0.163728
5067.197136 0.158930
5068.483280 0.196261
5069.769424 0.172815
5071.055568 0.151927
5072.341711 0.151699
5073.627855 0.140548
5074.913999 0.142958
5076.200143 0.118801
5077.486286 0.179775
5078.772430 0.165287
5080.058574 0.154287
5081.344718 0.183280
5082.630861 0.154761
5083.917005 0.158039
5085.203149 0.130494
5086.489292 0.155832
5087.775436 0.162428
5089.061580 0.134350
5090.347724 0.153758
5091.633867 0.149017
5092.920011 0.138890
5094.206155 0.177486
5095.492299 0.201695
5096.778442 0.177181
5098.064586 0.135558
5099.350730 0.140677
5100.636874 0.165461
5101.923017 0.179757
5103.209161 0.152177
5104.495305 0.162893
5105.781449 0.173550
5107.067592 0.146148
5108.353736 0.135435
5109.639880 0.160279
5110.926023 0.164157
5112.212167 0.171543
5113.498311 0.137619
5114.784455 0.142452
5116.070598 0.142668
5117.356742 0.179269
5118.642886 0.167650
5119.929030 0.147894
5121.215173 0.180492
5122.501317 0.149314
5123.787461 0.135974
5125.073605 0.162866
5126.359748 0.177175
5127.645892 0.127365
5128.932036 0.131694
5130.218180 0.160188
5131.504323 0.155762
5132.790467 0.157247
5134.076611 0.163364
5135.362755 0.171060
5136.648898 0.171053
5137.935042 0.150369
5139.221186 0.158630
5140.507329 0.131388
5141.793473 0.132596
5143.079617 0.151130
5144.365761 0.155240
5145.651904 0.173436
5146.938048 0.148567
5148.224192 0.166792
5149.510336 0.144471
5150.796479 0.151914
5152.082623 0.126126
5153.368767 0.154590
5154.654911 0.157122
5155.941054 0.158178
5157.227198 0.131001
5158.513342 0.161461
5159.799486 0.175442
5161.085629 0.165858
5162.371773 0.150886
5163.657917 0.180834
5164.944060 0.143550
5166.230204 0.133211
5167.516348 0.123581
5168.802492 0.078513
5170.088635 0.114000
5171.374779 0.100649
5172.660923 0.109780
5173.947067 0.115174
5175.233210 0.109179
5176.519354 0.123126
5177.805498 0.161280
5179.091642 0.155980
5180.377785 0.165253
5181.663929 0.121899
5182.950073 0.139505
5184.236217 0.108856
5185.522360 0.128109
5186.808504 0.133896
5188.094648 0.124026
5189.380792 0.136190
5190.666935 0.133194
5191.953079 0.154736
5193.239223 0.163132
5194.525366 0.177660
5195.811510 0.162408
5197.097654 0.176311
5198.383798 0.159041
5199.669941 0.168345
5200.956085 0.135031
5202.242229 0.156397
5203.528373 0.141795
5204.814516 0.133603
5206.100660 0.128851
5207.386804 0.113657
5208.672948 0.131984
5209.959091 0.155898
5211.245235 0.150219
5212.531379 0.131319
5213.817523 0.147636
5215.103666 0.181846
5216.389810 0.168296
5217.675954 0.141121
5218.962097 0.148909
5220.248241 0.146094
5221.534385 0.169800
5222.820529 0.151618
5224.106672 0.153981
5225.392816 0.148700
5226.678960 0.137547
5227.965104 0.129438
5229.251247 0.167812
5230.537391 0.146389
5231.823535 0.145489
5233.109679 0.165888
5234.395822 0.178704
5235.681966 0.165191
5236.968110 0.170043
5238.254254 0.151112
5239.540397 0.153134
5240.826541 0.152760
5242.112685 0.166509
5243.398829 0.173960
5244.684972 0.148400
5245.971116 0.158320
5247.257260 0.165521
5248.543403 0.156852
5249.829547 0.140100
5251.115691 0.150295
5252.401835 0.175630
5253.687978 0.152999
5254.974122 0.157945
5256.260266 0.178188
5257.546410 0.172338
5258.832553 0.173474
5260.118697 0.170366
5261.404841 0.159583
5262.690985 0.148551
5263.977128 0.168979
5265.263272 0.157297
5266.549416 0.116620
5267.835560 0.131815
5269.121703 0.133875
5270.407847 0.138597
5271.693991 0.134536
5272.980135 0.149954
5274.266278 0.140785
5275.552422 0.149370
5276.838566 0.129266
5278.124709 0.142427
5279.410853 0.144238
5280.696997 0.159427
5281.983141 0.157368
5283.269284 0.159460
5284.555428 0.146757
5285.841572 0.165913
5287.127716 0.190415
5288.413859 0.204794
5289.700003 0.189467
5290.986147 0.182412
5292.272291 0.157570
5293.558434 0.169410
5294.844578 0.171244
5296.130722 0.154093
5297.416866 0.143975
5298.703009 0.146533
5299.989153 0.162705
5301.275297 0.123446
5302.561440 0.124575
5303.847584 0.178772
5305.133728 0.187348
5306.419872 0.180155
5307.706015 0.166314
5308.992159 0.160644
5310.278303 0.177643
5311.564447 0.193649
5312.850590 0.173412
5314.136734 0.177791
5315.422878 0.140965
5316.709022 0.183591
5317.995165 0.164249
5319.281309 0.170587
5320.567453 0.103281
5321.853597 0.134751
5323.139740 0.104944
5324.425884 0.111425
5325.712028 0.143450
5326.998172 0.114722
5328.284315 0.123096
5329.570459 0.115230
5330.856603 0.143157
5332.142746 0.138747
5333.428890 0.165258
5334.715034 0.148565
5336.001178 0.125920
5337.287321 0.126493
5338.573465 0.127681
5339.859609 0.155214
5341.145753 0.166720
5342.431896 0.139857
5343.718040 0.136918
5345.004184 0.148906
5346.290328 0.141185
5347.576471 0.184817
5348.862615 0.152828
5350.148759 0.137239
5351.434903 0.158588
5352.721046 0.140324
5354.007190 0.146315
5355.293334 0.161856
5356.579477 0.181192
5357.865621 0.146051
5359.151765 0.178295
5360.437909 0.171672
5361.724052 0.160436
5363.010196 0.168546
5364.296340 0.141413
5365.582484 0.171636
5366.868627 0.130804
5368.154771 0.162793
5369.440915 0.132671
5370.727059 0.142004
5372.013202 0.152750
5373.299346 0.153905
5374.585490 0.147493
5375.871634 0.157488
5377.157777 0.154170
5378.443921 0.138309
5379.730065 0.156029
5381.016209 0.159655
5382.302352 0.177177
5383.588496 0.189632
5384.874640 0.140278
5386.160783 0.128206
5387.446927 0.147100
5388.733071 0.165499
5390.019215 0.136109
5391.305358 0.134157
5392.591502 0.155129
5393.877646 0.162251
5395.163790 0.143209
5396.449933 0.148568
5397.736077 0.161443
5399.022221 0.152426
5400.308365 0.159031
5401.594508 0.165859
5402.880652 0.180513
5404.166796 0.153150
5405.452940 0.158553
5406.739083 0.117611
5408.025227 0.116685
5409.311371 0.164863
5410.597514 0.126571
5411.883658 0.137015
5413.169802 0.166288
5414.455946 0.146818
5415.742089 0.169877
5417.028233 0.163558
5418.314377 0.160538
5419.600521 0.157985
5420.886664 0.164693
5422.172808 0.142291
5423.458952 0.151945
5424.745096 0.174454
5426.031239 0.201557
5427.317383 0.176166
5428.603527 0.137644
5429.889671 0.140853
5431.175814 0.162661
5432.461958 0.135990
5433.748102 0.144542
5435.034246 0.164192
5436.320389 0.149640
5437.606533 0.152099
5438.892677 0.158847
5440.178820 0.165971
5441.464964 0.170671
5442.751108 0.172036
5444.037252 0.161935
5445.323395 0.162042
5446.609539 0.148433
5447.895683 0.139464
5449.181827 0.151698
5450.467970 0.145492
5451.754114 0.153767
5453.040258 0.156153
5454.326402 0.150168
5455.612545 0.156850
5456.898689 0.161919
5458.184833 0.168819
5459.470977 0.161958
5460.757120 0.167816
5462.043264 0.179740
5463.329408 0.164385
5464.615551 0.157410
5465.901695 0.151676
5467.187839 0.126147
5468.473983 0.158153
5469.760126 0.143845
5471.046270 0.158306
5472.332414 0.147787
5473.618558 0.137578
5474.904701 0.167217
5476.190845 0.143982
5477.476989 0.175725
5478.763133 0.157619
5480.049276 0.139612
5481.335420 0.136835
5482.621564 0.145973
5483.907708 0.151382
5485.193851 0.159851
5486.479995 0.144248
5487.766139 0.151023
5489.052283 0.157440
5490.338426 0.157274
5491.624570 0.176619
5492.910714 0.147961
5494.196857 0.147077
5495.483001 0.172052
5496.769145 0.161200
5498.055289 0.137132
5499.341432 0.154319
5500.627576 0.160613
5501.913720 0.150449
5503.199864 0.141210
5504.486007 0.126618
5505.772151 0.149170
5507.058295 0.139351
5508.344439 0.161524
5509.630582 0.170265
5510.916726 0.143755
5512.202870 0.150170
5513.489014 0.150323
5514.775157 0.129873
5516.061301 0.129923
5517.347445 0.148784
5518.633588 0.136522
5519.919732 0.171086
5521.205876 0.158257
5522.492020 0.170281
5523.778163 0.165327
5525.064307 0.149465
5526.350451 0.141629
5527.636595 0.142734
5528.922738 0.143744
5530.208882 0.152815
5531.495026 0.168434
5532.781170 0.159202
5534.067313 0.164787
5535.353457 0.151306
5536.639601 0.140571
5537.925745 0.149614
5539.211888 0.162931
5540.498032 0.159400
5541.784176 0.155184
5543.070320 0.169020
5544.356463 0.161237
5545.642607 0.148082
5546.928751 0.130187
5548.214894 0.153985
5549.501038 0.168522
5550.787182 0.148112
5552.073326 0.160574
5553.359469 0.154029
5554.645613 0.164701
5555.931757 0.136837
5557.217901 0.134102
5558.504044 0.152215
5559.790188 0.131407
5561.076332 0.143253
5562.362476 0.145700
5563.648619 0.150693
5564.934763 0.142253
5566.220907 0.145854
5567.507051 0.143753
5568.793194 0.155692
5570.079338 0.150608
5571.365482 0.148743
5572.651625 0.138865
5573.937769 0.141984
5575.223913 0.142488
5576.510057 0.149838
5577.796200 0.128927
5579.082344 0.160214
5580.368488 0.155137
5581.654632 0.155631
5582.940775 0.161661
5584.226919 0.153344
5585.513063 0.145573
5586.799207 0.130491
5588.085350 0.144013
5589.371494 0.136873
5590.657638 0.141220
5591.943782 0.130013
5593.229925 0.151017
5594.516069 0.158514
5595.802213 0.146027
5597.088357 0.154036
5598.374500 0.141948
5599.660644 0.141287
