2151.309260 -0.032354
2152.912436 0.024801
2154.515612 0.016411
2156.118788 0.009404
2157.721964 0.004369
2159.325139 -0.001983
2160.928315 0.020596
2162.531491 -0.007024
2164.134667 -0.000834
2165.737843 0.018474
2167.341018 -0.000093
2168.944194 0.017162
2170.547370 0.015110
2172.150546 0.006963
2173.753722 0.023656
2175.356897 0.021299
2176.960073 0.010419
2178.563249 0.009230
2180.166425 0.011642
2181.769601 0.010141
2183.372777 0.013577
2184.975952 0.009314
2186.579128 0.016089
2188.182304 0.018234
2189.785480 0.002147
2191.388656 0.005856
2192.991831 0.001847
2194.595007 -0.006077
2196.198183 -0.016498
2197.801359 0.003238
2199.404535 0.008583
2201.007711 0.002780
2202.610886 0.012493
2204.214062 0.018234
2205.817238 0.001269
2207.420414 0.007256
2209.023590 -0.003791
2210.626765 0.014024
2212.229941 -0.004448
2213.833117 0.012989
2215.436293 0.010640
2217.039469 -0.001912
2218.642644 0.005031
2220.245820 0.010701
2221.848996 0.022256
2223.452172 0.023986
2225.055348 0.000596
2226.658524 0.012651
2228.261699 0.021728
2229.864875 0.016301
2231.468051 0.035498
2233.071227 0.008386
2234.674403 0.010192
2236.277578 -0.004113
2237.880754 0.010549
2239.483930 0.016131
2241.087106 0.016197
2242.690282 0.021071
2244.293458 0.022370
2245.896633 0.006490
2247.499809 0.009994
2249.102985 0.011170
2250.706161 -0.002362
2252.309337 -0.009826
2253.912512 0.009828
2255.515688 0.009205
2257.118864 0.005256
2258.722040 0.022884
2260.325216 0.019275
2261.928391 0.006882
2263.531567 0.010761
2265.134743 0.009156
2266.737919 0.015515
2268.341095 -0.005035
2269.944271 0.015784
2271.547446 0.009444
2273.150622 -0.000830
2274.753798 0.006825
2276.356974 0.008229
2277.960150 -0.006854
2279.563325 0.004473
2281.166501 0.005659
2282.769677 0.005436
2284.372853 0.019274
2285.976029 0.009824
2287.579205 0.011626
2289.182380 0.005095
2290.785556 0.020021
2292.388732 0.015572
2293.991908 0.007900
2295.595084 0.004956
2297.198259 0.012436
2298.801435 0.018467
2300.404611 0.012216
2302.007787 0.007307
2303.610963 0.007625
2305.214138 0.014514
2306.817314 0.013099
2308.420490 0.011367
2310.023666 0.016183
2311.626842 0.003436
2313.230018 0.025306
2314.833193 0.009582
2316.436369 0.008750
2318.039545 0.027699
2319.642721 0.021874
2321.245897 0.022095
2322.849072 0.006493
2324.452248 0.006176
2326.055424 0.002130
2327.658600 0.014671
2329.261776 0.006353
2330.864952 0.014902
2332.468127 -0.002111
2334.071303 0.004924
2335.674479 0.004928
2337.277655 0.007138
2338.880831 0.004253
2340.484006 -0.008950
2342.087182 0.016824
2343.690358 -0.001234
2345.293534 0.007937
2346.896710 0.007563
2348.499885 0.009092
2350.103061 0.005488
2351.706237 0.002880
2353.309413 0.014587
2354.912589 0.007817
2356.515765 0.015489
2358.118940 0.007451
2359.722116 0.014788
2361.325292 0.011983
2362.928468 0.012372
2364.531644 0.002366
2366.134819 0.001468
2367.737995 0.009790
2369.341171 0.012872
2370.944347 -0.000187
2372.547523 0.007098
2374.150699 0.004850
2375.753874 0.006317
2377.357050 0.007917
2378.960226 -0.006329
2380.563402 -0.011937
2382.166578 0.001549
2383.769753 0.005799
2385.372929 0.022584
2386.976105 0.016658
2388.579281 0.016128
2390.182457 0.013860
2391.785632 0.002184
2393.388808 0.010445
2394.991984 0.019092
2396.595160 0.004478
2398.198336 0.003724
2399.801512 0.015179
2401.404687 0.006478
2403.007863 0.010734
2404.611039 0.002817
2406.214215 0.005152
2407.817391 -0.003591
2409.420566 0.006423
2411.023742 0.008566
2412.626918 0.003037
2414.230094 0.014653
2415.833270 0.020633
2417.436446 0.012520
2419.039621 0.019951
2420.642797 0.001073
2422.245973 -0.005830
2423.849149 0.025731
2425.452325 0.012569
2427.055500 -0.001082
2428.658676 0.013138
2430.261852 0.004463
2431.865028 0.005975
2433.468204 0.010148
2435.071379 0.018097
2436.674555 -0.003042
2438.277731 0.020625
2439.880907 0.000066
2441.484083 0.004822
2443.087259 0.007742
2444.690434 0.011598
2446.293610 0.020557
2447.896786 0.007526
2449.499962 0.019716
2451.103138 0.002589
2452.706313 0.002201
2454.309489 0.010333
2455.912665 0.012803
2457.515841 0.008923
2459.119017 0.017182
2460.722193 0.003905
2462.325368 0.004070
2463.928544 0.016998
2465.531720 0.005600
2467.134896 0.002010
2468.738072 0.009864
2470.341247 0.015341
2471.944423 0.009021
2473.547599 0.010938
2475.150775 0.003547
2476.753951 0.019851
2478.357126 0.025658
2479.960302 0.007307
2481.563478 0.005047
2483.166654 0.018271
2484.769830 0.023607
2486.373006 0.019422
2487.976181 0.007688
2489.579357 0.010981
2491.182533 0.014383
2492.785709 0.010520
2494.388885 0.014945
2495.992060 0.009283
2497.595236 0.005047
2499.198412 0.015741
2500.801588 0.008228
2502.404764 0.017137
2504.007940 0.006295
2505.611115 -0.002101
2507.214291 0.001574
2508.817467 0.014540
2510.420643 0.012709
2512.023819 0.012268
2513.626994 0.003736
2515.230170 0.018613
2516.833346 0.021971
2518.436522 0.001829
2520.039698 0.006258
2521.642874 0.004031
2523.246049 0.001682
2524.849225 0.011183
2526.452401 0.023308
2528.055577 0.018009
2529.658753 0.025024
2531.261928 0.010115
2532.865104 0.010854
2534.468280 0.014424
2536.071456 0.014417
2537.674632 0.010704
2539.277807 0.011181
2540.880983 0.003347
2542.484159 0.015257
2544.087335 -0.002241
2545.690511 0.005275
2547.293687 0.003584
2548.896862 0.009805
2550.500038 0.006252
2552.103214 0.006008
2553.706390 0.005272
2555.309566 0.014967
2556.912741 -0.006079
2558.515917 0.010597
2560.119093 0.004172
2561.722269 0.021331
2563.325445 0.003882
2564.928621 0.018948
2566.531796 0.000402
2568.134972 0.004492
2569.738148 0.008273
2571.341324 0.002668
2572.944500 0.017530
2574.547675 0.014640
2576.150851 0.009933
2577.754027 0.006546
2579.357203 0.009317
2580.960379 0.016470
2582.563554 -0.007709
2584.166730 -0.001661
2585.769906 0.020555
2587.373082 0.005308
2588.976258 0.009970
2590.579434 0.013319
2592.182609 -0.000004
2593.785785 0.007653
2595.388961 0.004543
2596.992137 0.004918
2598.595313 0.005812
2600.198488 -0.013273
2601.801664 0.019179
2603.404840 0.021170
2605.008016 0.011378
2606.611192 0.006167
2608.214368 0.010510
2609.817543 0.014405
2611.420719 0.010136
2613.023895 0.012486
2614.627071 0.002471
2616.230247 0.003300
2617.833422 0.008966
2619.436598 0.017249
2621.039774 0.019736
2622.642950 -0.000196
2624.246126 0.003724
2625.849301 -0.005768
2627.452477 0.007275
2629.055653 0.012503
2630.658829 0.011210
2632.262005 0.009771
2633.865181 0.017348
2635.468356 0.012672
2637.071532 0.008276
2638.674708 0.018442
2640.277884 0.028568
2641.881060 0.009306
2643.484235 0.020089
2645.087411 0.001944
2646.690587 0.001748
2648.293763 0.000510
2649.896939 -0.001844
2651.500115 0.007494
2667.531873 -0.012924
2669.135048 -0.001563
2670.738224 0.006477
2672.341400 0.009119
2673.944576 0.014527
2675.547752 0.029979
2677.150928 0.019356
2678.754103 -0.002948
2680.357279 0.002611
2681.960455 0.000166
2683.563631 0.002641
2685.166807 0.015907
2686.769982 0.019978
2688.373158 0.022872
2689.976334 0.004605
2691.579510 0.003335
2693.182686 0.018068
2694.785862 -0.000030
2696.389037 -0.010548
2697.992213 0.006623
2699.595389 0.026179
2701.198565 0.001551
2702.801741 0.019418
2704.404916 0.015186
2706.008092 -0.011915
2707.611268 0.013772
2709.214444 0.018496
2710.817620 0.011106
2712.420795 0.011657
2714.023971 0.023897
2715.627147 0.009320
2717.230323 0.003421
2718.833499 -0.015337
2720.436675 0.017717
2722.039850 0.025277
2723.643026 0.006205
2725.246202 0.010138
2726.849378 -0.000746
2728.452554 0.007377
2730.055729 0.017877
2731.658905 0.017035
2733.262081 0.007260
2734.865257 0.012551
2736.468433 0.015472
2738.071609 -0.004251
2739.674784 -0.007966
2741.277960 0.021413
2742.881136 0.006635
2744.484312 0.005442
2746.087488 0.016727
2747.690663 0.014114
2749.293839 0.005722
2750.897015 0.026085
2752.500191 0.017318
2754.103367 -0.007655
2755.706542 0.010872
2757.309718 0.026299
2758.912894 0.022264
2760.516070 0.014272
2762.119246 -0.001976
2763.722422 -0.003961
2765.325597 0.001561
2766.928773 0.009337
2768.531949 -0.005744
2770.135125 -0.019761
2771.738301 0.026033
2773.341476 -0.000242
2774.944652 0.009548
2776.547828 0.006118
2778.151004 0.018472
2779.754180 0.014726
2781.357356 0.012935
2782.960531 0.014357
2784.563707 0.016533
2786.166883 -0.000737
2787.770059 0.001828
2789.373235 0.009177
2790.976410 0.028463
2792.579586 0.024897
2794.182762 0.008546
2795.785938 0.019115
2797.389114 0.018550
2798.992289 0.049066
2800.595465 0.016270
2802.198641 0.008610
2803.801817 0.014378
2805.404993 0.006422
2807.008169 0.045930
2808.611344 0.032529
2810.214520 0.021673
2811.817696 0.028312
2813.420872 -0.017947
2815.024048 0.010137
2816.627223 0.001842
2818.230399 0.008774
2819.833575 0.020972
2821.436751 0.020402
2823.039927 0.018146
2824.643103 0.021930
2826.246278 0.014814
2827.849454 0.028913
2829.452630 0.001170
2831.055806 -0.012544
2832.658982 0.010941
2834.262157 0.000186
2835.865333 -0.010656
2837.468509 0.005215
2839.071685 0.013524
2840.674861 0.010610
2842.278036 0.000783
2843.881212 -0.000250
2845.484388 0.005875
2847.087564 0.007296
2848.690740 0.008370
2850.293916 0.005850
2851.897091 -0.007819
2853.500267 0.004256
2855.103443 0.009815
2856.706619 0.019150
2858.309795 0.000636
2859.912970 -0.001132
2861.516146 0.017970
2863.119322 0.012164
2864.722498 0.002466
2866.325674 0.020789
2867.928850 0.001929
2869.532025 0.000979
2871.135201 -0.000861
2872.738377 0.019586
2874.341553 0.012360
2875.944729 -0.000703
2877.547904 -0.011655
2879.151080 -0.008354
2880.754256 0.015866
2882.357432 0.020063
2883.960608 0.021080
2885.563783 0.019852
2887.166959 0.008715
2888.770135 0.001211
2890.373311 0.008869
2891.976487 0.002261
2893.579663 0.016229
2895.182838 0.013718
2896.786014 0.011033
2898.389190 -0.004871
2899.992366 0.015151
2901.595542 0.011467
2903.198717 0.012810
2904.801893 0.017253
2906.405069 -0.007420
2908.008245 0.008769
2909.611421 0.009145
2911.214597 0.019678
2912.817772 0.008238
2914.420948 0.000685
2916.024124 0.007008
2917.627300 0.004783
2919.230476 0.010974
2920.833651 0.007509
2922.436827 0.014809
2924.040003 0.003683
2925.643179 0.003780
2927.246355 0.013120
2928.849530 0.023133
2930.452706 -0.004101
2932.055882 -0.009584
2933.659058 -0.016124
2935.262234 -0.005390
2936.865410 0.005963
2938.468585 0.019719
2940.071761 0.007136
2941.674937 -0.000895
2943.278113 -0.011103
2944.881289 0.001693
2946.484464 0.013368
2948.087640 0.015774
2949.690816 0.025738
2951.293992 0.014343
2952.897168 0.013325
2954.500344 0.010106
2956.103519 0.015010
2957.706695 0.008930
2959.309871 0.004609
2960.913047 -0.003459
2962.516223 0.012371
2964.119398 0.009067
2965.722574 -0.017888
2967.325750 -0.004696
2968.928926 0.011968
2970.532102 0.020649
2972.135278 0.005361
2973.738453 0.012733
2975.341629 0.022124
2976.944805 0.001614
2978.547981 -0.015083
2980.151157 -0.014363
2981.754332 0.007103
2983.357508 0.027083
2984.960684 -0.005802
2986.563860 -0.002029
2988.167036 0.016631
2989.770211 -0.000344
2991.373387 0.011657
2992.976563 0.008801
2994.579739 -0.007413
2996.182915 0.017228
2997.786091 0.003234
3017.024200 0.010273
3018.627376 -0.007802
3020.230552 0.016416
3021.833728 0.024572
3023.436904 0.002093
3025.040079 0.001132
3026.643255 -0.007156
3028.246431 0.015116
3029.849607 0.030430
3031.452783 -0.004428
3033.055958 0.031563
3034.659134 0.052485
3036.262310 0.000187
3037.865486 0.028851
3039.468662 -0.026361
3041.071838 0.004200
3042.675013 0.013128
3044.278189 0.023239
3045.881365 0.007019
3047.484541 0.004017
3049.087717 0.001671
3050.690892 0.003372
3052.294068 0.017461
3053.897244 0.017497
3055.500420 -0.003734
3057.103596 0.008156
3058.706772 0.007717
3060.309947 0.015939
3061.913123 0.000198
3063.516299 0.002300
3065.119475 0.015309
3066.722651 0.009091
3068.325826 0.011212
3069.929002 0.010074
3071.532178 0.011255
3073.135354 0.014563
3074.738530 0.015995
3076.341705 0.013295
3077.944881 0.009091
3079.548057 0.032015
3081.151233 0.022248
3082.754409 0.026131
3084.357585 0.005957
3085.960760 0.020735
3087.563936 -0.003173
3089.167112 -0.001986
3090.770288 -0.005563
3092.373464 0.004841
3093.976639 0.000633
3095.579815 0.004680
3097.182991 0.031313
3098.786167 0.027021
3100.389343 0.025822
3101.992519 0.011862
3103.595694 -0.004549
3105.198870 0.005981
3106.802046 0.003418
3108.405222 0.004905
3110.008398 0.002753
3111.611573 -0.002825
3113.214749 0.001693
3114.817925 0.002192
3116.421101 0.003566
3118.024277 0.000883
3119.627452 0.001000
3121.230628 0.008445
3122.833804 0.022529
3124.436980 0.028229
3126.040156 -0.008327
3127.643332 0.016367
3129.246507 -0.006154
3130.849683 -0.001344
3132.452859 0.016682
3134.056035 0.012254
3135.659211 0.003031
3137.262386 0.012295
3138.865562 -0.011876
3140.468738 0.003584
3142.071914 0.011499
3143.675090 -0.000574
3145.278266 0.002084
3146.881441 0.000473
3148.484617 -0.003509
3150.087793 0.005304
3151.690969 0.016664
3153.294145 0.018470
3154.897320 0.006478
3156.500496 0.010198
3158.103672 0.016113
3159.706848 0.009411
3161.310024 -0.002955
3162.913199 0.006739
3164.516375 -0.000808
3166.119551 0.004946
3167.722727 0.006723
3169.325903 0.010548
3170.929079 0.006006
3172.532254 0.013111
3174.135430 0.002526
3175.738606 -0.003056
3177.341782 0.004015
3178.944958 0.011686
3180.548133 0.001395
3182.151309 0.010973
3183.754485 0.007669
3185.357661 0.016561
3186.960837 0.009344
3188.564013 0.010677
3190.167188 0.009999
3191.770364 0.016817
3193.373540 0.003806
3194.976716 0.008134
3196.579892 0.008440
3198.183067 0.017503
3199.786243 0.009543
3201.389419 -0.001665
3202.992595 0.008672
3204.595771 0.012748
3206.198946 0.004021
3207.802122 0.003851
3209.405298 0.002650
3211.008474 0.004978
3212.611650 -0.008121
3214.214826 0.008691
3215.818001 0.004801
3217.421177 -0.004717
3219.024353 0.006740
3220.627529 0.000419
3222.230705 0.010905
3223.833880 0.011424
3225.437056 -0.005488
3227.040232 0.008451
3228.643408 0.023084
3230.246584 0.020324
3231.849760 -0.001226
3233.452935 0.007223
3235.056111 0.006137
3236.659287 -0.000798
3238.262463 -0.001292
3239.865639 0.014314
3241.468814 0.009248
3243.071990 0.003580
3244.675166 0.014595
3246.278342 0.013395
3247.881518 0.012124
3249.484693 0.011488
3251.087869 0.019968
3252.691045 0.016853
3254.294221 0.011815
3255.897397 0.028319
3257.500573 0.002201
3259.103748 -0.002590
3260.706924 0.001946
3262.310100 0.023803
3263.913276 0.005269
3265.516452 0.008059
3267.119627 0.006303
3268.722803 0.001929
3270.325979 0.007446
3271.929155 0.042232
3273.532331 0.036650
3275.135507 0.006251
3276.738682 -0.004687
3278.341858 -0.002806
3279.945034 -0.002193
3281.548210 0.010165
3283.151386 0.030372
3284.754561 0.024568
3286.357737 0.012508
3287.960913 0.010977
3289.564089 0.006867
3291.167265 0.008091
3292.770440 0.001579
3294.373616 0.014077
3295.976792 0.003330
3297.579968 -0.000592
3299.183144 0.010897
3300.786320 -0.001714
3302.389495 0.029406
3303.992671 -0.016182
3305.595847 -0.021752
3307.199023 0.022570
3308.802199 0.007989
3310.405374 0.012468
3312.008550 -0.006196
3313.611726 0.019808
3315.214902 0.031394
3316.818078 0.031311
3318.421254 0.019159
3320.024429 0.004576
3321.627605 0.001430
3323.230781 0.018202
3324.833957 0.000282
3326.437133 0.019175
3328.040308 0.015827
3329.643484 0.004802
3331.246660 0.009557
3332.849836 0.011529
3334.453012 0.010876
3336.056187 0.005503
3337.659363 -0.007483
3339.262539 -0.003950
3340.865715 0.019915
3342.468891 0.012827
3344.072067 0.009400
3345.675242 0.014978
3347.278418 0.007715
3348.881594 0.004989
3350.484770 -0.002052
3352.087946 0.012854
3353.691121 -0.002451
3355.294297 0.018114
3356.897473 0.017074
3358.500649 0.011239
3360.103825 0.011454
3361.707001 0.018914
3363.310176 0.002793
3364.913352 0.010861
3366.516528 0.014481
3368.119704 0.001991
3369.722880 0.014348
3371.326055 0.005092
3372.929231 0.011152
3374.532407 0.010706
3376.135583 0.021233
3377.738759 0.016054
3379.341934 0.023263
3380.945110 0.007674
3382.548286 -0.004011
3384.151462 0.019613
3385.754638 0.005128
3387.357814 0.001202
3388.960989 0.005577
3390.564165 0.003764
3392.167341 0.003686
3393.770517 0.017288
3395.373693 0.004956
3396.976868 -0.004393
3398.580044 0.016672
3400.183220 0.008085
3401.786396 0.005628
3403.389572 0.002470
3404.992748 0.009735
3406.595923 -0.009616
3408.199099 0.007281
3409.802275 0.008497
3411.405451 0.015688
3413.008627 0.006473
3414.611802 0.000444
3416.214978 0.020447
3417.818154 0.000660
3419.421330 0.000758
3421.024506 -0.002868
3422.627682 0.009148
3424.230857 -0.005067
3425.834033 0.009387
3427.437209 0.007775
3429.040385 0.005401
3430.643561 0.007537
3432.246736 0.019665
3433.849912 0.017343
3435.453088 0.018076
3437.056264 0.017482
3438.659440 0.019599
3440.262615 -0.015373
3441.865791 0.004019
3443.468967 -0.004540
3445.072143 -0.005517
3446.675319 0.020027
3448.278495 -0.003440
3449.881670 -0.004453
3451.484846 0.020155
3453.088022 0.121812
3454.691198 0.184349
3456.294374 0.071304
3457.897549 0.032691
3459.500725 0.025843
3461.103901 -0.002450
3462.707077 0.032904
3464.310253 0.002584
3465.913429 0.008363
3467.516604 0.010083
3469.119780 -0.032954
3470.722956 0.023399
3472.326132 0.062257
3473.929308 0.016973
3475.532483 0.002173
3477.135659 0.017134
3478.738835 0.008706
3480.342011 -0.000261
3481.945187 0.014192
3483.548362 0.035651
3485.151538 -0.013836
3486.754714 0.024948
3488.357890 0.035619
3489.961066 -0.043859
3491.564242 -0.025552
3493.167417 -0.000481
3494.770593 0.014496
3496.373769 0.017368
3497.976945 0.017275
3499.580121 0.012811
3501.183296 -0.006684
3502.786472 0.030064
3504.389648 0.013307
3505.992824 0.005858
3507.596000 0.016747
3509.199176 0.001880
3510.802351 -0.019311
3512.405527 -0.007601
3514.008703 -0.002124
3515.611879 0.017067
3517.215055 0.036857
3518.818230 0.023850
3520.421406 0.002379
3522.024582 0.001789
3523.627758 0.015473
3525.230934 0.020293
3526.834109 0.026718
3528.437285 0.000392
3530.040461 0.018971
3531.643637 0.023525
3533.246813 -0.010674
3534.849989 0.028567
3536.453164 0.003106
3538.056340 0.012466
3539.659516 0.013100
3541.262692 -0.000682
3542.865868 -0.017429
3544.469043 -0.011363
3546.072219 -0.004223
3547.675395 -0.006146
3549.278571 0.022042
3550.881747 0.002874
3552.484923 0.007658
3554.088098 0.012282
3555.691274 0.011665
3557.294450 -0.005596
3558.897626 -0.012971
3560.500802 0.011080
3562.103977 0.018727
3563.707153 0.000845
3565.310329 -0.029954
3566.913505 -0.025055
3568.516681 0.028319
3570.119856 0.034682
3571.723032 0.011759
3573.326208 0.024545
3574.929384 0.022041
3576.532560 0.014038
3578.135736 0.024088
3579.738911 0.007059
3581.342087 0.010338
3582.945263 0.007044
3584.548439 -0.003468
3586.151615 -0.007773
3587.754790 0.030048
3589.357966 0.040551
3590.961142 0.020117
3592.564318 0.040354
3594.167494 -0.003898
3595.770670 0.003121
3597.373845 0.002050
3598.977021 0.010868
3600.580197 0.000739
3602.183373 0.006065
3603.786549 0.013905
3605.389724 0.006023
3606.992900 0.010213
3608.596076 -0.019669
3610.199252 0.024945
3611.802428 -0.030343
3613.405603 0.015705
3615.008779 0.002140
3616.611955 0.016320
3618.215131 -0.002785
3619.818307 0.011838
3621.421483 -0.007452
3623.024658 -0.007697
3624.627834 0.024341
3626.231010 0.023788
3627.834186 0.011392
3629.437362 0.000021
3631.040537 0.027157
3632.643713 -0.015073
3634.246889 -0.020596
3635.850065 -0.006399
3637.453241 -0.008760
3639.056417 -0.015125
3640.659592 -0.005414
3642.262768 -0.010737
3643.865944 0.043286
3645.469120 0.005365
3647.072296 0.001665
3648.675471 0.008179
3650.278647 0.003112
3651.881823 -0.000534
3653.484999 -0.019382
3655.088175 0.004326
3656.691350 -0.015872
3658.294526 -0.016003
3659.897702 0.017636
3661.500878 0.013084
3663.104054 0.001175
3664.707230 0.012963
3666.310405 0.010461
3667.913581 0.010636
3669.516757 0.009407
3671.119933 -0.005174
3672.723109 0.008175
3674.326284 0.021899
3675.929460 0.014429
3677.532636 0.000395
3679.135812 -0.072655
3680.738988 -0.006741
3682.342164 0.022098
3683.945339 0.053566
3685.548515 0.043953
3687.151691 0.025416
3688.754867 0.036729
3690.358043 0.009485
3691.961218 0.003412
3693.564394 -0.003873
3695.167570 -0.014744
3696.770746 0.026603
3698.373922 0.028026
3699.977097 0.024117
3701.580273 0.035830
3703.183449 0.044574
3704.786625 0.026023
3706.389801 0.013754
3707.992977 0.035168
3709.596152 -0.006586
3711.199328 -0.021614
3712.802504 -0.011737
3714.405680 0.000187
3716.008856 0.027750
3717.612031 -0.011941
3719.215207 -0.032275
3720.818383 0.025486
3722.421559 0.069068
3724.024735 0.070933
3725.627911 0.058060
3727.231086 0.077261
3728.834262 0.053005
3730.437438 0.002611
3732.040614 0.022041
3733.643790 0.045843
3735.246965 -0.004057
3736.850141 -0.005293
3738.453317 -0.003999
3740.056493 0.005691
3741.659669 0.007258
3743.262844 -0.020173
3744.866020 0.051339
3746.469196 -0.023543
3748.072372 -0.024996
3749.675548 0.047665
3751.278724 0.023054
3752.881899 0.014256
3754.485075 -0.003927
3756.088251 0.001123
3757.691427 0.040305
3759.294603 -0.001548
3760.897778 0.036234
3762.500954 0.039898
3764.104130 -0.008156
3765.707306 0.046750
3767.310482 0.005516
3768.913658 0.016631
3770.516833 0.000918
3772.120009 -0.005149
3773.723185 -0.022769
3775.326361 0.030061
3776.929537 -0.048811
3778.532712 -0.021927
3780.135888 0.029229
3781.739064 0.032003
3783.342240 -0.011438
3784.945416 -0.020255
3786.548591 -0.039833
3788.151767 0.006266
3789.754943 0.004632
3791.358119 0.015712
3792.961295 -0.011553
3794.564471 -0.009913
3796.167646 0.003856
3797.770822 0.025947
3799.373998 -0.018110
3800.977174 0.006127
3802.580350 0.050551
3804.183525 0.018292
3805.786701 -0.037678
3807.389877 0.001397
3808.993053 0.010531
3810.596229 0.023799
3812.199405 0.050445
3813.802580 0.055594
3815.405756 0.038516
3817.008932 0.049736
3818.612108 0.008400
3820.215284 0.022976
3821.818459 0.038484
3823.421635 -0.001788
3825.024811 -0.012764
3826.627987 -0.012047
3828.231163 -0.011449
3829.834338 -0.012667
3831.437514 0.020797
3833.040690 0.028571
3834.643866 -0.000624
3836.247042 0.010010
3837.850218 0.008105
3839.453393 0.016761
3841.056569 0.023194
3842.659745 -0.014491
3844.262921 -0.045919
3845.866097 -0.013329
3847.469272 -0.011817
3849.072448 0.011794
3850.675624 0.003492
3852.278800 0.003057
3853.881976 0.012260
3855.485152 0.005972
3857.088327 0.003400
3858.691503 0.002646
3860.294679 0.016344
3861.897855 0.005860
3863.501031 0.009057
3865.104206 0.010284
3866.707382 0.008329
3868.310558 0.015485
3869.913734 0.030994
3871.516910 -0.005269
3873.120086 0.000411
3874.723261 0.010273
3876.326437 0.024022
3877.929613 -0.007108
3879.532789 -0.020466
3881.135965 0.017549
3882.739140 0.018848
3884.342316 0.020622
3885.945492 0.003278
3887.548668 0.011100
3889.151844 -0.002693
3890.755019 0.003650
3892.358195 0.007809
3893.961371 0.001287
3895.564547 0.011053
3897.167723 0.000601
3898.770899 -0.019841
3900.374074 0.004554
3901.977250 0.005200
3903.580426 0.001163
3905.183602 0.020616
3906.786778 0.016969
3908.389953 -0.004783
3909.993129 0.016288
3911.596305 0.024332
3913.199481 0.007711
3914.802657 0.008711
3916.405833 0.012284
3918.009008 0.012455
3919.612184 0.020378
3921.215360 0.020809
3922.818536 0.025963
3924.421712 0.013312
3926.024887 -0.000836
3927.628063 0.005476
3929.231239 0.009393
3930.834415 0.001119
3932.437591 -0.002905
3934.040766 0.000517
3935.643942 0.014426
3937.247118 0.011963
3938.850294 0.006946
3940.453470 0.012266
3942.056646 0.006376
3943.659821 0.011328
3945.262997 0.045084
3946.866173 0.026992
3948.469349 -0.002636
3950.072525 0.079941
3951.675700 0.031722
3953.278876 -0.037019
3954.882052 0.027319
3956.485228 0.017811
3958.088404 -0.085091
3959.691580 0.048278
3961.294755 -0.031433
3962.897931 -0.005678
3964.501107 -0.007611
3966.104283 -0.002935
3967.707459 -0.022212
3969.310634 -0.013061
3970.913810 -0.003307
3972.516986 0.006953
3974.120162 0.008618
3975.723338 0.009755
3977.326513 0.060887
3978.929689 0.063657
3980.532865 -0.042672
3982.136041 0.118334
3983.739217 -0.003721
3985.342393 -0.119383
3986.945568 0.006986
3988.548744 0.025774
3990.151920 0.013750
3991.755096 0.052676
3993.358272 0.006360
3994.961447 0.004204
3996.564623 0.007946
3998.167799 0.077839
3999.770975 0.000794
4001.374151 0.012205
4002.977327 0.010684
4004.580502 0.119806
4006.183678 0.054080
4007.786854 -0.056242
4009.390030 -0.008737
4010.993206 -0.042950
4012.596381 -0.006281
4014.199557 -0.005356
4015.802733 0.042446
4017.405909 -0.011775
4019.009085 0.041935
4020.612260 0.001535
4022.215436 -0.039723
4023.818612 -0.046543
4025.421788 -0.044586
4027.024964 -0.039097
4028.628140 0.024809
4030.231315 0.014216
4031.834491 0.000023
4033.437667 0.000391
4035.040843 0.026666
4036.644019 -0.009038
4038.247194 0.017826
4039.850370 0.044695
4041.453546 -0.043344
4043.056722 -0.058563
4044.659898 0.008694
4046.263074 0.005155
4047.866249 0.001521
4049.469425 0.005478
4051.072601 0.024655
4052.675777 0.020127
4054.278953 0.058108
4055.882128 0.017116
4057.485304 0.014557
4059.088480 0.041207
4060.691656 -0.022604
4062.294832 -0.014726
4063.898007 -0.001908
4065.501183 -0.003854
4067.104359 0.013070
4068.707535 -0.000312
4070.310711 0.014985
4071.913887 0.013226
4073.517062 -0.006476
4075.120238 0.022656
4076.723414 0.024750
4078.326590 0.009589
4079.929766 -0.037947
4081.532941 -0.033240
4083.136117 0.019282
4084.739293 0.016862
4086.342469 -0.009885
4087.945645 0.014042
4089.548821 -0.000617
4091.151996 0.027428
4092.755172 0.016207
4094.358348 0.017868
4095.961524 0.021437
4097.564700 0.021535
4099.167875 0.047223
4100.771051 -0.005620
4102.374227 0.024457
4103.977403 0.013323
4105.580579 0.004197
4107.183754 0.002892
4108.786930 0.032733
4110.390106 0.031483
4111.993282 0.007993
4113.596458 0.067197
4115.199634 0.033741
4116.802809 0.012625
4118.405985 0.020177
4120.009161 -0.008407
4121.612337 -0.018386
4123.215513 -0.012045
4124.818688 0.029790
4126.421864 0.037291
4128.025040 0.027885
4129.628216 0.013010
4131.231392 -0.018355
4132.834568 -0.010413
4134.437743 0.005058
4136.040919 0.001807
4137.644095 0.000457
4139.247271 0.017213
4140.850447 0.017108
4142.453622 -0.025352
4144.056798 0.014917
4145.659974 0.034002
4147.263150 0.016104
4148.866326 0.007007
4150.469501 0.013619
4152.072677 -0.013114
4153.675853 0.028680
4155.279029 0.034451
4156.882205 0.001126
4158.485381 0.013024
4160.088556 0.011251
4161.691732 0.003956
4163.294908 0.003553
4164.898084 0.009629
4166.501260 0.009029
4168.104435 0.012510
4169.707611 0.008452
4171.310787 0.008740
4172.913963 0.019624
4188.945721 -0.021552
4190.548897 -0.102953
4192.152073 -0.025131
4193.755248 -0.002392
4195.358424 0.025486
4196.961600 -0.012579
4198.564776 -0.011267
4200.167952 -0.007284
4201.771128 0.004237
4203.374303 0.017614
4204.977479 0.005663
4206.580655 0.013087
4208.183831 0.221052
4209.787007 0.272300
4211.390182 0.138316
4212.993358 -0.071244
4214.596534 -0.241707
4216.199710 -0.163498
4217.802886 -0.098797
4219.406062 -0.028477
4221.009237 -0.022808
4222.612413 0.014690
4224.215589 0.045775
4225.818765 -0.019542
4227.421941 0.033677
4229.025116 0.040129
4230.628292 0.049226
4232.231468 0.009290
4233.834644 -0.063010
4235.437820 -0.007411
4237.040995 0.136157
4238.644171 0.074559
4240.247347 -0.034108
4241.850523 -0.171700
4243.453699 -0.113003
4245.056875 0.004239
4246.660050 -0.032365
4248.263226 -0.035657
4249.866402 -0.047154
4251.469578 0.009423
4253.072754 0.143564
4254.675929 0.093848
4256.279105 -0.028865
4257.882281 -0.120291
4259.485457 -0.039606
4261.088633 -0.025498
4262.691809 0.007673
4264.294984 0.069789
4265.898160 0.021974
4267.501336 0.034715
4269.104512 0.007569
4270.707688 0.061255
4272.310863 0.129545
4273.914039 0.097083
4275.517215 -0.049745
4277.120391 -0.119257
4278.723567 -0.081397
4280.326742 0.012299
4281.929918 0.011968
4283.533094 -0.017360
4285.136270 0.035075
4286.739446 0.031277
4288.342622 -0.021906
4289.945797 0.025807
4291.548973 0.085312
4293.152149 0.096635
4294.755325 -0.017122
4296.358501 -0.043936
4297.961676 -0.068046
4299.564852 -0.012947
4301.168028 0.013265
4302.771204 0.021460
4304.374380 0.033393
4305.977556 -0.002035
4307.580731 -0.017951
4309.183907 -0.029414
4310.787083 -0.037074
4312.390259 -0.022007
4313.993435 0.031596
4315.596610 -0.008427
4317.199786 0.002817
4318.802962 -0.010662
4320.406138 0.003079
4322.009314 -0.005200
4323.612490 0.032305
4325.215665 0.004461
4326.818841 -0.009572
4328.422017 0.022158
4330.025193 0.003491
4331.628369 0.001170
4333.231544 -0.005156
4334.834720 -0.018520
4336.437896 0.003945
4338.041072 0.033552
4339.644248 0.018115
4341.247423 0.015402
4342.850599 0.034433
4344.453775 0.010681
4346.056951 0.009314
4347.660127 0.015822
4349.263303 -0.006473
4350.866478 0.015108
4352.469654 0.018687
4354.072830 0.002627
4355.676006 -0.002128
4357.279182 0.000553
4358.882357 0.012356
4360.485533 0.008550
4362.088709 -0.002769
4363.691885 0.024985
4365.295061 0.022413
4366.898237 -0.013662
4368.501412 -0.001360
4370.104588 0.000020
4371.707764 -0.010028
4373.310940 0.018404
4374.914116 0.002190
4376.517291 -0.011499
4378.120467 0.007799
4379.723643 0.014869
4381.326819 -0.000647
4382.929995 0.021463
4384.533170 0.020094
4386.136346 0.015595
4387.739522 0.003035
4389.342698 -0.006060
4390.945874 -0.011863
4392.549050 0.008684
4394.152225 -0.009537
4395.755401 -0.014372
4397.358577 -0.000903
4398.961753 0.051113
4400.564929 0.002036
4402.168104 0.023016
4403.771280 0.020897
4405.374456 0.016606
4406.977632 0.009743
4408.580808 0.002143
4410.183984 -0.004623
4411.787159 0.013953
4413.390335 0.001991
