2451.244497 0.054700
2453.075280 0.005408
2454.906063 0.010376
2456.736847 0.013432
2458.567630 0.009486
2460.398413 0.011071
2462.229197 0.012805
2464.059980 0.010210
2465.890763 0.014373
2467.721547 0.009389
2469.552330 -0.000011
2471.383113 0.002988
2473.213897 0.001469
2475.044680 0.008310
2476.875463 0.003696
2478.706246 -0.002950
2480.537030 -0.002252
2482.367813 0.001800
2484.198596 0.007636
2486.029380 0.007408
2487.860163 0.008218
2489.690946 0.004650
2491.521730 0.001842
2493.352513 0.007492
2495.183296 -0.000790
2497.014080 -0.000277
2498.844863 0.000107
2500.675646 -0.004055
2502.506430 0.004854
2504.337213 0.004856
2506.167996 0.011493
2507.998779 0.001502
2509.829563 0.008193
2511.660346 0.015102
2513.491129 0.006015
2515.321913 0.004107
2517.152696 0.002281
2518.983479 0.013183
2520.814263 0.016974
2522.645046 0.016394
2524.475829 0.003116
2526.306613 0.009821
2528.137396 0.000246
2529.968179 0.010605
2531.798963 0.015735
2533.629746 -0.001731
2535.460529 0.000170
2537.291312 0.020563
2539.122096 0.015344
2540.952879 0.007265
2542.783662 0.004119
2544.614446 0.005657
2546.445229 0.004924
2548.276012 0.005049
2550.106796 0.003716
2551.937579 -0.004260
2553.768362 0.005459
2555.599146 0.002814
2557.429929 0.015035
2559.260712 0.005080
2561.091496 0.007123
2562.922279 0.012129
2564.753062 0.016329
2566.583846 0.007568
2568.414629 0.005595
2570.245412 0.001619
2572.076195 0.013154
2573.906979 0.006802
2575.737762 0.006276
2577.568545 0.009151
2579.399329 0.008338
2581.230112 0.012241
2583.060895 0.007872
2584.891679 0.001934
2586.722462 -0.001069
2588.553245 0.012105
2590.384029 0.010484
2592.214812 0.009410
2594.045595 0.008399
2595.876379 0.009286
2597.707162 0.005787
2599.537945 0.013004
2601.368728 0.004254
2603.199512 0.004449
2605.030295 0.008716
2606.861078 0.006334
2608.691862 0.006224
2610.522645 0.006597
2612.353428 0.004556
2614.184212 0.009474
2616.014995 0.004849
2617.845778 0.008111
2619.676562 0.011399
2621.507345 0.005212
2623.338128 0.010462
2625.168912 0.016586
2626.999695 0.001693
2628.830478 0.004091
2630.661261 0.004574
2632.492045 0.002759
2634.322828 0.009866
2636.153611 0.002830
2637.984395 0.007215
2639.815178 0.008150
2641.645961 0.010686
2643.476745 0.005192
2645.307528 0.012655
2647.138311 0.010178
2648.969095 0.001717
2650.799878 0.002832
2652.630661 0.005422
2654.461445 0.007641
2656.292228 0.002018
2658.123011 0.012741
2659.953795 0.003401
2661.784578 0.007411
2663.615361 0.011021
2665.446144 0.006099
2667.276928 0.007099
2669.107711 0.003707
2670.938494 -0.000028
2672.769278 0.005061
2674.600061 0.013444
2676.430844 0.001828
2678.261628 0.008155
2680.092411 0.009925
2681.923194 0.007987
2683.753978 0.010215
2685.584761 0.008760
2687.415544 0.009212
2689.246328 0.001360
2691.077111 0.007664
2692.907894 0.005140
2694.738677 0.005745
2696.569461 0.006878
2698.400244 0.005001
2700.231027 0.008889
2702.061811 0.002826
2703.892594 0.004764
2705.723377 0.000590
2707.554161 0.011147
2709.384944 0.011566
2711.215727 0.004877
2713.046511 0.003065
2714.877294 0.008477
2716.708077 0.007728
2718.538861 0.010210
2720.369644 0.006534
2722.200427 0.005549
2724.031210 0.006074
2725.861994 -0.001474
2727.692777 0.008446
2729.523560 0.006769
2731.354344 0.002459
2733.185127 0.008452
2735.015910 0.009844
2736.846694 0.000661
2738.677477 0.005966
2740.508260 0.004498
2742.339044 0.011313
2744.169827 0.007142
2746.000610 0.010770
2747.831394 0.003481
2749.662177 0.015278
2751.492960 0.007912
2753.323744 0.010818
2755.154527 0.003799
2756.985310 0.002527
2758.816093 0.010627
2760.646877 0.013408
2762.477660 0.009541
2764.308443 0.005642
2766.139227 0.011063
2767.970010 0.009429
2769.800793 0.014292
2771.631577 0.008664
2773.462360 0.006234
2775.293143 0.010156
2777.123927 0.006376
2778.954710 -0.000258
2780.785493 0.010198
2782.616277 0.007382
2784.447060 0.007602
2786.277843 0.009937
2788.108626 0.011302
2789.939410 0.007964
2791.770193 0.007341
2793.600976 0.006047
2795.431760 -0.001696
2797.262543 0.002222
2799.093326 0.007493
2800.924110 0.000951
2802.754893 0.000807
2804.585676 0.006074
2806.416460 0.011791
2808.247243 0.007530
2810.078026 0.003997
2811.908810 0.004414
2813.739593 0.003885
2815.570376 0.012831
2817.401159 0.013745
2819.231943 0.007296
2821.062726 0.009333
2822.893509 0.001299
2824.724293 0.007799
2826.555076 0.005517
2828.385859 0.007925
2830.216643 0.006283
2832.047426 0.006746
2833.878209 0.007467
2835.708993 0.003946
2837.539776 0.009720
2839.370559 0.004946
2841.201343 0.008945
2843.032126 0.003748
2844.862909 0.008791
2846.693693 0.010529
2848.524476 0.001916
2850.355259 0.002428
2852.186042 0.001859
2854.016826 0.003604
2855.847609 0.000657
2857.678392 0.010922
2859.509176 0.011039
2861.339959 0.006070
2863.170742 0.001324
2865.001526 0.009330
2866.832309 0.007864
2868.663092 -0.003549
2870.493876 0.005749
2872.324659 0.003603
2874.155442 0.009465
2875.986226 0.007917
2877.817009 0.005952
2879.647792 0.004358
2881.478575 0.009747
2883.309359 0.005754
2885.140142 0.013173
2886.970925 0.002649
2888.801709 0.008480
2890.632492 0.012218
2892.463275 0.009653
2894.294059 0.008600
2896.124842 0.001427
2897.955625 0.007976
2899.786409 0.004702
2901.617192 0.007737
2903.447975 0.009611
2905.278759 0.006126
2907.109542 0.010441
2908.940325 0.006311
2910.771108 0.002899
2912.601892 0.013738
2914.432675 0.005720
2916.263458 0.004409
2918.094242 0.010361
2919.925025 0.003773
2921.755808 0.005262
2923.586592 0.008374
2925.417375 0.006990
2927.248158 0.002795
2929.078942 0.011270
2930.909725 0.010181
2932.740508 0.011791
2934.571292 0.005346
2936.402075 0.001999
2938.232858 0.010995
2940.063642 0.010065
2941.894425 0.003683
2943.725208 0.004443
2945.555991 0.005750
2947.386775 0.005488
2949.217558 0.001553
2951.048341 0.008054
2952.879125 0.002823
2954.709908 0.006727
2956.540691 0.004952
2958.371475 0.002794
2960.202258 0.008760
2962.033041 0.008925
2963.863825 0.012396
2965.694608 0.012824
2967.525391 0.010873
2969.356175 0.008570
2971.186958 0.009585
2973.017741 0.003637
2974.848524 0.015094
2976.679308 0.006411
2978.510091 0.007500
2980.340874 0.007157
2982.171658 0.005779
2984.002441 -0.002155
2985.833224 0.001838
2987.664008 0.009589
2989.494791 0.005846
2991.325574 0.010856
2993.156358 0.007424
2994.987141 0.003414
2996.817924 0.008366
2998.648708 0.008169
3000.479491 0.007092
3002.310274 0.003712
3004.141057 0.011968
3005.971841 0.005882
3007.802624 0.004002
3009.633407 0.007912
3011.464191 0.018407
3013.294974 0.002921
3015.125757 0.003425
3016.956541 -0.001824
3018.787324 -0.000546
3020.618107 0.008425
3022.448891 0.008636
3024.279674 0.012638
3026.110457 0.007314
3027.941241 0.004897
3049.910640 0.008152
3051.741424 0.010760
3053.572207 0.009224
3055.402990 0.011379
3057.233774 0.013585
3059.064557 0.003077
3060.895340 0.005250
3062.726124 0.014617
3064.556907 0.017560
3066.387690 0.007455
3068.218473 0.004243
3070.049257 -0.000652
3071.880040 0.011985
3073.710823 0.008002
3075.541607 0.005323
3077.372390 0.011989
3079.203173 0.011754
3081.033957 0.010864
3082.864740 0.011990
3084.695523 0.004084
3086.526307 0.003350
3088.357090 -0.000136
3090.187873 0.007650
3092.018657 0.002964
3093.849440 0.003189
3095.680223 0.008880
3097.511006 0.010456
3099.341790 0.013129
3101.172573 0.005079
3103.003356 0.004904
3104.834140 0.005230
3106.664923 0.010065
3108.495706 0.005349
3110.326490 0.008896
3112.157273 0.005446
3113.988056 0.007379
3115.818840 0.008692
3117.649623 0.012654
3119.480406 0.009089
3121.311190 0.007436
3123.141973 0.006233
3124.972756 0.004433
3126.803540 0.006916
3128.634323 0.014549
3130.465106 0.016968
3132.295889 0.009415
3134.126673 0.010889
3135.957456 0.017736
3137.788239 0.009816
3139.619023 0.013681
3141.449806 0.012660
3143.280589 0.005831
3145.111373 0.002352
3146.942156 0.010928
3148.772939 0.008388
3150.603723 0.014403
3152.434506 0.005397
3154.265289 0.014236
3156.096073 0.016148
3157.926856 0.011229
3159.757639 0.008048
3161.588422 0.005853
3163.419206 0.004252
3165.249989 0.006925
3167.080772 0.006314
3168.911556 0.003260
3170.742339 0.007912
3172.573122 0.017293
3174.403906 0.006676
3176.234689 0.005237
3178.065472 0.007415
3179.896256 0.006566
3181.727039 0.014430
3183.557822 0.016213
3185.388606 0.007120
3187.219389 0.010536
3189.050172 0.015971
3190.880955 0.008623
3192.711739 0.008936
3194.542522 0.006334
3196.373305 0.012469
3198.204089 0.007239
3200.034872 0.014789
3201.865655 0.010215
3203.696439 0.006885
3205.527222 0.007404
3207.358005 0.018319
3209.188789 0.030375
3211.019572 -0.009889
3212.850355 0.012069
3214.681139 0.007585
3216.511922 0.003745
3218.342705 0.014862
3220.173489 0.008542
3222.004272 0.007560
3223.835055 0.019540
3225.665838 0.014026
3227.496622 0.010640
3229.327405 -0.003368
3231.158188 0.003257
3232.988972 0.006221
3234.819755 0.011580
3236.650538 0.014520
3238.481322 0.006543
3240.312105 0.007874
3242.142888 0.011982
3243.973672 0.008901
3245.804455 0.016565
3247.635238 0.010657
3249.466022 0.010624
3251.296805 0.001657
3253.127588 0.010798
3254.958371 0.010806
3256.789155 0.011747
3258.619938 0.009170
3260.450721 0.006420
3262.281505 0.003737
3264.112288 0.006602
3265.943071 0.011297
3267.773855 0.013121
3269.604638 0.009567
3271.435421 0.009512
3273.266205 0.012359
3275.096988 0.010610
3276.927771 0.004956
3278.758555 0.004903
3280.589338 0.010045
3282.420121 0.014167
3284.250904 0.008629
3286.081688 0.010552
3287.912471 0.012164
3289.743254 0.015232
3291.574038 0.011482
3293.404821 0.012258
3295.235604 0.006880
3297.066388 0.008730
3298.897171 0.014386
3300.727954 0.013941
3302.558738 0.010164
3304.389521 0.009478
3306.220304 0.010032
3308.051088 0.014215
3309.881871 0.005713
3311.712654 0.003570
3313.543438 0.011118
3315.374221 0.012561
3317.205004 0.012770
3319.035787 0.008101
3320.866571 0.006362
3322.697354 0.003537
3324.528137 0.007835
3326.358921 0.013679
3328.189704 0.010788
3330.020487 0.009455
3331.851271 0.009188
3333.682054 0.009936
3335.512837 0.006758
3337.343621 0.001309
3339.174404 0.013074
3341.005187 0.006265
3342.835971 0.003014
3344.666754 0.003814
3346.497537 0.009447
3348.328320 0.004079
3350.159104 -0.000487
3351.989887 -0.000817
3353.820670 -0.007956
3355.651454 0.001495
3357.482237 0.003083
3359.313020 0.010133
3361.143804 0.003954
3362.974587 0.014970
3364.805370 0.021587
3366.636154 0.018526
3368.466937 0.016139
3370.297720 0.007454
3372.128504 0.005395
3373.959287 0.012080
3375.790070 0.004756
3377.620853 0.000810
3379.451637 0.003654
3381.282420 0.014929
3383.113203 0.013189
3384.943987 0.010117
3386.774770 0.008704
3388.605553 0.010319
3390.436337 0.008894
3392.267120 0.005999
3394.097903 0.013170
3395.928687 -0.002534
3397.759470 0.004692
3399.590253 0.013660
3401.421037 0.023315
3403.251820 0.009902
3405.082603 0.013847
3406.913387 0.000213
3408.744170 0.005050
3410.574953 0.002471
3412.405736 0.005945
3414.236520 0.017320
3416.067303 0.019780
3417.898086 0.014373
3419.728870 0.011950
3421.559653 0.002354
3423.390436 0.017542
3425.221220 0.019018
3427.052003 0.006023
3428.882786 -0.014285
3430.713570 0.019848
3432.544353 -0.002755
3434.375136 0.006431
3436.205920 0.021927
3438.036703 0.019406
3439.867486 0.013665
3441.698269 0.012486
3443.529053 0.010037
3445.359836 0.012125
3447.190619 0.007265
3449.021403 0.010513
3450.852186 0.012101
3452.682969 0.004808
3454.513753 0.006563
3456.344536 0.002695
3458.175319 0.014138
3460.006103 0.020070
3461.836886 0.012186
3463.667669 -0.005793
3465.498453 0.004346
3467.329236 0.007359
3469.160019 0.008984
3470.990802 0.006927
3472.821586 0.008030
3474.652369 0.008137
3476.483152 0.011779
3478.313936 0.011594
3480.144719 0.011308
3481.975502 0.018998
3483.806286 0.019112
3485.637069 0.011706
3487.467852 0.011422
3489.298636 0.012979
3491.129419 0.011922
3492.960202 0.009045
3494.790986 0.010238
3496.621769 0.013264
3498.452552 0.010914
3500.283336 0.008103
3502.114119 0.008166
3503.944902 0.005061
3505.775685 0.006551
3507.606469 0.006422
3509.437252 0.010523
3511.268035 0.012823
3513.098819 0.008374
3514.929602 0.010661
3516.760385 0.010304
3518.591169 0.005666
3520.421952 0.000083
3522.252735 0.008807
3524.083519 0.011819
3525.914302 0.014572
3527.745085 0.013805
3529.575869 0.007625
3531.406652 0.007681
3533.237435 0.006002
3535.068218 0.010195
3536.899002 0.008456
3538.729785 -0.002698
3540.560568 0.004362
3542.391352 0.009845
3544.222135 0.010988
3546.052918 0.006808
3547.883702 0.011727
3549.714485 0.013217
3551.545268 0.009791
3553.376052 0.004296
3555.206835 0.013884
3557.037618 0.012388
3558.868402 0.013963
3560.699185 0.004438
3562.529968 0.007941
3564.360751 0.008528
3566.191535 0.009651
3568.022318 0.001197
3569.853101 0.006184
3571.683885 0.012725
3573.514668 0.010244
3575.345451 0.015185
3577.176235 0.018631
3579.007018 0.014476
3580.837801 0.015459
3582.668585 0.009802
3584.499368 0.009438
3586.330151 0.013321
3588.160935 0.006489
3589.991718 0.006984
3591.822501 0.008070
3593.653285 0.013981
3595.484068 0.011008
3597.314851 0.010832
3599.145634 0.005977
3600.976418 0.004513
3602.807201 0.008957
3604.637984 0.005582
3606.468768 0.009382
3608.299551 0.015266
3610.130334 0.009255
3611.961118 0.010719
3613.791901 0.014378
3615.622684 0.011279
3617.453468 0.010116
3619.284251 0.008052
3621.115034 0.009668
3622.945818 0.010754
3624.776601 0.004752
3626.607384 0.011002
3628.438167 0.003493
3630.268951 0.016129
3632.099734 0.013964
3633.930517 0.002178
3635.761301 0.002001
3637.592084 0.011871
3639.422867 0.008871
3641.253651 0.010759
3643.084434 0.008204
3644.915217 0.008465
3646.746001 0.011892
3648.576784 0.012284
3650.407567 0.008816
3652.238351 0.008982
3654.069134 0.005937
3655.899917 0.010626
3657.730700 0.004611
3659.561484 0.009273
3661.392267 0.007507
3663.223050 0.009138
3665.053834 0.008955
3666.884617 0.007531
3668.715400 0.004962
3670.546184 0.008298
3672.376967 0.007452
3674.207750 0.006094
3676.038534 0.006165
3677.869317 0.011718
3679.700100 0.009821
3681.530884 0.011235
3683.361667 0.003895
3685.192450 0.006141
3687.023234 0.003788
3688.854017 0.012749
3690.684800 0.011671
3692.515583 0.006967
3694.346367 0.012031
3696.177150 0.007944
3698.007933 0.004576
3699.838717 0.004328
3701.669500 0.006659
3703.500283 0.009578
3705.331067 0.005898
3707.161850 0.005610
3708.992633 0.004814
3710.823417 0.002156
3712.654200 0.007707
3727.300466 0.031944
3729.131250 0.038331
3730.962033 0.036775
3732.792816 0.028111
3734.623600 0.016886
3736.454383 -0.007296
3738.285166 -0.005881
3740.115950 -0.002768
3741.946733 0.004431
3743.777516 0.018998
3745.608300 0.014168
3747.439083 0.013418
3749.269866 0.015735
3751.100649 0.009444
3752.931433 0.008642
3754.762216 0.011511
3756.592999 0.005790
3758.423783 0.005759
3760.254566 0.005869
3762.085349 0.009200
3763.916133 0.010575
3765.746916 0.011455
3767.577699 -0.004265
3769.408483 0.005444
3771.239266 0.011055
3773.070049 0.008881
3774.900833 0.002674
3776.731616 0.008916
3778.562399 0.002361
3780.393183 0.008144
3782.223966 0.011208
3784.054749 0.006074
3785.885532 0.013231
3787.716316 0.008212
3789.547099 0.003590
3791.377882 0.009469
3793.208666 0.014158
3795.039449 0.009294
3796.870232 0.011489
3798.701016 0.002529
3800.531799 0.008644
3802.362582 0.008010
3804.193366 0.013011
3806.024149 0.005887
3807.854932 0.009325
3809.685716 0.016469
3811.516499 0.018636
3813.347282 0.014560
3815.178065 0.019572
3817.008849 0.013521
3818.839632 0.018249
3820.670415 0.018153
3822.501199 0.012910
3824.331982 0.000054
3826.162765 0.007360
3827.993549 0.008990
3829.824332 0.005051
3831.655115 0.000673
3833.485899 0.001279
3835.316682 0.007931
3837.147465 0.009396
3838.978249 0.015692
3840.809032 0.004815
3842.639815 0.011434
3844.470598 0.004379
3846.301382 0.009579
3848.132165 0.010481
3849.962948 0.015979
3851.793732 0.019345
3853.624515 0.014155
3855.455298 0.013042
3857.286082 0.002518
3859.116865 0.007402
3860.947648 0.008150
3862.778432 0.013233
3864.609215 0.011513
3866.439998 0.011204
3868.270782 0.010316
3870.101565 0.017862
3871.932348 0.014344
3873.763132 0.014949
3875.593915 0.016397
3877.424698 0.014992
3879.255481 0.011211
3881.086265 0.008336
3882.917048 0.005187
3884.747831 0.011946
3886.578615 0.011300
3888.409398 0.004768
3890.240181 0.010009
3892.070965 0.003161
3893.901748 0.000883
3895.732531 0.011178
3897.563315 0.010320
3899.394098 0.013275
3901.224881 0.016397
3903.055665 0.022238
3904.886448 0.010616
3906.717231 0.006187
3908.548014 0.007792
3910.378798 0.017092
3912.209581 0.011297
3914.040364 0.009841
3915.871148 0.010271
3917.701931 0.015603
3919.532714 0.005797
3921.363498 0.016462
3923.194281 0.013815
3925.025064 0.008261
3926.855848 0.014736
3928.686631 0.013482
3930.517414 0.019779
3932.348198 0.015125
3934.178981 0.011573
3936.009764 0.010649
3937.840547 0.013779
3939.671331 0.005962
3941.502114 -0.007641
3943.332897 -0.014519
3945.163681 0.013137
3946.994464 0.028176
3948.825247 0.027675
3950.656031 0.015425
3952.486814 0.022824
3954.317597 0.015260
3956.148381 0.011052
3957.979164 0.011588
3959.809947 0.000819
3961.640731 -0.031650
3963.471514 0.003461
3965.302297 -0.002939
3967.133081 0.005788
3968.963864 -0.003904
3970.794647 0.017294
3972.625430 0.002142
3974.456214 0.010280
3976.286997 0.007228
3978.117780 0.014120
3979.948564 0.023330
3981.779347 0.017411
3983.610130 0.000579
3985.440914 0.021082
3987.271697 -0.003591
3989.102480 0.001071
3990.933264 0.016769
3992.764047 0.020674
3994.594830 0.009685
3996.425614 0.014185
3998.256397 0.013328
4000.087180 0.016985
4001.917963 0.016757
4003.748747 0.012854
4005.579530 0.017484
4007.410313 0.019365
4009.241097 0.022816
4011.071880 0.019853
4012.902663 0.017686
4014.733447 0.020778
4016.564230 0.007411
4018.395013 0.024092
4020.225797 0.021079
4022.056580 0.009692
4023.887363 0.014761
4025.718147 0.013053
4027.548930 0.016748
4029.379713 0.005760
4031.210496 0.017867
4033.041280 0.010141
4034.872063 0.007922
4036.702846 0.014788
4038.533630 0.012305
4040.364413 0.010432
4042.195196 0.012383
4044.025980 0.015638
4045.856763 0.014723
4047.687546 0.019441
4049.518330 0.008963
4051.349113 0.013901
4053.179896 0.023390
4055.010680 0.027111
4056.841463 0.020335
4058.672246 0.015509
4060.503030 0.015174
4062.333813 0.013143
4064.164596 0.017450
4065.995379 0.016062
4067.826163 0.010384
4069.656946 0.018364
4071.487729 0.008658
4073.318513 0.023283
4075.149296 0.018718
4076.980079 0.018159
4078.810863 0.016291
4080.641646 0.013583
4082.472429 0.018694
4084.303213 0.017394
4086.133996 0.016048
4087.964779 0.012578
4089.795563 0.015970
4091.626346 0.012870
4093.457129 0.009423
4095.287912 0.008263
4097.118696 0.007130
4098.949479 0.012082
4100.780262 -0.006050
4102.611046 -0.003338
4104.441829 -0.001666
4106.272612 0.012524
4108.103396 0.008169
4109.934179 0.004416
4111.764962 0.014223
4113.595746 0.012951
4115.426529 0.019414
4117.257312 0.017880
4119.088096 0.011841
4120.918879 0.011256
4122.749662 0.008967
4124.580445 -0.006069
4126.411229 -0.006503
4128.242012 -0.003677
4130.072795 0.011702
4131.903579 0.008979
4133.734362 0.011401
4135.565145 0.009553
4137.395929 0.014706
4139.226712 0.006698
4141.057495 0.012912
4142.888279 0.021592
4144.719062 0.021792
4146.549845 0.022954
4148.380629 0.025542
4150.211412 0.011645
4152.042195 0.021448
4153.872979 0.004939
4155.703762 0.023564
4157.534545 0.020638
4159.365328 0.015775
4161.196112 0.018384
4163.026895 0.018199
4164.857678 0.020236
4166.688462 0.012765
4168.519245 0.028328
4170.350028 0.024511
4172.180812 0.020856
4174.011595 0.012191
4175.842378 0.017521
4177.673162 0.003119
4179.503945 0.008888
4181.334728 0.011209
4183.165512 0.016148
4184.996295 0.010986
4186.827078 0.001358
4188.657861 0.007850
4190.488645 0.008908
4192.319428 0.011403
4194.150211 0.010016
4195.980995 0.015592
4197.811778 0.005583
4199.642561 -0.003307
4201.473345 0.004986
4203.304128 0.012302
4205.134911 -0.004392
4206.965695 0.015259
4208.796478 0.020502
4210.627261 0.006219
4212.458045 0.011073
4214.288828 0.018471
4216.119611 0.018841
4217.950394 0.016506
4219.781178 -0.005325
4221.611961 0.011732
4223.442744 -0.000978
4225.273528 -0.003884
4227.104311 0.010564
4228.935094 0.014409
4230.765878 -0.002013
4232.596661 -0.011096
4234.427444 -0.015476
4236.258228 -0.038834
4238.089011 -0.032309
4239.919794 0.004390
4241.750578 0.010742
4243.581361 0.001908
4245.412144 0.013620
4247.242928 0.008159
4249.073711 0.013317
4250.904494 0.014917
4252.735277 0.022640
4254.566061 0.019041
4256.396844 0.014467
4258.227627 -0.009447
4260.058411 -0.004691
4261.889194 0.008206
4263.719977 0.013065
4265.550761 0.025841
4267.381544 0.002253
4269.212327 0.006861
4271.043111 0.010307
4272.873894 0.020340
4274.704677 0.003220
4276.535461 0.026245
4278.366244 -0.014972
4280.197027 0.007981
4282.027810 0.019956
4283.858594 0.015004
4285.689377 -0.012843
4287.520160 0.007361
4289.350944 -0.002735
4291.181727 -0.001539
4293.012510 0.019660
4294.843294 0.002358
4296.674077 -0.001719
4298.504860 -0.005426
4300.335644 0.016345
4302.166427 -0.000656
4303.997210 -0.000041
4305.827994 0.011714
4307.658777 -0.001275
4309.489560 -0.026419
4311.320343 -0.014549
4313.151127 -0.052407
4314.981910 -0.043413
4316.812693 -0.003036
4318.643477 0.010712
4320.474260 0.007493
4322.305043 0.002795
4324.135827 0.011923
4325.966610 0.015429
4327.797393 0.011021
4329.628177 0.008240
4331.458960 0.006129
4333.289743 -0.010109
4335.120527 0.004363
4336.951310 -0.012000
4338.782093 -0.030119
4340.612877 -0.042399
4342.443660 -0.012898
4344.274443 -0.002538
4346.105226 0.013575
4347.936010 0.013797
4349.766793 0.012027
4351.597576 -0.022829
4353.428360 -0.001274
4355.259143 -0.022587
4357.089926 -0.056929
4358.920710 -0.008117
4360.751493 0.013835
4362.582276 0.014413
4364.413060 0.017739
4366.243843 0.018967
4368.074626 0.021789
4369.905410 0.009499
4371.736193 0.010420
4373.566976 0.004448
4375.397759 0.016576
4377.228543 -0.000100
4379.059326 0.010826
4380.890109 0.011859
4382.720893 0.018301
4384.551676 0.021821
4386.382459 0.017036
4388.213243 0.023064
4390.044026 0.002026
4391.874809 0.008420
4393.705593 0.005848
4395.536376 -0.001548
4397.367159 0.003934
4399.197943 0.013368
4401.028726 0.019146
4402.859509 0.013458
4404.690292 0.011969
4406.521076 0.015036
4408.351859 0.010956
4410.182642 0.013487
4412.013426 0.002375
4413.844209 0.013466
4415.674992 0.018865
4417.505776 0.013650
4419.336559 0.016035
4421.167342 0.011235
4422.998126 0.016331
4424.828909 0.017639
4426.659692 0.009239
4428.490476 0.003551
4430.321259 0.002764
4432.152042 0.015203
4433.982826 0.007247
4435.813609 0.006764
4437.644392 0.012511
4439.475175 0.008539
4441.305959 0.010761
4443.136742 -0.000258
4444.967525 0.005347
4446.798309 0.004875
4448.629092 0.015433
4450.459875 0.010792
4452.290659 0.008256
4454.121442 0.011063
4455.952225 0.007351
4457.783009 0.007596
4459.613792 0.005957
4461.444575 0.009032
4463.275359 0.005845
4465.106142 -0.000167
4466.936925 0.014208
4468.767708 0.004752
4470.598492 0.000528
4472.429275 0.006768
4474.260058 0.012785
4476.090842 0.010197
4477.921625 0.009312
4479.752408 0.005059
4481.583192 0.013009
4483.413975 0.003761
4485.244758 -0.001065
4487.075542 0.006311
4488.906325 -0.003092
4490.737108 0.010677
4492.567892 0.019604
4494.398675 0.004041
4496.229458 0.009750
4498.060241 0.011075
4499.891025 0.009346
4501.721808 0.001789
4503.552591 0.007485
4505.383375 0.008664
4507.214158 0.028634
4509.044941 0.015007
4510.875725 0.009287
4512.706508 -0.023125
4514.537291 0.010323
4516.368075 0.030596
4518.198858 0.012091
4520.029641 -0.037558
4521.860425 -0.005114
4523.691208 -0.013409
4525.521991 -0.023767
4527.352775 0.000547
4529.183558 0.008856
4531.014341 0.004226
4532.845124 0.015754
4534.675908 0.008052
4536.506691 0.014135
4538.337474 0.013548
4540.168258 0.000542
4541.999041 -0.000187
4543.829824 -0.003797
4545.660608 -0.021720
4547.491391 -0.003921
4549.322174 -0.138546
4551.152958 -0.018693
4552.983741 -0.043062
4554.814524 -0.020866
4556.645308 0.003490
4558.476091 0.015506
4560.306874 -0.014868
4562.137657 0.003644
4563.968441 0.010802
4565.799224 0.011965
4567.630007 0.012965
4569.460791 -0.014799
4571.291574 -0.001464
4573.122357 0.018114
4574.953141 -0.012393
4576.783924 -0.021717
4578.614707 -0.090970
4580.445491 -0.017482
4582.276274 -0.003644
4584.107057 0.022443
4585.937841 0.013748
4587.768624 0.006505
4589.599407 0.007550
4591.430190 0.019176
4593.260974 -0.005497
4595.091757 -0.051310
4596.922540 -0.020243
4598.753324 -0.019172
4600.584107 0.007948
4602.414890 0.001909
4604.245674 -0.017594
4606.076457 0.024506
4607.907240 0.004620
4609.738024 0.004326
4611.568807 0.026276
4613.399590 0.019152
4615.230374 -0.017673
4617.061157 0.016816
4618.891940 0.014086
4620.722724 0.012582
4622.553507 0.010746
4624.384290 0.014494
4626.215073 0.036558
4628.045857 0.010741
4629.876640 0.000306
4631.707423 -0.001500
4633.538207 0.018436
4635.368990 -0.000704
4637.199773 0.000509
4639.030557 0.012346
4640.861340 0.012369
4642.692123 0.012935
4644.522907 0.010186
4646.353690 0.004535
4648.184473 0.012046
4650.015257 0.015668
4651.846040 0.017714
4653.676823 0.016938
4655.507606 0.014618
4657.338390 0.023052
4659.169173 0.019937
4660.999956 0.008302
4662.830740 0.020805
4664.661523 0.000198
4666.492306 0.009712
4668.323090 0.006539
4670.153873 -0.005165
4671.984656 0.012811
4673.815440 0.009226
4675.646223 0.002819
4677.477006 0.018364
4679.307790 0.020491
4681.138573 0.010886
4682.969356 0.011860
4684.800139 0.025597
4686.630923 0.011051
4688.461706 0.023022
4690.292489 0.015486
4692.123273 0.002727
4693.954056 0.008070
4695.784839 0.005959
4697.615623 -0.008946
4699.446406 -0.015354
4701.277189 -0.013278
4703.107973 -0.001501
4704.938756 -0.016773
4706.769539 0.010052
4708.600323 -0.008176
4710.431106 -0.010511
4712.261889 -0.029064
4714.092673 0.004053
4715.923456 0.001302
4717.754239 -0.010437
4719.585022 -0.021174
4721.415806 -0.002835
4723.246589 0.021493
4725.077372 -0.010029
4726.908156 -0.003169
4728.738939 0.013590
4730.569722 0.000890
4732.400506 0.011861
4734.231289 0.005590
4736.062072 -0.001256
4737.892856 0.005325
4739.723639 0.005004
4741.554422 -0.001932
4743.385206 0.012715
4745.215989 0.007467
4747.046772 0.001256
4748.877555 0.007011
4750.708339 -0.001162
4752.539122 -0.003723
4754.369905 -0.005084
4756.200689 0.005104
4758.031472 0.004603
4759.862255 0.000595
4761.693039 0.001199
4763.523822 -0.006005
4765.354605 0.000449
4767.185389 0.007868
4769.016172 0.031673
4770.846955 0.026767
4772.677739 -0.003836
4774.508522 -0.089803
4776.339305 0.039637
4778.170088 -0.030597
4780.000872 0.016502
4781.831655 -0.023615
4783.662438 -0.018818
4785.493222 -0.028439
4787.324005 0.001136
4789.154788 0.014257
4790.985572 0.024944
4792.816355 -0.001242
4794.647138 0.018645
4796.477922 0.009777
4798.308705 0.002762
4800.139488 0.003265
4801.970272 0.005199
4803.801055 -0.019201
4805.631838 0.040084
4807.462622 -0.030659
4809.293405 -0.270223
4811.124188 -0.004365
4812.954971 -0.011179
4814.785755 -0.030178
