3094.564737 0.008163
3096.884666 0.037151
3099.204596 0.022158
3101.524525 0.048973
3103.844454 -0.001541
3106.164384 0.030802
3108.484313 0.028755
3110.804242 -0.001563
3113.124171 0.041143
3115.444101 0.069586
3117.764030 0.028514
3120.083959 0.056040
3122.403889 0.046303
3124.723818 0.032649
3127.043747 0.032057
3129.363677 0.029049
3131.683606 0.033251
3134.003535 0.046860
3136.323464 0.013036
3138.643394 0.053690
3140.963323 0.042310
3143.283252 0.056014
3145.603182 0.053160
3147.923111 0.026799
3150.243040 0.033215
3152.562970 0.034495
3154.882899 0.035542
3157.202828 0.046832
3159.522757 0.024705
3161.842687 0.038023
3164.162616 0.045660
3166.482545 0.030519
3168.802475 0.022539
3171.122404 0.033370
3173.442333 0.033194
3175.762262 0.023163
3178.082192 0.034901
3180.402121 0.041117
3182.722050 0.004418
3185.041980 0.019307
3187.361909 0.035029
3189.681838 0.043014
3192.001768 0.018615
3194.321697 0.037153
3196.641626 0.017612
3198.961555 0.023392
3201.281485 0.030856
3203.601414 0.039195
3205.921343 0.024235
3208.241273 0.043681
3210.561202 0.033557
3212.881131 0.058766
3215.201061 0.034549
3217.520990 0.037687
3219.840919 0.021444
3222.160848 0.042846
3224.480778 0.028224
3226.800707 0.013985
3229.120636 0.049101
3231.440566 0.060998
3233.760495 0.041743
3236.080424 0.054599
3238.400354 0.028487
3240.720283 0.052538
3243.040212 0.045147
3245.360141 0.037458
3247.680071 0.053889
3250.000000 0.034380
3252.319929 0.032107
3254.639859 0.027510
3256.959788 0.018025
3259.279717 0.038208
3261.599646 0.021386
3263.919576 0.028682
3266.239505 0.045118
3268.559434 0.040748
3270.879364 0.028681
3273.199293 0.025052
3275.519222 0.027524
3277.839152 0.034445
3280.159081 0.034056
3282.479010 0.046306
3284.798939 0.026828
3287.118869 0.037334
3289.438798 0.032501
3291.758727 0.037769
3294.078657 0.043766
3296.398586 0.022218
3298.718515 0.032664
3301.038445 0.032643
3303.358374 0.034481
3305.678303 0.041285
3307.998232 0.046362
3310.318162 0.047720
3312.638091 0.020999
3314.958020 0.017965
3317.277950 0.028649
3319.597879 0.048373
3321.917808 0.014889
3324.237738 0.027233
3326.557667 0.028898
3328.877596 0.052332
3331.197525 0.036955
3333.517455 0.043365
3335.837384 0.033262
3338.157313 0.035437
3340.477243 0.055403
3342.797172 0.034448
3345.117101 0.032328
3347.437030 0.031473
3349.756960 0.035461
3352.076889 0.046220
3354.396818 0.050463
3356.716748 0.058316
3359.036677 0.047355
3361.356606 0.032316
3363.676536 0.033280
3365.996465 0.035878
3368.316394 0.045138
3370.636323 0.045422
3372.956253 0.048974
3375.276182 0.055956
3377.596111 0.047688
3379.916041 0.019809
3382.235970 0.021704
3384.555899 0.048707
3386.875829 0.053687
3389.195758 0.054838
3391.515687 0.034653
3393.835616 0.036497
3396.155546 0.038576
3398.475475 0.071592
3400.795404 0.046398
3403.115334 0.044202
3405.435263 0.048734
3407.755192 0.028874
3410.075122 0.032355
3412.395051 0.048313
3414.714980 0.051192
3417.034909 0.055653
3419.354839 0.054770
3421.674768 0.049661
3423.994697 0.041825
3426.314627 0.032937
3428.634556 0.024664
3430.954485 0.035225
3433.274414 0.045388
3435.594344 0.031532
3437.914273 0.042279
3440.234202 0.052886
3442.554132 0.052732
3444.874061 0.016259
3447.193990 0.054298
3449.513920 0.054561
3451.833849 0.023135
3454.153778 0.042344
3456.473707 0.031843
3458.793637 0.045100
3461.113566 0.015687
3463.433495 0.024981
3465.753425 0.027538
3468.073354 0.040163
3470.393283 0.018171
3472.713213 0.018793
3475.033142 0.043760
3477.353071 0.036292
3479.673000 0.043477
3481.992930 0.034177
3484.312859 0.034054
3486.632788 0.029515
3488.952718 0.029672
3491.272647 0.032738
3493.592576 0.028431
3495.912506 0.038084
3498.232435 0.058965
3500.552364 0.034190
3502.872293 0.035417
3505.192223 0.027297
3507.512152 0.047144
3509.832081 0.031771
3512.152011 0.035237
3514.471940 0.027979
3516.791869 0.018686
3519.111798 0.022930
3521.431728 0.040374
3523.751657 0.045975
3526.071586 0.043885
3528.391516 0.035108
3530.711445 0.033390
3533.031374 0.046838
3535.351304 0.030332
3537.671233 0.030425
3539.991162 0.049326
3542.311091 0.035107
3544.631021 0.022953
3546.950950 0.027201
3549.270879 0.045019
3551.590809 0.056922
3553.910738 0.038717
3556.230667 0.038441
3558.550597 0.034007
3560.870526 0.031036
3563.190455 0.026743
3565.510384 0.037048
3567.830314 0.028373
3570.150243 0.021290
3572.470172 0.051777
3574.790102 0.033398
3577.110031 0.024810
3579.429960 0.033365
3581.749890 0.045035
3584.069819 0.059511
3586.389748 0.036476
3588.709677 0.036547
3591.029607 0.047142
3593.349536 0.030369
3595.669465 0.029663
3597.989395 0.050614
3600.309324 0.046744
3602.629253 0.039147
3604.949183 0.061601
3607.269112 0.051867
3609.589041 0.040020
3611.908970 0.047236
3614.228900 0.032822
3616.548829 0.022008
3618.868758 0.030854
3621.188688 0.004074
3623.508617 0.028534
3625.828546 0.056506
3628.148475 0.052189
3630.468405 0.047971
3632.788334 0.047281
3635.108263 0.035073
3637.428193 0.014467
3639.748122 0.041248
3642.068051 0.059381
3644.387981 0.037778
3646.707910 0.023402
3649.027839 0.032499
3651.347768 0.052568
3653.667698 0.038770
3655.987627 0.021993
3658.307556 0.050940
3660.627486 0.039104
3662.947415 0.043407
3665.267344 0.055452
3667.587274 0.042652
3669.907203 0.041389
3672.227132 0.037045
3674.547061 0.029214
3676.866991 0.041137
3679.186920 0.045077
3681.506849 0.035642
3683.826779 0.060911
3686.146708 0.062426
3688.466637 0.036633
3690.786567 0.046571
3693.106496 0.053320
3695.426425 0.034879
3697.746354 0.046122
3700.066284 0.059044
3702.386213 0.057706
3704.706142 0.032492
3707.026072 0.023650
3709.346001 0.028875
3711.665930 0.035586
3713.985859 0.027266
3716.305789 0.030707
3718.625718 0.044576
3720.945647 0.017031
3723.265577 0.036226
3725.585506 0.076769
3727.905435 0.098958
3730.225365 0.051872
3732.545294 0.038054
3734.865223 0.030277
3737.185152 0.020438
3739.505082 0.034707
3741.825011 0.047484
3744.144940 0.051393
3746.464870 0.042179
3748.784799 0.039325
3751.104728 0.033098
3753.424658 0.038484
3755.744587 0.062478
3758.064516 0.054018
3760.384445 0.035887
3762.704375 0.046719
3765.024304 0.063367
3767.344233 0.047971
3769.664163 0.044093
3771.984092 0.037142
3774.304021 0.023232
3776.623951 0.046654
3778.943880 0.057590
3781.263809 0.067438
3783.583738 0.052596
3785.903668 0.063356
3788.223597 0.056327
3790.543526 0.053496
3792.863456 0.053697
3795.183385 0.038682
3797.503314 0.023150
3799.823243 0.037331
3802.143173 0.046579
3804.463102 0.053279
3806.783031 0.044274
3809.102961 0.041278
3811.422890 0.059407
3813.742819 0.054995
3816.062749 0.053397
3818.382678 0.054021
3820.702607 0.060538
3823.022536 0.041500
3825.342466 0.036626
3827.662395 0.043450
3829.982324 0.042087
3832.302254 0.024319
3834.622183 0.040703
3862.461335 0.067273
3864.781264 0.060716
3867.101193 0.065570
3869.421122 0.043182
3871.741052 0.047131
3874.060981 0.058129
3876.380910 0.069469
3878.700840 0.064019
3881.020769 0.051781
3883.340698 0.043237
3885.660627 0.042308
3887.980557 0.046163
3890.300486 0.036977
3892.620415 0.044217
3894.940345 0.048085
3897.260274 0.042171
3899.580203 0.043099
3901.900133 0.032002
3904.220062 0.055785
3906.539991 0.050646
3908.859920 0.048741
3911.179850 0.059273
3913.499779 0.061571
3915.819708 0.069002
3918.139638 0.047501
3920.459567 0.045387
3922.779496 0.044669
3925.099426 0.067026
3927.419355 0.056973
3929.739284 0.042821
3932.059213 0.043062
3934.379143 0.026977
3936.699072 0.033846
3939.019001 0.048811
3941.338931 0.039858
3943.658860 0.045487
3945.978789 0.048030
3948.298719 0.045579
3950.618648 0.047439
3952.938577 0.058031
3955.258506 0.058932
3957.578436 0.045565
3959.898365 0.053490
3962.218294 0.044744
3964.538224 0.048462
3966.858153 0.044559
3969.178082 0.037151
3971.498011 0.042225
3973.817941 0.031475
3976.137870 0.047619
3978.457799 0.042075
3980.777729 0.044027
3983.097658 0.065440
3985.417587 0.063464
3987.737517 0.056476
3990.057446 0.071958
3992.377375 0.080083
3994.697304 0.059203
3997.017234 0.065722
3999.337163 0.064786
4001.657092 0.070519
4003.977022 0.072266
4006.296951 0.072139
4008.616880 0.084467
4010.936810 0.061908
4013.256739 0.081778
4015.576668 0.066621
4017.896597 0.070926
4020.216527 0.071545
4022.536456 0.085768
4024.856385 0.091079
4027.176315 0.047232
4029.496244 0.062150
4031.816173 0.060160
4034.136103 0.055461
4036.456032 0.065497
4038.775961 0.050930
4041.095890 0.058055
4043.415820 0.065152
4045.735749 0.064923
4048.055678 0.064879
4050.375608 0.067577
4052.695537 0.086721
4055.015466 0.067819
4057.335395 0.059607
4059.655325 0.076118
4061.975254 0.076970
4064.295183 0.091144
4066.615113 0.071597
4068.935042 0.103526
4071.254971 0.087245
4073.574901 0.070965
4075.894830 0.055648
4078.214759 0.066918
4080.534688 0.082177
4082.854618 0.072291
4085.174547 0.074068
4087.494476 0.066509
4089.814406 0.079084
4092.134335 0.047183
4094.454264 0.042453
4096.774194 0.040475
4099.094123 0.052177
4101.414052 0.071014
4103.733981 0.047448
4106.053911 0.047311
4108.373840 0.067060
4110.693769 0.065519
4113.013699 0.077533
4115.333628 0.064305
4117.653557 0.072484
4119.973487 0.082942
4122.293416 0.053582
4124.613345 0.073933
4126.933274 0.073676
4129.253204 0.073671
4131.573133 0.064161
4133.893062 0.068922
4136.212992 0.051758
4138.532921 0.048136
4140.852850 0.064188
4143.172779 0.079216
4145.492709 0.074342
4147.812638 0.056514
4150.132567 0.054951
4152.452497 0.060346
4154.772426 0.053204
4157.092355 0.070012
4159.412285 0.074348
4161.732214 0.081865
4164.052143 0.070561
4166.372072 0.069644
4168.692002 0.058586
4171.011931 0.074960
4173.331860 0.070588
4175.651790 0.067276
4177.971719 0.066904
4180.291648 0.062865
4182.611578 0.058754
4184.931507 0.054263
4187.251436 0.079686
4189.571365 0.044884
4191.891295 0.061672
4194.211224 0.052165
4196.531153 0.061638
4198.851083 0.060540
4201.171012 0.048738
4203.490941 0.070651
4205.810871 0.053675
4208.130800 0.081811
4210.450729 0.077239
4212.770658 0.052190
4215.090588 0.073614
4217.410517 0.061758
4219.730446 0.083979
4222.050376 0.062559
4224.370305 0.046638
4226.690234 0.058836
4229.010163 0.049285
4231.330093 0.045936
4233.650022 0.055486
4235.969951 0.062849
4238.289881 0.066968
4240.609810 0.070070
4242.929739 0.065414
4245.249669 0.047396
4247.569598 0.072387
4249.889527 0.057972
4252.209456 0.058554
4254.529386 0.058681
4256.849315 0.062873
4259.169244 0.048044
4261.489174 0.058826
4263.809103 0.048531
4266.129032 0.076878
4268.448962 0.088882
4270.768891 0.053481
4273.088820 0.065832
4275.408749 0.072999
4277.728679 0.062419
4280.048608 0.061860
4282.368537 0.063894
4284.688467 0.072597
4287.008396 0.060123
4289.328325 0.052096
4291.648255 0.063088
4293.968184 0.062131
4296.288113 0.039593
4298.608042 0.043559
4300.927972 0.076292
4303.247901 0.066902
4305.567830 0.020108
4307.887760 0.045709
4310.207689 0.038412
4312.527618 0.059747
4314.847548 0.063826
4317.167477 0.060817
4319.487406 0.059180
4321.807335 0.053771
4324.127265 0.077650
4326.447194 0.065372
4328.767123 0.062823
4331.087053 0.057450
4333.406982 0.051933
4335.726911 0.055672
4338.046840 0.058635
4340.366770 0.047578
4342.686699 0.062306
4345.006628 0.085150
4347.326558 0.076614
4349.646487 0.087552
4351.966416 0.041838
4354.286346 0.017568
4356.606275 0.040963
4358.926204 0.065808
4361.246133 0.072751
4363.566063 0.064893
4365.885992 0.068091
4368.205921 0.081824
4370.525851 0.070586
4372.845780 0.065639
4375.165709 0.062596
4377.485639 0.064855
4379.805568 0.051344
4382.125497 0.055675
4384.445426 0.080136
4386.765356 0.060460
4389.085285 0.064259
4391.405214 0.086038
4393.725144 0.077414
4396.045073 0.072304
4398.365002 0.056437
4400.684932 0.056678
4403.004861 0.069024
4405.324790 0.057839
4407.644719 0.053601
4409.964649 0.075199
4412.284578 0.061410
4414.604507 0.048688
4416.924437 0.052604
4419.244366 0.064958
4421.564295 0.059878
4423.884224 0.069278
4426.204154 0.077591
4428.524083 0.087692
4430.844012 0.072090
4433.163942 0.074690
4435.483871 0.060463
4437.803800 0.064923
4440.123730 0.061293
4442.443659 0.066716
4444.763588 0.080098
4447.083517 0.066842
4449.403447 0.066483
4451.723376 0.075746
4454.043305 0.065641
4456.363235 0.062118
4458.683164 0.076703
4461.003093 0.051819
4463.323023 0.065343
4465.642952 0.064330
4467.962881 0.070656
4470.282810 0.060003
4472.602740 0.054769
4474.922669 0.067561
4477.242598 0.067413
4479.562528 0.064732
4481.882457 0.080517
4484.202386 0.075037
4486.522316 0.058610
4488.842245 0.067358
4491.162174 0.048112
4493.482103 0.060429
4495.802033 0.057127
4498.121962 0.047112
4500.441891 0.055422
4502.761821 0.059167
4505.081750 0.069157
4507.401679 0.068554
4509.721608 0.058147
4512.041538 0.078874
4514.361467 0.090501
4516.681396 0.065577
4519.001326 0.066637
4521.321255 0.071204
4523.641184 0.058204
4525.961114 0.056460
4528.281043 0.053454
4530.600972 0.062615
4532.920901 0.060065
4535.240831 0.062513
4537.560760 0.073463
4539.880689 0.085157
4542.200619 0.084030
4544.520548 0.051592
4546.840477 0.064134
4549.160407 0.056616
4551.480336 0.062831
4553.800265 0.062602
4556.120194 0.080274
4558.440124 0.079802
4560.760053 0.063071
4563.079982 0.051459
4565.399912 0.057826
4567.719841 0.066802
4570.039770 0.069117
4572.359700 0.076398
4574.679629 0.068658
4576.999558 0.064482
4579.319487 0.063300
4581.639417 0.058429
4583.959346 0.057046
4586.279275 0.076928
4588.599205 0.060622
4590.919134 0.060737
4593.239063 0.084252
4595.558992 0.086207
4597.878922 0.076257
4600.198851 0.062586
4602.518780 0.077510
4604.838710 0.069086
4607.158639 0.070800
4609.478568 0.056755
4611.798498 0.062279
4614.118427 0.060844
4616.438356 0.074653
4618.758285 0.044310
4621.078215 0.069908
4623.398144 0.046759
4625.718073 0.063704
4628.038003 0.073106
4630.357932 0.054820
4632.677861 0.072673
4634.997791 0.074141
4637.317720 0.088419
4639.637649 0.083063
4641.957578 0.073938
4644.277508 0.082109
4646.597437 0.064354
4648.917366 0.074951
4651.237296 0.068473
4653.557225 0.086522
4655.877154 0.074089
4658.197084 0.061851
4660.517013 0.082503
4662.836942 0.064463
4665.156871 0.086619
4667.476801 0.071589
4669.796730 0.050197
4672.116659 0.053316
4674.436589 0.062701
4676.756518 0.062316
4679.076447 0.068550
4681.396376 0.070778
4683.716306 0.079597
4686.036235 0.049019
4688.356164 0.077222
4690.676094 0.073025
4692.996023 0.067163
4695.315952 0.059737
4697.635882 0.073213
4699.955811 0.072571
4702.275740 0.053155
4704.595669 0.071057
4706.915599 0.086345
4709.235528 0.090107
4711.555457 0.077326
4713.875387 0.095796
4716.195316 0.086480
4718.515245 0.063162
4720.835175 0.032581
4723.155104 0.051563
4725.475033 0.067771
4727.794962 0.058604
4730.114892 0.076506
4732.434821 0.071861
4734.754750 0.089297
4737.074680 0.057984
4739.394609 0.069175
4741.714538 0.056955
4744.034468 0.035932
4746.354397 0.055444
4748.674326 0.054285
4750.994255 0.061346
4753.314185 0.048702
4755.634114 0.048558
4757.954043 0.051153
4760.273973 0.069109
4762.593902 0.055938
4764.913831 0.068372
4767.233760 0.067833
4769.553690 0.066277
4771.873619 0.059453
4774.193548 0.071163
4776.513478 0.074911
4778.833407 0.078080
4781.153336 0.072574
4783.473266 0.055456
4785.793195 0.059021
4788.113124 0.058516
4790.433053 0.078786
4792.752983 0.080998
4795.072912 0.082369
4797.392841 0.071301
4799.712771 0.037523
4802.032700 0.059858
4804.352629 0.057670
4806.672559 0.057184
4808.992488 0.078973
4811.312417 0.080739
4813.632346 0.065912
4815.952276 0.064830
4818.272205 0.083858
4820.592134 0.078406
4822.912064 0.046542
4825.231993 0.071234
4827.551922 0.071130
4829.871852 0.070990
4832.191781 0.077215
4834.511710 0.061579
4836.831639 0.078275
4839.151569 0.077765
4841.471498 0.057470
4843.791427 0.059012
4846.111357 0.079406
4848.431286 0.072085
4850.751215 0.050555
4853.071144 0.052048
4855.391074 0.071473
4857.711003 0.081161
4860.030932 0.074515
4862.350862 0.076061
4864.670791 0.083715
4866.990720 0.060934
4869.310650 0.040173
4871.630579 0.040498
4873.950508 0.046530
4876.270437 0.057123
4878.590367 0.060175
4880.910296 0.056381
4883.230225 0.049999
4885.550155 0.056539
4887.870084 0.071790
4890.190013 0.070259
4892.509943 0.062764
4894.829872 0.067028
4897.149801 0.058423
4899.469730 0.071800
4901.789660 0.074706
4904.109589 0.061382
4906.429518 0.061236
4908.749448 0.059362
4911.069377 0.045619
4913.389306 0.062871
4915.709236 0.047461
4918.029165 0.062617
4920.349094 0.048463
4922.669023 0.062679
4924.988953 0.073307
4927.308882 0.076472
4929.628811 0.070541
4931.948741 0.069541
4934.268670 0.056025
4936.588599 0.057116
4938.908529 0.064278
4941.228458 0.047564
4943.548387 0.065767
4945.868316 0.068123
4948.188246 0.054387
4950.508175 0.056110
4952.828104 0.063093
4955.148034 0.065091
4957.467963 0.061505
4959.787892 0.041425
4962.107821 0.052048
4964.427751 0.046441
4966.747680 0.057292
4969.067609 0.059253
4971.387539 0.043249
4973.707468 0.058611
4976.027397 0.065787
4978.347327 0.060587
4980.667256 0.056304
4982.987185 0.053481
4985.307114 0.059633
4987.627044 0.051721
4989.946973 0.051172
4992.266902 0.060352
4994.586832 0.054573
4996.906761 0.064993
4999.226690 0.070039
5001.546620 0.068362
5003.866549 0.053579
5006.186478 0.063259
5008.506407 0.063257
5010.826337 0.061878
5013.146266 0.051543
5015.466195 0.065114
5017.786125 0.067555
5020.106054 0.050576
5022.425983 0.062039
5024.745913 0.050942
5027.065842 0.057695
5029.385771 0.048478
5031.705700 0.046659
5034.025630 0.043463
5036.345559 0.070725
5038.665488 0.064905
5040.985418 0.055737
5043.305347 0.059544
5045.625276 0.049972
5047.945205 0.066362
5050.265135 0.080120
5052.585064 0.081418
5054.904993 0.065674
5057.224923 0.054425
5059.544852 0.043666
5061.864781 0.051405
5064.184711 0.045494
5066.504640 0.043101
5068.824569 0.070041
5071.144498 0.097087
5073.464428 0.070560
5075.784357 0.040458
5078.104286 0.042927
5080.424216 0.052472
5082.744145 0.036624
5085.064074 0.062822
5087.384004 0.053985
5089.703933 0.080677
5092.023862 0.054679
5094.343791 0.066713
5096.663721 0.052901
5098.983650 0.064481
5101.303579 0.055659
5103.623509 0.070213
5105.943438 0.059936
5108.263367 0.061334
5110.583297 0.067672
5112.903226 0.054787
5115.223155 0.076198
5117.543084 0.064592
5119.863014 0.075443
5122.182943 0.057546
5124.502872 0.034698
5126.822802 0.062899
5129.142731 0.074674
5131.462660 0.041272
5133.782589 0.035060
5136.102519 0.042109
5138.422448 0.073030
5140.742377 0.063690
5143.062307 0.073462
5145.382236 0.047666
5147.702165 0.061490
5150.022095 0.057602
5152.342024 0.038897
5154.661953 0.057656
5156.981882 0.044645
5159.301812 0.052748
5161.621741 0.036630
5163.941670 0.064861
5166.261600 0.053295
5168.581529 0.048846
5170.901458 0.046444
5173.221388 0.058572
5175.541317 0.051363
5177.861246 0.044583
5180.181175 0.043679
5182.501105 0.079636
5184.821034 0.059876
5187.140963 0.055705
5189.460893 0.031710
5191.780822 0.001891
5194.100751 0.051337
5196.420681 0.055153
5198.740610 0.065426
5201.060539 0.109568
5203.380468 0.109162
5205.700398 0.057461
5208.020327 0.057948
5210.340256 0.050459
5212.660186 0.057556
5214.980115 0.033409
5217.300044 0.022756
5219.619973 0.052120
5221.939903 0.045153
5224.259832 0.034298
5226.579761 0.040712
5228.899691 0.055656
5231.219620 0.048609
5233.539549 0.073164
5235.859479 0.050487
5238.179408 0.076742
5240.499337 0.054647
5242.819266 0.070934
5245.139196 0.090635
5247.459125 0.093301
5249.779054 0.080976
5252.098984 0.120313
5254.418913 0.057032
5256.738842 0.016837
5259.058772 0.016471
5261.378701 0.045875
5263.698630 0.049019
5266.018559 0.079305
5268.338489 0.086657
5270.658418 0.087386
5272.978347 0.191517
5275.298277 0.138612
