3568.018714 0.008791
3569.164205 0.021053
3570.309697 0.000051
3571.455188 -0.019480
3572.600679 0.020961
3573.746170 0.004173
3574.891661 0.008102
3576.037153 -0.001058
3577.182644 0.015814
3578.328135 0.001522
3579.473626 0.030158
3580.619117 0.010592
3581.764608 0.022045
3582.910100 0.023040
3584.055591 0.007196
3585.201082 0.011751
3586.346573 0.004748
3587.492064 -0.018138
3588.637556 0.020216
3589.783047 0.006994
3590.928538 0.028975
3592.074029 0.025321
3593.219520 0.006707
3594.365011 0.016808
3595.510503 0.012408
3596.655994 0.017276
3597.801485 0.017588
3598.946976 0.028888
3600.092467 0.017607
3601.237959 0.000484
3602.383450 0.006550
3603.528941 0.023000
3604.674432 0.022598
3605.819923 0.004511
3606.965414 0.035530
3608.110906 0.022674
3609.256397 0.023501
3610.401888 0.019602
3611.547379 0.019160
3612.692870 -0.000165
3613.838362 0.005142
3614.983853 0.051430
3616.129344 0.025429
3617.274835 -0.000526
3618.420326 -0.005312
3619.565817 -0.002165
3620.711309 0.015968
3621.856800 0.020140
3623.002291 0.015839
3624.147782 0.014064
3625.293273 0.011685
3626.438765 0.003416
3627.584256 0.011002
3628.729747 -0.008108
3629.875238 0.007782
3631.020729 0.012105
3632.166220 0.019606
3633.311712 0.018277
3634.457203 0.017257
3635.602694 0.004232
3636.748185 0.010641
3637.893676 0.000012
3639.039168 0.013930
3640.184659 0.012894
3641.330150 0.022421
3642.475641 0.025701
3643.621132 0.023135
3644.766623 0.005615
3645.912115 0.013671
3647.057606 0.015876
3648.203097 0.001790
3649.348588 0.021624
3650.494079 0.020663
3651.639571 0.020936
3652.785062 0.008961
3653.930553 0.020722
3655.076044 0.027134
3656.221535 0.024158
3657.367026 0.009232
3658.512518 0.011067
3659.658009 0.024477
3660.803500 0.014387
3661.948991 0.027273
3663.094482 0.011269
3664.239974 0.020269
3665.385465 0.029672
3666.530956 0.022908
3667.676447 0.005854
3668.821938 0.013553
3669.967429 0.031885
3671.112921 0.020885
3672.258412 0.016560
3673.403903 0.025661
3674.549394 0.020970
3675.694885 0.014684
3676.840376 0.005304
3677.985868 -0.008641
3679.131359 0.001299
3680.276850 0.007879
3681.422341 -0.000073
3682.567832 -0.001998
3683.713324 0.016752
3684.858815 0.016170
3686.004306 0.006576
3687.149797 0.024695
3688.295288 0.010327
3689.440779 0.005953
3690.586271 0.002636
3691.731762 0.024233
3692.877253 0.028705
3694.022744 0.028607
3695.168235 0.014557
3696.313727 -0.003615
3697.459218 0.028891
3698.604709 0.015914
3699.750200 0.017271
3700.895691 0.015584
3702.041182 -0.005354
3703.186674 0.014471
3704.332165 0.017201
3705.477656 0.024883
3706.623147 0.011955
3707.768638 0.021189
3708.914130 0.001087
3710.059621 0.016115
3711.205112 0.010705
3712.350603 0.009381
3713.496094 0.007769
3714.641585 0.004612
3715.787077 0.035756
3716.932568 0.021348
3718.078059 0.004828
3719.223550 0.012209
3720.369041 0.011716
3721.514533 0.021455
3722.660024 0.024224
3723.805515 0.016484
3724.951006 0.021656
3726.096497 0.041580
3727.241988 0.032382
3728.387480 0.063520
3729.532971 0.033169
3730.678462 0.006357
3731.823953 0.023804
3732.969444 0.031678
3734.114936 0.017444
3735.260427 0.003375
3736.405918 0.017914
3737.551409 0.011389
3738.696900 0.017035
3739.842391 0.031161
3740.987883 0.017980
3742.133374 0.017644
3743.278865 0.027030
3744.424356 0.001007
3745.569847 0.035044
3746.715339 0.010881
3747.860830 0.006804
3749.006321 0.001208
3750.151812 0.015392
3751.297303 0.010551
3752.442794 0.001505
3753.588286 0.019852
3754.733777 0.004195
3755.879268 0.001121
3757.024759 0.009056
3758.170250 0.002314
3759.315742 -0.000395
3760.461233 0.023951
3761.606724 0.006270
3762.752215 -0.005469
3763.897706 0.015386
3765.043197 0.009411
3766.188689 0.017081
3767.334180 -0.008668
3768.479671 0.019356
3769.625162 0.041494
3770.770653 0.030943
3771.916145 0.013866
3773.061636 0.025353
3774.207127 0.031410
3775.352618 0.021136
3776.498109 0.004181
3777.643600 0.009986
3778.789092 0.015353
3779.934583 0.023481
3781.080074 0.017719
3782.225565 0.012220
3783.371056 0.021287
3784.516548 0.037289
3785.662039 0.018923
3786.807530 0.021217
3787.953021 0.016040
3789.098512 0.023213
3790.244003 0.019344
3791.389495 0.021906
3792.534986 0.001752
3793.680477 0.007732
3794.825968 0.017548
3795.971459 0.031013
3797.116951 0.002464
3798.262442 0.006748
3799.407933 0.009894
3800.553424 0.027765
3801.698915 0.028667
3802.844406 0.018848
3803.989898 0.026301
3805.135389 0.037799
3806.280880 0.025722
3807.426371 0.031979
3808.571862 0.030560
3809.717354 0.020573
3810.862845 0.031909
3812.008336 0.020746
3813.153827 0.014567
3814.299318 0.038114
3815.444809 0.024480
3816.590301 0.024944
3817.735792 0.040573
3818.881283 0.039624
3820.026774 0.030906
3821.172265 0.024033
3822.317756 0.024102
3823.463248 0.019046
3824.608739 -0.003928
3825.754230 0.010834
3826.899721 0.021698
3828.045212 0.029193
3829.190704 0.015677
3830.336195 0.008211
3831.481686 0.011141
3832.627177 0.032498
3833.772668 0.014498
3834.918159 0.013873
3836.063651 0.036392
3837.209142 0.021709
3838.354633 0.027649
3839.500124 0.012591
3840.645615 0.019002
3841.791107 0.017099
3842.936598 0.016568
3844.082089 0.024535
3854.391510 0.043187
3855.537001 0.018699
3856.682492 0.014160
3857.827983 0.014460
3858.973474 0.020297
3860.118965 0.019401
3861.264457 0.019953
3862.409948 0.012449
3863.555439 0.016859
3864.700930 0.042182
3865.846421 0.018636
3866.991913 0.039943
3868.137404 0.033104
3869.282895 0.023510
3870.428386 0.016897
3871.573877 0.022707
3872.719368 0.017280
3873.864860 0.013181
3875.010351 -0.000412
3876.155842 0.039830
3877.301333 0.029325
3878.446824 0.019028
3879.592316 0.016441
3880.737807 0.017020
3881.883298 0.014711
3883.028789 0.022504
3884.174280 0.026085
3885.319771 0.034198
3886.465263 0.029381
3887.610754 -0.000533
3888.756245 -0.000932
3889.901736 -0.002347
3891.047227 0.005824
3892.192719 0.004530
3893.338210 0.020824
3894.483701 0.016791
3895.629192 0.016118
3896.774683 0.020358
3897.920174 0.035896
3899.065666 0.026004
3900.211157 0.022528
3901.356648 0.023574
3902.502139 0.028736
3903.647630 -0.003959
3904.793122 0.001906
3905.938613 0.014542
3907.084104 0.033503
3908.229595 0.028969
3909.375086 0.034331
3910.520577 0.010335
3911.666069 0.009785
3912.811560 0.023411
3913.957051 0.016110
3915.102542 0.013979
3916.248033 0.030579
3917.393525 0.012633
3918.539016 0.019423
3919.684507 0.012309
3920.829998 0.046148
3921.975489 0.026502
3923.120980 0.021773
3924.266472 0.018070
3925.411963 0.025530
3926.557454 0.026022
3927.702945 0.012365
3928.848436 0.016069
3929.993928 0.024917
3931.139419 0.016929
3932.284910 0.000364
3933.430401 0.005663
3934.575892 0.012603
3935.721383 0.004255
3936.866875 0.002103
3938.012366 0.014570
3939.157857 0.017798
3940.303348 0.009707
3941.448839 0.014185
3942.594331 0.016391
3943.739822 0.032035
3944.885313 0.022470
3946.030804 0.019626
3947.176295 0.016423
3948.321786 0.038823
3949.467278 0.024192
3950.612769 0.023207
3951.758260 0.025813
3952.903751 0.024202
3954.049242 0.024205
3955.194734 0.042801
3956.340225 0.006526
3957.485716 0.039241
3958.631207 0.038306
3959.776698 0.019235
3960.922189 0.028997
3962.067681 0.028751
3963.213172 0.021061
3964.358663 0.016811
3965.504154 0.025734
3966.649645 0.010071
3967.795136 0.009135
3968.940628 0.003577
3970.086119 0.014989
3971.231610 0.016671
3972.377101 0.016858
3973.522592 0.021736
3974.668084 -0.002488
3975.813575 0.018017
3976.959066 0.025699
3978.104557 0.010057
3979.250048 0.033548
3980.395539 0.029701
3981.541031 0.027254
3982.686522 0.036683
3983.832013 0.022167
3984.977504 0.037426
3986.122995 0.037126
3987.268487 0.028834
3988.413978 0.020286
3989.559469 0.028101
3990.704960 0.033922
3991.850451 0.034161
3992.995942 0.007321
3994.141434 0.030341
3995.286925 0.045896
3996.432416 0.031172
3997.577907 0.051102
3998.723398 0.054673
3999.868890 0.042527
4001.014381 0.038553
4002.159872 0.027369
4003.305363 0.023674
4004.450854 0.037848
4005.596345 0.032419
4006.741837 0.034138
4007.887328 0.026294
4009.032819 0.019168
4010.178310 0.012017
4011.323801 0.044155
4012.469293 0.025050
4013.614784 0.022864
4014.760275 0.036145
4015.905766 0.025237
4017.051257 0.051444
4018.196748 0.043411
4019.342240 0.039012
4020.487731 0.027154
4021.633222 0.024656
4022.778713 0.027638
4023.924204 0.032091
4025.069696 0.026905
4026.215187 0.012113
4027.360678 0.019538
4028.506169 0.030570
4029.651660 0.021819
4030.797151 0.016846
4031.942643 0.015545
4033.088134 0.022037
4034.233625 0.019535
4035.379116 0.035975
4036.524607 0.036809
4037.670099 0.047222
4038.815590 0.029400
4039.961081 0.026428
4041.106572 0.034520
4042.252063 0.018845
4043.397554 0.041511
4044.543046 0.035982
4045.688537 0.013936
4046.834028 0.032071
4047.979519 0.010709
4049.125010 0.010522
4050.270502 0.022324
4051.415993 0.056799
4052.561484 0.028884
4053.706975 0.034647
4054.852466 0.043787
4055.997957 0.026986
4057.143449 0.032188
4058.288940 0.015992
4059.434431 0.029755
4060.579922 0.025081
4061.725413 0.038862
4062.870905 0.027148
4064.016396 0.037472
4065.161887 0.038716
4066.307378 0.016911
4067.452869 0.012663
4068.598360 0.033068
4069.743852 0.041123
4070.889343 0.030469
4072.034834 0.032153
4073.180325 0.046817
4074.325816 0.033631
4075.471308 0.034900
4076.616799 0.016196
4077.762290 0.029057
4078.907781 0.038385
4080.053272 0.027669
4081.198763 0.023856
4082.344255 0.037686
4083.489746 0.041435
4084.635237 0.020988
4085.780728 0.043623
4086.926219 0.048723
4088.071711 0.021406
4089.217202 0.038165
4090.362693 0.021003
4091.508184 0.023365
4092.653675 0.027126
4093.799166 0.015238
4094.944658 0.012693
4096.090149 0.016818
4097.235640 0.022317
4098.381131 0.019159
4099.526622 0.013817
4100.672114 0.011064
4101.817605 0.021307
4102.963096 0.036283
4104.108587 0.034307
4105.254078 0.035354
4106.399569 0.030978
4107.545061 0.030622
4108.690552 0.038404
4109.836043 0.028231
4110.981534 0.032350
4112.127025 0.038662
4113.272516 0.024050
4114.418008 0.023876
4115.563499 0.037795
4116.708990 0.029100
4117.854481 0.034404
4118.999972 0.030979
4120.145464 0.017031
4121.290955 0.026728
4122.436446 0.018569
4123.581937 0.030003
4124.727428 0.032562
4125.872919 0.027199
4127.018411 0.026297
4128.163902 0.018625
4129.309393 0.021615
4130.454884 0.037823
4131.600375 0.021224
4132.745867 0.033166
4133.891358 0.023866
4135.036849 0.041085
4136.182340 0.026157
4137.327831 0.022430
4138.473322 0.028042
4139.618814 0.044175
4140.764305 0.035355
4141.909796 0.034582
4143.055287 0.023684
4144.200778 0.018482
4145.346270 0.028565
4146.491761 0.015979
4147.637252 0.035703
4148.782743 0.035952
4149.928234 0.030870
4151.073725 0.039508
4152.219217 0.023306
4153.364708 0.019157
4154.510199 0.019838
4155.655690 0.018628
4156.801181 0.032309
4157.946673 0.033756
4159.092164 0.041025
4160.237655 0.030679
4161.383146 0.019990
4162.528637 0.030710
4163.674128 0.022369
4164.819620 0.027349
4165.965111 0.026384
4167.110602 0.043196
4168.256093 0.024139
4169.401584 0.018219
4170.547076 0.041043
4171.692567 0.033315
4172.838058 0.027471
4173.983549 0.026430
4175.129040 0.026796
4176.274531 0.034037
4177.420023 0.035382
4178.565514 0.042789
4179.711005 0.020218
4180.856496 0.029381
4182.001987 0.025765
4183.147479 0.029349
4184.292970 0.037632
4185.438461 0.015239
4186.583952 0.015428
4187.729443 0.028692
4188.874934 0.030585
4190.020426 0.019746
4191.165917 0.032643
4192.311408 0.027946
4193.456899 0.033885
4194.602390 0.031428
4195.747882 0.025829
4196.893373 0.011880
4198.038864 0.020873
4199.184355 0.032833
4200.329846 0.023205
4201.475337 0.026469
4202.620829 0.031162
4203.766320 0.018435
4204.911811 0.017509
4206.057302 0.031193
4207.202793 0.033536
4208.348285 0.029138
4209.493776 0.029676
4210.639267 0.032588
4211.784758 0.028359
4212.930249 0.037467
4214.075740 0.047523
4215.221232 0.036295
4216.366723 0.023781
4217.512214 0.019713
4218.657705 0.023276
4219.803196 0.039296
4220.948688 0.031155
4222.094179 0.032448
4223.239670 0.030418
4224.385161 0.021152
4225.530652 0.023683
4226.676143 0.040436
4227.821635 0.030142
4228.967126 0.018475
4230.112617 0.014820
4231.258108 0.014266
4232.403599 0.026404
4233.549091 0.019383
4234.694582 0.019665
4235.840073 0.034260
4236.985564 0.031010
4238.131055 0.019881
4239.276546 0.022289
4240.422038 0.030304
4241.567529 0.018581
4242.713020 0.022997
4243.858511 0.038550
4245.004002 0.027741
4246.149493 0.031597
4247.294985 0.023569
4248.440476 0.019127
4249.585967 0.012496
4250.731458 0.027196
4251.876949 0.027501
4253.022441 0.023639
4254.167932 0.020968
4255.313423 0.015998
4256.458914 0.029334
4257.604405 0.032059
4258.749896 0.027583
4259.895388 0.020461
4261.040879 0.020522
4262.186370 0.024623
4263.331861 0.016578
4264.477352 0.027460
4265.622844 0.044597
4266.768335 0.035907
4267.913826 0.031158
4269.059317 0.032857
4270.204808 0.033287
4271.350299 0.026427
4272.495791 0.027167
4273.641282 0.019454
4274.786773 0.017714
4275.932264 0.039599
4277.077755 0.025707
4278.223247 0.023239
4279.368738 0.023799
4280.514229 0.031069
4281.659720 0.026962
4282.805211 0.022017
4283.950702 0.027520
4285.096194 0.035823
4286.241685 0.038650
4287.387176 0.011529
4288.532667 0.025189
4289.678158 0.032135
4290.823650 0.018284
4291.969141 0.013959
4293.114632 0.030772
4294.260123 0.021898
4295.405614 0.018956
4296.551105 0.026813
4297.696597 0.013691
4298.842088 0.014242
4299.987579 0.016054
4301.133070 0.041515
4302.278561 0.024196
4303.424053 0.010181
4304.569544 0.018308
4305.715035 0.019636
4306.860526 0.022457
4308.006017 0.025955
4309.151508 0.027131
4310.297000 0.025160
4311.442491 0.035965
4312.587982 0.046607
4313.733473 0.032247
4314.878964 0.024463
4316.024456 0.015042
4317.169947 0.024300
4318.315438 0.043489
4319.460929 0.040149
4320.606420 0.027211
4321.751911 0.024582
4322.897403 0.019392
4324.042894 0.016647
4325.188385 0.015133
4326.333876 0.022998
4327.479367 0.034091
4328.624859 0.045931
4329.770350 0.026359
4330.915841 0.042558
4332.061332 0.014697
4333.206823 0.033577
4334.352314 0.025527
4335.497806 0.018577
4336.643297 0.007096
4337.788788 0.030793
4338.934279 0.031665
4340.079770 0.036549
4356.116647 0.022672
4357.262138 0.044443
4358.407629 0.034213
4359.553120 0.033413
4360.698612 0.029698
4361.844103 0.038845
4362.989594 0.022940
4364.135085 0.040555
4365.280576 0.032980
4366.426068 0.027274
4367.571559 0.032412
4368.717050 0.028080
4369.862541 0.028720
4371.008032 0.027959
4372.153523 0.036724
4373.299015 0.026577
4374.444506 0.032597
4375.589997 0.035788
4376.735488 0.027377
4377.880979 0.027644
4379.026471 0.033662
4380.171962 0.033678
4381.317453 0.029837
4382.462944 0.022756
4383.608435 0.025742
4384.753926 0.016752
4385.899418 0.008988
4396.208838 0.021538
4397.354329 0.024145
4398.499821 0.019547
4399.645312 0.025242
4400.790803 0.036988
4401.936294 0.032463
4403.081785 0.010483
4404.227276 0.018209
4405.372768 0.028658
4406.518259 0.027785
4407.663750 0.025501
4408.809241 0.031137
4409.954732 0.034427
4411.100224 0.017280
4412.245715 0.025463
4413.391206 0.027326
4414.536697 0.025235
4415.682188 0.027577
4416.827679 0.035674
4417.973171 0.039700
4419.118662 0.022730
4420.264153 0.035864
4421.409644 0.011542
4422.555135 0.038798
4423.700627 0.030325
4424.846118 0.032519
4425.991609 0.033632
4427.137100 0.026658
4428.282591 0.035530
4429.428082 0.040752
4430.573574 0.029222
4431.719065 0.035390
4432.864556 0.033598
4434.010047 0.026864
4435.155538 0.032691
4436.301030 0.044359
4437.446521 0.044558
4438.592012 0.030424
4439.737503 0.016659
4440.882994 0.024851
4442.028485 0.028975
4443.173977 0.027895
4444.319468 0.028168
4445.464959 0.025962
4446.610450 0.026270
4447.755941 0.024853
4448.901433 0.024427
4450.046924 0.034380
4451.192415 0.025804
4452.337906 0.041065
4453.483397 0.038135
4454.628888 0.026801
4455.774380 0.027715
4456.919871 0.029237
4458.065362 0.029008
4459.210853 0.025679
4460.356344 0.020413
4461.501836 0.022370
4462.647327 0.029648
4463.792818 0.038696
4464.938309 0.031679
4466.083800 0.017713
4467.229291 0.029050
4468.374783 0.040904
4469.520274 0.036151
4470.665765 0.022139
4471.811256 0.035939
4472.956747 0.042450
4474.102239 0.034542
4475.247730 0.034783
4476.393221 0.026040
4477.538712 0.036747
4478.684203 0.036689
4479.829694 0.042054
4480.975186 0.035251
4482.120677 0.033380
4483.266168 0.015897
4484.411659 0.038203
4485.557150 0.023021
4486.702642 0.017434
4487.848133 0.026727
4488.993624 0.033636
4490.139115 0.023382
4491.284606 0.024485
4492.430097 0.025242
4493.575589 0.027720
4494.721080 0.022189
4495.866571 0.035959
4497.012062 0.030655
4498.157553 0.038327
4499.303045 0.036887
4500.448536 0.030569
4501.594027 0.024553
4502.739518 0.019683
4503.885009 0.034863
4505.030500 0.045192
4506.175992 0.040392
4507.321483 0.034820
4508.466974 0.032887
4509.612465 0.031832
4510.757956 0.032467
4511.903448 0.026482
4513.048939 0.031609
4514.194430 0.023818
4515.339921 0.036480
4516.485412 0.029967
4517.630903 0.025423
4518.776395 0.027843
4519.921886 0.031881
4521.067377 0.019129
4522.212868 0.023529
4523.358359 0.031971
4524.503851 0.024049
4525.649342 0.024339
4526.794833 0.032496
4527.940324 0.026012
4529.085815 0.035137
4530.231306 0.027333
4531.376798 0.013467
4532.522289 0.025702
4533.667780 0.018663
4534.813271 0.016098
4535.958762 0.026769
4537.104253 0.021662
4538.249745 0.005593
4539.395236 0.025118
4540.540727 0.030981
4541.686218 0.031953
4542.831709 0.030728
4543.977201 0.022633
4545.122692 0.025928
4546.268183 0.036084
4547.413674 0.036405
4548.559165 0.026047
4549.704656 0.023956
4550.850148 0.034025
4551.995639 0.029872
4553.141130 0.026030
4554.286621 0.020688
4555.432112 0.025329
4556.577604 0.028277
4557.723095 0.022593
4558.868586 0.021702
4560.014077 0.033756
4561.159568 0.027848
4562.305059 0.025075
4563.450551 0.037904
4564.596042 0.041053
4565.741533 0.037718
4566.887024 0.033266
4568.032515 0.018290
4569.178007 0.026680
4570.323498 0.026558
4571.468989 0.028015
4572.614480 0.034857
4573.759971 0.038737
4574.905462 0.040831
4576.050954 0.028356
4577.196445 0.028734
4578.341936 0.021772
4579.487427 0.038765
4580.632918 0.028060
4581.778410 0.033810
4582.923901 0.022008
4584.069392 0.021313
4585.214883 0.027059
4586.360374 0.025205
4587.505865 0.023327
4588.651357 0.024599
4589.796848 0.022556
4590.942339 0.033592
4592.087830 0.024017
4593.233321 0.028451
4594.378813 0.027175
4595.524304 0.034744
4596.669795 0.036671
4597.815286 0.030544
4598.960777 0.032082
4600.106268 0.033377
4601.251760 0.030793
4602.397251 0.027587
4603.542742 0.033554
4604.688233 0.020408
4605.833724 0.036731
4606.979216 0.047308
4608.124707 0.030028
4609.270198 0.024644
4610.415689 0.029392
4611.561180 0.030030
4612.706671 0.029089
4613.852163 0.035120
4614.997654 0.025791
4616.143145 0.026511
4617.288636 0.028880
4618.434127 0.026581
4619.579619 0.030564
4620.725110 0.034449
4621.870601 0.031944
4623.016092 0.026382
4624.161583 0.027458
4625.307074 0.026904
4626.452566 0.026342
4627.598057 0.024673
4628.743548 0.027327
4629.889039 0.035542
4631.034530 0.027461
4632.180022 0.025093
4633.325513 0.038748
4634.471004 0.032461
4635.616495 0.031737
4636.761986 0.028914
4637.907477 0.016280
4639.052969 0.025885
4640.198460 0.034473
4641.343951 0.031837
4642.489442 0.029899
4643.634933 0.031566
4644.780425 0.025890
4645.925916 0.024287
4647.071407 0.032868
4648.216898 0.035357
4649.362389 0.026251
4650.507880 0.012634
4651.653372 0.022758
4652.798863 0.028712
4653.944354 0.023673
4655.089845 0.035124
4656.235336 0.034191
4657.380828 0.028857
4658.526319 0.026489
4659.671810 0.024401
4660.817301 0.028033
4661.962792 0.026046
4663.108283 0.026398
4664.253775 0.022898
4665.399266 0.022012
4666.544757 0.025935
4667.690248 0.031625
4668.835739 0.035386
4669.981231 0.026665
4671.126722 0.030280
4672.272213 0.027589
4673.417704 0.021623
4674.563195 0.029018
4675.708686 0.038440
4676.854178 0.038897
4677.999669 0.029350
4679.145160 0.019509
4680.290651 0.029290
4681.436142 0.029272
4682.581633 0.031934
4683.727125 0.012778
4684.872616 0.022758
4686.018107 0.032140
4687.163598 0.028016
4688.309089 0.021675
4689.454581 0.030558
4690.600072 0.029581
4691.745563 0.025873
4692.891054 0.023100
4694.036545 0.029906
4695.182036 0.033093
4696.327528 0.024472
4697.473019 0.017209
4698.618510 0.032942
4699.764001 0.015730
4700.909492 0.024959
4702.054984 0.039032
4703.200475 0.029921
4704.345966 0.027920
4705.491457 0.028333
4706.636948 0.023281
4707.782439 0.032527
4708.927931 0.025122
4710.073422 0.030832
4711.218913 0.030647
4712.364404 0.038399
4713.509895 0.036907
4714.655387 0.026803
4715.800878 0.026577
4716.946369 0.033982
4718.091860 0.032638
4719.237351 0.025940
4720.382842 0.025781
4721.528334 0.027374
4722.673825 0.023615
4723.819316 0.024525
4724.964807 0.028757
4726.110298 0.028476
4727.255790 0.018997
4728.401281 0.026432
4729.546772 0.028471
4730.692263 0.027427
4731.837754 0.030133
4732.983245 0.035620
4734.128737 0.029716
4735.274228 0.028598
4736.419719 0.040441
4737.565210 0.035194
4738.710701 0.025670
4739.856193 0.024502
4741.001684 0.014815
4742.147175 0.022106
4743.292666 0.030046
4744.438157 0.028219
4745.583648 0.027717
4746.729140 0.022063
4747.874631 0.026992
4749.020122 0.028281
4750.165613 0.025183
4751.311104 0.026371
4752.456596 0.023590
4753.602087 0.025279
4754.747578 0.023726
4755.893069 0.022750
4757.038560 0.015405
4758.184051 0.021057
4759.329543 0.024840
4760.475034 0.021750
4761.620525 0.033913
4762.766016 0.016537
4763.911507 0.014583
4765.056999 0.019824
4766.202490 0.025248
4767.347981 0.028996
4768.493472 0.020696
4769.638963 0.011378
4770.784454 0.024063
4771.929946 0.030840
4773.075437 0.035050
4774.220928 0.032561
4775.366419 0.022297
4776.511910 0.029179
4777.657402 0.020875
4778.802893 0.026457
4779.948384 0.029168
4781.093875 0.024361
4782.239366 0.036262
4783.384857 0.037286
4784.530349 0.020888
4785.675840 0.019227
4786.821331 0.026618
4787.966822 0.019086
4789.112313 0.022396
4790.257805 0.017572
4791.403296 0.031488
4792.548787 0.033405
4793.694278 0.027359
4794.839769 0.021597
4795.985260 0.020866
4797.130752 0.035450
4798.276243 0.032176
4799.421734 0.023254
4800.567225 0.021707
4801.712716 0.034246
4802.858208 0.026028
4804.003699 0.036418
4805.149190 0.027446
4806.294681 0.039288
4807.440172 0.028785
4808.585663 0.024443
4809.731155 0.024033
4810.876646 0.038104
4812.022137 0.027717
4813.167628 0.030693
4814.313119 0.026776
4815.458611 0.035450
4816.604102 0.023421
4817.749593 0.012941
4818.895084 0.036593
4820.040575 0.031965
4821.186066 0.026945
4822.331558 0.035723
4823.477049 0.032244
4824.622540 0.028023
4825.768031 0.029017
4826.913522 0.026598
4828.059013 0.024980
4829.204505 0.032702
4830.349996 0.021792
4831.495487 0.027981
4832.640978 0.032241
4833.786469 0.026188
4834.931961 0.023585
4836.077452 0.030185
4837.222943 0.026939
4838.368434 0.026057
4839.513925 0.027548
4840.659416 0.025025
4841.804908 0.019432
4842.950399 0.032177
4844.095890 0.031807
4845.241381 0.026146
4846.386872 0.022452
4847.532364 0.025610
4848.677855 0.024108
4849.823346 0.025520
4850.968837 0.022494
4852.114328 0.017622
4853.259819 0.016090
4854.405311 0.025565
4855.550802 0.024192
4856.696293 0.023850
4857.841784 0.026391
4858.987275 0.019914
4860.132767 0.019074
4861.278258 0.022188
4862.423749 0.014741
4863.569240 0.025357
4864.714731 0.029988
4865.860222 0.022582
4867.005714 0.017480
4868.151205 0.016299
4869.296696 0.026896
4870.442187 0.027799
4871.587678 0.027192
4872.733170 0.025655
4873.878661 0.024598
4875.024152 0.028543
4876.169643 0.019185
4877.315134 0.026957
4878.460625 0.026725
4879.606117 0.028024
4880.751608 0.033534
4881.897099 0.024623
4883.042590 0.027286
4884.188081 0.027097
4885.333573 0.018163
4886.479064 0.021386
4887.624555 0.027732
4888.770046 0.019333
4889.915537 0.018384
4891.061028 0.025996
4892.206520 0.025471
4893.352011 0.031299
4894.497502 0.026511
4895.642993 0.034918
4896.788484 0.031108
4897.933976 0.016612
4899.079467 0.031152
4900.224958 0.025813
4901.370449 0.027740
4902.515940 0.033954
4903.661431 0.025940
4904.806923 0.031893
4905.952414 0.032433
4907.097905 0.027734
4908.243396 0.024122
4909.388887 0.018868
4910.534379 0.028166
4911.679870 0.016813
4912.825361 0.025458
4913.970852 0.028435
4915.116343 0.033916
4916.261834 0.020890
4917.407326 0.031506
4918.552817 0.024135
4919.698308 0.024841
4920.843799 0.035174
4921.989290 0.041176
4923.134782 0.018314
4924.280273 0.015349
4925.425764 0.038072
4926.571255 0.028186
4927.716746 0.021564
4928.862237 0.031107
4930.007729 0.025516
4931.153220 0.021181
4932.298711 0.021394
4933.444202 0.025183
4934.589693 0.027575
4935.735185 0.027390
4936.880676 0.028086
4938.026167 0.031988
4939.171658 0.030589
4940.317149 0.018011
4941.462640 0.030111
4942.608132 0.028216
4943.753623 0.038472
4944.899114 0.029515
4946.044605 0.015184
4947.190096 0.025684
4948.335588 0.032492
4949.481079 0.024585
4950.626570 0.016549
4951.772061 0.024603
4952.917552 0.021818
4954.063043 0.027247
4955.208535 0.031078
4956.354026 0.027927
4957.499517 0.013959
4958.645008 0.014934
4959.790499 0.022447
4960.935991 0.018371
4962.081482 0.030374
4963.226973 0.022467
4964.372464 0.023028
4965.517955 0.025156
4966.663446 0.025959
4967.808938 0.021890
4968.954429 0.029243
4970.099920 0.015577
4971.245411 0.014768
4972.390902 0.016968
4973.536393 0.024394
4974.681885 0.027397
4975.827376 0.026193
4976.972867 0.019007
4978.118358 0.025620
4979.263849 0.025728
4980.409341 0.019133
4981.554832 0.018491
4982.700323 0.019259
4983.845814 0.024762
4984.991305 0.022617
4986.136796 0.028685
4987.282288 0.022189
4988.427779 0.021566
4989.573270 0.020950
4990.718761 0.019055
4991.864252 0.027846
4993.009744 0.027627
4994.155235 0.040764
4995.300726 0.035094
4996.446217 0.023383
4997.591708 0.033789
4998.737199 0.035985
4999.882691 0.031513
5001.028182 0.017062
5002.173673 0.036109
5003.319164 0.024664
5004.464655 0.023367
5005.610147 0.034062
5006.755638 0.034431
5007.901129 0.024763
5009.046620 0.026074
5010.192111 0.030590
5011.337602 0.023872
5012.483094 0.017956
5013.628585 0.018755
5014.774076 0.028144
5015.919567 0.018521
5017.065058 0.019078
5018.210550 0.015029
5019.356041 0.040381
5020.501532 0.021480
5021.647023 0.036623
5022.792514 0.011185
5023.938005 0.006921
5025.083497 0.023237
5026.228988 0.026052
5027.374479 0.013437
5028.519970 0.036009
5029.665461 0.022133
5030.810953 0.023431
5031.956444 0.028598
5033.101935 0.018538
5034.247426 0.013535
5035.392917 0.018337
5036.538408 0.025443
5037.683900 0.021299
5038.829391 0.017818
5039.974882 0.026144
5041.120373 0.012183
5042.265864 0.013102
5043.411356 0.021074
5044.556847 0.031730
5045.702338 0.029702
5046.847829 0.034936
5047.993320 0.030111
5049.138811 0.017082
5050.284303 0.032743
5051.429794 0.011519
5052.575285 0.022140
5053.720776 0.022591
5054.866267 0.026620
5056.011759 0.021256
5057.157250 0.017324
5058.302741 0.017870
5059.448232 0.014460
5060.593723 0.027896
5061.739214 0.030353
5062.884706 0.031142
5064.030197 0.032285
5065.175688 0.006283
5066.321179 0.010940
5067.466670 0.013893
5068.612162 0.022480
5069.757653 0.033404
5070.903144 0.030146
5072.048635 0.029045
5073.194126 0.030976
5074.339617 0.031683
5075.485109 0.024259
5076.630600 0.018343
5077.776091 0.019602
5078.921582 0.017535
5080.067073 0.025702
5081.212565 0.028449
5082.358056 0.017891
5083.503547 0.025857
5084.649038 0.018446
5085.794529 0.012969
5086.940020 0.007892
5088.085512 0.017443
5089.231003 0.028183
5090.376494 0.021473
5091.521985 0.025965
5092.667476 0.036467
5093.812968 0.024401
5094.958459 0.021962
5096.103950 0.027123
5097.249441 0.018986
5098.394932 0.019182
5099.540423 0.037124
5100.685915 0.028164
5101.831406 0.021170
5102.976897 0.026396
5104.122388 0.022510
5105.267879 0.035122
5106.413371 0.033974
5107.558862 0.013530
5108.704353 0.017053
5109.849844 0.018647
5110.995335 0.022808
5112.140826 0.021429
5113.286318 0.022664
5114.431809 0.025120
5115.577300 0.025570
5116.722791 0.019217
5117.868282 0.023622
5119.013773 0.027332
5120.159265 0.020618
5121.304756 0.024822
5122.450247 0.020067
5123.595738 0.020379
5124.741229 0.014464
5125.886721 0.023210
5127.032212 0.017765
5128.177703 0.029014
5129.323194 0.022407
5130.468685 0.018727
5131.614176 0.027962
5132.759668 0.019511
5133.905159 0.003124
5135.050650 0.011663
5136.196141 0.030906
5137.341632 0.019591
5138.487124 0.021879
5139.632615 0.028731
5140.778106 0.021741
5141.923597 0.032440
5143.069088 0.021163
5144.214579 0.008914
5145.360071 0.020290
5146.505562 0.021430
5147.651053 0.023653
5148.796544 0.015039
5149.942035 0.033131
5151.087527 0.034765
5152.233018 0.023894
5153.378509 0.020727
5154.524000 0.023667
5155.669491 0.030904
5156.814982 0.021788
5157.960474 0.012944
5159.105965 0.012953
5160.251456 0.024101
5161.396947 0.010196
5162.542438 0.009910
5163.687930 0.019939
5164.833421 0.025441
5165.978912 0.004385
5167.124403 0.019293
5168.269894 0.020620
5169.415385 0.026326
5170.560877 0.017518
5171.706368 0.013639
5172.851859 0.013237
5173.997350 0.022830
5175.142841 0.028671
5176.288333 0.032727
5177.433824 0.021199
5178.579315 0.022472
5179.724806 0.030942
5180.870297 0.018861
5182.015788 0.011607
5183.161280 0.025509
5184.306771 0.028449
5185.452262 0.019366
5186.597753 0.018783
5187.743244 0.019476
5188.888736 0.016536
5190.034227 0.037651
5191.179718 0.021497
5192.325209 0.023748
5193.470700 0.010873
5194.616191 0.014770
5195.761683 0.019372
5196.907174 0.018745
5198.052665 0.023640
5199.198156 0.034319
5200.343647 0.025343
5201.489139 0.024115
5202.634630 0.027495
5203.780121 0.012639
