3580.333741 -0.001470
3581.481712 -0.039472
3582.629683 0.039658
3583.777653 0.051791
3584.925624 0.057607
3586.073595 0.010710
3587.221565 0.027423
3588.369536 0.031289
3589.517507 0.021184
3590.665477 0.021612
3591.813448 0.040721
3592.961419 0.034675
3594.109389 0.029005
3595.257360 0.029709
3596.405330 0.009539
3597.553301 0.019746
3598.701272 0.013121
3599.849242 0.034425
3600.997213 0.034244
3602.145184 0.039989
3603.293154 0.039844
3604.441125 0.026411
3605.589096 0.043205
3606.737066 0.032039
3607.885037 0.025085
3609.033008 0.013109
3610.180978 0.025572
3611.328949 0.032166
3612.476920 0.023298
3613.624890 0.030400
3614.772861 0.015326
3615.920832 0.030463
3617.068802 0.038005
3618.216773 0.029917
3619.364743 0.031945
3620.512714 0.038079
3621.660685 0.034568
3622.808655 0.021913
3623.956626 0.006085
3625.104597 0.034872
3626.252567 0.036368
3627.400538 0.030080
3628.548509 0.024861
3629.696479 0.027902
3630.844450 0.005186
3631.992421 0.038598
3633.140391 0.053868
3634.288362 0.039756
3635.436333 0.039252
3636.584303 0.027248
3637.732274 0.060116
3638.880245 0.041184
3640.028215 0.043318
3641.176186 0.016736
3642.324156 0.019449
3643.472127 0.040216
3644.620098 0.033342
3645.768068 0.029844
3646.916039 0.041894
3648.064010 0.027762
3649.211980 0.037382
3650.359951 0.043366
3651.507922 0.030696
3652.655892 0.019508
3653.803863 0.028622
3654.951834 0.035505
3656.099804 0.030629
3657.247775 0.024702
3658.395746 0.018269
3659.543716 0.050248
3660.691687 0.030574
3661.839658 0.027511
3662.987628 0.040842
3664.135599 0.037126
3665.283569 0.029058
3666.431540 0.032456
3667.579511 0.037835
3668.727481 0.028457
3669.875452 0.041369
3671.023423 0.045582
3672.171393 0.051269
3673.319364 0.038307
3674.467335 0.017146
3675.615305 0.035496
3676.763276 0.040731
3677.911247 0.032430
3679.059217 0.050442
3680.207188 0.027566
3681.355159 0.011218
3682.503129 0.048041
3683.651100 0.051542
3684.799071 0.029946
3685.947041 0.038577
3687.095012 0.024259
3688.242983 0.022284
3689.390953 0.036593
3690.538924 0.023813
3691.686894 0.025299
3692.834865 0.020826
3693.982836 0.022145
3695.130806 0.042162
3696.278777 0.066334
3697.426748 0.041232
3698.574718 0.022514
3699.722689 0.038549
3700.870660 0.038922
3702.018630 0.023405
3703.166601 0.047834
3704.314572 0.049901
3705.462542 0.031508
3706.610513 0.047017
3707.758484 0.039399
3708.906454 0.017111
3710.054425 0.028616
3711.202396 0.034188
3712.350366 0.044168
3713.498337 0.034804
3714.646307 0.044429
3715.794278 0.036179
3716.942249 0.028973
3718.090219 0.040232
3719.238190 0.032642
3720.386161 0.044442
3721.534131 0.019541
3722.682102 0.035151
3723.830073 0.033512
3724.978043 0.029646
3726.126014 0.057406
3727.273985 0.057167
3728.421955 0.054911
3729.569926 0.060289
3730.717897 0.055230
3731.865867 0.058080
3733.013838 0.042333
3734.161809 0.028005
3735.309779 0.027088
3736.457750 0.034989
3737.605720 0.025948
3738.753691 0.040147
3739.901662 0.018648
3741.049632 0.027276
3742.197603 0.022720
3743.345574 0.026183
3744.493544 0.034634
3745.641515 0.038861
3746.789486 0.036783
3747.937456 0.019737
3749.085427 0.028372
3750.233398 0.040979
3751.381368 0.047085
3752.529339 0.041165
3753.677310 0.035592
3754.825280 0.052504
3755.973251 0.026502
3757.121222 0.025083
3758.269192 0.031316
3759.417163 0.059894
3760.565134 0.036645
3761.713104 0.037804
3762.861075 0.041147
3764.009045 0.037075
3765.157016 0.018102
3766.304987 0.008747
3767.452957 0.030990
3768.600928 0.014345
3769.748899 0.022312
3770.896869 0.030492
3772.044840 0.039859
3773.192811 0.039990
3774.340781 0.052427
3775.488752 0.049593
3776.636723 0.029043
3777.784693 0.035161
3778.932664 0.032720
3780.080635 0.042316
3781.228605 0.039945
3782.376576 0.034963
3783.524547 0.041708
3784.672517 0.030594
3785.820488 0.040585
3786.968458 0.024177
3788.116429 0.033803
3789.264400 0.030171
3790.412370 0.028292
3791.560341 0.036361
3792.708312 0.040213
3793.856282 0.033709
3795.004253 0.031142
3796.152224 0.030912
3797.300194 0.013716
3798.448165 0.008113
3799.596136 0.037448
3800.744106 0.035660
3801.892077 0.037204
3803.040048 0.032995
3804.188018 0.027006
3805.335989 0.028441
3806.483960 0.037536
3807.631930 0.040678
3808.779901 0.047497
3809.927871 0.043141
3811.075842 0.035557
3812.223813 0.036138
3813.371783 0.043703
3814.519754 0.039228
3815.667725 0.038788
3816.815695 0.039113
3817.963666 0.036358
3819.111637 0.018374
3820.259607 0.041409
3821.407578 0.039294
3822.555549 0.043943
3823.703519 0.030748
3824.851490 0.030420
3825.999461 0.036552
3827.147431 0.026225
3828.295402 0.040067
3829.443373 0.031416
3830.591343 0.033857
3831.739314 0.034839
3832.887284 0.026849
3834.035255 0.032247
3835.183226 0.043520
3836.331196 0.037333
3837.479167 0.019271
3838.627138 0.027453
3839.775108 0.005510
3840.923079 0.036396
3842.071050 0.027424
3843.219020 0.036185
3844.366991 0.045286
3845.514962 0.046118
3846.662932 0.054865
3847.810903 0.042761
3848.958874 0.035425
3850.106844 0.043445
3851.254815 0.058083
3862.734521 0.052532
3863.882492 0.024360
3865.030463 0.039345
3866.178433 0.029995
3867.326404 0.054706
3868.474375 0.045699
3869.622345 0.043482
3870.770316 0.046742
3871.918287 0.052193
3873.066257 0.035533
3874.214228 0.038883
3875.362199 0.032914
3876.510169 0.038917
3877.658140 0.049887
3878.806111 0.031604
3879.954081 0.045091
3881.102052 0.027879
3882.250022 0.038750
3883.397993 0.018969
3884.545964 0.010897
3885.693934 0.035149
3886.841905 0.027802
3887.989876 0.044706
3889.137846 0.038615
3890.285817 0.032462
3891.433788 0.032324
3892.581758 0.028838
3893.729729 0.034543
3894.877700 0.047998
3896.025670 0.053519
3897.173641 0.037082
3898.321612 0.024156
3899.469582 0.039560
3900.617553 0.046215
3901.765524 0.041706
3902.913494 0.043606
3904.061465 0.051298
3905.209435 0.048150
3906.357406 0.047124
3907.505377 0.040652
3908.653347 0.023374
3909.801318 0.040736
3910.949289 0.042036
3912.097259 0.047161
3913.245230 0.039369
3914.393201 0.044380
3915.541171 0.044355
3916.689142 0.031237
3917.837113 0.050293
3918.985083 0.047268
3920.133054 0.035721
3921.281025 0.040815
3922.428995 0.034904
3923.576966 0.051112
3924.724937 0.032167
3925.872907 0.039651
3927.020878 0.044675
3928.168849 0.048776
3929.316819 0.026101
3930.464790 0.013940
3931.612760 0.034258
3932.760731 0.029244
3933.908702 0.033256
3935.056672 0.022355
3936.204643 0.012081
3937.352614 0.033189
3938.500584 0.038098
3939.648555 0.045053
3940.796526 0.040326
3941.944496 0.035569
3943.092467 0.030798
3944.240438 0.040731
3945.388408 0.044221
3946.536379 0.046404
3947.684350 0.033170
3948.832320 0.038873
3949.980291 0.057541
3951.128262 0.056099
3952.276232 0.059901
3953.424203 0.072984
3954.572173 0.046251
3955.720144 0.038903
3956.868115 0.050756
3958.016085 0.031172
3959.164056 0.042430
3960.312027 0.045921
3961.459997 0.037287
3962.607968 0.034993
3963.755939 0.047493
3964.903909 0.013914
3966.051880 0.013920
3967.199851 0.024037
3968.347821 0.028493
3969.495792 0.027090
3970.643763 0.028000
3971.791733 0.013210
3972.939704 0.015215
3974.087675 0.017800
3975.235645 0.030201
3976.383616 0.028699
3977.531586 0.040024
3978.679557 0.047342
3979.827528 0.050020
3980.975498 0.037776
3982.123469 0.036860
3983.271440 0.053533
3984.419410 0.061911
3985.567381 0.033995
3986.715352 0.044404
3987.863322 0.033656
3989.011293 0.044540
3990.159264 0.047448
3991.307234 0.034444
3992.455205 0.023013
3993.603176 0.047451
3994.751146 0.051225
3995.899117 0.041803
3997.047088 0.046082
3998.195058 0.044008
3999.343029 0.047817
4000.490999 0.056503
4001.638970 0.055549
4002.786941 0.060597
4003.934911 0.057859
4005.082882 0.057589
4006.230853 0.060019
4007.378823 0.044372
4008.526794 0.031908
4009.674765 0.047394
4010.822735 0.055346
4011.970706 0.060607
4013.118677 0.054479
4014.266647 0.038463
4015.414618 0.053894
4016.562589 0.061280
4017.710559 0.055553
4018.858530 0.052709
4020.006501 0.051515
4021.154471 0.037126
4022.302442 0.058293
4023.450413 0.044053
4024.598383 0.062635
4025.746354 0.043179
4026.894324 0.037413
4028.042295 0.053206
4029.190266 0.079041
4030.338236 0.036645
4031.486207 0.031175
4032.634178 0.034676
4033.782148 0.051438
4034.930119 0.046349
4036.078090 0.059236
4037.226060 0.025679
4038.374031 0.042340
4039.522002 0.059632
4040.669972 0.066953
4041.817943 0.053108
4042.965914 0.058440
4044.113884 0.054196
4045.261855 0.039702
4046.409826 0.046778
4047.557796 0.047207
4048.705767 0.063112
4049.853737 0.045456
4051.001708 0.043076
4052.149679 0.046407
4053.297649 0.051348
4054.445620 0.052956
4055.593591 0.035921
4056.741561 0.059693
4057.889532 0.061787
4059.037503 0.043632
4060.185473 0.049127
4061.333444 0.037756
4062.481415 0.068291
4063.629385 0.061691
4064.777356 0.027997
4065.925327 0.027241
4067.073297 0.035079
4068.221268 0.060860
4069.369239 0.052021
4070.517209 0.048516
4071.665180 0.074433
4072.813150 0.059057
4073.961121 0.022287
4075.109092 0.019556
4076.257062 0.049932
4077.405033 0.060253
4078.553004 0.059536
4079.700974 0.028994
4080.848945 0.036376
4081.996916 0.034658
4083.144886 0.038027
4084.292857 0.045898
4085.440828 0.042575
4086.588798 0.061347
4087.736769 0.045023
4088.884740 0.053571
4090.032710 0.054612
4091.180681 0.052733
4092.328652 0.054174
4093.476622 0.069651
4094.624593 0.055563
4095.772564 0.028474
4096.920534 0.040346
4098.068505 0.045425
4099.216475 0.043084
4100.364446 0.049052
4101.512417 0.046043
4102.660387 0.050725
4103.808358 0.033028
4104.956329 0.030158
4106.104299 0.046224
4107.252270 0.043326
4108.400241 0.035666
4109.548211 0.039700
4110.696182 0.047713
4111.844153 0.033271
4112.992123 0.044277
4114.140094 0.050651
4115.288065 0.060978
4116.436035 0.057237
4117.584006 0.046111
4118.731977 0.038625
4119.879947 0.047133
4121.027918 0.036561
4122.175888 0.060441
4123.323859 0.054585
4124.471830 0.050085
4125.619800 0.045756
4126.767771 0.048068
4127.915742 0.069688
4129.063712 0.053101
4130.211683 0.056192
4131.359654 0.044688
4132.507624 0.045037
4133.655595 0.032990
4134.803566 0.062274
4135.951536 0.053500
4137.099507 0.035862
4138.247478 0.058204
4139.395448 0.060289
4140.543419 0.047449
4141.691390 0.060460
4142.839360 0.046078
4143.987331 0.041113
4145.135301 0.054596
4146.283272 0.048961
4147.431243 0.045954
4148.579213 0.043742
4149.727184 0.045529
4150.875155 0.040020
4152.023125 0.056047
4153.171096 0.054081
4154.319067 0.042279
4155.467037 0.033789
4156.615008 0.039862
4157.762979 0.045886
4158.910949 0.056692
4160.058920 0.061424
4161.206891 0.046807
4162.354861 0.047676
4163.502832 0.055044
4164.650803 0.064166
4165.798773 0.047528
4166.946744 0.046349
4168.094714 0.042323
4169.242685 0.057879
4170.390656 0.051296
4171.538626 0.051970
4172.686597 0.037847
4173.834568 0.043423
4174.982538 0.053958
4176.130509 0.047221
4177.278480 0.049702
4178.426450 0.049649
4179.574421 0.047585
4180.722392 0.051133
4181.870362 0.043501
4183.018333 0.046662
4184.166304 0.049031
4185.314274 0.046095
4186.462245 0.045970
4187.610216 0.044221
4188.758186 0.049887
4189.906157 0.043733
4191.054128 0.042354
4192.202098 0.054761
4193.350069 0.052504
4194.498039 0.052430
4195.646010 0.057115
4196.793981 0.049720
4197.941951 0.040704
4199.089922 0.048006
4200.237893 0.052167
4201.385863 0.038648
4202.533834 0.037822
4203.681805 0.059320
4204.829775 0.053284
4205.977746 0.041660
4207.125717 0.053833
4208.273687 0.060754
4209.421658 0.038847
4210.569629 0.045460
4211.717599 0.047249
4212.865570 0.052397
4214.013541 0.047279
4215.161511 0.051046
4216.309482 0.047007
4217.457452 0.035310
4218.605423 0.041761
4219.753394 0.073814
4220.901364 0.067244
4222.049335 0.044445
4223.197306 0.045190
4224.345276 0.046652
4225.493247 0.031660
4226.641218 0.029249
4227.789188 0.038371
4228.937159 0.050439
4230.085130 0.057413
4231.233100 0.038436
4232.381071 0.054187
4233.529042 0.060675
4234.677012 0.062034
4235.824983 0.047923
4236.972954 0.048916
4238.120924 0.065490
4239.268895 0.059730
4240.416865 0.057815
4241.564836 0.050941
4242.712807 0.055043
4243.860777 0.052034
4245.008748 0.056529
4246.156719 0.053260
4247.304689 0.055632
4248.452660 0.036971
4249.600631 0.050621
4250.748601 0.052139
4251.896572 0.057299
4253.044543 0.059657
4254.192513 0.036810
4255.340484 0.050546
4256.488455 0.054187
4257.636425 0.051353
4258.784396 0.047863
4259.932367 0.042258
4261.080337 0.052131
4262.228308 0.045639
4263.376279 0.053504
4264.524249 0.053957
4265.672220 0.051504
4266.820190 0.048362
4267.968161 0.048619
4269.116132 0.054687
4270.264102 0.030598
4271.412073 0.049662
4272.560044 0.047583
4273.708014 0.040425
4274.855985 0.037447
4276.003956 0.051195
4277.151926 0.050584
4278.299897 0.057664
4279.447868 0.054261
4280.595838 0.058594
4281.743809 0.044670
4282.891780 0.058116
4284.039750 0.046824
4285.187721 0.052840
4286.335692 0.044545
4287.483662 0.047331
4288.631633 0.039478
4289.779603 0.048782
4290.927574 0.041182
4292.075545 0.062704
4293.223515 0.041677
4294.371486 0.056161
4295.519457 0.048872
4296.667427 0.047679
4297.815398 0.048618
4298.963369 0.042869
4300.111339 0.040976
4301.259310 0.052268
4302.407281 0.042010
4303.555251 0.046442
4304.703222 0.036236
4305.851193 0.039376
4306.999163 0.050097
4308.147134 0.042132
4309.295105 0.036938
4310.443075 0.039634
4311.591046 0.039334
4312.739016 0.046611
4313.886987 0.049788
4315.034958 0.047239
4316.182928 0.058261
4317.330899 0.070620
4318.478870 0.063808
4319.626840 0.045004
4320.774811 0.051932
4321.922782 0.055371
4323.070752 0.057758
4324.218723 0.046275
4325.366694 0.049532
4326.514664 0.043610
4327.662635 0.061237
4328.810606 0.055821
4329.958576 0.044921
4331.106547 0.037858
4332.254518 0.051484
4333.402488 0.057085
4334.550459 0.046324
4335.698429 0.053311
4336.846400 0.041641
4337.994371 0.046229
4339.142341 0.049944
4340.290312 0.046014
4341.438283 0.052532
4342.586253 0.046005
4343.734224 0.052013
4344.882195 0.055365
4346.030165 0.038427
4347.178136 0.054337
4348.326107 0.042858
4349.474077 0.052625
4350.622048 0.038838
4351.770019 0.056793
4352.917989 0.043452
4354.065960 0.060431
4355.213931 0.021563
4356.361901 0.046121
4357.509872 0.037123
4358.657843 0.059741
4359.805813 0.035494
4360.953784 0.055905
4362.101754 0.051812
4363.249725 0.069025
4364.397696 0.059554
4365.545666 0.060251
4366.693637 0.058189
4367.841608 0.048964
4368.989578 0.049411
4370.137549 0.061778
4371.285520 0.056450
4372.433490 0.054265
4373.581461 0.057225
4374.729432 0.042009
4375.877402 0.043003
4377.025373 0.053162
4378.173344 0.051396
4379.321314 0.053724
4380.469285 0.061411
4381.617256 0.052431
4382.765226 0.052869
4383.913197 0.034726
4385.061167 0.048088
4386.209138 0.040752
4387.357109 0.041881
4388.505079 0.042645
4389.653050 0.050882
4390.801021 0.061346
4391.948991 0.046393
4393.096962 0.046689
4394.244933 0.063135
4395.392903 0.053406
4396.540874 0.068472
4397.688845 0.062396
4398.836815 0.050559
4399.984786 0.059439
4401.132757 0.045924
4402.280727 0.055104
4403.428698 0.065558
4404.576669 0.045517
4405.724639 0.039697
4406.872610 0.045523
4408.020580 0.046656
4409.168551 0.055110
4410.316522 0.057685
4411.464492 0.056899
4412.612463 0.067490
4413.760434 0.056703
4414.908404 0.056442
4416.056375 0.057134
4417.204346 0.062292
4418.352316 0.060873
4419.500287 0.052779
4420.648258 0.060654
4421.796228 0.058121
4422.944199 0.052827
4424.092170 0.059637
4425.240140 0.049166
4426.388111 0.059725
4427.536082 0.049981
4428.684052 0.046832
4429.832023 0.063643
4430.979993 0.062149
4432.127964 0.058289
4433.275935 0.053993
4434.423905 0.042444
4435.571876 0.049035
4436.719847 0.047404
4437.867817 0.061224
4439.015788 0.041187
4440.163759 0.052529
4441.311729 0.053476
4442.459700 0.050816
4443.607671 0.047252
4444.755641 0.057361
4445.903612 0.046987
4447.051583 0.053845
4448.199553 0.059089
4449.347524 0.073030
4450.495495 0.053419
4451.643465 0.055808
4452.791436 0.049655
4453.939407 0.039352
4455.087377 0.051632
4456.235348 0.044166
4457.383318 0.062198
4458.531289 0.052923
4459.679260 0.037449
4460.827230 0.055410
4461.975201 0.056954
4463.123172 0.040770
4464.271142 0.046631
4465.419113 0.044831
4466.567084 0.051091
4467.715054 0.046504
4468.863025 0.044844
4470.010996 0.046272
4471.158966 0.058703
4472.306937 0.058425
4473.454908 0.063313
4474.602878 0.048744
4475.750849 0.055667
4476.898820 0.055580
4478.046790 0.054404
4479.194761 0.065412
4480.342731 0.047060
4481.490702 0.049487
4482.638673 0.047162
4483.786643 0.043205
4484.934614 0.068018
4486.082585 0.066852
4487.230555 0.063308
4488.378526 0.054132
4489.526497 0.058023
4490.674467 0.053449
4491.822438 0.064576
4492.970409 0.063955
4494.118379 0.064779
4495.266350 0.055573
4496.414321 0.073892
4497.562291 0.062180
4498.710262 0.057986
4499.858233 0.071469
4501.006203 0.061492
4502.154174 0.053096
4503.302144 0.069518
4504.450115 0.058988
4505.598086 0.067954
4506.746056 0.068095
4507.894027 0.053275
4509.041998 0.058655
4510.189968 0.053797
4511.337939 0.052893
4512.485910 0.063488
4513.633880 0.059436
4514.781851 0.064105
4515.929822 0.066701
4517.077792 0.052318
4518.225763 0.053046
4519.373734 0.055828
4520.521704 0.071925
4521.669675 0.058888
4522.817646 0.061002
4523.965616 0.071825
4525.113587 0.049971
4526.261558 0.052088
4527.409528 0.054386
4528.557499 0.050148
4529.705469 0.055029
4530.853440 0.061092
4532.001411 0.056895
4533.149381 0.069049
4534.297352 0.061308
4535.445323 0.056558
4536.593293 0.044295
4537.741264 0.046551
4538.889235 0.062440
4540.037205 0.063335
4541.185176 0.058323
4542.333147 0.046154
4543.481117 0.053510
4544.629088 0.060864
4545.777059 0.068312
4546.925029 0.036755
4548.073000 0.051879
4549.220971 0.052347
4550.368941 0.049581
4551.516912 0.055897
4552.664882 0.058709
4553.812853 0.051411
4554.960824 0.057051
4556.108794 0.050065
4557.256765 0.049428
4558.404736 0.068052
4559.552706 0.059038
4560.700677 0.063716
4561.848648 0.058867
4562.996618 0.066656
4564.144589 0.062530
4565.292560 0.061293
4566.440530 0.068235
4567.588501 0.054655
4568.736472 0.053103
4569.884442 0.052054
4571.032413 0.053493
4572.180384 0.055994
4573.328354 0.051662
4574.476325 0.068414
4575.624295 0.053706
4576.772266 0.045765
4577.920237 0.051106
4579.068207 0.063823
4580.216178 0.054379
4581.364149 0.052734
4582.512119 0.053340
4583.660090 0.055034
4584.808061 0.048488
4585.956031 0.058256
4587.104002 0.055269
4588.251973 0.053807
4589.399943 0.049455
4590.547914 0.050899
4591.695885 0.056442
4592.843855 0.066038
4593.991826 0.064424
4595.139797 0.054125
4596.287767 0.049962
4597.435738 0.058903
4598.583708 0.066122
4599.731679 0.046234
4600.879650 0.046361
4602.027620 0.048441
4603.175591 0.052156
4604.323562 0.057007
4605.471532 0.060620
4606.619503 0.043768
4607.767474 0.050806
4608.915444 0.052997
4610.063415 0.057524
4611.211386 0.053625
4612.359356 0.073088
4613.507327 0.065468
4614.655298 0.046885
4615.803268 0.055319
4616.951239 0.050561
4618.099210 0.052829
4619.247180 0.058211
4620.395151 0.054203
4621.543122 0.051115
4622.691092 0.042953
4623.839063 0.058824
4624.987033 0.049412
4626.135004 0.051575
4627.282975 0.056918
4628.430945 0.051431
4629.578916 0.049375
4630.726887 0.055444
4631.874857 0.050680
4633.022828 0.059323
4634.170799 0.065733
4635.318769 0.059328
4636.466740 0.053290
4637.614711 0.049183
4638.762681 0.052602
4639.910652 0.063645
4641.058623 0.048482
4642.206593 0.055360
4643.354564 0.062235
4644.502535 0.065757
4645.650505 0.056946
4646.798476 0.055172
4647.946446 0.049933
4649.094417 0.046805
4650.242388 0.042051
4651.390358 0.049436
4652.538329 0.054352
4653.686300 0.061778
4654.834270 0.050389
4655.982241 0.049475
4657.130212 0.049648
4658.278182 0.064049
4659.426153 0.050933
4660.574124 0.056158
4661.722094 0.066556
4662.870065 0.047977
4664.018036 0.052032
4665.166006 0.062945
4666.313977 0.041763
4667.461948 0.032224
4668.609918 0.052135
4669.757889 0.063176
4670.905859 0.048798
4672.053830 0.050692
4673.201801 0.056080
4674.349771 0.062624
4675.497742 0.058608
4676.645713 0.058303
4677.793683 0.055637
4678.941654 0.059591
4680.089625 0.055185
4681.237595 0.046016
4682.385566 0.057210
4683.533537 0.057029
4684.681507 0.050713
4685.829478 0.042607
4686.977449 0.049289
4688.125419 0.036818
4689.273390 0.046141
4690.421361 0.051366
4691.569331 0.057713
4692.717302 0.063700
4693.865273 0.059491
4695.013243 0.063100
4696.161214 0.060699
4697.309184 0.054122
4698.457155 0.057467
4699.605126 0.048783
4700.753096 0.057559
4701.901067 0.050743
4703.049038 0.046608
4704.197008 0.050312
4705.344979 0.046770
4706.492950 0.053863
4707.640920 0.054763
4708.788891 0.051017
4709.936862 0.054962
4711.084832 0.059657
4712.232803 0.056926
4713.380774 0.042637
4714.528744 0.055449
4715.676715 0.050641
4716.824686 0.055934
4717.972656 0.061370
4719.120627 0.057518
4720.268597 0.052378
4721.416568 0.043275
4722.564539 0.057214
4723.712509 0.051942
4724.860480 0.054192
4726.008451 0.056501
4727.156421 0.070076
4728.304392 0.045831
4729.452363 0.054144
4730.600333 0.059159
4731.748304 0.046768
4732.896275 0.055650
4734.044245 0.049291
4735.192216 0.053558
4736.340187 0.060011
4737.488157 0.061701
4738.636128 0.052265
4739.784099 0.057545
4740.932069 0.060626
4742.080040 0.053782
4743.228010 0.072841
4744.375981 0.066460
4745.523952 0.065290
4746.671922 0.078440
4747.819893 0.059853
4748.967864 0.050772
4750.115834 0.040386
4751.263805 0.043396
4752.411776 0.044705
4753.559746 0.048431
4754.707717 0.042482
4755.855688 0.043563
4757.003658 0.032615
4758.151629 0.057494
4759.299600 0.056662
4760.447570 0.044536
4761.595541 0.055628
4762.743512 0.047296
4763.891482 0.054793
4765.039453 0.053868
4766.187423 0.047880
4767.335394 0.036971
4768.483365 0.042766
4769.631335 0.056335
4770.779306 0.052055
4771.927277 0.052917
4773.075247 0.044008
4774.223218 0.051097
4775.371189 0.056805
4776.519159 0.052833
4777.667130 0.049790
4778.815101 0.052750
4779.963071 0.052004
4781.111042 0.046169
4782.259013 0.062254
4783.406983 0.050611
4784.554954 0.048604
4785.702925 0.061534
4786.850895 0.056731
4787.998866 0.063095
4789.146837 0.050739
4790.294807 0.057468
4791.442778 0.052966
4792.590748 0.053418
4793.738719 0.058020
4794.886690 0.063992
4796.034660 0.060110
4797.182631 0.050178
4798.330602 0.058314
4799.478572 0.059651
4800.626543 0.053926
4801.774514 0.062644
4802.922484 0.054437
4804.070455 0.062749
4805.218426 0.060581
4806.366396 0.057222
4807.514367 0.042852
4808.662338 0.045031
4809.810308 0.046602
4810.958279 0.055097
4812.106250 0.054201
4813.254220 0.043602
4814.402191 0.051278
4815.550161 0.062292
4816.698132 0.064040
4817.846103 0.062336
4818.994073 0.057713
4820.142044 0.066937
4821.290015 0.045124
4822.437985 0.052050
4823.585956 0.057745
4824.733927 0.055211
4825.881897 0.057669
4827.029868 0.066619
4828.177839 0.054431
4829.325809 0.049326
4830.473780 0.046779
4831.621751 0.056094
4832.769721 0.053852
4833.917692 0.054678
4835.065663 0.050327
4836.213633 0.058146
4837.361604 0.046174
4838.509574 0.052610
4839.657545 0.052022
4840.805516 0.052902
4841.953486 0.058166
4843.101457 0.051724
4844.249428 0.072185
4845.397398 0.057997
4846.545369 0.049150
4847.693340 0.052588
4848.841310 0.041879
4849.989281 0.050277
4851.137252 0.047534
4852.285222 0.050298
4853.433193 0.048692
4854.581164 0.049759
4855.729134 0.050982
4856.877105 0.044517
4858.025076 0.034301
4859.173046 0.052571
4860.321017 0.072768
4861.468988 0.087480
4862.616958 0.057120
4863.764929 0.055699
4864.912899 0.044492
4866.060870 0.036211
4867.208841 0.038570
4868.356811 0.054206
4869.504782 0.060139
4870.652753 0.051605
4871.800723 0.054514
4872.948694 0.058954
4874.096665 0.040859
4875.244635 0.042419
4876.392606 0.052673
4877.540577 0.048834
4878.688547 0.053930
4879.836518 0.052388
4880.984489 0.039757
4882.132459 0.048972
4883.280430 0.048758
4884.428401 0.041630
4885.576371 0.049022
4886.724342 0.050596
4887.872312 0.049643
4889.020283 0.058646
4890.168254 0.049736
4891.316224 0.040874
4892.464195 0.043865
4893.612166 0.056429
4894.760136 0.055747
4895.908107 0.048753
4897.056078 0.045210
4898.204048 0.051430
4899.352019 0.051768
4900.499990 0.055975
4901.647960 0.054400
4902.795931 0.048891
4903.943902 0.055245
4905.091872 0.051431
4906.239843 0.051602
4907.387814 0.054591
4908.535784 0.043593
4909.683755 0.053406
4910.831725 0.047450
4911.979696 0.055844
4913.127667 0.054001
4914.275637 0.058032
4915.423608 0.053165
4916.571579 0.053691
4917.719549 0.050404
4918.867520 0.047330
4920.015491 0.045429
4921.163461 0.044363
4922.311432 0.036848
4923.459403 0.037439
4924.607373 0.052909
4925.755344 0.056972
4926.903315 0.052657
4928.051285 0.058873
4929.199256 0.052971
4930.347227 0.043735
4931.495197 0.046947
4932.643168 0.054408
4933.791138 0.045134
4934.939109 0.052908
4936.087080 0.045102
4937.235050 0.052372
4938.383021 0.047884
4939.530992 0.040228
4940.678962 0.047238
4941.826933 0.043885
4942.974904 0.051174
4944.122874 0.060661
4945.270845 0.045447
4946.418816 0.053100
4947.566786 0.058879
4948.714757 0.054670
4949.862728 0.049811
4951.010698 0.051350
4952.158669 0.039957
4953.306640 0.053752
4954.454610 0.064096
4955.602581 0.059954
4956.750552 0.049318
4957.898522 0.054857
4959.046493 0.057902
4960.194463 0.051314
4961.342434 0.055875
4962.490405 0.055128
4963.638375 0.055818
4964.786346 0.052494
4965.934317 0.047479
4967.082287 0.047205
4968.230258 0.035620
4969.378229 0.038318
4970.526199 0.040219
4971.674170 0.049004
4972.822141 0.047670
4973.970111 0.043947
4975.118082 0.045218
4976.266053 0.050310
4977.414023 0.053108
4978.561994 0.040259
4979.709965 0.036826
4980.857935 0.038059
4982.005906 0.042689
4983.153876 0.041806
4984.301847 0.034686
4985.449818 0.048240
4986.597788 0.058611
4987.745759 0.053079
4988.893730 0.033403
4990.041700 0.044464
4991.189671 0.048931
4992.337642 0.046126
4993.485612 0.041826
4994.633583 0.044829
4995.781554 0.043723
4996.929524 0.049909
4998.077495 0.054482
4999.225466 0.041508
5000.373436 0.044059
5001.521407 0.044694
5002.669378 0.055113
5003.817348 0.045125
5004.965319 0.044999
5006.113289 0.032585
5007.261260 0.048490
5008.409231 0.046811
5009.557201 0.054906
5010.705172 0.049010
5011.853143 0.062905
5013.001113 0.050941
5014.149084 0.055047
5015.297055 0.049807
5016.445025 0.040571
5017.592996 0.034967
5018.740967 0.043794
5019.888937 0.050826
5021.036908 0.056484
5022.184879 0.042478
5023.332849 0.042708
5024.480820 0.046429
5025.628791 0.050592
5026.776761 0.052115
5027.924732 0.038681
5029.072703 0.038695
5030.220673 0.032729
5031.368644 0.051899
5032.516614 0.061435
5033.664585 0.071001
5034.812556 0.060015
5035.960526 0.043427
5037.108497 0.050445
5038.256468 0.051173
5039.404438 0.042909
5040.552409 0.040598
5041.700380 0.043758
5042.848350 0.042843
5043.996321 0.043790
5045.144292 0.049233
5046.292262 0.047617
5047.440233 0.050565
5048.588204 0.058163
5049.736174 0.048023
5050.884145 0.045663
5052.032116 0.056273
5053.180086 0.042193
5054.328057 0.049188
5055.476027 0.054880
5056.623998 0.052692
5057.771969 0.036461
5058.919939 0.085913
5060.067910 0.062633
5061.215881 0.068259
5062.363851 0.049941
5063.511822 0.050934
5064.659793 0.042972
5065.807763 0.043341
5066.955734 0.047006
5068.103705 0.050256
5069.251675 0.048747
5070.399646 0.069068
5071.547617 0.043253
5072.695587 0.050659
5073.843558 0.050699
5074.991529 0.037965
5076.139499 0.049487
5077.287470 0.043292
5078.435440 0.067001
5079.583411 0.041748
5080.731382 0.045147
5081.879352 0.042650
5083.027323 0.042686
5084.175294 0.041047
5085.323264 0.043974
5086.471235 0.042405
5087.619206 0.024865
5088.767176 0.046203
5089.915147 0.045021
5091.063118 0.060919
5092.211088 0.049195
5093.359059 0.050367
5094.507030 0.046764
5095.655000 0.032185
5096.802971 0.026865
5097.950942 0.046196
5099.098912 0.054984
5100.246883 0.048063
5101.394853 0.047660
5102.542824 0.043225
5103.690795 0.042836
5104.838765 0.051486
5105.986736 0.044764
5107.134707 0.048121
5108.282677 0.044810
5109.430648 0.040181
5110.578619 0.046676
5111.726589 0.041968
5112.874560 0.058057
5114.022531 0.055175
5115.170501 0.048675
5116.318472 0.036093
5117.466443 0.031266
5118.614413 0.036828
5119.762384 0.065026
5120.910355 0.079338
5122.058325 0.051497
5123.206296 0.041436
5124.354267 0.042989
5125.502237 0.047941
5126.650208 0.042421
5127.798178 0.049728
5128.946149 0.040906
5130.094120 0.041685
5131.242090 0.046062
5132.390061 0.046359
5133.538032 0.045777
5134.686002 0.043689
5135.833973 0.042434
5136.981944 0.033958
5138.129914 0.048568
5139.277885 0.057943
5140.425856 0.059563
5141.573826 0.038084
5142.721797 0.034545
5143.869768 0.058188
5145.017738 0.056571
5146.165709 0.062951
5147.313680 0.053232
5148.461650 0.051784
5149.609621 0.051737
5150.757591 0.039029
5151.905562 0.048981
5153.053533 0.040544
5154.201503 0.041619
5155.349474 0.041948
5156.497445 0.040068
5157.645415 0.045715
5158.793386 0.036762
5159.941357 0.042457
5161.089327 0.042098
5162.237298 0.050260
5163.385269 0.054758
5164.533239 0.053052
5165.681210 0.035820
5166.829181 0.032380
5167.977151 0.032824
5169.125122 0.047245
5170.273093 0.027921
5171.421063 0.029044
5172.569034 0.028656
5173.717004 0.044264
5174.864975 0.046446
5176.012946 0.058979
5177.160916 0.034530
5178.308887 0.047012
5179.456858 0.038994
5180.604828 0.040072
5181.752799 0.043405
5182.900770 0.043787
5184.048740 0.044246
5185.196711 0.034943
5186.344682 0.031326
5187.492652 0.037887
5188.640623 0.049888
5189.788594 0.046771
5190.936564 0.046009
5192.084535 0.041501
5193.232506 0.043782
5194.380476 0.042743
5195.528447 0.045590
5196.676418 0.034873
5197.824388 0.046603
5198.972359 0.055037
5200.120329 0.053425
5201.268300 0.000461
5202.416271 0.019002
5203.564241 0.038000
5204.712212 0.094801
5205.860183 0.069458
5207.008153 0.049601
5208.156124 0.032281
5209.304095 0.054235
5210.452065 0.045015
5211.600036 0.046047
5212.748007 0.045496
5213.895977 0.043384
5215.043948 0.040328
5216.191919 0.053076
5217.339889 0.051219
5218.487860 0.044507
5219.635831 0.051366
5220.783801 0.051805
5221.931772 0.049103
5223.079742 0.045806
5224.227713 0.041219
5225.375684 0.040509
5226.523654 0.043096
5227.671625 0.055734
5228.819596 0.056234
5229.967566 0.041135
5231.115537 0.049895
5232.263508 0.044561
5233.411478 0.032307
5234.559449 -0.001218
5235.707420 0.052136
5236.855390 0.054775
5238.003361 0.094015
5239.151332 0.056467
5240.299302 0.050414
5241.447273 0.045421
5242.595244 0.041732
5243.743214 0.050081
5244.891185 0.031551
5246.039155 0.045312
5247.187126 0.058262
5248.335097 0.061415
5249.483067 0.048049
5250.631038 0.050801
5251.779009 0.050233
5252.926979 0.013185
5254.074950 0.020167
5255.222921 0.050988
5256.370891 0.122834
5257.518862 0.083348
5258.666833 0.057162
5259.814803 0.050575
5260.962774 0.054579
5262.110745 0.056404
5263.258715 0.036652
5264.406686 0.042309
5265.554657 0.014315
5266.702627 0.000509
5267.850598 0.036133
5268.998568 0.053015
5270.146539 0.074496
5271.294510 0.065314
5272.442480 0.045452
5273.590451 0.004193
5274.738422 0.022040
5275.886392 0.069907
5277.034363 0.093904
5278.182334 0.093776
5279.330304 0.033780
5280.478275 0.048097
5281.626246 0.044757
5282.774216 0.031380
5283.922187 0.051157
5285.070158 0.043459
5286.218128 0.041293
5287.366099 0.051315
5288.514070 0.043676
5289.662040 0.035258
5290.810011 0.032003
5291.957982 0.045503
5293.105952 0.059788
5294.253923 0.063724
5295.401893 0.055240
5296.549864 0.023795
5297.697835 0.025008
5298.845805 0.047547
5299.993776 0.068360
5301.141747 0.079651
5302.289717 0.047185
5303.437688 0.042775
5304.585659 0.052585
5305.733629 0.044420
5306.881600 0.054685
5308.029571 0.052944
5309.177541 0.044246
5310.325512 0.034049
5311.473483 0.036855
5312.621453 0.049977
5313.769424 0.048411
5314.917395 0.040685
5316.065365 0.050702
5317.213336 0.040569
5318.361306 0.052141
5319.509277 0.053886
5320.657248 0.061322
5321.805218 0.055700
5322.953189 0.031816
5324.101160 0.036251
5325.249130 0.048143
5326.397101 0.070615
5327.545072 0.059355
5328.693042 0.045591
5329.841013 0.050912
5330.988984 -0.031763
5332.136954 -0.119582
5333.284925 -0.043313
5334.432896 -0.036672
5335.580866 0.083910
5336.728837 0.112536
5337.876808 0.217563
5339.024778 0.199496
5340.172749 0.041552
5341.320719 -0.011153
5342.468690 0.048878
5343.616661 0.071151
5344.764631 0.098172
5345.912602 0.061188
5347.060573 0.040994
5348.208543 0.029352
5349.356514 0.040181
5350.504485 0.052168
5351.652455 0.041053
5352.800426 0.051066
5353.948397 0.052978
5355.096367 0.040015
5356.244338 0.051669
5357.392309 -0.099769
5358.540279 -0.317047
5359.688250 0.011843
5360.836221 0.170929
5361.984191 0.385380
5363.132162 0.077133
5364.280133 -0.047758
5365.428103 -0.039182
5366.576074 0.051519
5367.724044 0.155806
5368.872015 0.136448
5370.019986 0.042325
5371.167956 0.045666
5372.315927 0.033634
5373.463898 -0.001268
5374.611868 0.006151
5375.759839 0.041484
5376.907810 0.098925
5378.055780 0.049999
5379.203751 -0.047739
5380.351722 0.035550
5381.499692 0.080735
5382.647663 0.132905
5383.795634 0.049398
5384.943604 0.035746
5386.091575 0.037365
5387.239546 -0.039802
5388.387516 -0.238911
5389.535487 -0.001728
5390.683457 0.152389
5391.831428 0.352175
5392.979399 0.133655
5394.127369 0.044984
5395.275340 0.046202
5396.423311 0.039848
5397.571281 -0.038604
5398.719252 -0.074408
5399.867223 0.039446
5401.015193 0.117166
5402.163164 0.163938
5403.311135 0.052735
5404.459105 0.056175
5405.607076 0.032668
5406.755047 -0.244836
5407.903017 -0.281716
5409.050988 0.041120
5410.198959 0.355311
5411.346929 0.374223
5412.494900 0.054130
5413.642870 0.042530
5414.790841 0.048273
5415.938812 0.045200
5417.086782 0.048656
5418.234753 0.045014
5419.382724 0.028408
5420.530694 -0.050965
5421.678665 -0.040656
5422.826636 0.067955
5423.974606 0.163098
5425.122577 0.129505
5426.270548 0.016473
5427.418518 -0.008370
5428.566489 -0.224745
5429.714460 -0.303007
5430.862430 0.024079
5432.010401 0.303233
5433.158372 0.350139
5434.306342 -0.006714
5435.454313 -0.008884
5436.602283 0.111761
5437.750254 0.190127
5438.898225 0.064317
5440.046195 -0.060932
5441.194166 -0.112948
5442.342137 -0.003917
5443.490107 0.133581
5444.638078 0.239531
5445.786049 0.104581
5446.934019 -0.066986
5448.081990 -0.056865
5449.229961 0.000367
5450.377931 0.115919
5451.525902 0.147526
5452.673873 0.113007
5453.821843 -0.074799
5454.969814 -0.163927
5456.117785 0.009510
5457.265755 0.197036
5458.413726 0.271501
5459.561697 0.105244
5460.709667 0.054436
5461.857638 0.057114
5463.005608 0.048773
5464.153579 0.043098
5465.301550 0.050583
5466.449520 0.046650
5467.597491 0.055364
5468.745462 0.019077
5469.893432 -0.189370
5471.041403 -0.518049
5472.189374 -0.167795
5473.337344 0.272649
5474.485315 0.518848
5475.633286 0.099606
5476.781256 -0.127049
5477.929227 0.038432
5479.077198 0.267812
5480.225168 0.256622
5481.373139 0.069467
5482.521110 -0.083773
5483.669080 -0.135815
5484.817051 0.004161
5485.965021 0.162177
5487.112992 0.225795
5488.260963 0.099794
5489.408933 0.046997
5490.556904 0.040718
5491.704875 0.039080
5492.852845 0.033350
5494.000816 0.014019
5495.148787 -0.057809
5496.296757 -0.065994
5497.444728 0.070193
5498.592699 0.314422
5499.740669 0.199572
