3558.715231 0.066268
3561.393161 0.123208
3564.071092 0.044294
3566.749023 0.031152
3569.426954 0.037472
3572.104885 0.046746
3574.782816 0.049722
3577.460747 0.041547
3580.138678 0.041251
3582.816609 0.054449
3585.494540 0.050612
3588.172470 0.058863
3590.850401 0.045021
3593.528332 0.042617
3596.206263 0.073770
3598.884194 0.058947
3601.562125 0.026709
3604.240056 0.045508
3606.917987 0.061110
3609.595918 0.075465
3612.273848 0.047827
3614.951779 0.039962
3617.629710 0.057573
3620.307641 0.052409
3622.985572 0.065507
3625.663503 0.076576
3628.341434 0.058512
3631.019365 0.052221
3633.697296 0.047061
3636.375227 0.036980
3639.053157 0.047169
3641.731088 0.065204
3644.409019 0.046878
3647.086950 0.042425
3649.764881 0.031412
3652.442812 0.063910
3655.120743 0.057068
3657.798674 0.035062
3660.476605 0.047476
3663.154535 0.052429
3665.832466 0.057705
3668.510397 0.050746
3671.188328 0.059034
3673.866259 0.069329
3676.544190 0.061869
3679.222121 0.054248
3681.900052 0.038792
3684.577983 0.044159
3687.255914 0.055239
3689.933844 0.051494
3692.611775 0.053987
3695.289706 0.065729
3697.967637 0.065578
3700.645568 0.051302
3703.323499 0.046434
3706.001430 0.045193
3708.679361 0.051564
3711.357292 0.048302
3714.035222 0.055670
3716.713153 0.090291
3719.391084 0.157298
3722.069015 0.305776
3724.746946 0.306187
3727.424877 0.249764
3730.102808 0.135681
3732.780739 0.039010
3735.458670 0.032199
3738.136601 0.048988
3740.814531 0.048542
3743.492462 0.058822
3746.170393 0.050098
3748.848324 0.064594
3751.526255 0.058907
3754.204186 0.057898
3756.882117 0.057511
3759.560048 0.061325
3762.237979 0.073883
3764.915910 0.067423
3767.593840 0.071368
3770.271771 0.066605
3772.949702 0.061866
3775.627633 0.063157
3778.305564 0.054675
3780.983495 0.068279
3783.661426 0.071364
3786.339357 0.071164
3789.017288 0.046745
3791.695218 0.056452
3794.373149 0.074946
3797.051080 0.073230
3799.729011 0.062400
3802.406942 0.056190
3805.084873 0.071293
3807.762804 0.092336
3810.440735 0.094476
3813.118666 0.073358
3815.796597 0.073771
3818.474527 0.079750
3821.152458 0.068689
3823.830389 0.083877
3826.508320 0.070064
3829.186251 0.048868
3831.864182 0.042604
3834.542113 0.064214
3837.220044 0.059654
3839.897975 0.052834
3842.575905 0.059828
3845.253836 0.063672
3847.931767 0.076600
3850.609698 0.061544
3853.287629 0.071201
3855.965560 0.071131
3858.643491 0.072328
3861.321422 0.082163
3863.999353 0.081418
3866.677284 0.087479
3869.355214 0.088685
3872.033145 0.084634
3874.711076 0.079514
3877.389007 0.058657
3880.066938 0.073905
3882.744869 0.058921
3885.422800 0.056673
3888.100731 0.072173
3890.778662 0.068847
3893.456592 0.058449
3896.134523 0.055511
3898.812454 0.059357
3901.490385 0.082313
3904.168316 0.060980
3906.846247 0.056677
3909.524178 0.088859
3912.202109 0.094081
3914.880040 0.073709
3917.557971 0.073872
3920.235901 0.079103
3922.913832 0.071443
3925.591763 0.091513
3928.269694 0.075254
3930.947625 0.064843
3933.625556 0.068474
3936.303487 0.058172
3938.981418 0.066846
3941.659349 0.069596
3944.337279 0.087165
3947.015210 0.078006
3949.693141 0.064508
3952.371072 0.081252
3955.049003 0.077498
3957.726934 0.079292
3960.404865 0.063457
3963.082796 0.048589
3965.760727 0.056217
3968.438658 0.045872
3971.116588 0.061005
3973.794519 0.082658
3976.472450 0.060270
3979.150381 0.043193
3981.828312 0.080124
3984.506243 0.091854
3987.184174 0.062021
3989.862105 0.076301
3992.540036 0.088360
3995.217966 0.067200
3997.895897 0.059670
4000.573828 0.078205
4003.251759 0.082786
4005.929690 0.096030
4008.607621 0.081156
4011.285552 0.076172
4013.963483 0.097328
4016.641414 0.089063
4019.319345 0.079993
4021.997275 0.087444
4024.675206 0.089671
4027.353137 0.056761
4030.031068 0.054770
4032.708999 0.072964
4035.386930 0.096612
4038.064861 0.091913
4040.742792 0.085169
4043.420723 0.072561
4046.098653 0.082824
4048.776584 0.085684
4051.454515 0.073229
4054.132446 0.081651
4056.810377 0.082743
4059.488308 0.076567
4062.166239 0.061416
4064.844170 0.078183
4067.522101 0.087505
4070.200032 0.086089
4072.877962 0.080368
4075.555893 0.083778
4078.233824 0.070700
4080.911755 0.084407
4083.589686 0.074794
4086.267617 0.083235
4088.945548 0.080194
4091.623479 0.069568
4094.301410 0.074083
4096.979340 0.082954
4099.657271 0.097192
4102.335202 0.078661
4105.013133 0.074585
4107.691064 0.077687
4110.368995 0.080789
4113.046926 0.085218
4115.724857 0.093655
4118.402788 0.043250
4121.080719 0.087718
4123.758649 0.068739
4126.436580 0.069872
4129.114511 0.077953
4131.792442 0.074302
4134.470373 0.072344
4137.148304 0.085084
4139.826235 0.077681
4142.504166 0.080065
4145.182097 0.092730
4147.860028 0.082011
4150.537958 0.069534
4153.215889 0.071149
4155.893820 0.070596
4158.571751 0.070678
4161.249682 0.090720
4163.927613 0.084331
4166.605544 0.072475
4169.283475 0.085844
4171.961406 0.094105
4174.639336 0.082656
4177.317267 0.071759
4179.995198 0.077155
4182.673129 0.095728
4185.351060 0.079243
4188.028991 0.075060
4190.706922 0.078544
4193.384853 0.071082
4196.062784 0.077610
4198.740715 0.081369
4201.418645 0.075108
4204.096576 0.078565
4206.774507 0.075800
4209.452438 0.092263
4212.130369 0.080510
4214.808300 0.073286
4217.486231 0.085857
4220.164162 0.077767
4222.842093 0.080334
4225.520023 0.090959
4228.197954 0.070131
4230.875885 0.057321
4233.553816 0.075940
4236.231747 0.061038
4238.909678 0.060676
4241.587609 0.071594
4244.265540 0.091675
4246.943471 0.093319
4249.621402 0.075605
4252.299332 0.086118
4254.977263 0.087395
4257.655194 0.084764
4260.333125 0.077379
4263.011056 0.064363
4265.688987 0.069754
4268.366918 0.078282
4271.044849 0.079221
4273.722780 0.081803
4276.400710 0.060779
4279.078641 0.081663
4281.756572 0.053691
4284.434503 0.058660
4287.112434 0.078505
4289.790365 0.063153
4292.468296 0.073217
4295.146227 0.058373
4297.824158 0.083649
4300.502089 0.072857
4303.180019 0.046888
4305.857950 0.065246
4308.535881 0.067163
4311.213812 0.049334
4313.891743 0.078848
4316.569674 0.075382
4319.247605 0.081013
4321.925536 0.092673
4324.603467 0.097998
4327.281397 0.073560
4329.959328 0.065078
4332.637259 0.071631
4335.315190 0.071270
4337.993121 0.078300
4340.671052 0.081517
4343.348983 0.090379
4346.026914 0.080182
4348.704845 0.088269
4351.382776 0.057168
4354.060706 0.052739
4356.738637 0.047868
4359.416568 0.076121
4362.094499 0.090024
4364.772430 0.084411
4367.450361 0.079674
4370.128292 0.082414
4372.806223 0.086751
4375.484154 0.072885
4378.162084 0.073424
4380.840015 0.084127
4383.517946 0.077468
4386.195877 0.073195
4388.873808 0.083389
4391.551739 0.071580
4394.229670 0.068552
4396.907601 0.081349
4399.585532 0.076872
4402.263463 0.083503
4404.941393 0.069950
4407.619324 0.073053
4410.297255 0.086984
4412.975186 0.065035
4415.653117 0.065153
4418.331048 0.073997
4421.008979 0.076957
4423.686910 0.070688
4426.364841 0.072781
4429.042771 0.070205
4471.889666 0.071487
4474.567597 0.074182
4477.245528 0.117956
4479.923458 0.077659
4482.601389 0.098097
4485.279320 0.083433
4487.957251 0.072069
4490.635182 0.083301
4493.313113 0.073953
4495.991044 0.069310
4498.668975 0.077480
4501.346906 0.070976
4504.024837 0.099551
4506.702767 0.081744
4509.380698 0.080011
4512.058629 0.082243
4514.736560 0.080923
4517.414491 0.091179
4520.092422 0.075081
4522.770353 0.076585
4525.448284 0.077633
4528.126215 0.087614
4530.804146 0.087869
4533.482076 0.090196
4536.160007 0.057603
4538.837938 0.078898
4541.515869 0.103482
4544.193800 0.092948
4546.871731 0.081832
4549.549662 0.088310
4552.227593 0.067204
4554.905524 0.070306
4557.583454 0.082426
4560.261385 0.101254
4562.939316 0.077628
4565.617247 0.075391
4568.295178 0.075499
4570.973109 0.077208
4573.651040 0.070447
4576.328971 0.083086
4579.006902 0.081471
4581.684833 0.066367
4584.362763 0.074177
4587.040694 0.079795
4589.718625 0.076394
4592.396556 0.080350
4595.074487 0.078888
4597.752418 0.088734
4600.430349 0.087436
4603.108280 0.072831
4605.786211 0.091150
4608.464141 0.076658
4611.142072 0.074925
4613.820003 0.080775
4616.497934 0.084011
4619.175865 0.094866
4621.853796 0.063124
4624.531727 0.086657
4627.209658 0.093855
4629.887589 0.088206
4632.565520 0.078750
4635.243450 0.078316
4637.921381 0.077341
4640.599312 0.091536
4643.277243 0.090380
4645.955174 0.056780
4648.633105 0.090494
4651.311036 0.095470
4653.988967 0.077249
4656.666898 0.090795
4659.344828 0.087082
4662.022759 0.072491
4664.700690 0.083745
4667.378621 0.083847
4670.056552 0.064129
4672.734483 0.076101
4675.412414 0.088673
4678.090345 0.071869
4680.768276 0.088961
4683.446207 0.065330
4686.124137 0.071049
4688.802068 0.024638
4691.479999 0.026732
4694.157930 0.042392
4696.835861 0.093742
4699.513792 0.157811
4702.191723 0.161247
4704.869654 0.101883
4707.547585 0.084697
4710.225515 0.048836
4712.903446 0.064460
4715.581377 0.074651
4718.259308 0.084613
4720.937239 0.094527
4723.615170 0.078278
4726.293101 0.078838
4728.971032 0.071810
4731.648963 0.096299
4734.326894 0.060986
4737.004824 0.074291
4739.682755 0.069629
4742.360686 0.082509
4745.038617 0.065384
4747.716548 0.080408
4750.394479 0.082190
4753.072410 0.061542
4755.750341 0.075931
4758.428272 0.087930
4761.106202 0.086128
4763.784133 0.102751
4766.462064 0.075706
4769.139995 0.084142
4771.817926 0.070843
4774.495857 0.084798
4777.173788 0.097141
4779.851719 0.066393
4782.529650 0.092531
4785.207581 0.086865
4787.885511 0.083066
4790.563442 0.073252
4793.241373 0.078637
4795.919304 0.081651
4798.597235 0.075893
4801.275166 0.064812
4803.953097 0.092591
4806.631028 0.072584
4809.308959 0.068958
4811.986889 0.077714
4814.664820 0.070816
4817.342751 0.076207
4820.020682 0.074795
4822.698613 0.087120
4825.376544 0.078701
4828.054475 0.079033
4830.732406 0.091270
4833.410337 0.065947
4836.088268 0.087125
4838.766198 0.081358
4841.444129 0.059484
4844.122060 0.060905
4846.799991 0.073905
4849.477922 0.054640
4852.155853 0.073117
4854.833784 0.084563
4857.511715 0.087829
4860.189646 0.104266
4862.867576 0.142051
4865.545507 0.134336
4868.223438 0.108918
4870.901369 0.078283
4873.579300 0.048821
4876.257231 0.072163
4878.935162 0.080937
4881.613093 0.072983
4884.291024 0.070249
4886.968955 0.055840
4889.646885 0.085293
4892.324816 0.083874
4895.002747 0.067965
4897.680678 0.081979
4900.358609 0.095894
4903.036540 0.078052
4905.714471 0.074933
4908.392402 0.071814
4911.070333 0.063934
4913.748264 0.066815
4916.426194 0.084761
4919.104125 0.059015
4921.782056 0.056876
4924.459987 0.071070
4927.137918 0.057628
4929.815849 0.059868
4932.493780 0.071721
4935.171711 0.076160
4937.849642 0.058850
4940.527572 0.086902
4943.205503 0.083895
4945.883434 0.058046
4948.561365 0.060190
4951.239296 0.065501
4953.917227 0.089455
4956.595158 0.104001
4959.273089 0.100751
4961.951020 0.139167
4964.628951 0.124380
4967.306881 0.076419
4969.984812 0.077637
4972.662743 0.112174
4975.340674 0.094439
4978.018605 0.099527
4980.696536 0.077524
4983.374467 0.043211
4986.052398 0.068586
4988.730329 0.079740
4991.408259 0.068968
4994.086190 0.071637
4996.764121 0.073194
4999.442052 0.071610
5002.119983 0.091286
5004.797914 0.092402
5007.475845 0.166381
5010.153776 0.196600
5012.831707 0.169416
5015.509638 0.083726
5018.187568 0.053976
5020.865499 0.040157
5023.543430 0.113249
5026.221361 0.127714
5028.899292 0.082792
5031.577223 0.087777
5034.255154 0.081703
5036.933085 0.074459
5039.611016 0.053458
5042.288946 0.044952
5044.966877 0.070258
5047.644808 0.110591
5050.322739 0.083763
5053.000670 0.050903
5055.678601 0.057509
5058.356532 0.068709
5061.034463 0.085797
5063.712394 0.061282
5066.390325 0.029213
5069.068255 0.063542
5071.746186 0.053975
5074.424117 0.087880
5077.102048 0.087670
5079.779979 0.049753
5082.457910 0.060825
5085.135841 0.083413
5087.813772 0.079174
5090.491703 0.088687
5093.169633 0.083114
5095.847564 0.063670
5098.525495 0.071026
5101.203426 0.070387
5103.881357 0.076534
5106.559288 0.075868
5109.237219 0.049162
5111.915150 0.071736
5114.593081 0.074188
5117.271012 0.071680
5119.948942 0.063836
5122.626873 0.060855
5125.304804 0.055309
5127.982735 0.086157
5130.660666 0.085226
5133.338597 0.068723
5136.016528 0.072864
5138.694459 0.067924
5141.372390 0.060958
5144.050320 0.066756
5146.728251 0.060480
5149.406182 0.047961
5152.084113 0.044363
5154.762044 0.083724
5157.439975 0.080040
5160.117906 0.075922
5162.795837 0.075072
5165.473768 0.075025
5168.151699 0.068006
5170.829629 0.080249
5173.507560 0.049199
5176.185491 0.048432
5178.863422 0.087467
5181.541353 0.062152
5184.219284 0.081820
5186.897215 0.073180
5189.575146 0.051017
5192.253077 0.066890
5194.931007 0.067275
5197.608938 0.069294
5200.286869 0.058512
5202.964800 0.052612
5205.642731 0.077351
5208.320662 0.064919
5210.998593 0.071230
5213.676524 0.072782
5216.354455 0.052127
5219.032386 0.040431
5221.710316 0.073973
5224.388247 0.060596
5227.066178 0.074375
5229.744109 0.086677
5232.422040 0.066802
5235.099971 0.064911
5237.777902 0.055013
5240.455833 0.103522
5243.133764 0.075838
5245.811694 0.069521
5248.489625 0.070619
5251.167556 0.067902
5253.845487 0.084446
5256.523418 0.063541
5259.201349 0.081020
5261.879280 0.072286
5264.557211 0.061430
5267.235142 0.074663
5269.913073 0.082193
5272.591003 0.041852
5275.268934 0.078513
5277.946865 0.059190
5280.624796 0.051436
5283.302727 0.058966
5285.980658 0.083338
5288.658589 0.070602
5291.336520 0.079692
5294.014451 0.061050
5296.692382 0.076406
5299.370312 0.070555
5302.048243 0.048269
5304.726174 0.060807
5307.404105 0.076169
5310.082036 0.065569
5312.759967 0.067171
5315.437898 0.070741
5318.115829 0.062724
5320.793760 0.067117
5323.471690 0.079458
5326.149621 0.060962
5328.827552 0.053152
5331.505483 0.057513
5334.183414 0.050581
5336.861345 0.059061
5339.539276 0.046120
5342.217207 0.056925
5344.895138 0.072944
5347.573069 0.057518
5350.250999 0.064657
5352.928930 0.059894
5355.606861 0.059767
5358.284792 0.051102
5360.962723 0.071674
5363.640654 0.079495
5366.318585 0.074136
5368.996516 0.079254
5371.674447 0.070200
5374.352377 0.064565
5377.030308 0.092551
5379.708239 0.098392
5382.386170 0.073006
5385.064101 0.067232
5387.742032 0.066378
5390.419963 0.069349
5393.097894 0.054987
5395.775825 0.051684
5398.453756 0.071510
5401.131686 0.077310
5403.809617 0.065320
5406.487548 0.074443
5409.165479 0.045738
5411.843410 0.048686
5414.521341 0.070159
5417.199272 0.069851
5419.877203 0.053971
5422.555134 0.061223
5425.233064 0.058044
5427.910995 0.057549
5430.588926 0.069881
5433.266857 0.068921
5435.944788 0.055531
5438.622719 0.080447
5441.300650 0.065500
5443.978581 0.055748
5446.656512 0.053160
5449.334443 0.047479
5452.012373 0.067234
5454.690304 0.064806
5457.368235 0.054898
5460.046166 0.065689
5462.724097 0.074429
5465.402028 0.049724
5468.079959 0.031687
5470.757890 0.053288
5473.435821 0.057466
5476.113751 0.038683
5478.791682 0.048010
5481.469613 0.054762
5484.147544 0.048421
5486.825475 0.048416
5489.503406 0.058805
5492.181337 0.053696
5494.859268 0.063103
5497.537199 0.049580
5500.215130 0.047513
5502.893060 0.057313
5505.570991 0.071379
5508.248922 0.047697
5510.926853 0.068831
5513.604784 0.076624
5516.282715 0.067374
5518.960646 0.091511
5521.638577 0.058429
5524.316508 0.045427
5526.994439 0.060789
5529.672369 0.066127
5532.350300 0.082689
5535.028231 0.092069
5537.706162 0.069207
5540.384093 0.078022
5543.062024 0.066877
5545.739955 0.087702
5548.417886 0.080570
5551.095817 0.072666
5553.773748 0.060461
5556.451678 0.069898
5559.129609 0.063342
5561.807540 0.055807
5564.485471 0.060967
5567.163402 0.048513
5569.841333 0.061129
5572.519264 0.065905
5575.197195 0.070614
5577.875126 0.065086
5580.553057 0.060929
5583.230987 0.073365
5585.908918 0.089694
5588.586849 0.073077
5591.264780 0.056428
5593.942711 0.067377
5596.620642 0.071935
5599.298573 0.075727
5601.976504 0.076503
5604.654435 0.077364
5607.332366 0.063571
5610.010296 0.068468
5612.688227 0.067445
5615.366158 0.047008
5618.044089 0.058877
5620.722020 0.054942
5623.399951 0.060853
5626.077882 0.081342
5628.755813 0.089517
5631.433744 0.071180
5634.111675 0.065068
5636.789605 0.053660
5639.467536 0.055620
5642.145467 0.078047
5644.823398 0.084443
5647.501329 0.070230
5650.179260 0.053267
5652.857191 0.061826
5655.535122 0.058616
5658.213053 0.076215
5660.890984 0.066268
5663.568914 0.064120
5666.246845 0.064087
5668.924776 0.068043
5671.602707 0.064086
5674.280638 0.055204
5676.958569 0.059438
5679.636500 0.065029
5682.314431 0.060334
5684.992362 0.057733
5687.670293 0.051742
5690.348223 0.080162
5693.026154 0.073307
5695.704085 0.075908
5698.382016 0.071211
5701.059947 0.071825
5703.737878 0.051024
5706.415809 0.078020
5709.093740 0.074321
5711.771671 0.059077
5714.449601 0.071219
5717.127532 0.053177
5719.805463 0.066653
5722.483394 0.042569
5725.161325 0.056489
5727.839256 0.069280
5730.517187 0.076740
5733.195118 0.065384
5735.873049 0.075995
5738.550980 0.076856
5741.228910 0.055240
5743.906841 0.054722
5746.584772 0.062244
5749.262703 0.061653
5751.940634 0.066318
5754.618565 0.071900
5757.296496 0.056614
5759.974427 0.055176
5762.652358 0.074923
5765.330289 0.074972
5768.008219 0.087628
5770.686150 0.092207
5773.364081 0.079714
5776.042012 0.047229
5778.719943 0.036206
5781.397874 0.051736
5784.075805 0.073625
5786.753736 0.076448
5789.431667 0.065734
5792.109598 0.075303
5794.787528 0.080277
5797.465459 0.102054
5800.143390 0.079182
5802.821321 0.049896
5805.499252 0.051491
5808.177183 0.025625
5810.855114 0.076355
5813.533045 0.061867
5816.210976 0.070809
5818.888907 0.042323
5821.566837 0.062143
5824.244768 0.043332
5826.922699 0.066096
5829.600630 0.064093
5832.278561 0.073316
5834.956492 0.086064
5837.634423 0.042868
5840.312354 0.062213
5842.990285 0.063229
5845.668216 0.085017
5848.346146 0.082463
5851.024077 0.040992
5853.702008 0.066531
5856.379939 0.058375
5859.057870 0.035609
5861.735801 0.072933
5864.413732 0.082863
5867.091663 0.074528
5869.769594 0.087313
5872.447525 0.050124
5875.125455 0.045841
5877.803386 0.072871
5880.481317 0.075762
5883.159248 0.053154
5885.837179 0.050246
5888.515110 0.059059
5891.193041 0.079219
5893.870972 0.069582
5896.548903 0.063759
5899.226834 0.054837
5901.904764 0.055861
5904.582695 0.073926
5907.260626 0.082112
5909.938557 0.050837
5912.616488 0.045708
5915.294419 0.073817
5917.972350 0.060084
5920.650281 0.059321
5923.328212 0.061799
5926.006143 0.053560
5928.684073 0.061440
5931.362004 0.048006
5934.039935 0.052765
5936.717866 0.062143
5939.395797 0.059432
5942.073728 0.055865
5944.751659 0.059002
5947.429590 0.064149
5950.107521 0.077309
5952.785452 0.099028
5955.463382 0.095665
5958.141313 0.082449
5960.819244 0.092515
5963.497175 0.077232
5966.175106 0.069746
5968.853037 0.051236
5971.530968 0.044810
5974.208899 0.061717
5976.886830 0.070891
5979.564761 0.063405
5982.242691 0.075552
5984.920622 0.059986
5987.598553 0.046135
5990.276484 0.056393
5992.954415 0.073520
5995.632346 0.052683
5998.310277 0.040165
6000.988208 0.049832
6003.666139 0.064644
6006.344069 0.057331
6009.022000 0.052444
6011.699931 0.060140
6014.377862 0.060031
6017.055793 0.053097
6019.733724 0.079456
6022.411655 0.059375
6025.089586 0.050139
6027.767517 0.055186
6030.445448 0.071699
6033.123378 0.072283
6035.801309 0.073050
6038.479240 0.062920
6041.157171 0.047504
6043.835102 0.067993
6046.513033 0.062645
6049.190964 0.061824
6051.868895 0.054072
6054.546826 0.030375
6057.224757 0.043921
6059.902687 0.037851
6062.580618 0.036207
6065.258549 0.053970
6067.936480 0.050045
6070.614411 0.030082
6073.292342 0.043250
6075.970273 0.041534
6078.648204 0.055702
6081.326135 0.052279
6084.004066 0.072911
6086.681996 0.067887
6089.359927 0.038099
6092.037858 0.060560
6094.715789 0.072192
6097.393720 0.041855
6100.071651 0.036553
6102.749582 0.061602
6105.427513 0.078632
6108.105444 0.054529
6110.783375 0.053617
6113.461305 0.065387
6116.139236 0.051715
6118.817167 0.042023
6121.495098 0.042778
6124.173029 0.069854
6126.850960 0.076734
6129.528891 0.061008
6132.206822 0.057463
6134.884753 0.041201
6137.562684 0.032676
6140.240614 0.066635
6142.918545 0.055803
6145.596476 0.059053
6148.274407 0.048624
6150.952338 0.061167
6153.630269 0.074525
6156.308200 0.071036
6158.986131 0.054627
6161.664062 0.066130
6164.341993 0.055362
6167.019923 0.055579
6169.697854 0.019157
6172.375785 -0.018725
6175.053716 0.050451
6177.731647 0.111030
