2849.738968 0.011576
2851.862620 0.016541
2853.986272 0.014784
2856.109924 0.022949
2858.233576 0.009878
2860.357229 -0.004457
2862.480881 0.015210
2864.604533 0.037332
2866.728185 0.019266
2868.851837 -0.010291
2870.975490 0.016242
2873.099142 0.037271
2875.222794 0.020382
2877.346446 0.020835
2879.470098 -0.009050
2881.593750 0.023529
2883.717403 0.016778
2885.841055 -0.000552
2887.964707 0.001650
2890.088359 0.014403
2892.212011 0.015644
2894.335663 0.003607
2896.459316 0.007424
2898.582968 0.010921
2900.706620 0.022272
2902.830272 0.020623
2904.953924 0.047307
2907.077577 0.039892
2909.201229 -0.009560
2911.324881 -0.004449
2913.448533 0.019074
2915.572185 0.037222
2917.695837 0.037925
2919.819490 0.013442
2921.943142 0.002975
2924.066794 0.015311
2926.190446 0.011630
2928.314098 0.002532
2930.437750 0.015592
2932.561403 0.032416
2934.685055 0.009991
2936.808707 0.008089
2938.932359 0.023301
2941.056011 0.028178
2943.179664 0.021651
2945.303316 0.025001
2947.426968 0.017741
2949.550620 0.006221
2951.674272 0.023759
2953.797924 0.024755
2955.921577 0.035056
2958.045229 0.034442
2960.168881 0.015760
2962.292533 0.012530
2964.416185 -0.004829
2966.539837 0.012079
2968.663490 0.013484
2970.787142 0.027590
2972.910794 0.017285
2975.034446 0.008418
2977.158098 -0.006580
2979.281750 0.043804
2981.405403 0.030018
2983.529055 0.026618
2985.652707 0.022465
2987.776359 0.042580
2989.900011 -0.004833
2992.023664 0.019012
2994.147316 0.009135
2996.270968 0.010521
2998.394620 0.025538
3000.518272 0.016233
3002.641924 0.002030
3004.765577 0.008137
3006.889229 0.035195
3009.012881 0.018662
3011.136533 0.013708
3013.260185 0.023126
3015.383837 0.000734
3017.507490 0.037365
3019.631142 0.017976
3021.754794 0.017678
3023.878446 -0.001295
3026.002098 0.008502
3028.125751 0.003428
3030.249403 -0.001115
3032.373055 0.004617
3034.496707 0.028821
3036.620359 0.011779
3038.744011 0.017097
3040.867664 0.017725
3042.991316 0.030643
3045.114968 0.012338
3047.238620 0.035408
3049.362272 0.028716
3051.485924 0.019790
3053.609577 0.003739
3055.733229 0.013449
3057.856881 0.024106
3059.980533 0.046776
3062.104185 0.039022
3064.227838 0.024790
3066.351490 0.029374
3068.475142 0.048332
3070.598794 0.024697
3072.722446 0.018654
3074.846098 -0.000969
3076.969751 0.009139
3079.093403 0.030032
3081.217055 0.023670
3083.340707 0.018436
3085.464359 0.016578
3087.588011 0.031906
3089.711664 0.032860
3091.835316 0.001884
3093.958968 0.011141
3096.082620 0.033753
3098.206272 0.029993
3100.329925 0.026751
3102.453577 0.026781
3104.577229 0.003407
3106.700881 0.016032
3108.824533 0.024124
3110.948185 0.019736
3113.071838 0.032823
3115.195490 0.021478
3117.319142 0.040797
3119.442794 0.021640
3121.566446 0.023071
3123.690098 0.027201
3125.813751 0.006592
3127.937403 0.013865
3130.061055 0.038410
3132.184707 0.019394
3134.308359 -0.002291
3136.432012 0.027467
3138.555664 0.031366
3140.679316 0.024964
3142.802968 0.022711
3144.926620 0.042262
3147.050272 0.034069
3149.173925 0.029970
3151.297577 0.047095
3153.421229 0.017404
3155.544881 0.032732
3157.668533 0.025552
3159.792185 0.024881
3161.915838 0.025430
3164.039490 0.022002
3166.163142 0.024936
3168.286794 0.018196
3170.410446 0.026171
3172.534099 0.029288
3174.657751 0.011463
3176.781403 0.014717
3178.905055 0.025001
3181.028707 0.031234
3183.152359 0.029151
3185.276012 0.008134
3187.399664 0.023410
3189.523316 0.015769
3191.646968 0.041440
3193.770620 0.024417
3195.894272 0.021163
3198.017925 0.012151
3200.141577 0.028720
3202.265229 0.028894
3204.388881 0.023481
3206.512533 0.022925
3208.636186 0.030157
3210.759838 0.024721
3212.883490 0.033995
3215.007142 0.043028
3217.130794 0.021327
3219.254446 0.020929
3221.378099 0.029834
3223.501751 0.021411
3225.625403 0.028308
3227.749055 0.031864
3229.872707 0.028732
3231.996359 0.042271
3234.120012 0.028972
3236.243664 0.007991
3238.367316 0.021979
3240.490968 0.022817
3242.614620 0.033104
3244.738273 0.024617
3246.861925 0.023789
3248.985577 0.021398
3251.109229 0.031656
3253.232881 0.009046
3255.356533 0.018795
3257.480186 0.054140
3259.603838 0.045097
3261.727490 0.032528
3263.851142 0.040296
3265.974794 0.042399
3268.098446 0.043827
3270.222099 0.034831
3272.345751 0.036236
3274.469403 0.039211
3276.593055 0.032194
3278.716707 0.030473
3280.840360 0.031307
3282.964012 0.034361
3285.087664 0.042970
3287.211316 0.056654
3289.334968 0.029866
3291.458620 0.049570
3293.582273 0.031210
3295.705925 0.042683
3297.829577 0.057228
3299.953229 0.035513
3302.076881 0.029741
3304.200533 0.031253
3306.324186 0.047877
3308.447838 0.046615
3310.571490 0.042228
3312.695142 0.009450
3314.818794 0.033962
3316.942446 0.037296
3319.066099 0.026191
3321.189751 0.035368
3323.313403 0.050278
3325.437055 0.033960
3327.560707 0.033915
3329.684360 0.046282
3331.808012 0.031664
3333.931664 0.019729
3336.055316 0.030124
3338.178968 0.045646
3340.302620 0.026235
3342.426273 0.039313
3344.549925 0.031735
3346.673577 0.030973
3348.797229 0.052425
3350.920881 0.034419
3353.044533 0.043190
3355.168186 0.041502
3357.291838 0.041192
3359.415490 0.038019
3361.539142 0.017946
3363.662794 0.043783
3365.786447 0.034586
3367.910099 0.036270
3370.033751 0.041161
3372.157403 0.035363
3374.281055 0.019962
3376.404707 0.021082
3378.528360 0.015139
3380.652012 0.021695
3382.775664 0.022496
3384.899316 0.024549
3387.022968 0.033835
3389.146620 0.024565
3391.270273 0.012543
3393.393925 0.025716
3395.517577 0.039048
3397.641229 0.020579
3399.764881 0.024511
3401.888534 0.046765
3404.012186 0.036874
3406.135838 0.036732
3408.259490 0.036235
3410.383142 0.026247
3412.506794 0.032441
3414.630447 0.034773
3416.754099 0.028347
3418.877751 0.018380
3421.001403 0.038527
3423.125055 0.035542
3425.248707 0.042476
3427.372360 0.045445
3429.496012 0.043134
3431.619664 0.024235
3433.743316 0.018231
3435.866968 0.026680
3437.990621 0.050369
3440.114273 0.042555
3442.237925 0.034203
3444.361577 0.027716
3446.485229 0.029096
3448.608881 0.026504
3450.732534 0.034203
3452.856186 0.035498
3454.979838 0.027497
3457.103490 0.043324
3459.227142 0.042957
3461.350794 0.055536
3463.474447 0.046243
3465.598099 0.024124
3467.721751 0.028374
3469.845403 0.041216
3471.969055 0.041140
3474.092708 0.036659
3476.216360 0.031043
3478.340012 0.027982
3480.463664 0.034446
3482.587316 0.010439
3484.710968 0.028594
3486.834621 0.056416
3488.958273 0.058957
3491.081925 0.040970
3493.205577 0.030360
3495.329229 0.037758
3497.452881 0.041765
3499.576534 0.042060
3501.700186 0.035920
3503.823838 0.017192
3505.947490 0.044873
3508.071142 0.046821
3510.194795 0.053202
3512.318447 0.035276
3533.554968 0.054301
3535.678621 0.035128
3537.802273 0.033454
3539.925925 0.040354
3542.049577 0.038199
3544.173229 0.052385
3546.296882 0.051621
3548.420534 0.038435
3550.544186 0.046373
3552.667838 0.033967
3554.791490 0.032798
3556.915142 0.025898
3559.038795 0.048830
3561.162447 0.052204
3563.286099 0.054015
3565.409751 0.060356
3567.533403 0.042699
3569.657055 0.021059
3571.780708 0.050155
3573.904360 0.024218
3576.028012 0.016175
3578.151664 0.041545
3580.275316 0.025328
3582.398969 0.023553
3584.522621 0.019871
3586.646273 0.028439
3588.769925 0.032777
3590.893577 0.020311
3593.017229 0.022658
3595.140882 0.029302
3597.264534 0.038167
3599.388186 0.028525
3601.511838 0.029828
3603.635490 0.029385
3605.759142 0.032684
3607.882795 0.048172
3610.006447 0.034482
3612.130099 0.041753
3614.253751 0.043138
3616.377403 0.040408
3618.501056 0.044769
3620.624708 0.036768
3622.748360 0.014133
3624.872012 0.070471
3626.995664 0.084327
3629.119316 0.055252
3631.242969 0.045092
3633.366621 0.050159
3635.490273 0.059194
3637.613925 0.017006
3639.737577 0.039999
3641.861229 0.040115
3643.984882 0.059430
3646.108534 0.039447
3648.232186 0.035870
3650.355838 0.055271
3652.479490 0.043826
3654.603142 0.024230
3656.726795 0.033285
3658.850447 0.062272
3660.974099 0.046108
3663.097751 0.031353
3665.221403 0.043214
3667.345056 0.040120
3669.468708 0.050471
3671.592360 0.051403
3673.716012 0.037762
3675.839664 0.042225
3677.963316 0.048094
3680.086969 0.041260
3682.210621 0.052154
3684.334273 0.062722
3686.457925 0.058424
3688.581577 0.041637
3690.705229 0.026887
3692.828882 0.036300
3694.952534 0.076532
3697.076186 0.052709
3699.199838 0.052874
3701.323490 0.050163
3703.447143 0.035332
3705.570795 0.072542
3707.694447 0.041804
3709.818099 0.015422
3711.941751 0.040992
3714.065403 0.025059
3716.189056 0.019485
3718.312708 0.052344
3720.436360 0.031359
3722.560012 0.030339
3724.683664 -0.011314
3726.807316 0.019354
3728.930969 0.053171
3731.054621 0.059759
3733.178273 0.037067
3735.301925 0.044971
3737.425577 0.067012
3739.549230 0.059471
3741.672882 0.051708
3743.796534 0.031973
3745.920186 0.031282
3748.043838 0.025144
3750.167490 0.037220
3752.291143 0.060278
3754.414795 0.054032
3756.538447 0.036018
3758.662099 0.044670
3760.785751 0.030993
3762.909403 0.057669
3765.033056 0.037848
3767.156708 0.047541
3769.280360 0.050236
3771.404012 0.066958
3773.527664 0.033202
3775.651317 -0.000551
3777.774969 0.041017
3779.898621 0.031086
3782.022273 0.071889
3784.145925 0.057950
3786.269577 0.053214
3788.393230 0.058625
3790.516882 0.046791
3792.640534 0.057375
3794.764186 0.041171
3796.887838 0.037564
3799.011490 0.047078
3801.135143 0.044641
3803.258795 0.046675
3805.382447 0.012019
3807.506099 0.069781
3809.629751 0.041936
3811.753404 0.069101
3813.877056 0.041579
3816.000708 0.046852
3818.124360 0.043200
3820.248012 0.045382
3822.371664 0.035992
3824.495317 0.041726
3826.618969 0.035322
3828.742621 0.035029
3830.866273 0.032869
3832.989925 0.031358
3835.113577 0.028600
3837.237230 0.041798
3839.360882 0.042230
3841.484534 0.020192
3843.608186 0.022781
3845.731838 0.032201
3847.855491 0.034149
3849.979143 0.038255
3852.102795 0.033815
3854.226447 0.029633
3856.350099 0.038067
3858.473751 0.039886
3860.597404 0.073126
3862.721056 0.037147
3864.844708 0.029019
3866.968360 0.034817
3869.092012 0.062791
3871.215664 0.044475
3873.339317 0.053033
3875.462969 0.053810
3877.586621 0.036796
3879.710273 0.055118
3881.833925 0.043823
3883.957578 0.034691
3886.081230 0.042870
3888.204882 0.023407
3890.328534 0.041630
3892.452186 0.035774
3894.575838 0.046304
3896.699491 0.061322
3898.823143 0.051434
3900.946795 0.069822
3903.070447 0.039741
3905.194099 0.042270
3907.317751 0.055839
3909.441404 0.057580
3911.565056 0.069229
3913.688708 0.067151
3915.812360 0.061817
3917.936012 0.077381
3920.059665 0.075062
3922.183317 0.064778
3924.306969 0.060355
3926.430621 0.038063
3928.554273 0.056915
3930.677925 0.033010
3932.801578 0.024151
3934.925230 0.054313
3937.048882 0.041111
3939.172534 0.039586
3941.296186 0.044881
3943.419838 0.039504
3945.543491 0.050555
3947.667143 0.062520
3949.790795 0.064552
3951.914447 0.070632
3954.038099 0.050818
3956.161752 0.046851
3958.285404 0.031119
3960.409056 0.048619
3962.532708 0.039210
3964.656360 0.051279
3966.780012 0.059292
3968.903665 0.035478
3971.027317 0.045000
3996.511143 0.051940
3998.634795 0.067406
4000.758447 0.084532
4002.882099 0.072655
4005.005752 0.105566
4007.129404 0.072811
4009.253056 0.081968
4011.376708 0.077792
4013.500360 0.086409
4015.624012 0.061357
4017.747665 0.055989
4019.871317 0.064420
4021.994969 0.144241
4024.118621 0.061089
4026.242273 0.053255
4028.365925 0.082209
4030.489578 0.081578
4032.613230 0.070886
4034.736882 0.090176
4036.860534 0.083223
4038.984186 0.068851
4041.107839 0.074947
4043.231491 0.071811
4045.355143 0.076257
4047.478795 0.072069
4049.602447 0.080534
4051.726099 0.084741
4053.849752 0.076349
4055.973404 0.072748
4058.097056 0.058759
4060.220708 0.061433
4062.344360 0.071677
4064.468012 0.079720
4066.591665 0.057091
4068.715317 0.078138
4070.838969 0.089515
4072.962621 0.087466
4075.086273 0.081972
4077.209926 0.076141
4079.333578 0.078572
4081.457230 0.081797
4083.580882 0.109669
4085.704534 0.105561
4087.828186 0.102899
4089.951839 0.055711
4092.075491 0.079395
4094.199143 0.089717
4096.322795 0.086019
4098.446447 0.082463
4100.570099 0.083618
4102.693752 0.086125
4104.817404 0.058412
4106.941056 0.075572
4109.064708 0.060649
4111.188360 0.069054
4113.312013 0.065569
4115.435665 0.104764
4117.559317 0.072261
4119.682969 0.083551
4121.806621 0.076206
4123.930273 0.079547
4126.053926 0.087513
4128.177578 0.089621
4130.301230 0.104896
4132.424882 0.092182
4134.548534 0.068818
4136.672186 0.065589
4138.795839 0.086664
4140.919491 0.102266
4143.043143 0.107637
4145.166795 0.095788
4147.290447 0.079966
4149.414100 0.072910
4151.537752 0.067290
4153.661404 0.086264
4155.785056 0.089667
4157.908708 0.064818
4160.032360 0.060401
4162.156013 0.087500
4164.279665 0.094563
4166.403317 0.079461
4168.526969 0.083073
4170.650621 0.094270
4172.774273 0.086314
4174.897926 0.080907
4177.021578 0.073537
4179.145230 0.074354
4181.268882 0.074320
4183.392534 0.078187
4185.516187 0.078886
4187.639839 0.073209
4189.763491 0.084230
4191.887143 0.088255
4194.010795 0.084402
4196.134447 0.086454
4198.258100 0.088092
4200.381752 0.097550
4202.505404 0.082425
4204.629056 0.071896
4206.752708 0.103310
4208.876360 0.087293
4211.000013 0.066617
4213.123665 0.077838
4215.247317 0.080724
4217.370969 0.074628
4219.494621 0.081636
4221.618274 0.101761
4223.741926 0.096415
4225.865578 0.096890
4227.989230 0.090037
4230.112882 0.082120
4232.236534 0.089513
4234.360187 0.085804
4236.483839 0.068154
4238.607491 0.072664
4240.731143 0.095884
4242.854795 0.101820
4244.978447 0.085409
4247.102100 0.107908
4249.225752 0.095935
4251.349404 0.080347
4253.473056 0.090707
4255.596708 0.096549
4257.720361 0.090839
4259.844013 0.079666
4261.967665 0.089668
4264.091317 0.082031
4266.214969 0.091775
4268.338621 0.099527
4270.462274 0.099026
4272.585926 0.092393
4274.709578 0.077224
4276.833230 0.087849
4278.956882 0.082401
4281.080534 0.082611
4283.204187 0.088670
4285.327839 0.091958
4287.451491 0.076341
4289.575143 0.069536
4291.698795 0.066852
4293.822448 0.088045
4295.946100 0.084349
4298.069752 0.086994
4300.193404 0.081907
4302.317056 0.073295
4304.440708 0.076365
4306.564361 0.052682
4308.688013 0.054274
4310.811665 0.068969
4312.935317 0.068363
4315.058969 0.086249
4317.182621 0.062062
4319.306274 0.020762
4321.429926 0.066529
4323.553578 0.087923
4325.677230 0.085524
4327.800882 0.099144
4329.924535 0.097429
4332.048187 0.097068
4334.171839 0.113424
4336.295491 0.077385
4338.419143 0.101073
4340.542795 0.070794
4342.666448 0.098279
4344.790100 0.089789
4346.913752 0.086629
4349.037404 0.090861
4351.161056 0.069197
4353.284708 0.081036
4355.408361 0.071058
4357.532013 0.069318
4359.655665 0.086945
4361.779317 0.094618
4363.902969 0.077250
4366.026621 0.079769
4368.150274 0.094244
4370.273926 0.100603
4372.397578 0.139524
4374.521230 0.112235
4376.644882 0.129128
4378.768535 0.144375
4380.892187 0.099994
4383.015839 0.089985
4385.139491 0.078157
4387.263143 0.112343
4389.386795 0.080306
4391.510448 0.114927
4393.634100 0.072014
4395.757752 0.113167
4397.881404 0.076842
4400.005056 0.094507
4402.128708 0.088985
4404.252361 0.123489
4406.376013 0.092741
4408.499665 0.099893
4410.623317 0.113785
4412.746969 0.099296
4414.870622 0.106356
4416.994274 0.108575
4419.117926 0.085488
4421.241578 0.107519
4423.365230 0.101470
4425.488882 0.131175
4427.612535 0.095575
4429.736187 0.106560
4431.859839 0.101491
4433.983491 0.116709
4436.107143 0.118273
4438.230795 0.107203
4440.354448 0.107103
4442.478100 0.098968
4444.601752 0.104708
4446.725404 0.119684
4448.849056 0.105178
4450.972709 0.110183
4453.096361 0.110781
4455.220013 0.110204
4457.343665 0.114132
4459.467317 0.102306
4461.590969 0.076608
4463.714622 0.115088
4465.838274 0.112928
4467.961926 0.120718
4470.085578 0.102924
4472.209230 0.079476
4474.332882 0.095243
4476.456535 0.127116
4478.580187 0.119984
4480.703839 0.098388
4482.827491 0.119212
4484.951143 0.115448
4487.074796 0.103318
4489.198448 0.124118
4491.322100 0.111294
4493.445752 0.129687
4495.569404 0.134657
4497.693056 0.118239
4499.816709 0.116853
4501.940361 0.119537
4504.064013 0.116071
4506.187665 0.111338
4508.311317 0.109431
4510.434969 0.117288
4512.558622 0.131318
4514.682274 0.120927
4516.805926 0.120653
4518.929578 0.108490
4521.053230 0.107560
4523.176883 0.107840
4525.300535 0.106222
4527.424187 0.104585
4529.547839 0.105283
4531.671491 0.115558
4533.795143 0.115258
4535.918796 0.114160
4538.042448 0.104338
4540.166100 0.087782
4542.289752 0.094369
4544.413404 0.099404
4546.537056 0.129621
4548.660709 0.102739
4550.784361 0.097889
4552.908013 0.117840
4555.031665 0.123867
4557.155317 0.123354
4559.278970 0.121960
4561.402622 0.124286
4563.526274 0.120822
4565.649926 0.111086
4567.773578 0.107402
4569.897230 0.127657
4572.020883 0.130569
4574.144535 0.136347
4576.268187 0.112408
4578.391839 0.086312
4580.515491 0.124669
4582.639143 0.170879
4584.762796 0.131351
4586.886448 0.083763
4589.010100 0.112403
4591.133752 0.137460
4593.257404 0.123036
4595.381057 0.135872
4597.504709 0.100406
4599.628361 0.082913
4601.752013 0.100167
4603.875665 0.118790
4605.999317 0.132509
4608.122970 0.135970
4610.246622 0.110121
4612.370274 0.115122
4614.493926 0.144067
4616.617578 0.161144
4618.741230 0.127469
4620.864883 0.089893
4622.988535 0.120755
4625.112187 0.139229
4627.235839 0.157198
4629.359491 0.152566
4631.483144 0.138452
4633.606796 0.132285
4635.730448 0.098453
4637.854100 0.060170
4639.977752 0.126498
4642.101404 0.145415
4644.225057 0.110961
4646.348709 0.121753
4648.472361 0.137231
4650.596013 0.118829
4652.719665 0.115146
4654.843317 0.120039
4656.966970 0.103334
4659.090622 0.171800
4661.214274 0.146781
4663.337926 0.119252
4665.461578 0.101085
4667.585231 0.119830
4669.708883 0.141694
4671.832535 0.137953
4673.956187 0.082152
4676.079839 0.101000
4678.203491 0.105370
4680.327144 0.132046
4682.450796 0.118601
4684.574448 0.126040
4686.698100 0.135096
4688.821752 0.107836
4690.945404 0.094124
4693.069057 0.091607
4695.192709 0.107015
4697.316361 0.129151
4699.440013 0.090938
4701.563665 0.107286
4703.687317 0.108362
4705.810970 0.130165
4707.934622 0.140788
4710.058274 0.119328
4712.181926 0.104937
4714.305578 0.121691
4716.429231 0.106569
4718.552883 0.083743
4720.676535 0.105589
4722.800187 0.120410
4724.923839 0.126209
4727.047491 0.102111
4729.171144 0.108469
4731.294796 0.106446
4733.418448 0.121464
4735.542100 0.114061
4737.665752 0.134653
4739.789404 0.128633
4741.913057 0.117900
4744.036709 0.124904
4746.160361 0.150117
4748.284013 0.112720
4750.407665 0.153139
4752.531318 0.151086
4754.654970 0.083988
4756.778622 0.092109
4758.902274 0.119370
4761.025926 0.131219
4763.149578 0.144566
4765.273231 0.128132
4767.396883 0.112796
4769.520535 0.129904
4771.644187 0.121092
4773.767839 0.134835
4775.891491 0.143205
4778.015144 0.096287
4780.138796 0.119568
4782.262448 0.118429
4784.386100 0.128407
4786.509752 0.140188
4788.633405 0.130007
4790.757057 0.137269
4792.880709 0.104351
4795.004361 0.099628
4797.128013 0.146589
4799.251665 0.104792
4801.375318 0.135896
4803.498970 0.110882
4805.622622 0.054112
4807.746274 0.123923
4809.869926 0.115739
4811.993578 0.113719
4814.117231 0.105006
4816.240883 0.101104
4818.364535 0.139106
4820.488187 0.146231
4822.611839 0.146477
4824.735492 0.125804
4826.859144 0.143790
4828.982796 0.113335
4831.106448 0.104755
4833.230100 0.103838
4835.353752 0.122322
4837.477405 0.103330
4839.601057 0.120473
4841.724709 0.136630
4843.848361 0.140340
4845.972013 0.133050
4848.095665 0.097270
4850.219318 0.126734
4852.342970 0.114112
4854.466622 0.106901
4856.590274 0.114565
4858.713926 0.111580
4860.837579 0.104786
4862.961231 0.105999
4865.084883 0.135983
4867.208535 0.118063
4869.332187 0.096552
4871.455839 0.110022
4873.579492 0.110697
4875.703144 0.115029
4877.826796 0.103598
4879.950448 0.137998
4882.074100 0.080997
4884.197752 0.090368
4886.321405 0.114543
4888.445057 0.118031
4890.568709 0.099591
4892.692361 0.131170
4894.816013 0.089921
4896.939666 0.158590
4899.063318 0.078437
4901.186970 0.145369
4903.310622 0.128528
4905.434274 0.125833
4907.557926 0.115010
4909.681579 0.131614
4911.805231 0.136572
4913.928883 0.100073
4916.052535 0.153868
4918.176187 0.151082
4920.299839 0.133597
4922.423492 0.116930
4924.547144 0.088857
4926.670796 0.092685
4928.794448 0.142920
4930.918100 0.133939
4933.041753 0.111061
4935.165405 0.119120
4937.289057 0.111853
4939.412709 0.105214
4941.536361 0.156316
4943.660013 0.139059
4945.783666 0.114306
4947.907318 0.166082
4950.030970 0.139626
4952.154622 0.132799
4954.278274 0.143662
4956.401926 0.112956
4958.525579 0.117848
4960.649231 0.142141
4962.772883 0.151373
4964.896535 0.182739
4967.020187 0.186090
4969.143840 0.118140
4971.267492 0.105663
4973.391144 0.129344
4975.514796 0.173679
4977.638448 0.177118
4979.762100 0.116317
4981.885753 0.125425
4984.009405 0.138959
4986.133057 0.154012
4988.256709 0.191838
4990.380361 0.160112
4992.504013 0.140363
4994.627666 0.126979
4996.751318 0.094990
4998.874970 0.144291
5000.998622 0.164676
5003.122274 0.106632
5005.245927 0.097387
5007.369579 0.128047
5009.493231 0.107273
5011.616883 0.072372
5013.740535 0.106139
5015.864187 0.119930
5017.987840 0.125350
5020.111492 0.123890
5022.235144 0.113319
5024.358796 0.118049
5026.482448 0.082812
5028.606100 0.117792
5030.729753 0.121481
5032.853405 0.126854
5034.977057 0.123999
5037.100709 0.178305
5039.224361 0.107369
5041.348014 0.117420
5043.471666 0.117762
5045.595318 0.114769
5047.718970 0.085322
5049.842622 0.073141
5051.966274 0.100321
5054.089927 0.123505
5056.213579 0.101856
5058.337231 0.113418
5060.460883 0.101722
5062.584535 0.091106
5064.708187 0.122165
5066.831840 0.117820
5068.955492 0.147198
5071.079144 0.177124
5073.202796 0.038596
5075.326448 0.077054
5077.450100 0.123290
5079.573753 0.120804
5081.697405 0.117401
5083.821057 0.125613
5085.944709 0.105418
5088.068361 0.107124
5090.192014 0.115856
5092.315666 0.126759
5094.439318 0.136870
5096.562970 0.133264
5098.686622 0.102496
5100.810274 0.107112
5102.933927 0.122902
5105.057579 0.114501
5107.181231 0.107598
5109.304883 0.137708
5111.428535 0.107371
5113.552187 0.126020
5115.675840 0.119133
5117.799492 0.130708
5119.923144 0.158904
5122.046796 0.125479
5124.170448 0.115920
5126.294101 0.144661
5128.417753 0.131798
5130.541405 0.130754
5132.665057 0.117617
5134.788709 0.113198
5136.912361 0.111339
5139.036014 0.114239
5141.159666 0.111968
5143.283318 0.085469
5145.406970 0.116672
5147.530622 0.140156
5149.654274 0.121924
5151.777927 0.133250
5153.901579 0.137016
5156.025231 0.117501
5158.148883 0.113092
5160.272535 0.114494
5162.396188 0.108087
5164.519840 0.120063
5166.643492 0.114802
5168.767144 0.089405
5170.890796 0.094083
5173.014448 0.085597
5175.138101 0.112147
5177.261753 0.100662
5179.385405 0.108777
5181.509057 0.074746
5183.632709 0.118941
5185.756361 0.105259
5187.880014 0.094847
5190.003666 0.093129
5192.127318 0.087294
5194.250970 0.119489
5196.374622 0.112857
5198.498275 0.086401
5200.621927 0.098014
5202.745579 0.085201
5204.869231 0.113524
5206.992883 0.110312
5209.116535 0.136993
5211.240188 0.117369
5213.363840 0.092983
5215.487492 0.110382
5217.611144 0.111056
5219.734796 0.108223
5221.858448 0.131386
5223.982101 0.134309
5226.105753 0.129447
5228.229405 0.150269
5230.353057 0.120539
5232.476709 0.128011
5234.600362 0.201326
5236.724014 0.150829
5238.847666 0.124004
5240.971318 0.230860
5243.094970 0.169852
5245.218622 0.173720
5247.342275 0.126036
5249.465927 0.073426
5251.589579 0.102238
5253.713231 0.128994
5255.836883 0.140894
5257.960535 0.096271
5260.084188 0.116887
5262.207840 0.130503
5264.331492 0.131969
5266.455144 0.137750
5268.578796 0.162531
5270.702449 0.145238
5272.826101 0.121079
5274.949753 0.171897
5277.073405 0.104797
5279.197057 0.116437
5281.320709 0.100911
5283.444362 0.157112
5285.568014 0.043792
5287.691666 0.106573
5289.815318 0.129164
5291.938970 0.128060
5294.062622 0.161640
5296.186275 0.146069
5298.309927 0.073466
5300.433579 0.098877
5302.557231 0.109172
5304.680883 0.225268
5306.804536 0.181649
5308.928188 0.292049
5311.051840 0.043587
5313.175492 0.065615
5315.299144 0.101868
5317.422796 0.165991
5319.546449 0.105671
5321.670101 0.180065
5323.793753 0.225423
5325.917405 0.197208
5328.041057 0.058812
5330.164709 0.309159
5332.288362 0.095353
5334.412014 0.135491
5336.535666 0.112713
5338.659318 0.116112
5340.782970 0.161275
5342.906623 0.180745
5345.030275 0.139056
5347.153927 0.212531
5349.277579 0.174072
5351.401231 0.184265
5353.524883 0.176547
5355.648536 0.145039
5357.772188 0.124787
5359.895840 0.163815
5362.019492 0.127093
5364.143144 0.183733
5366.266796 0.153759
5368.390449 0.126122
5370.514101 0.185561
5372.637753 0.198580
5374.761405 0.137171
5376.885057 0.106522
5379.008710 0.092597
5381.132362 0.113003
5383.256014 0.107844
5385.379666 0.128726
5387.503318 0.135927
5389.626970 0.130728
5391.750623 0.133499
5393.874275 0.158164
5395.997927 0.134327
5398.121579 0.142365
5400.245231 0.152753
5402.368883 0.153561
5404.492536 0.173282
5406.616188 0.135203
5408.739840 0.129780
5410.863492 0.122676
5412.987144 0.140494
5415.110796 0.117017
5417.234449 0.119011
5419.358101 0.121123
5421.481753 0.115351
5423.605405 0.127626
5425.729057 0.149970
5427.852710 0.144280
5429.976362 0.192991
5432.100014 0.147815
5434.223666 0.108992
5436.347318 0.159237
5438.470970 0.154952
5440.594623 0.125521
5442.718275 0.141425
5444.841927 0.145573
5446.965579 0.125820
5449.089231 0.167945
5451.212883 0.143576
5453.336536 0.097285
5455.460188 0.156472
5457.583840 0.168444
5459.707492 0.121285
5461.831144 0.075975
5463.954797 0.124678
5466.078449 0.177842
5468.202101 0.116369
5470.325753 0.166201
5472.449405 0.206208
5474.573057 0.124376
5476.696710 0.108552
5478.820362 0.136890
5480.944014 0.163103
5483.067666 0.147208
5485.191318 0.138429
5487.314970 0.122879
5489.438623 0.113350
5491.562275 0.150677
5493.685927 0.133932
5495.809579 0.117156
5497.933231 0.084165
5500.056884 0.120453
5502.180536 0.137963
5504.304188 0.134552
5506.427840 0.129271
5508.551492 0.127793
5510.675144 0.138856
5512.798797 0.132240
5514.922449 0.140526
5517.046101 0.127205
5519.169753 0.126702
5521.293405 0.150478
5523.417057 0.144909
5525.540710 0.125821
5527.664362 0.121400
5548.900884 0.005984
5551.024536 0.111625
5553.148188 0.066803
5555.271840 0.025364
5557.395492 0.107354
5559.519144 0.119668
5561.642797 0.145895
5563.766449 0.139005
5565.890101 0.116777
5568.013753 0.120469
5570.137405 0.110133
5572.261058 0.175190
5574.384710 0.256333
5576.508362 0.254281
5578.632014 0.354860
5580.755666 0.273289
5582.879318 -0.062780
5585.002971 -0.057375
5587.126623 0.152878
5589.250275 0.163332
5591.373927 0.142168
5593.497579 0.163889
5595.621231 0.126919
5597.744884 0.141734
5599.868536 0.197787
5601.992188 0.219677
5604.115840 0.140147
5606.239492 0.124710
5608.363145 0.126894
5610.486797 0.178524
5612.610449 0.194622
5614.734101 0.117077
5616.857753 0.316500
5618.981405 0.245179
5621.105058 0.098010
5623.228710 0.196405
5625.352362 0.126654
5627.476014 0.212093
5629.599666 0.170703
5631.723318 0.096291
5633.846971 0.220294
5635.970623 0.136816
5638.094275 0.138522
5640.217927 0.117204
5642.341579 0.073608
5644.465232 0.067498
5646.588884 0.143624
5648.712536 0.198110
5650.836188 0.150054
5652.959840 0.083600
5655.083492 0.116284
5657.207145 0.172927
5659.330797 0.106972
5661.454449 0.215734
5663.578101 0.212555
5665.701753 0.106071
5667.825405 0.138556
5669.949058 0.135038
5672.072710 0.112514
5674.196362 0.117339
5676.320014 0.196956
5678.443666 0.204418
5680.567319 0.134597
5682.690971 0.062681
5684.814623 0.179782
5686.938275 0.201341
5689.061927 0.236990
5691.185579 0.273925
5693.309232 0.154431
5695.432884 0.142686
5697.556536 0.102761
5699.680188 0.157644
5701.803840 0.154477
5703.927492 0.158586
5706.051145 0.148295
5708.174797 0.170136
5710.298449 0.156207
5712.422101 0.145823
5714.545753 0.161853
5716.669406 0.124863
5718.793058 0.150956
5720.916710 0.228397
5723.040362 0.157986
5725.164014 0.170633
5727.287666 0.136704
5729.411319 0.149287
5731.534971 0.149319
5733.658623 0.110251
5735.782275 0.116352
5737.905927 0.130589
5740.029579 0.135042
5742.153232 0.169266
5744.276884 0.167475
5746.400536 0.150721
5748.524188 0.100620
5750.647840 0.082199
5752.771492 0.124917
5754.895145 0.180368
5757.018797 0.175717
5759.142449 0.140217
5761.266101 0.126358
5763.389753 0.114709
5765.513406 0.128329
5767.637058 0.129884
5769.760710 0.125954
5771.884362 0.139816
5774.008014 0.116644
5776.131666 0.100360
5778.255319 0.133403
5780.378971 0.142543
5782.502623 0.132183
5784.626275 0.128473
5786.749927 0.133874
5788.873579 0.173195
5790.997232 0.158961
5793.120884 0.135073
5795.244536 0.146161
5797.368188 0.131404
5799.491840 0.105126
5801.615493 0.151286
5803.739145 0.132599
5805.862797 0.129764
5807.986449 0.154210
5810.110101 0.137469
5812.233753 0.134978
5814.357406 0.144977
5816.481058 0.196083
5818.604710 0.144625
5820.728362 0.162560
5822.852014 0.138931
5824.975666 0.159324
5827.099319 0.164963
5829.222971 0.128188
5831.346623 0.125722
5833.470275 0.133467
5835.593927 0.166928
5837.717580 0.128364
5839.841232 0.141752
5841.964884 0.175961
5844.088536 0.168434
5846.212188 0.146502
