3610.793656 -0.002741
3613.486460 0.015712
3616.179264 0.027170
3618.872068 0.031948
3621.564872 0.052422
3624.257676 0.013292
3626.950480 0.024638
3629.643284 0.032454
3632.336088 -0.002260
3635.028892 0.013096
3637.721696 0.006945
3640.414499 0.013450
3643.107303 0.032420
3645.800107 0.006395
3648.492911 0.023913
3651.185715 0.026484
3653.878519 0.017158
3656.571323 0.022181
3659.264127 0.025476
3661.956931 0.012574
3664.649735 0.037685
3667.342539 0.027429
3670.035343 0.017802
3672.728147 0.027469
3675.420951 0.007459
3678.113755 0.026386
3680.806559 0.029343
3683.499363 0.035176
3686.192167 0.020061
3688.884971 -0.004397
3691.577775 0.024835
3694.270579 0.028329
3696.963383 0.017671
3699.656187 0.025836
3702.348991 0.008294
3705.041795 0.020796
3707.734599 0.013081
3710.427402 0.022806
3713.120206 0.020421
3715.813010 0.022808
3718.505814 0.027893
3721.198618 0.024573
3723.891422 0.054868
3726.584226 0.130665
3729.277030 0.137170
3731.969834 0.096767
3734.662638 0.063392
3737.355442 0.015350
3740.048246 0.014470
3742.741050 0.032819
3745.433854 0.024298
3748.126658 0.011222
3750.819462 0.031560
3753.512266 0.036776
3756.205070 0.022364
3758.897874 0.038556
3761.590678 0.038134
3764.283482 0.018181
3766.976286 0.034731
3769.669090 0.025974
3772.361894 0.012578
3775.054698 0.023940
3777.747502 0.010460
3780.440306 0.030596
3783.133109 0.036222
3785.825913 0.034333
3788.518717 0.040100
3791.211521 0.030069
3793.904325 0.034956
3796.597129 0.048326
3799.289933 0.028231
3801.982737 0.029669
3804.675541 0.038200
3807.368345 0.027076
3810.061149 0.022669
3812.753953 0.026121
3815.446757 0.031757
3818.139561 0.039996
3820.832365 0.035516
3823.525169 0.012375
3826.217973 0.022709
3828.910777 0.015466
3831.603581 0.008149
3834.296385 0.011343
3836.989189 0.028880
3839.681993 0.024290
3842.374797 0.033892
3845.067601 0.043965
3847.760405 0.034592
3850.453209 0.048434
3853.146012 0.040528
3855.838816 0.029558
3858.531620 0.024654
3861.224424 0.034800
3863.917228 0.030147
3866.610032 0.036729
3869.302836 0.042018
3871.995640 0.028500
3874.688444 0.029200
3877.381248 0.042154
3880.074052 0.044094
3882.766856 0.036329
3885.459660 0.024967
3888.152464 0.025065
3890.845268 0.033838
3893.538072 0.030492
3896.230876 0.027191
3898.923680 0.028846
3901.616484 0.026103
3904.309288 0.041013
3907.002092 0.042299
3909.694896 0.036907
3912.387700 0.035369
3915.080504 0.032496
3917.773308 0.052688
3920.466112 0.038525
3923.158916 0.037007
3925.851719 0.045342
3928.544523 0.038086
3931.237327 0.024196
3933.930131 0.028452
3936.622935 0.035778
3939.315739 0.027915
3942.008543 0.032375
3944.701347 0.030693
3947.394151 0.026205
3950.086955 0.034035
3952.779759 0.047522
3955.472563 0.047923
3958.165367 0.036540
3960.858171 0.033618
3963.550975 0.033668
3966.243779 0.024401
3968.936583 0.021667
3971.629387 0.022516
3974.322191 0.017669
3977.014995 0.024760
3979.707799 0.035726
3982.400603 0.031392
3985.093407 0.020587
3987.786211 0.031045
3990.479015 0.037430
3993.171819 0.027742
3995.864622 0.038848
3998.557426 0.039293
4001.250230 0.031998
4003.943034 0.063062
4006.635838 0.038232
4009.328642 0.044441
4012.021446 0.019077
4014.714250 0.023723
4017.407054 0.036968
4020.099858 0.030023
4022.792662 0.052305
4025.485466 0.048160
4028.178270 0.047926
4030.871074 0.042023
4033.563878 0.047018
4036.256682 0.041808
4038.949486 0.033880
4041.642290 0.041843
4044.335094 0.036425
4047.027898 0.037754
4049.720702 0.052445
4052.413506 0.050929
4055.106310 0.055226
4057.799114 0.039829
4060.491918 0.043537
4063.184722 0.034731
4065.877526 0.022649
4068.570329 0.044659
4071.263133 0.058426
4073.955937 0.035388
4076.648741 0.023850
4079.341545 0.038641
4082.034349 0.049125
4084.727153 0.044779
4087.419957 0.039654
4090.112761 0.046517
4092.805565 0.047807
4095.498369 0.052469
4098.191173 0.031702
4100.883977 0.032914
4103.576781 0.038593
4106.269585 0.039718
4108.962389 0.036367
4111.655193 0.026711
4114.347997 0.040993
4117.040801 0.040344
4119.733605 0.041682
4122.426409 0.031344
4125.119213 0.049721
4127.812017 0.026626
4130.504821 0.037777
4133.197625 0.033852
4135.890429 0.026225
4138.583232 0.031337
4141.276036 0.040381
4143.968840 0.047140
4146.661644 0.040256
4149.354448 0.051438
4152.047252 0.041893
4154.740056 0.034468
4157.432860 0.045500
4160.125664 0.040691
4162.818468 0.043775
4165.511272 0.043854
4168.204076 0.034210
4170.896880 0.042928
4173.589684 0.041016
4176.282488 0.034867
4178.975292 0.036656
4181.668096 0.051665
4184.360900 0.042197
4187.053704 0.031091
4189.746508 0.033928
4192.439312 0.057027
4195.132116 0.046682
4197.824920 0.028614
4200.517724 0.027506
4203.210528 0.045493
4205.903332 0.053903
4208.596136 0.031364
4211.288939 0.025822
4213.981743 0.032247
4216.674547 0.050006
4219.367351 0.040200
4222.060155 0.034686
4224.752959 0.031751
4227.445763 0.038451
4230.138567 0.031497
4232.831371 0.039173
4235.524175 0.051356
4238.216979 0.035934
4240.909783 0.042608
4243.602587 0.041215
4246.295391 0.041440
4248.988195 0.046881
4251.680999 0.043833
4254.373803 0.035778
4257.066607 0.032843
4259.759411 0.044904
4262.452215 0.040869
4265.145019 0.040913
4267.837823 0.033863
4270.530627 0.041657
4273.223431 0.046827
4275.916235 0.054087
4278.609039 0.051149
4281.301842 0.041628
4283.994646 0.053288
4286.687450 0.035844
4289.380254 0.029279
4292.073058 0.035942
4294.765862 0.041864
4297.458666 0.043148
4300.151470 0.030091
4302.844274 0.044191
4305.537078 0.035749
4308.229882 0.039096
4310.922686 0.024088
4313.615490 0.028373
4316.308294 0.034063
4319.001098 0.024995
4321.693902 0.041527
4324.386706 0.036213
4327.079510 0.040342
4329.772314 0.027569
4332.465118 0.038937
4335.157922 0.037478
4337.850726 0.035925
4340.543530 0.034525
4343.236334 0.034052
4345.929138 0.046855
4348.621942 0.021512
4351.314746 0.036581
4354.007549 0.017094
4356.700353 0.044256
4359.393157 0.039239
4362.085961 0.027538
4364.778765 0.038363
4367.471569 0.046835
4370.164373 0.028904
4372.857177 0.042881
4375.549981 0.038233
4378.242785 0.036577
4380.935589 0.043395
4383.628393 0.033176
4386.321197 0.029096
4389.014001 0.030643
4391.706805 0.059314
4394.399609 0.040629
4397.092413 0.027202
4399.785217 0.046995
4402.478021 0.054731
4405.170825 0.042782
4407.863629 0.042933
4410.556433 0.040635
4413.249237 0.050896
4415.942041 0.041232
4418.634845 0.032850
4421.327649 0.032288
4424.020452 0.045329
4426.713256 0.045250
4429.406060 0.037789
4432.098864 0.025594
4434.791668 0.027903
4437.484472 0.028473
4440.177276 0.026817
4442.870080 0.055034
4445.562884 0.059195
4448.255688 0.040359
4450.948492 0.046457
4453.641296 0.033024
4456.334100 0.035128
4491.340552 0.040360
4494.033356 0.037532
4496.726159 0.045920
4499.418963 0.047054
4502.111767 0.043145
4504.804571 0.041209
4507.497375 0.023053
4510.190179 0.045011
4512.882983 0.043505
4515.575787 0.049597
4518.268591 0.019284
4520.961395 0.039037
4523.654199 0.036091
4526.347003 0.061891
4529.039807 0.036190
4531.732611 0.030294
4534.425415 0.041595
4537.118219 0.047169
4539.811023 0.032445
4542.503827 0.027884
4545.196631 0.034531
4547.889435 0.031890
4550.582239 0.038961
4553.275043 0.025899
4555.967847 0.023759
4558.660651 0.047448
4561.353455 0.039388
4564.046259 0.042516
4566.739062 0.041454
4569.431866 0.043349
4572.124670 0.040473
4574.817474 0.045371
4577.510278 0.051837
4580.203082 0.046485
4582.895886 0.048678
4585.588690 0.036396
4588.281494 0.039503
4590.974298 0.035384
4593.667102 0.029070
4596.359906 0.026320
4599.052710 0.044112
4601.745514 0.045140
4604.438318 0.023773
4607.131122 0.038588
4609.823926 0.047689
4612.516730 0.041012
4615.209534 0.034487
4617.902338 0.034256
4620.595142 0.041955
4623.287946 0.039145
4625.980750 0.051929
4628.673554 0.047952
4631.366358 0.033252
4634.059162 0.046326
4636.751966 0.049003
4639.444769 0.028327
4642.137573 0.042743
4644.830377 0.041916
4647.523181 0.051976
4650.215985 0.018459
4652.908789 0.029390
4655.601593 0.055096
4658.294397 0.067696
4660.987201 0.043047
4663.680005 0.042277
4666.372809 0.025322
4669.065613 0.037284
4671.758417 0.024294
4674.451221 0.034538
4677.144025 0.025643
4679.836829 0.035221
4682.529633 0.041370
4685.222437 0.038959
4687.915241 0.052515
4690.608045 0.032002
4693.300849 0.063202
4695.993653 0.050917
4698.686457 0.034951
4701.379261 0.053946
4704.072065 0.040609
4706.764869 0.034586
4709.457672 0.032518
4712.150476 0.031841
4714.843280 0.052784
4717.536084 0.045983
4720.228888 0.030851
4722.921692 0.042047
4725.614496 0.044746
4728.307300 0.028148
4731.000104 0.015238
4733.692908 0.050252
4736.385712 0.034438
4739.078516 0.049539
4741.771320 0.026874
4744.464124 0.033035
4747.156928 0.016911
4749.849732 0.007286
4752.542536 0.031988
4755.235340 0.049556
4757.928144 0.030745
4760.620948 0.043178
4763.313752 0.034676
4766.006556 0.037718
4768.699360 0.038899
4771.392164 0.030464
4774.084968 0.021641
4776.777772 0.037196
4779.470576 0.020521
4782.163379 0.035144
4784.856183 0.035774
4787.548987 0.050131
4790.241791 0.062921
4792.934595 0.040615
4795.627399 0.027652
4798.320203 0.034293
4801.013007 0.029735
4803.705811 0.035757
4806.398615 0.034159
4809.091419 0.036397
4811.784223 0.054368
4814.477027 0.035581
4817.169831 0.036712
4819.862635 0.035824
4822.555439 0.033202
4825.248243 0.032026
4827.941047 0.040370
4830.633851 0.026993
4833.326655 0.043095
4836.019459 0.024016
4838.712263 0.033319
4841.405067 0.027058
4844.097871 0.038994
4846.790675 0.045732
4849.483479 0.038590
4852.176282 0.038311
4854.869086 0.028991
4857.561890 0.035548
4860.254694 0.052169
4862.947498 0.051547
4865.640302 0.051383
4868.333106 0.024993
4871.025910 0.025001
4873.718714 0.033915
4876.411518 0.036856
4879.104322 0.044536
4881.797126 0.033144
4884.489930 0.039040
4887.182734 0.039334
4889.875538 0.032429
4892.568342 0.027980
4895.261146 0.041670
4897.953950 0.036207
4900.646754 0.028168
4903.339558 0.034875
4906.032362 0.046903
4908.725166 0.028584
4911.417970 0.033533
4914.110774 0.034516
4916.803578 0.028541
4919.496382 0.038330
4922.189186 0.041694
4924.881989 0.032063
4927.574793 0.037073
4930.267597 0.040777
4932.960401 0.037528
4935.653205 0.039533
4938.346009 0.040374
4941.038813 0.034660
4943.731617 0.033830
4946.424421 0.033133
4949.117225 0.033972
4951.810029 0.037560
4954.502833 0.041072
4957.195637 0.047631
4959.888441 0.062072
4962.581245 0.046416
4965.274049 0.032701
4967.966853 0.038571
4970.659657 0.033079
4973.352461 0.033565
4976.045265 0.034896
4978.738069 0.037941
4981.430873 0.036431
4984.123677 0.029526
4986.816481 0.037442
4989.509285 0.036935
4992.202089 0.060246
4994.894892 0.031631
4997.587696 0.028280
5000.280500 0.030999
5002.973304 0.073882
5005.666108 0.083490
5008.358912 0.072339
5011.051716 0.064214
5013.744520 0.065757
5016.437324 0.038898
5019.130128 0.042498
5021.822932 0.038166
5024.515736 0.031766
5027.208540 0.033030
5029.901344 0.030257
5032.594148 0.037760
5035.286952 0.033820
5037.979756 0.024344
5040.672560 0.028556
5043.365364 0.029906
5046.058168 0.022055
5048.750972 0.042810
5051.443776 0.056678
5054.136580 0.008711
5056.829384 0.053675
5059.522188 0.039423
5062.214992 0.062792
5064.907796 0.037102
5067.600599 0.055275
5070.293403 0.046536
5072.986207 0.035568
5075.679011 0.026571
5078.371815 0.030475
5081.064619 0.041638
5083.757423 0.051798
5086.450227 0.038166
5089.143031 0.041226
5091.835835 0.036115
5094.528639 0.035567
5097.221443 0.042369
5099.914247 0.031588
5102.607051 0.029477
5105.299855 0.021085
5107.992659 0.058051
5110.685463 0.049689
5113.378267 0.042456
5116.071071 0.031439
5118.763875 0.036679
5121.456679 0.041816
5124.149483 0.033306
5126.842287 0.026602
5129.535091 0.038032
5132.227895 0.025908
5134.920699 0.034320
5137.613502 0.034234
5140.306306 0.038704
5142.999110 0.042824
5145.691914 0.034824
5148.384718 0.050139
5151.077522 0.025659
5153.770326 0.029175
5156.463130 0.053146
5159.155934 0.034366
5161.848738 0.048156
5164.541542 0.039494
5167.234346 0.038647
5169.927150 0.039597
5172.619954 0.018879
5175.312758 0.039424
5178.005562 0.044247
5180.698366 0.041728
5183.391170 0.047251
5186.083974 0.021733
5188.776778 0.052464
5191.469582 0.035354
5194.162386 0.037184
5196.855190 0.032361
5199.547994 0.033624
5202.240798 0.049074
5204.933602 0.022876
5207.626406 0.022023
5210.319209 0.026898
5213.012013 0.037169
5215.704817 0.038858
5218.397621 0.043599
5221.090425 0.043794
5223.783229 0.032203
5226.476033 0.036398
5229.168837 0.040768
5231.861641 0.030809
5234.554445 0.024524
5237.247249 0.013702
5239.940053 0.037141
5242.632857 0.036681
5245.325661 0.035113
5248.018465 0.027924
5250.711269 0.041077
5253.404073 0.032291
5256.096877 0.029848
5258.789681 0.030711
5261.482485 0.059377
5264.175289 0.043578
5266.868093 0.042798
5269.560897 0.024110
5272.253701 0.038945
5274.946505 0.039928
5277.639309 0.035970
5280.332112 0.015565
5283.024916 0.033210
5285.717720 0.041456
5288.410524 0.039054
5291.103328 0.032984
5293.796132 0.034630
5296.488936 0.049602
5299.181740 0.025156
5301.874544 0.044526
5304.567348 0.034825
5307.260152 0.031271
5309.952956 0.028524
5312.645760 0.031031
5315.338564 0.044937
5318.031368 0.035022
5320.724172 0.038537
5323.416976 0.037528
5326.109780 0.042476
5328.802584 0.029222
5331.495388 0.036738
5334.188192 0.032508
5336.880996 0.054927
5339.573800 0.023446
5342.266604 0.026106
5344.959408 0.030019
5347.652212 0.029146
5350.345016 0.032710
5353.037819 0.032156
5355.730623 0.034056
5358.423427 0.034384
5361.116231 0.036158
5363.809035 0.028478
5366.501839 0.035199
5369.194643 0.028126
5371.887447 0.036273
5374.580251 0.035210
5377.273055 0.039942
5379.965859 0.028577
5382.658663 0.036600
5385.351467 0.034999
5388.044271 0.043764
5390.737075 0.036211
5393.429879 0.040599
5396.122683 0.047860
5398.815487 0.031454
5401.508291 0.023012
5404.201095 0.032537
5406.893899 0.029744
5409.586703 0.041414
5412.279507 0.035658
5414.972311 0.032545
5417.665115 0.037465
5420.357919 0.046288
5423.050722 0.033875
5425.743526 0.034517
5428.436330 0.028180
5431.129134 0.029573
5433.821938 0.037632
5436.514742 0.031171
5439.207546 0.043903
5441.900350 0.035841
5444.593154 0.035730
5447.285958 0.027146
5449.978762 0.026622
5452.671566 0.030741
5455.364370 0.020950
5458.057174 0.025095
5460.749978 0.050512
5463.442782 0.038743
5466.135586 0.035942
5468.828390 0.030628
5471.521194 0.039512
5474.213998 0.029515
5476.906802 0.024788
5479.599606 0.046262
5482.292410 0.053412
5484.985214 0.016540
5487.678018 0.037565
5490.370822 0.047640
5493.063626 0.050410
5495.756429 0.046092
5498.449233 0.008537
5501.142037 0.005634
5503.834841 0.069622
5506.527645 0.007725
5509.220449 0.023180
5511.913253 0.035437
5514.606057 0.009651
5517.298861 0.040517
5519.991665 0.022951
5522.684469 0.027973
5525.377273 0.035664
5528.070077 0.030308
5530.762881 0.035133
5533.455685 0.015539
5536.148489 0.033071
5538.841293 0.029087
5541.534097 0.030600
5544.226901 0.045864
5546.919705 0.031568
5549.612509 0.040391
5552.305313 0.018319
5554.998117 0.024094
5557.690921 0.030903
5560.383725 0.040673
5563.076529 0.055626
5565.769332 0.035460
5568.462136 0.040631
5571.154940 0.011336
5573.847744 0.002184
5576.540548 0.019218
5579.233352 0.038258
5581.926156 0.039687
5584.618960 0.011911
5587.311764 0.025787
5590.004568 0.053716
5592.697372 0.040341
5595.390176 0.038486
5598.082980 0.020336
5600.775784 0.033881
5603.468588 0.043801
5606.161392 0.025489
5608.854196 0.029189
5611.547000 0.040283
5614.239804 0.040595
5616.932608 0.043403
5619.625412 0.018029
5622.318216 0.018856
5625.011020 0.041170
5627.703824 0.040833
5630.396628 0.031922
5633.089432 0.042713
5635.782236 0.044841
5638.475039 0.038897
5641.167843 0.042271
5643.860647 0.035421
5646.553451 0.036114
5649.246255 0.038327
5651.939059 0.025841
5654.631863 0.036166
5657.324667 0.042828
5660.017471 0.030489
5662.710275 0.038051
5665.403079 0.026579
5668.095883 0.024737
5670.788687 0.030654
5673.481491 0.038492
5676.174295 0.056544
5678.867099 0.035452
5681.559903 0.039760
5684.252707 0.046686
5686.945511 0.038133
5689.638315 0.027690
5692.331119 0.040329
5695.023923 0.020090
5697.716727 0.028319
5700.409531 0.022608
5703.102335 0.039848
5705.795139 0.036767
5708.487942 0.025815
5711.180746 0.026494
5713.873550 0.025226
5716.566354 0.028024
5719.259158 0.037155
5721.951962 0.049275
5724.644766 0.050291
5727.337570 0.037482
5730.030374 0.029730
5732.723178 0.039120
5735.415982 0.031429
5738.108786 0.038197
5740.801590 0.041243
5743.494394 0.032126
5746.187198 0.019149
5748.880002 0.026847
5751.572806 0.037595
5754.265610 0.020987
5756.958414 0.013631
5759.651218 0.021429
5762.344022 0.042795
5765.036826 0.047928
5767.729630 0.034045
5770.422434 0.037055
5773.115238 0.035027
5775.808042 0.038446
5778.500846 0.033614
5781.193649 0.029749
5783.886453 0.042290
5786.579257 0.041022
5789.272061 0.045250
5791.964865 0.045925
5794.657669 0.038205
5797.350473 0.033526
5800.043277 0.040612
5802.736081 0.056851
5805.428885 0.032015
5808.121689 0.039503
5810.814493 0.047953
5813.507297 0.032184
5816.200101 0.029463
5818.892905 0.025205
5821.585709 0.028090
5824.278513 0.042270
5826.971317 0.047420
5829.664121 0.032293
5832.356925 0.042504
5835.049729 0.037596
5837.742533 0.042538
5840.435337 0.025840
5843.128141 0.026034
5845.820945 0.031621
5848.513749 0.058791
5851.206552 0.031689
5853.899356 0.042487
5856.592160 0.020995
5859.284964 0.044843
5861.977768 0.032459
5864.670572 0.021632
5867.363376 0.022669
5870.056180 0.049731
5872.748984 0.027938
5875.441788 0.052339
5878.134592 0.069354
5880.827396 0.006493
5883.520200 0.044899
5886.213004 0.019653
5888.905808 0.035088
5891.598612 0.033485
5894.291416 0.012641
5896.984220 0.037537
5899.677024 0.039747
5902.369828 0.050344
5905.062632 0.034798
5907.755436 0.023722
5910.448240 0.028057
5913.141044 0.030439
5915.833848 0.034271
5918.526652 0.024013
5921.219456 0.027905
5923.912259 0.045842
5926.605063 0.044332
5929.297867 0.045559
5931.990671 0.022877
5934.683475 0.029413
5937.376279 0.032525
5940.069083 0.046678
5942.761887 0.027128
5945.454691 0.035902
5948.147495 0.038238
5950.840299 0.009493
5953.533103 0.035965
5956.225907 0.038383
5958.918711 0.015738
5961.611515 0.014419
5964.304319 0.023998
5966.997123 0.034273
5969.689927 0.031946
5972.382731 0.026056
5975.075535 0.030729
5977.768339 0.032091
5980.461143 0.029936
5983.153947 0.017414
5985.846751 0.014275
5988.539555 0.032595
5991.232359 0.051474
5993.925162 0.034229
5996.617966 0.015674
5999.310770 0.031662
6002.003574 0.042899
6004.696378 0.025376
6007.389182 0.022772
6010.081986 0.036621
6012.774790 0.030004
6015.467594 0.017984
6018.160398 0.040160
6020.853202 0.032301
6023.546006 0.032845
6026.238810 0.041743
6028.931614 0.036948
6031.624418 0.063503
6034.317222 0.045560
6037.010026 0.025325
6039.702830 0.037834
6042.395634 0.023163
6045.088438 0.033024
6047.781242 0.048941
6050.474046 0.037753
6053.166850 0.019900
6055.859654 0.032052
6058.552458 0.020810
6061.245262 0.021063
6063.938066 0.018612
6066.630869 0.033943
6069.323673 0.036751
6072.016477 0.040162
6074.709281 0.042966
6077.402085 0.057343
6080.094889 0.036315
6082.787693 0.044363
6085.480497 0.050493
6088.173301 0.026018
6090.866105 0.021889
6093.558909 0.041163
6096.251713 0.052335
6098.944517 0.039919
6101.637321 0.037427
6104.330125 0.018292
6107.022929 0.022728
6109.715733 0.047914
6112.408537 0.025465
6115.101341 -0.011347
6117.794145 0.030320
6120.486949 0.028952
6123.179753 0.027219
6125.872557 0.041310
6128.565361 0.053058
6131.258165 0.004530
6133.950969 0.033936
6136.643772 0.021031
6139.336576 0.045069
6142.029380 0.023097
6144.722184 0.011651
6147.414988 0.013051
6150.107792 0.020999
6152.800596 0.023376
6155.493400 0.039107
6158.186204 0.047527
6160.879008 0.026471
6163.571812 0.028312
6166.264616 0.032229
6168.957420 0.024298
6171.650224 0.023503
6174.343028 0.046379
6177.035832 0.007501
6179.728636 0.004025
6182.421440 0.027061
6185.114244 0.073047
6187.807048 0.034491
6190.499852 0.008666
6193.192656 0.021419
6195.885460 0.021957
6198.578264 0.026502
6201.271068 0.024529
6203.963872 0.038335
6206.656676 0.014016
6209.349479 0.038102
6212.042283 0.063622
6214.735087 0.041799
6217.427891 0.012811
6220.120695 0.008863
6222.813499 0.009386
6225.506303 0.033506
6228.199107 0.026156
6230.891911 0.041480
6233.584715 0.034396
6236.277519 0.036963
6238.970323 0.037236
6241.663127 0.046310
6244.355931 0.032657
6247.048735 0.039586
6249.741539 0.069310
6252.434343 0.038589
6255.127147 0.012480
6257.819951 0.031178
6260.512755 0.048471
6263.205559 0.022537
6265.898363 0.034046
6268.591167 0.023956
6271.283971 0.024735
6273.976775 0.025420
6276.669579 0.028592
6279.362382 0.010934
6282.055186 0.009698
6284.747990 0.033974
6287.440794 0.031331
6290.133598 0.059596
6292.826402 0.028027
6295.519206 -0.024351
6298.212010 0.024508
6300.904814 0.029756
6303.597618 0.034788
6306.290422 0.028411
6308.983226 0.049759
6311.676030 0.026471
6314.368834 -0.000485
6317.061638 0.040229
6319.754442 0.042364
6322.447246 0.044470
6325.140050 0.025191
6327.832854 0.038419
6330.525658 0.019694
6333.218462 0.035952
6335.911266 0.060694
6338.604070 0.016331
6341.296874 -0.014788
6343.989678 -0.008789
6346.682482 0.029302
6349.375286 0.044145
6352.068089 0.024583
6354.760893 0.022913
6357.453697 0.035542
6360.146501 0.017537
6362.839305 0.005849
6365.532109 0.024692
6368.224913 0.041998
6370.917717 0.015437
6373.610521 0.020122
6376.303325 0.035818
6378.996129 0.031398
6381.688933 0.039262
6384.381737 0.029075
6387.074541 -0.004848
6389.767345 0.022445
6392.460149 0.037376
6395.152953 0.023961
6397.845757 0.043164
6400.538561 0.015603
6403.231365 0.057266
6405.924169 -0.006739
6408.616973 0.013447
6411.309777 0.050648
6414.002581 0.020405
6416.695385 0.029673
6419.388189 0.032603
6422.080992 0.020224
6424.773796 0.036716
6427.466600 0.031043
6430.159404 0.076337
6432.852208 0.059338
6435.545012 0.013067
6438.237816 0.007968
6440.930620 0.024624
6443.623424 0.016904
6446.316228 0.036207
6449.009032 0.024462
6451.701836 0.034980
6454.394640 0.047815
6457.087444 0.029868
6459.780248 0.017848
6462.473052 0.030818
6465.165856 0.023249
6467.858660 0.033901
6470.551464 0.042929
6473.244268 0.044892
6475.937072 0.027685
6478.629876 0.021820
6481.322680 0.034365
6484.015484 0.011398
6486.708288 0.012196
6489.401092 0.032515
6492.093896 0.029487
6494.786699 0.013194
6497.479503 0.024189
6500.172307 0.010763
6502.865111 0.033202
6505.557915 0.040335
6508.250719 0.033710
6510.943523 0.041692
6513.636327 0.034140
6516.329131 0.028501
6519.021935 0.038659
6521.714739 0.000257
6524.407543 0.026181
6527.100347 0.034378
6529.793151 0.020167
6532.485955 0.020942
6535.178759 0.032505
6537.871563 0.036326
6540.564367 0.028357
6543.257171 0.026609
6545.949975 0.030406
6548.642779 0.038941
6551.335583 0.027267
6554.028387 0.031740
6556.721191 0.022169
6559.413995 0.056044
6562.106799 0.139106
6564.799602 0.125561
6567.492406 0.086185
6570.185210 0.051410
6572.878014 0.027287
6575.570818 0.028624
6578.263622 0.026398
6580.956426 0.033883
6583.649230 0.047785
6586.342034 0.039870
6589.034838 0.032313
6591.727642 0.030843
6594.420446 0.023124
6597.113250 0.028079
6599.806054 0.020315
6602.498858 0.032561
6605.191662 0.027855
6607.884466 0.012102
6610.577270 0.021511
6613.270074 0.022991
6615.962878 0.030947
6618.655682 0.033131
6621.348486 0.026283
6624.041290 0.014064
6626.734094 0.020882
6629.426898 0.046912
6632.119702 0.031932
6634.812506 0.064990
6637.505309 0.008260
6640.198113 0.050854
6642.890917 0.027601
6645.583721 0.023714
6648.276525 0.040932
6650.969329 0.009326
6653.662133 0.017595
6656.354937 0.009065
6659.047741 0.033379
6661.740545 0.018194
6664.433349 0.024601
6667.126153 0.034008
6669.818957 0.026974
6672.511761 0.011011
6675.204565 0.019503
6677.897369 0.020763
6680.590173 0.058662
6683.282977 -0.001213
6685.975781 0.015809
6688.668585 -0.016472
6691.361389 0.026631
6694.054193 0.025648
6696.746997 0.045504
6699.439801 0.015526
6702.132605 -0.003987
6704.825409 0.039382
6707.518212 0.016957
6710.211016 0.010692
6712.903820 0.042263
6715.596624 0.026733
6718.289428 0.036419
6720.982232 0.041363
6723.675036 0.024276
6726.367840 0.040481
6729.060644 0.051175
6731.753448 0.022035
6734.446252 0.054506
6737.139056 0.048418
6739.831860 0.022525
6742.524664 0.043816
6745.217468 0.064171
6747.910272 0.057508
6750.603076 0.073396
6753.295880 0.013916
6755.988684 0.047078
6758.681488 0.090778
6761.374292 0.053648
6764.067096 0.023269
6766.759900 0.033865
6769.452704 0.032401
6772.145508 0.043101
6774.838312 0.054064
6777.531116 0.028861
6780.223919 0.034538
6782.916723 0.028101
6785.609527 -0.026292
6788.302331 0.057187
6790.995135 0.003507
6793.687939 0.035773
6796.380743 0.040101
6799.073547 0.017229
6801.766351 0.026025
6804.459155 0.052516
6807.151959 0.018277
6809.844763 0.028543
6812.537567 0.029428
6815.230371 0.017348
6817.923175 0.029727
6820.615979 0.015620
6823.308783 0.017193
6826.001587 0.021781
6828.694391 0.029269
6831.387195 0.023520
6834.079999 0.014995
6836.772803 0.020485
6839.465607 0.030893
6842.158411 0.005411
6844.851215 0.027323
6847.544019 0.029769
6850.236822 0.025525
6852.929626 0.022506
6855.622430 0.023500
6858.315234 0.026901
6861.008038 0.039411
6863.700842 0.047828
6866.393646 0.029921
6869.086450 0.016295
6871.779254 0.013270
6874.472058 0.009668
6877.164862 0.027171
6879.857666 0.028779
6882.550470 0.011073
6885.243274 0.002469
6887.936078 0.021398
6890.628882 0.035924
6893.321686 0.025452
6896.014490 0.039873
6898.707294 0.033027
6901.400098 -0.006089
6904.092902 0.011002
6906.785706 0.040327
6909.478510 0.047783
6912.171314 0.005535
6914.864118 0.033414
6917.556922 0.037890
6920.249726 -0.003145
6922.942529 0.019713
6925.635333 0.042666
6928.328137 0.045833
6931.020941 0.058893
6933.713745 -0.006034
6936.406549 0.078863
6939.099353 0.053259
6941.792157 0.032084
6944.484961 0.031466
6947.177765 0.057328
6949.870569 0.058390
6952.563373 0.023397
6955.256177 0.037122
6957.948981 0.023052
6960.641785 0.003996
6963.334589 0.029056
6966.027393 0.043065
6968.720197 0.042446
6971.413001 0.024302
6974.105805 0.016588
6976.798609 0.030300
6979.491413 0.038654
6982.184217 0.041111
6984.877021 0.022322
6987.569825 0.030820
6990.262629 0.022324
6992.955432 0.035378
6995.648236 0.007998
6998.341040 -0.002666
7001.033844 0.014032
7003.726648 0.024704
7006.419452 0.025189
7009.112256 0.027793
7011.805060 0.037045
7014.497864 0.048192
7017.190668 -0.054392
7019.883472 0.016183
7022.576276 0.035248
7025.269080 0.047026
7027.961884 0.048347
7030.654688 0.089838
7033.347492 0.060341
7036.040296 0.016007
7038.733100 0.064037
7041.425904 0.040315
7044.118708 0.038930
7046.811512 -0.012267
7049.504316 0.019554
7052.197120 0.007687
7054.889924 0.016706
7057.582728 0.025949
7060.275532 0.034636
7062.968336 0.026213
7065.661139 0.004888
7068.353943 -0.000379
7071.046747 0.095830
7073.739551 -0.039303
7076.432355 -0.126994
7079.125159 0.014516
7081.817963 -0.026977
7084.510767 0.037928
7087.203571 0.040229
7089.896375 0.017692
7092.589179 0.026972
7095.281983 0.055532
7097.974787 0.070659
7100.667591 -0.003386
7103.360395 0.009613
7106.053199 0.006014
7108.746003 0.002773
7111.438807 0.061786
7114.131611 0.045986
7116.824415 0.046984
7119.517219 0.027486
7122.210023 0.055942
7124.902827 0.099982
7127.595631 0.063333
7130.288435 -0.006795
7132.981239 -0.011862
7135.674042 0.043112
7138.366846 0.025437
7141.059650 -0.015905
7143.752454 0.023015
7146.445258 0.056558
7149.138062 -0.015762
7151.830866 -0.027492
7154.523670 0.013193
7157.216474 0.049978
7159.909278 0.032821
7162.602082 0.032663
7165.294886 0.018177
7167.987690 0.004326
7170.680494 0.039516
7173.373298 0.027623
7176.066102 0.031092
7178.758906 0.050884
7181.451710 0.063911
7184.144514 0.047251
7186.837318 0.006667
7189.530122 0.022535
7192.222926 0.009547
7194.915730 0.028001
7197.608534 0.024799
7200.301338 -0.006751
7202.994142 0.014740
7205.686946 -0.004490
7208.379749 0.030419
7211.072553 0.029261
7213.765357 -0.005020
7216.458161 0.001958
7219.150965 0.010940
7221.843769 0.039838
7224.536573 0.024901
7227.229377 0.032400
7229.922181 0.052064
7232.614985 0.020021
7235.307789 0.032636
7238.000593 0.021395
7240.693397 0.008443
7243.386201 0.019950
7246.079005 0.036213
7248.771809 0.013146
7251.464613 -0.007349
7254.157417 -0.005754
7256.850221 0.032404
7259.543025 0.039028
7262.235829 0.032007
7264.928633 0.025716
7267.621437 0.014596
7270.314241 0.036061
7273.007045 0.020768
7275.699849 0.032299
7278.392652 0.033567
7281.085456 0.019663
7283.778260 0.033860
7286.471064 0.034471
7289.163868 0.035987
7291.856672 0.014856
7294.549476 0.007809
7297.242280 0.035502
7299.935084 0.016714
7302.627888 0.009152
7305.320692 0.024885
7308.013496 0.046051
7310.706300 0.028659
7313.399104 0.036027
7316.091908 0.033312
7318.784712 0.021426
7321.477516 0.025495
7324.170320 0.023093
7326.863124 0.032791
7329.555928 0.033556
7332.248732 0.035491
7334.941536 0.040528
7337.634340 0.007410
7340.327144 0.043067
7343.019948 0.015253
7345.712752 0.003959
7348.405556 0.037991
7351.098359 0.024688
7353.791163 0.027130
7356.483967 0.018986
7359.176771 0.028703
7361.869575 0.036324
7364.562379 0.032156
7367.255183 0.026820
7369.947987 0.010387
7372.640791 0.022681
7375.333595 0.030780
7378.026399 0.030097
7380.719203 0.044361
7383.412007 0.021532
7386.104811 0.032506
7388.797615 0.028813
7391.490419 0.034164
7394.183223 0.009781
7396.876027 0.000687
7399.568831 0.030563
7402.261635 0.036665
7404.954439 0.026523
7407.647243 0.034698
7410.340047 0.013011
7413.032851 0.019761
