4200.288357 0.402624
4203.413793 0.417422
4206.539229 0.415689
4209.664665 0.413283
4212.790101 0.436885
4215.915536 0.425163
4219.040972 0.433186
4222.166408 0.445391
4225.291844 0.425226
4228.417280 0.443255
4231.542716 0.406620
4234.668152 0.435401
4237.793588 0.424220
4240.919024 0.452607
4244.044460 0.444086
4247.169895 0.452476
4250.295331 0.473359
4253.420767 0.441786
4256.546203 0.442473
4259.671639 0.472763
4262.797075 0.473132
4265.922512 0.448257
4269.047948 0.459215
4272.173384 0.431828
4275.298819 0.418191
4278.424255 0.426161
4281.549691 0.437294
4284.675127 0.451305
4287.800563 0.434380
4290.925999 0.395036
4294.051435 0.404966
4297.176871 0.411562
4300.302307 0.385030
4303.427743 0.367223
4306.553178 0.340238
4309.678614 0.360039
4312.804050 0.390026
4315.929486 0.417591
4319.054922 0.435826
4322.180358 0.495084
4325.305794 0.483015
4328.431230 0.445022
4331.556666 0.444353
4334.682101 0.431417
4337.807537 0.429929
4340.932973 0.411310
4344.058409 0.434230
4347.183845 0.452192
4350.309281 0.432492
4353.434717 0.473655
4356.560153 0.483890
4359.685590 0.482902
4362.811026 0.520572
4365.936461 0.497822
4369.061897 0.513821
4372.187333 0.505393
4375.312769 0.467967
4378.438205 0.466629
4381.563641 0.461632
4384.689077 0.418323
4387.814513 0.394530
4390.939949 0.444926
4394.065385 0.482139
4397.190820 0.473797
4400.316256 0.484299
4403.441692 0.468004
4406.567128 0.455889
4409.692564 0.471620
4412.818000 0.489780
4415.943436 0.508403
4419.068872 0.507843
4422.194308 0.515613
4425.319743 0.536452
4428.445179 0.499258
4431.570615 0.469842
4434.696051 0.488362
4437.821487 0.491139
4440.946923 0.512357
4444.072359 0.528022
4447.197795 0.515175
4450.323231 0.527103
4453.448668 0.543280
4456.574103 0.508518
4459.699539 0.471288
4462.824975 0.459999
4465.950411 0.514894
4469.075847 0.522857
4472.201283 0.513930
4475.326719 0.580281
4478.452155 0.566934
4481.577591 0.573672
4484.703026 0.557128
4487.828462 0.535826
4490.953898 0.580042
4494.079334 0.530573
4497.204770 0.532538
4500.330206 0.571400
4503.455642 0.587043
4506.581078 0.623599
4509.706514 0.620441
4512.831950 0.602517
4515.957385 0.559536
4519.082821 0.591558
4522.208257 0.577308
4525.333693 0.558782
4528.459129 0.545348
4531.584565 0.524586
4534.710001 0.531322
4537.835437 0.543914
4540.960873 0.594560
4544.086309 0.570967
4547.211745 0.566740
4550.337181 0.552531
4553.462617 0.562588
4556.588053 0.569635
4559.713489 0.590563
4562.838925 0.592962
4565.964361 0.576573
4569.089797 0.577546
4572.215233 0.597638
4575.340668 0.604698
4578.466104 0.581999
4581.591540 0.561621
4584.716976 0.592339
4587.842412 0.582361
4590.967848 0.612215
4594.093284 0.603041
4597.218720 0.596112
4600.344156 0.573860
4603.469591 0.569819
4606.595027 0.633266
4609.720463 0.630053
4612.845899 0.626074
4615.971335 0.633992
4619.096771 0.598545
4622.222207 0.610646
4625.347643 0.642661
4628.473079 0.627886
4631.598515 0.633082
4634.723951 0.624717
4637.849387 0.615906
4640.974823 0.595385
4644.100259 0.578590
4647.225695 0.608245
4650.351131 0.563003
4653.476567 0.605234
4656.602003 0.592734
4659.727439 0.592564
4662.852874 0.598762
4665.978310 0.579097
4669.103746 0.561200
4672.229182 0.584773
4675.354618 0.595732
4678.480054 0.603274
4681.605490 0.580010
4684.730926 0.585362
4687.856362 0.618845
4690.981798 0.600628
4694.107233 0.632326
4697.232669 0.603955
4700.358105 0.549562
4703.483541 0.530571
4706.608977 0.584908
4709.734413 0.589138
4712.859849 0.578800
4715.985285 0.624809
4719.110721 0.649276
4722.236156 0.624011
4725.361592 0.626122
4728.487029 0.595056
4731.612465 0.572123
4734.737901 0.619781
4737.863337 0.633188
4740.988773 0.612503
4744.114209 0.592388
4747.239645 0.623917
4750.365081 0.599749
4753.490516 0.639325
4756.615952 0.591602
4759.741388 0.585976
4762.866824 0.578391
4765.992260 0.584049
4769.117696 0.595344
4772.243132 0.609888
4775.368568 0.635145
4778.494004 0.626868
4781.619439 0.635265
4784.744875 0.611086
4787.870311 0.602054
4790.995747 0.638365
4794.121183 0.601971
4797.246619 0.607288
4800.372055 0.628085
4803.497491 0.616705
4806.622927 0.611438
4809.748363 0.592948
4812.873798 0.619403
4815.999234 0.614869
4819.124670 0.628793
4822.250107 0.636560
4825.375543 0.626803
4828.500979 0.618551
4831.626415 0.605185
4834.751851 0.586567
4837.877287 0.601299
4841.002723 0.600096
4844.128158 0.611948
4847.253594 0.604767
4850.379030 0.584773
4853.504466 0.562126
4856.629902 0.547544
4859.755338 0.589421
4862.880774 0.597213
4866.006210 0.566936
4869.131646 0.609445
4872.257081 0.576473
4875.382517 0.553961
4878.507953 0.586421
4881.633389 0.585962
4884.758825 0.588041
4887.884261 0.581302
4891.009697 0.563782
4894.135133 0.594044
4897.260569 0.599598
4900.386005 0.651383
4903.511440 0.646986
4906.636876 0.593965
4909.762312 0.611559
4912.887748 0.607564
4916.013185 0.598997
4919.138621 0.594060
4922.264057 0.588487
4925.389493 0.596953
4928.514929 0.597483
4931.640364 0.595572
4934.765800 0.587860
4937.891236 0.619527
4941.016672 0.615909
4944.142108 0.628479
4947.267544 0.657635
4950.392980 0.608752
4953.518416 0.625361
4956.643852 0.656933
4959.769288 0.661195
4962.894723 0.659096
4966.020159 0.634467
4969.145595 0.606292
4972.271031 0.610292
4975.396467 0.592503
4978.521903 0.590220
4981.647339 0.601282
4984.772775 0.575883
4987.898211 0.593891
4991.023646 0.621243
4994.149082 0.609771
4997.274518 0.603465
5000.399954 0.611030
5003.525390 0.616337
5006.650826 0.659326
5009.776262 0.701527
5012.901699 0.687462
5016.027135 0.570592
5019.152571 0.589366
5022.278006 0.595613
5025.403442 0.596022
5028.528878 0.620745
5031.654314 0.620791
5034.779750 0.597906
5037.905186 0.588303
5041.030622 0.587563
5044.156058 0.571044
5047.281494 0.575242
5050.406929 0.620475
5053.532365 0.607165
5056.657801 0.618669
5059.783237 0.597979
5062.908673 0.600182
5066.034109 0.610706
5069.159545 0.607565
5072.284981 0.619872
5075.410417 0.580703
5078.535853 0.579839
5081.661288 0.603618
5084.786724 0.596670
5087.912160 0.604615
5091.037596 0.590063
5094.163032 0.616766
5097.288468 0.608741
5100.413904 0.586257
5103.539340 0.575353
5106.664777 0.582617
5109.790212 0.580828
5112.915648 0.620141
5116.041084 0.605492
5119.166520 0.613009
5122.291956 0.607577
5125.417392 0.571846
5128.542828 0.560684
5131.668264 0.549031
5134.793700 0.566024
5137.919136 0.579955
5141.044571 0.584725
5144.170007 0.561201
5147.295443 0.582548
5150.420879 0.570934
5153.546315 0.575379
5156.671751 0.599518
5159.797187 0.593886
5162.922623 0.584403
5166.048059 0.548342
5169.173494 0.486747
5172.298930 0.496921
5206.678726 0.529402
5209.804162 0.543239
5212.929598 0.574686
5216.055034 0.581796
5219.180470 0.588426
5222.305906 0.605785
5225.431342 0.575416
5228.556777 0.568238
5231.682213 0.599365
5234.807649 0.623500
5237.933085 0.603239
5241.058521 0.604864
5244.183957 0.613656
5247.309393 0.616668
5250.434829 0.600976
5253.560265 0.600024
5256.685701 0.606473
5259.811136 0.582687
5262.936572 0.554094
5266.062008 0.541934
5269.187444 0.514380
5272.312880 0.547860
5275.438316 0.594678
5278.563752 0.611759
5281.689188 0.629079
5284.814624 0.608897
5287.940060 0.617155
5291.065496 0.641808
5294.190932 0.648311
5297.316368 0.610736
5300.441804 0.602784
5303.567240 0.611451
5306.692676 0.625193
5309.818112 0.617823
5312.943548 0.632029
5316.068984 0.645591
5319.194419 0.630631
5322.319855 0.599903
5325.445291 0.557504
5328.570727 0.572312
5331.696163 0.586868
5334.821599 0.607175
5337.947035 0.628498
5341.072471 0.586676
5344.197907 0.573277
5347.323343 0.624004
5350.448778 0.623591
5353.574214 0.619351
5356.699650 0.668097
5359.825086 0.676119
5362.950522 0.645534
5366.075958 0.612069
5369.201394 0.613015
5372.326830 0.612414
5375.452266 0.622516
5378.577702 0.646634
5381.703138 0.668514
5431.710113 0.627786
5434.835549 0.613251
5437.960984 0.593589
5441.086420 0.633844
5444.211856 0.639839
5447.337292 0.608613
5450.462728 0.616265
5453.588164 0.598330
5456.713600 0.597285
5459.839036 0.616655
5462.964472 0.597215
5466.089908 0.611537
5469.215343 0.612967
5472.340779 0.579202
5475.466216 0.609240
5478.591652 0.513432
5481.717088 0.586252
5484.842524 0.654686
5487.967960 0.618117
5491.093396 0.606525
5494.218832 0.604167
5497.344267 0.559287
5500.469703 0.606464
5503.595139 0.595756
5506.720575 0.596956
5509.846011 0.614701
5512.971447 0.623411
5516.096883 0.618367
5519.222319 0.611450
5522.347755 0.621294
5525.473191 0.628811
5528.598626 0.613668
5531.724062 0.601674
5534.849498 0.629144
5537.974934 0.644050
5541.100370 0.624515
5544.225806 0.607285
5547.351242 0.618009
5550.476678 0.637683
5553.602114 0.646382
5556.727549 0.650908
5559.852985 0.645056
5562.978421 0.591624
5566.103857 0.601683
5569.229294 0.619546
5572.354730 0.620094
5575.480166 0.631347
5578.605602 0.584398
5581.731038 0.590939
5584.856474 0.599391
5587.981909 0.594909
5591.107345 0.592431
5594.232781 0.590803
5597.358217 0.606617
5600.483653 0.539054
5603.609089 0.593071
5606.734525 0.615712
5609.859961 0.630300
5612.985397 0.583987
5616.110832 0.576250
5619.236268 0.581461
5622.361704 0.610324
5625.487140 0.603218
5628.612576 0.587161
5631.738012 0.643753
5634.863448 0.592586
5637.988884 0.614532
5641.114320 0.619324
5644.239756 0.597093
5647.365191 0.626255
5650.490627 0.602071
5653.616063 0.604184
5656.741499 0.617879
5659.866935 0.593774
5662.992372 0.584154
5666.117808 0.621793
5669.243244 0.622228
5672.368680 0.609013
5675.494115 0.626288
5678.619551 0.627735
5681.744987 0.597461
5684.870423 0.620415
5687.995859 0.605753
5691.121295 0.641851
5694.246731 0.609371
5697.372167 0.589140
5700.497603 0.582457
5703.623039 0.580155
5706.748474 0.601782
5709.873910 0.572120
5712.999346 0.592509
5716.124782 0.631666
5719.250218 0.628973
5722.375654 0.636759
5725.501090 0.638548
5728.626526 0.633798
5731.751962 0.612853
5734.877398 0.632342
5738.002833 0.619581
5741.128269 0.589878
5744.253705 0.620769
5747.379141 0.633177
5750.504577 0.631061
5753.630013 0.611688
5756.755450 0.603234
5759.880886 0.609999
5763.006322 0.639735
5766.131757 0.625807
5769.257193 0.640399
5772.382629 0.642123
5775.508065 0.619913
5778.633501 0.577995
5781.758937 0.593617
5784.884373 0.553690
5788.009809 0.583879
5791.135245 0.612784
5794.260681 0.581046
5797.386116 0.591946
5800.511552 0.617653
5803.636988 0.619375
5806.762424 0.635353
5809.887860 0.608718
5813.013296 0.626914
5816.138732 0.598326
5819.264168 0.626113
5822.389604 0.613766
5825.515039 0.609925
5828.640475 0.608962
5831.765911 0.596679
5834.891347 0.614797
5838.016783 0.587758
5841.142219 0.593470
5844.267655 0.589877
5847.393091 0.602497
5850.518528 0.557303
5853.643964 0.496220
5856.769399 0.616163
5859.894835 0.577993
5863.020271 0.602032
5866.145707 0.668431
5869.271143 0.612052
5872.396579 0.625655
5875.522015 0.608571
5878.647451 0.599848
5881.772887 0.559019
5884.898322 0.542624
5888.023758 0.520032
5891.149194 0.485382
5894.274630 0.497462
5897.400066 0.513221
5900.525502 0.561585
5903.650938 0.576627
5906.776374 0.555332
5909.901810 0.602042
5913.027246 0.546823
5916.152681 0.579325
5919.278117 0.571687
5922.403553 0.576358
5925.528989 0.634224
5928.654425 0.574213
5931.779861 0.570728
5934.905297 0.583380
5938.030733 0.575883
5941.156169 0.617376
5944.281605 0.577332
5947.407041 0.605976
5950.532477 0.580858
5953.657913 0.580443
5956.783349 0.592093
5959.908785 0.545013
5963.034221 0.588899
5966.159657 0.568855
5969.285093 0.584014
5972.410529 0.608680
5975.535964 0.585492
5978.661400 0.603969
5981.786836 0.565170
5984.912272 0.576035
5988.037708 0.591329
5991.163144 0.604134
5994.288580 0.576529
5997.414016 0.562746
6000.539452 0.563065
6003.664887 0.571159
6006.790323 0.560467
6009.915759 0.569599
6013.041195 0.564003
6016.166631 0.552771
6019.292067 0.584644
6022.417503 0.567317
6025.542939 0.566298
6028.668375 0.594512
6031.793811 0.588542
6034.919247 0.588790
6038.044683 0.594434
6041.170119 0.576673
6044.295555 0.574768
6047.420991 0.584460
6050.546427 0.608570
6053.671863 0.581900
6056.797299 0.582916
6059.922735 0.576418
6063.048170 0.573814
6066.173606 0.576754
6069.299042 0.596031
6072.424478 0.599236
6075.549914 0.601158
6078.675350 0.597121
6081.800786 0.591307
6084.926222 0.595920
6088.051658 0.578339
6091.177094 0.570592
6094.302529 0.578989
6097.427965 0.587938
6100.553401 0.576438
6103.678837 0.590225
6106.804273 0.560640
6109.929709 0.558454
6113.055145 0.562252
6116.180581 0.555306
6119.306017 0.549842
6122.431452 0.552934
6125.556889 0.567160
6128.682325 0.570585
6131.807761 0.554834
6134.933197 0.555419
6138.058633 0.521165
6141.184069 0.557260
6144.309505 0.577120
6147.434941 0.586763
6150.560377 0.573050
6153.685812 0.551312
6156.811248 0.544960
6159.936684 0.525495
6163.062120 0.536604
6166.187556 0.520426
6169.312992 0.537215
6172.438428 0.522595
6175.563864 0.542192
6178.689300 0.533021
6181.814736 0.530399
6184.940171 0.535216
6188.065607 0.571551
6191.191043 0.553675
6194.316479 0.538664
6197.441915 0.527751
6200.567351 0.520017
6203.692787 0.539501
6206.818223 0.533973
6209.943659 0.542774
6213.069094 0.535505
6216.194530 0.532303
6219.319967 0.539438
6222.445403 0.538863
6225.570839 0.546898
6228.696275 0.540577
6231.821711 0.540090
6234.947147 0.539202
6238.072583 0.520878
6241.198019 0.527278
6244.323454 0.539344
6247.448890 0.532286
6250.574326 0.521007
6253.699762 0.502081
6256.825198 0.518795
6259.950634 0.540624
6263.076070 0.534650
6266.201506 0.524996
6269.326942 0.543870
6272.452377 0.561148
6275.577813 0.547375
6278.703249 0.542344
6281.828685 0.545910
6284.954121 0.534330
6288.079557 0.528897
6291.204993 0.532548
6294.330429 0.544639
6297.455865 0.567647
6300.581301 0.565859
6303.706736 0.545500
6306.832172 0.560111
6309.957608 0.542762
6313.083045 0.534287
6316.208481 0.532694
6319.333917 0.561670
6322.459353 0.522746
6325.584789 0.516736
6328.710225 0.542256
6331.835660 0.551221
6334.961096 0.533327
6338.086532 0.537759
6341.211968 0.535710
6344.337404 0.531069
6347.462840 0.528251
6350.588276 0.522507
6353.713712 0.555069
6356.839148 0.558936
6359.964584 0.517999
6363.090019 0.502298
6366.215455 0.532017
6369.340891 0.544298
6372.466327 0.534840
6375.591763 0.538971
6378.717199 0.512963
6381.842635 0.525755
6384.968071 0.518240
6388.093507 0.449823
6391.218942 0.430252
6394.344378 0.409665
6397.469814 0.481215
6400.595250 0.492569
6403.720686 0.507028
6406.846123 0.512833
6409.971559 0.493948
6413.096995 0.454137
6416.222431 0.470511
6419.347867 0.498553
6422.473302 0.487819
6425.598738 0.498332
6428.724174 0.527482
6431.849610 0.534067
6434.975046 0.533385
6438.100482 0.510111
6441.225918 0.547484
6444.351354 0.526606
6447.476790 0.503076
6450.602225 0.505205
6453.727661 0.558033
6456.853097 0.526291
6459.978533 0.529589
6463.103969 0.529914
6466.229405 0.532991
6469.354841 0.543591
6472.480277 0.532037
6475.605713 0.522345
6478.731149 0.526559
6481.856584 0.555430
6484.982020 0.541558
6488.107456 0.541099
6491.232892 0.523733
6494.358328 0.515162
6497.483764 0.524432
6500.609201 0.523892
6503.734637 0.510471
6506.860073 0.526874
6509.985508 0.555245
6513.110944 0.542625
6516.236380 0.553634
6519.361816 0.550352
6522.487252 0.528232
6525.612688 0.548281
6528.738124 0.539459
6531.863560 0.514130
6534.988996 0.531802
6538.114432 0.567288
6541.239867 0.581704
6544.365303 0.540909
6547.490739 0.556141
6550.616175 0.555078
6553.741611 0.583597
6556.867047 0.592461
6559.992483 0.614497
6563.117919 0.674469
6566.243355 0.689785
6569.368790 0.598667
6572.494226 0.502139
6575.619662 0.522128
6578.745098 0.594743
6581.870534 0.676911
6584.995970 0.716039
6588.121406 0.649498
6591.246842 0.575782
6594.372278 0.544444
6597.497715 0.498060
6600.623150 0.508929
6603.748586 0.505279
6606.874022 0.507528
6609.999458 0.537369
6613.124894 0.534100
6616.250330 0.530122
6619.375766 0.520831
6622.501202 0.547611
6625.626638 0.540078
6628.752073 0.508523
6631.877509 0.530037
6635.002945 0.524968
6638.128381 0.535853
6641.253817 0.510610
6644.379253 0.525316
6647.504689 0.519895
6650.630125 0.510988
6653.755561 0.509812
6656.880997 0.514777
6660.006432 0.489225
6663.131868 0.500567
6666.257304 0.528719
6669.382740 0.522203
6672.508176 0.491101
6675.633612 0.504656
6678.759048 0.505219
6681.884484 0.478036
6685.009920 0.468075
6688.135356 0.536966
6691.260792 0.508206
6694.386228 0.463854
6697.511664 0.479677
6700.637100 0.491074
6703.762536 0.517450
6706.887972 0.521209
6710.013408 0.531372
6713.138844 0.527277
6716.264280 0.557979
6719.389715 0.544971
6722.515151 0.533144
6725.640587 0.536062
6728.766023 0.521105
6731.891459 0.555841
6735.016895 0.519109
6738.142331 0.527594
6741.267767 0.451121
6744.393203 0.491057
6747.518639 0.464170
6750.644074 0.494998
6753.769510 0.522553
6756.894946 0.483959
6760.020382 0.507928
6763.145818 0.493366
6766.271254 0.444410
6769.396690 0.490747
6772.522126 0.536773
6775.647562 0.463430
6778.772998 0.496614
6781.898434 0.471439
6785.023870 0.492331
6788.149306 0.503798
6791.274742 0.489554
6794.400178 0.501957
6797.525614 0.515199
6800.651050 0.507182
6803.776486 0.498268
6806.901922 0.482098
6810.027357 0.458799
6813.152793 0.511260
6816.278229 0.468270
6819.403665 0.468126
6822.529101 0.492708
6825.654537 0.535597
6828.779973 0.521251
6831.905409 0.514416
6835.030845 0.476848
6838.156280 0.481115
6841.281716 0.488926
6844.407152 0.491940
6847.532588 0.486907
6850.658024 0.493621
6853.783460 0.483179
6856.908896 0.448889
6860.034332 0.474223
6863.159768 0.496675
6866.285204 0.496581
6869.410640 0.506025
6872.536076 0.529399
6875.661512 0.531805
6878.786948 0.497695
6881.912384 0.478672
6885.037820 0.502565
6888.163256 0.505348
6891.288692 0.492081
6894.414128 0.480388
6897.539563 0.495768
6900.664999 0.485004
6903.790435 0.492363
6906.915871 0.499364
6910.041307 0.509359
6913.166743 0.502191
6916.292179 0.472486
6919.417615 0.485620
6922.543051 0.466810
6925.668487 0.473348
6928.793922 0.466770
6931.919358 0.477608
6935.044794 0.492997
6938.170230 0.492770
6941.295666 0.477820
6944.421102 0.489578
6947.546538 0.490782
6950.671974 0.476768
6953.797410 0.488055
6956.922845 0.470746
6960.048281 0.468963
6963.173718 0.474565
6966.299154 0.439851
6969.424590 0.481782
6972.550026 0.463004
6975.675462 0.455403
6978.800898 0.486880
6981.926334 0.479843
6985.051770 0.475768
6988.177205 0.507417
6991.302641 0.484797
6994.428077 0.470991
6997.553513 0.525249
7000.678949 0.465362
7003.804385 0.432092
7006.929821 0.443915
7010.055257 0.457151
7013.180693 0.471823
7016.306128 0.467601
7019.431564 0.465441
7022.557000 0.458994
7025.682436 0.475496
7028.807872 0.492934
7031.933308 0.490523
7035.058744 0.465606
7038.184180 0.475728
7041.309616 0.482664
7044.435052 0.509088
7047.560487 0.513995
7050.685923 0.476983
7053.811359 0.483708
7056.936795 0.478838
7060.062232 0.436679
7063.187668 0.418467
7066.313104 0.401200
7069.438540 0.364991
7072.563976 0.389615
7075.689411 0.449240
7078.814847 0.510148
7081.940283 0.521698
7085.065719 0.489346
7088.191155 0.502746
7091.316591 0.448982
7094.442027 0.441982
7097.567463 0.416460
7100.692899 0.444614
7103.818335 0.448987
7106.943770 0.451121
7110.069206 0.457891
7113.194642 0.469981
7116.320078 0.450645
7119.445514 0.461765
7122.570950 0.446772
7125.696386 0.430699
7128.821822 0.424199
7131.947258 0.432844
7135.072694 0.434871
7138.198129 0.419397
7141.323565 0.413381
7144.449001 0.415084
7147.574437 0.408926
7150.699873 0.397465
7153.825310 0.415187
7156.950746 0.403682
7160.076182 0.424490
7163.201618 0.419548
7166.327053 0.437677
7169.452489 0.437421
7172.577925 0.453657
7175.703361 0.446403
7178.828797 0.459975
7181.954233 0.406681
7185.079669 0.377413
7188.205105 0.388006
7191.330541 0.407798
7194.455977 0.425194
7197.581412 0.426267
7200.706848 0.436091
7203.832284 0.433266
7206.957720 0.416958
7210.083156 0.466917
7213.208592 0.471606
7216.334028 0.415555
7219.459464 0.415485
7222.584900 0.429739
7225.710335 0.420247
7228.835771 0.424237
7231.961207 0.464373
7235.086643 0.432020
7238.212079 0.405062
7241.337515 0.446456
7244.462951 0.407304
7247.588388 0.422526
7250.713824 0.406633
7253.839260 0.442424
7256.964695 0.427706
7260.090131 0.431601
7263.215567 0.429448
7266.341003 0.454087
7269.466439 0.454157
7272.591875 0.422621
7275.717311 0.442509
7278.842747 0.461811
7281.968183 0.395646
7285.093618 0.420072
7288.219054 0.440410
7291.344490 0.461418
7294.469926 0.422508
7297.595362 0.436075
7300.720798 0.462109
7303.846234 0.467019
7306.971670 0.462315
7310.097106 0.457213
7313.222542 0.409263
7316.347977 0.448494
7319.473413 0.451777
7322.598849 0.452989
7325.724285 0.427540
7328.849721 0.421744
7331.975157 0.466899
7335.100593 0.486545
7338.226029 0.482003
7341.351466 0.487949
7344.476901 0.457868
7347.602337 0.467481
7350.727773 0.463563
7353.853209 0.486587
7356.978645 0.462125
7360.104081 0.487139
7363.229517 0.450807
7366.354953 0.401678
7369.480389 0.481203
7372.605825 0.447817
7375.731260 0.422039
7378.856696 0.438047
7381.982132 0.458880
7385.107568 0.453996
7388.233004 0.435210
7391.358440 0.460281
7394.483876 0.455692
7397.609312 0.426542
7400.734748 0.415592
7403.860183 0.447780
7406.985619 0.463035
7410.111055 0.460439
7413.236491 0.395535
7416.361927 0.450620
7419.487363 0.417776
7422.612799 0.445286
7425.738235 0.470591
7428.863671 0.468484
7431.989107 0.503468
7435.114543 0.505048
7438.239979 0.462838
7441.365415 0.453248
7444.490851 0.439082
7447.616287 0.438610
7450.741723 0.428169
7453.867159 0.423234
7456.992595 0.473189
7460.118031 0.466546
7463.243466 0.433939
7466.368902 0.455128
7469.494338 0.483899
7472.619774 0.445446
7475.745210 0.478621
7478.870646 0.483836
7481.996082 0.477663
7485.121518 0.447275
7488.246954 0.428650
7491.372390 0.462839
7494.497825 0.448352
7497.623261 0.451458
7500.748697 0.461055
7503.874133 0.453220
7506.999569 0.484797
7510.125005 0.466924
7513.250441 0.463274
7516.375877 0.482926
7519.501313 0.483505
7522.626749 0.450553
7525.752185 0.483982
7528.877621 0.508551
7532.003057 0.458130
7535.128493 0.458168
7538.253929 0.472560
7541.379365 0.469395
7544.504801 0.452281
7547.630237 0.473917
7550.755673 0.500087
7553.881108 0.462997
7557.006544 0.483803
7560.131980 0.499797
7563.257416 0.475138
7566.382852 0.460467
7569.508288 0.455183
7572.633724 0.455554
7575.759160 0.477694
7578.884596 0.483923
7582.010032 0.445495
7585.135467 0.432517
7588.260903 0.426812
7591.386339 0.437854
7594.511775 0.442883
7597.637211 0.453662
7600.762647 0.414264
7603.888083 0.432988
7607.013519 0.437979
7610.138955 0.426573
7613.264390 0.441839
7616.389827 0.458175
7619.515263 0.442110
7622.640699 0.447464
7625.766135 0.469668
7628.891571 0.452498
7632.017007 0.429107
7635.142443 0.445451
7638.267879 0.466198
7641.393315 0.464903
7644.518750 0.454100
7647.644186 0.447530
7650.769622 0.445980
7653.895058 0.406472
7657.020494 0.390496
7660.145930 0.380052
7663.271366 0.418105
7666.396802 0.445827
7669.522238 0.442877
7672.647673 0.425298
7675.773109 0.474831
7678.898545 0.401189
7682.023981 0.458479
7685.149417 0.448245
7688.274853 0.443091
7691.400289 0.447647
7694.525725 0.440558
7697.651161 0.441515
7700.776597 0.381084
7703.902032 0.401110
7707.027468 0.399223
7710.152905 0.409221
7713.278341 0.381118
7716.403777 0.325007
7719.529213 0.391460
7722.654649 0.374243
7725.780085 0.413513
7728.905521 0.446544
7732.030956 0.467135
7735.156392 0.430247
7738.281828 0.410517
7741.407264 0.436306
7744.532700 0.437948
7747.658136 0.424157
7750.783572 0.397877
7753.909008 0.416274
7757.034444 0.444505
7760.159880 0.463168
7763.285315 0.417861
7766.410751 0.462240
7769.536187 0.410490
7772.661623 0.436722
7775.787059 0.417367
7778.912495 0.413140
7782.037931 0.398417
7785.163367 0.442697
7788.288803 0.429608
7791.414238 0.450895
7794.539674 0.436068
7797.665110 0.399245
7800.790546 0.457963
7803.915983 0.413041
7807.041419 0.377470
7810.166855 0.452348
7813.292291 0.490243
7816.417727 0.480914
7819.543163 0.433076
7822.668598 0.375093
7825.794034 0.413359
7828.919470 0.441459
7832.044906 0.439539
7835.170342 0.425963
7838.295778 0.362393
7841.421214 0.442426
7844.546650 0.536476
7847.672086 0.460556
7850.797521 0.419639
7853.922957 0.410441
7857.048393 0.423845
7860.173829 0.425867
7863.299265 0.403835
7866.424701 0.408340
7869.550137 0.415693
7872.675573 0.362761
7875.801009 0.393386
7878.926445 0.447242
7882.051880 0.426218
7885.177316 0.421109
7888.302752 0.414418
7891.428188 0.418234
7894.553624 0.414847
7897.679061 0.400095
7900.804497 0.412176
7903.929933 0.422508
7907.055369 0.454320
7910.180804 0.446361
7913.306240 0.427592
7916.431676 0.430077
7919.557112 0.399305
7922.682548 0.402549
7925.807984 0.408240
7928.933420 0.406373
7932.058856 0.404681
7935.184292 0.399417
7938.309728 0.419133
7941.435163 0.438992
7944.560599 0.419444
7947.686035 0.413136
7950.811471 0.400695
7953.936907 0.414800
7957.062343 0.435023
7960.187779 0.440734
7963.313215 0.445725
7966.438651 0.417640
7969.564086 0.428113
7972.689522 0.446185
7975.814958 0.403513
7978.940394 0.409978
7982.065830 0.428446
7985.191266 0.437062
7988.316702 0.420337
7991.442139 0.418755
7994.567575 0.448708
7997.693011 0.427922
8000.818446 0.422126
8003.943882 0.455848
8007.069318 0.450225
8010.194754 0.432945
8013.320190 0.453396
8016.445626 0.431807
8019.571062 0.437094
8022.696498 0.413335
8025.821934 0.395149
8028.947370 0.389229
8032.072805 0.427020
8035.198241 0.487656
8038.323677 0.457571
8041.449113 0.434261
8044.574549 0.421401
8047.699985 0.403104
8050.825421 0.447220
8053.950857 0.429139
8057.076293 0.454417
8060.201728 0.434771
8063.327164 0.395610
8066.452600 0.430906
8069.578036 0.431500
8072.703472 0.447049
8075.828908 0.461273
8078.954344 0.468807
8082.079780 0.441476
8085.205217 0.450480
8088.330653 0.418388
8091.456088 0.419536
8094.581524 0.446837
8097.706960 0.462752
8100.832396 0.413942
8103.957832 0.421737
8107.083268 0.435528
8110.208704 0.423401
8113.334140 0.432255
8116.459576 0.434986
8119.585011 0.440164
8122.710447 0.457072
8125.835883 0.445738
8128.961319 0.424569
8132.086755 0.451371
8135.212191 0.429239
8138.337627 0.473226
8141.463063 0.441988
8144.588499 0.404284
8147.713935 0.481279
8150.839370 0.490802
8153.964806 0.393439
