3492.038449 -0.024009
3494.636876 -0.000595
3497.235303 0.051834
3499.833730 0.034117
3502.432157 0.012708
3505.030583 0.020046
3507.629010 0.046424
3510.227437 0.049187
3512.825864 0.048718
3515.424291 0.018571
3518.022718 0.038817
3520.621145 0.040238
3523.219572 0.029372
3525.818000 0.045282
3528.416427 0.051007
3531.014853 0.019439
3533.613280 0.041198
3536.211707 0.038291
3538.810134 0.029776
3541.408561 0.059439
3544.006988 0.034992
3546.605415 0.045649
3549.203842 0.030490
3551.802269 0.054019
3554.400695 0.061899
3556.999122 0.056505
3559.597549 0.060545
3562.195976 0.056406
3564.794403 0.049311
3567.392830 0.048528
3569.991257 0.028432
3572.589684 0.037503
3575.188111 0.040546
3577.786538 0.039723
3580.384965 0.060948
3582.983392 0.055231
3585.581819 0.022246
3588.180246 0.028599
3590.778673 0.023133
3593.377100 0.026743
3595.975527 0.034798
3598.573954 0.020001
3601.172381 0.038309
3603.770807 0.043412
3606.369234 0.026500
3608.967661 0.035781
3611.566088 0.030866
3614.164515 0.035715
3616.762942 0.032023
3619.361369 0.029965
3621.959796 0.021643
3624.558223 0.046975
3627.156650 0.035036
3629.755077 0.028996
3632.353504 0.034079
3634.951931 0.040390
3637.550358 0.024963
3640.148785 0.035160
3642.747212 0.039150
3645.345639 0.039063
3647.944066 0.035797
3650.542493 0.032609
3653.140920 0.028129
3655.739346 0.040806
3658.337773 0.058536
3660.936200 0.039456
3663.534627 0.035493
3666.133054 0.046458
3668.731481 0.033118
3671.329908 0.052695
3673.928335 0.037948
3676.526762 0.045629
3679.125189 0.028426
3681.723616 0.028585
3684.322043 0.037719
3686.920470 0.054571
3689.518897 0.035191
3692.117324 0.047866
3694.715751 0.057214
3697.314178 0.039773
3699.912605 0.039569
3702.511032 0.037134
3705.109458 0.058792
3707.707885 0.044879
3710.306312 0.054485
3712.904739 0.036130
3715.503166 0.039530
3718.101593 0.030015
3720.700020 0.041110
3723.298447 0.085810
3725.896874 0.093276
3728.495300 0.211723
3731.093727 0.287685
3733.692154 0.156471
3736.290581 0.022226
3738.889008 0.030177
3741.487436 0.041948
3744.085863 0.058136
3746.684290 0.046303
3749.282717 0.032704
3751.881144 0.038481
3754.479570 0.035770
3757.077997 0.059897
3759.676424 0.048003
3762.274851 0.053268
3764.873278 0.043699
3767.471705 0.041713
3770.070132 0.059816
3772.668559 0.025552
3775.266986 0.024837
3777.865412 0.053595
3780.463839 0.043303
3783.062266 0.050834
3785.660693 0.044741
3788.259120 0.064771
3790.857547 0.050620
3793.455974 0.057181
3796.054401 0.074017
3798.652828 0.044324
3801.251256 0.035820
3803.849682 0.018256
3806.448109 0.045872
3809.046536 0.041554
3811.644963 0.057856
3814.243390 0.029645
3816.841817 0.050433
3819.440244 0.056952
3822.038671 0.047246
3824.637098 0.050078
3827.235524 0.015377
3829.833951 0.047694
3832.432378 0.037960
3835.030805 0.033994
3837.629232 0.041701
3840.227659 0.033192
3842.826086 0.022991
3845.424513 0.049955
3848.022940 0.067488
3850.621367 0.053985
3853.219794 0.048357
3855.818221 0.041983
3858.416648 0.049335
3861.015075 0.044511
3863.613502 0.065917
3866.211929 0.038797
3868.810356 0.066387
3871.408783 0.067422
3874.007210 0.062038
3876.605636 0.059536
3879.204063 0.048652
3881.802490 0.050908
3884.400917 0.054761
3886.999344 0.020755
3889.597771 0.043772
3892.196198 0.057612
3894.794625 0.044030
3897.393052 0.042755
3899.991479 0.042530
3902.589906 0.045040
3905.188333 0.042849
3907.786760 0.057364
3910.385187 0.056955
3912.983614 0.046787
3915.582041 0.063457
3918.180468 0.057932
3920.778895 0.051216
3923.377322 0.044078
3925.975748 0.054585
3928.574175 0.040206
3931.172602 0.022073
3933.771029 0.023119
3936.369456 0.047808
3938.967883 0.036952
3941.566310 0.046394
3944.164737 0.051209
3946.763164 0.045261
3949.361591 0.048247
3951.960017 0.040361
3954.558445 0.060461
3957.156872 0.055269
3959.755299 0.053623
3962.353726 0.034637
3964.952153 0.042627
3967.550580 0.032010
3970.149007 0.038998
3972.747434 0.035820
3975.345860 0.036965
3977.944287 0.046182
3980.542714 0.064394
3983.141141 0.060332
3985.739568 0.055496
3988.337995 0.061146
3990.936422 0.057538
3993.534849 0.059978
3996.133276 0.057393
3998.731703 0.054034
4001.330129 0.058875
4003.928556 0.070551
4006.526983 0.063110
4009.125410 0.051466
4011.723837 0.062213
4014.322264 0.066571
4016.920692 0.068886
4019.519119 0.075756
4022.117546 0.052784
4024.715973 0.068768
4027.314399 0.058245
4029.912826 0.073298
4032.511253 0.066329
4035.109680 0.057966
4037.708107 0.070737
4040.306534 0.064524
4042.904961 0.073778
4045.503388 0.053418
4048.101815 0.055523
4050.700241 0.060103
4053.298668 0.068924
4055.897095 0.042572
4058.495522 0.059577
4061.093949 0.064978
4063.692376 0.047413
4066.290803 0.050895
4068.889230 0.065720
4071.487657 0.056194
4074.086084 0.054190
4076.684511 0.069146
4079.282938 0.055877
4081.881365 0.038550
4084.479792 0.067174
4087.078219 0.072145
4089.676646 0.063088
4092.275073 0.043798
4094.873500 0.044045
4097.471927 0.048351
4100.070353 0.062506
4102.668780 0.073262
4105.267207 0.068955
4107.865634 0.063596
4110.464061 0.048742
4113.062488 0.066410
4115.660915 0.062564
4118.259342 0.060314
4120.857769 0.060829
4123.456196 0.063038
4126.054623 0.057952
4128.653050 0.063796
4131.251477 0.049391
4133.849904 0.052969
4136.448331 0.053907
4139.046758 0.064491
4141.645185 0.051138
4144.243612 0.050093
4146.842039 0.059859
4149.440465 0.068912
4152.038892 0.064331
4154.637319 0.067841
4157.235746 0.073801
4159.834173 0.073689
4162.432600 0.070142
4165.031027 0.074012
4167.629454 0.072537
4170.227881 0.054098
4172.826308 0.045004
4175.424735 0.049561
4178.023162 0.054926
4180.621589 0.063877
4183.220016 0.064680
4185.818443 0.065710
4188.416870 0.071742
4191.015297 0.070285
4193.613724 0.054794
4196.212151 0.062177
4198.810577 0.071907
4201.409004 0.060180
4204.007431 0.066852
4206.605858 0.086574
4209.204285 0.071253
4211.802712 0.057692
4214.401139 0.066672
4216.999566 0.061392
4219.597993 0.056068
4222.196420 0.076301
4224.794846 0.063407
4227.393273 0.037844
4229.991701 0.069314
4232.590128 0.068294
4235.188555 0.052217
4237.786982 0.069168
4240.385409 0.054354
4242.983836 0.056193
4245.582263 0.060057
4248.180689 0.067866
4250.779116 0.059220
4253.377543 0.043880
4255.975970 0.062328
4258.574397 0.076877
4261.172824 0.065201
4263.771251 0.063015
4266.369678 0.053741
4268.968105 0.072487
4271.566532 0.060773
4274.164958 0.064025
4276.763385 0.067319
4279.361812 0.062051
4281.960239 0.063921
4284.558666 0.045961
4287.157093 0.056509
4289.755520 0.060759
4292.353948 0.077510
4294.952375 0.053252
4297.550801 0.067154
4300.149228 0.054945
4328.731924 0.072397
4331.330351 0.081537
4333.928778 0.068226
4336.527205 0.065809
4339.125632 0.090648
4341.724059 0.110483
4344.322486 0.061786
4346.920913 0.063123
4349.519340 0.058578
4352.117767 0.058488
4354.716194 0.068124
4357.314621 0.069293
4359.913048 0.077260
4362.511475 0.073976
4365.109902 0.065130
4367.708329 0.062977
4370.306756 0.061471
4372.905182 0.059353
4375.503609 0.072042
4378.102036 0.058919
4380.700463 0.039068
4383.298890 0.051462
4385.897317 0.068120
4388.495744 0.079904
4391.094171 0.075650
4393.692598 0.061751
4396.291025 0.071944
4398.889452 0.089092
4401.487879 0.078550
4404.086306 0.061367
4406.684733 0.072960
4409.283160 0.064263
4411.881587 0.072291
4414.480014 0.071951
4417.078441 0.056968
4419.676868 0.049949
4422.275294 0.061643
4424.873721 0.081301
4427.472148 0.085338
4430.070575 0.084313
4432.669002 0.063639
4435.267429 0.064413
4437.865856 0.081006
4440.464283 0.070812
4443.062710 0.054268
4445.661137 0.072040
4448.259564 0.071674
4450.857991 0.075961
4453.456418 0.066626
4456.054845 0.070056
4458.653272 0.057912
4461.251699 0.061925
4463.850126 0.048233
4466.448553 0.060633
4469.046980 0.075029
4471.645406 0.069066
4474.243833 0.066509
4515.818665 0.075725
4518.417092 0.080573
4521.015518 0.083896
4523.613945 0.072104
4526.212372 0.067460
4528.810799 0.066026
4531.409226 0.075002
4534.007653 0.082339
4536.606080 0.074087
4539.204507 0.085608
4541.802934 0.087421
4544.401361 0.071621
4546.999787 0.080776
4549.598214 0.094649
4552.196641 0.095079
4554.795068 0.110311
4557.393495 0.047160
4559.991922 0.030953
4562.590349 0.026837
4565.188776 0.084102
4567.787204 0.087927
4570.385630 0.079919
4572.984057 0.075656
4575.582484 0.077306
4578.180911 0.084837
4580.779338 0.076254
4583.377765 0.072614
4585.976192 0.049816
4588.574619 0.067749
4591.173046 0.067581
4593.771473 0.064316
4596.369899 0.070881
4598.968326 0.084552
4601.566753 0.080560
4604.165180 0.086670
4606.763607 0.083733
4609.362034 0.086060
4611.960461 0.077035
4614.558888 0.085062
4617.157315 0.087939
4619.755742 0.075869
4622.354169 0.082306
4624.952596 0.085325
4627.551023 0.082657
4630.149450 0.079338
4632.747877 0.084547
4635.346304 0.077136
4637.944731 0.099357
4640.543158 0.076824
4643.141585 0.067075
4645.740011 0.087526
4648.338438 0.071639
4650.936865 0.069657
4653.535292 0.078148
4656.133719 0.078249
4658.732146 0.073500
4661.330573 0.072998
4663.929000 0.058379
4666.527427 0.072644
4669.125854 0.055163
4671.724281 0.067402
4674.322708 0.077901
4676.921135 0.075943
4679.519562 0.080102
4682.117989 0.069071
4684.716416 0.077591
4687.314843 0.072054
4689.913270 0.065172
4692.511697 0.076663
4695.110123 0.059575
4697.708550 0.065240
4700.306977 0.064671
4702.905404 0.086710
4705.503831 0.063966
4708.102258 0.087018
4710.700685 0.073642
4713.299112 0.059818
4715.897539 0.073042
4718.495965 0.082679
4721.094393 0.060295
4723.692820 0.071435
4726.291247 0.085004
4728.889674 0.072852
4731.488101 0.070404
4734.086528 0.056355
4736.684955 0.071926
4739.283382 0.083394
4741.881809 0.068868
4744.480235 0.084433
4747.078662 0.068331
4749.677089 0.090787
4752.275516 0.078515
4754.873943 0.071342
4757.472370 0.072741
4760.070797 0.084316
4762.669224 0.066900
4765.267651 0.078880
4767.866078 0.078301
4770.464504 0.070131
4773.062931 0.065932
4775.661358 0.072721
4778.259785 0.076843
4780.858212 0.085224
4783.456640 0.105819
4786.055067 0.098873
4788.653494 0.085022
4791.251921 0.076698
4793.850347 0.079281
4796.448774 0.075831
4799.047201 0.086142
4801.645628 0.076245
4804.244055 0.088137
4806.842482 0.098325
4809.440909 0.084219
4812.039336 0.076377
4814.637763 0.080845
4817.236190 0.091172
4819.834616 0.067454
4822.433043 0.060823
4825.031470 0.064270
4827.629897 0.064135
4830.228324 0.066619
4832.826751 0.068767
4835.425178 0.084246
4838.023605 0.076818
4840.622032 0.087704
4843.220459 0.068402
4845.818886 0.062878
4848.417313 0.072821
4851.015740 0.078375
4853.614167 0.071698
4856.212594 0.082608
4858.811021 0.123477
4861.409448 0.157949
4864.007875 0.153298
4866.606302 0.117032
4869.204728 0.092721
4871.803155 0.088358
4874.401582 0.079701
4877.000009 -0.011665
4879.598436 0.042668
4882.196863 0.083401
4884.795290 0.074174
4887.393717 0.070315
4889.992144 0.080127
4892.590571 0.083843
4895.188998 0.072992
4897.787425 0.066134
4900.385852 0.087027
4902.984279 0.079691
4905.582706 0.068558
4908.181133 0.078958
4910.779560 0.079050
4913.377987 0.074866
4915.976414 0.073989
4918.574840 0.098227
4921.173267 0.112185
4923.771694 0.068956
4926.370121 0.049047
4928.968548 0.066624
4931.566975 0.070200
4934.165402 0.074686
4936.763829 0.070587
4939.362256 0.075903
4941.960683 0.092197
4944.559110 0.080096
4947.157537 0.063515
4949.755964 0.063040
4952.354391 0.087945
4954.952818 0.127244
4957.551245 0.145945
4960.149672 0.161275
4962.748099 0.105760
4965.346526 0.073047
4967.944952 0.079003
4970.543379 0.075963
4973.141806 0.073759
4975.740233 0.077563
4978.338660 0.081894
4980.937087 0.074168
4983.535514 0.068517
4986.133941 0.092903
4988.732368 0.078173
4991.330794 0.075004
4993.929221 0.082119
4996.527649 0.092605
4999.126076 0.075108
5001.724503 0.104336
5004.322930 0.239742
5006.921357 0.361373
5009.519784 0.296557
5012.118211 0.102926
5014.716638 0.078651
5017.315064 0.080805
5019.913491 0.101249
5022.511918 0.092860
5025.110345 0.060323
5027.708772 0.056245
5030.307199 0.064004
5032.905626 0.061578
5035.504053 0.066185
5038.102480 0.074474
5040.700906 0.065225
5043.299333 0.077323
5045.897760 0.067220
5048.496187 0.075170
5051.094614 0.074241
5053.693041 0.078177
5056.291468 0.084874
5058.889896 0.063346
5061.488323 0.071345
5064.086750 0.072085
5066.685176 0.070402
5069.283603 0.069560
5071.882030 0.068947
5074.480457 0.078399
5077.078884 0.093545
5079.677311 0.091278
5082.275738 0.065018
5084.874165 0.096377
5087.472592 0.088107
5090.071018 0.081160
5092.669445 0.072332
5095.267872 0.067809
5097.866299 0.071071
5100.464726 0.079277
5103.063153 0.089079
5105.661580 0.083296
5108.260007 0.057251
5110.858434 0.059370
5113.456861 0.082945
5116.055288 0.075260
5118.653715 0.067751
5121.252142 0.081671
5123.850569 0.070946
5126.448996 0.069673
5129.047423 0.073488
5131.645850 0.078530
5134.244277 0.069452
5136.842704 0.072863
5139.441131 0.070647
5142.039557 0.072651
5144.637984 0.071024
5147.236411 0.073559
5149.834838 0.086765
5152.433265 0.079582
5155.031692 0.083099
5157.630119 0.077351
5160.228546 0.061707
5162.826973 0.070725
5165.425400 0.070631
5168.023827 0.071083
5170.622254 0.065719
5173.220681 0.065472
5175.819108 0.064973
5178.417535 0.080741
5181.015962 0.070926
5183.614389 0.051472
5186.212816 0.052431
5188.811243 0.058152
5191.409669 0.080033
5194.008096 0.084523
5196.606523 0.070709
5199.204950 0.071667
5201.803377 0.074564
5204.401804 0.074143
5207.000231 0.068833
5209.598658 0.072956
5212.197085 0.083643
5214.795512 0.071535
5217.393939 0.081912
5219.992366 0.081287
5222.590793 0.077674
5225.189220 0.083782
5227.787647 0.073448
5230.386074 0.060208
5232.984501 0.080124
5235.582928 0.084701
5238.181355 0.074294
5240.779781 0.069305
5243.378208 0.069434
5245.976635 0.074710
5248.575062 0.080521
5251.173489 0.083725
5253.771916 0.078854
5256.370343 0.094715
5258.968770 0.071618
5261.567197 0.069632
5264.165623 0.064901
5266.764050 0.071380
5269.362477 0.077593
5271.960905 0.076914
5274.559332 0.092173
5277.157759 0.096686
5279.756186 0.092427
5282.354613 0.056348
5284.953040 0.042691
5287.551467 0.071764
5290.149893 0.084676
5292.748320 0.086808
5295.346747 0.071147
5297.945174 0.077551
5300.543601 0.090994
5303.142028 0.089763
5305.740455 0.074827
5308.338882 0.054422
5310.937309 0.053748
5313.535735 0.058692
5316.134162 0.080230
5318.732589 0.075770
5321.331016 0.063605
5323.929443 0.064627
5326.527870 0.076334
5329.126297 0.072687
5331.724724 0.051307
5334.323152 0.061440
5336.921579 0.088207
5339.520005 0.061161
5342.118432 0.057519
5344.716859 0.074702
5347.315286 0.080807
5349.913713 0.075310
5352.512140 0.064746
5355.110567 0.068814
5357.708994 0.077366
5360.307421 0.071370
5362.905847 0.071569
5365.504274 0.082106
5368.102701 0.078541
5370.701128 0.078672
5373.299555 0.089375
5375.897982 0.090675
5378.496409 0.079860
5381.094836 0.078626
5383.693263 0.092555
5386.291690 0.083394
5388.890117 0.069077
5391.488544 0.077191
5394.086971 0.078058
5396.685398 0.058644
5399.283825 0.064606
5401.882252 0.081562
5404.480679 0.079885
5407.079106 0.065256
5409.677533 0.074958
5412.275959 0.071592
5414.874386 0.073193
5417.472813 0.061142
5420.071240 0.053994
5422.669667 0.066342
5425.268094 0.093773
5427.866521 0.087722
5430.464948 0.072466
5433.063375 0.061876
5435.661802 0.075515
5438.260229 0.066968
5440.858656 0.079463
5443.457083 0.086070
5446.055510 0.088254
5448.653937 0.083834
5451.252364 0.066418
5453.850791 0.089361
5456.449218 0.072066
5459.047645 0.069254
5461.646071 0.093482
5464.244498 0.094627
5466.842925 0.078983
5469.441352 0.064645
5472.039779 0.087988
5474.638206 0.095627
5477.236633 0.072263
5479.835060 0.081434
5482.433487 0.072788
5485.031914 0.077887
5487.630341 0.090051
5490.228768 0.044395
5492.827195 0.076533
5495.425622 0.077745
5498.024049 0.066835
5500.622476 0.069148
5503.220903 0.067894
5505.819330 0.092165
5508.417757 0.072312
5511.016183 0.068048
5513.614610 0.061141
5516.213037 0.072627
5518.811464 0.086984
5521.409891 0.092111
5524.008318 0.070673
5526.606745 0.072145
5529.205172 0.078009
5531.803599 0.082646
5534.402026 0.059239
5537.000452 0.072557
5539.598879 0.064331
5542.197306 0.083769
5544.795733 0.064848
5547.394160 0.087132
5549.992588 0.068111
5552.591015 0.076494
5555.189442 0.068492
5557.787869 0.088099
5560.386296 0.066623
5562.984722 0.086937
5565.583149 0.079926
5568.181576 0.078152
5570.780003 0.084841
5573.378430 0.089318
5575.976857 0.085563
5578.575284 0.090639
5581.173711 0.079000
5583.772138 0.061827
5586.370564 0.075460
5588.968991 0.091486
5591.567418 0.090416
5594.165845 0.104908
5596.764272 0.084254
5599.362699 0.087212
5601.961126 0.070680
5604.559553 0.051028
5607.157980 0.063054
5609.756408 0.063248
5612.354834 0.070256
5614.953261 0.090654
5617.551688 0.090062
5620.150115 0.109933
5622.748542 0.073239
5625.346969 0.094689
5627.945396 0.070199
5630.543823 0.055652
5633.142250 0.099834
5635.740676 0.088645
5638.339103 0.069222
5640.937530 0.079570
5643.535957 0.084486
5646.134384 0.060610
5648.732811 0.101868
5651.331238 0.104834
5653.929665 0.091356
5656.528092 0.109371
5659.126519 0.069210
5661.724946 0.045521
5664.323373 0.080447
5666.921800 0.105919
5669.520227 0.114573
5672.118654 0.075708
5674.717081 0.075986
5677.315508 0.046414
5679.913935 -0.009010
5682.512362 0.075978
5685.110788 0.098751
5687.709215 0.074558
5690.307642 0.093522
5692.906069 0.090256
5695.504496 0.058300
5698.102923 0.080402
5700.701350 0.071843
5703.299777 0.053541
5705.898204 0.055473
5708.496631 0.071014
5711.095058 0.102905
5713.693485 0.096701
5716.291912 0.090029
5718.890339 0.074083
5721.488766 0.088627
5724.087193 0.073383
5726.685620 0.063386
5729.284047 0.078247
5731.882474 0.084999
5734.480900 0.091925
5737.079327 0.086961
5739.677754 0.089304
5742.276181 0.096410
5744.874608 0.094095
5747.473035 0.059662
5750.071462 0.070007
5752.669889 0.067829
5755.268316 0.084233
5757.866743 0.079818
5760.465169 0.080611
5763.063597 0.096503
5765.662024 0.087807
5768.260451 0.088563
5770.858878 0.088625
5773.457305 0.086690
5776.055732 0.050103
5778.654159 0.111316
5781.252586 0.098533
5783.851012 0.065204
5786.449439 0.088835
5789.047866 0.056569
5791.646293 0.086961
5794.244720 0.060278
5796.843147 0.097691
5799.441574 0.076024
5802.040001 0.078937
5804.638428 0.083018
5807.236855 0.068239
5809.835281 0.083739
5812.433708 0.110698
5815.032135 0.070630
5817.630562 0.091345
5820.228989 0.032784
5822.827416 0.049966
5825.425844 0.074429
5828.024271 0.079325
5830.622698 0.070980
5833.221124 0.104997
5835.819551 0.079301
5838.417978 0.093988
5841.016405 0.090414
5843.614832 0.057401
5846.213259 0.090095
5848.811686 0.077084
5851.410113 0.086190
5854.008540 0.066431
5856.606967 0.063632
5859.205393 0.058346
5861.803820 0.091685
5864.402247 0.089294
5867.000674 0.089671
5869.599101 0.088614
5872.197528 0.081173
5874.795955 0.084616
5877.394382 0.053315
5879.992809 0.020224
5882.591236 0.067962
5885.189663 0.111982
5887.788090 0.128322
5890.386517 0.082308
5892.984944 0.064194
5895.583371 0.092588
5898.181798 0.075928
5900.780225 0.071515
5903.378652 0.075055
5905.977079 0.075169
5908.575505 0.074767
5911.173932 0.072952
5913.772359 0.095435
5916.370786 0.111962
5918.969213 0.073184
5921.567640 0.092861
5924.166067 0.103413
5926.764494 0.066646
5929.362921 0.065990
5931.961348 0.062258
5934.559775 0.073284
5937.158202 0.082414
5939.756629 0.079013
5942.355056 0.086424
5944.953483 0.072054
5947.551910 0.091974
5950.150337 0.091985
5952.748764 0.091902
5955.347191 0.085464
5957.945617 0.109370
5960.544044 0.094739
5963.142471 0.082130
5965.740898 0.079583
5968.339325 0.028207
5970.937752 0.001063
5973.536179 0.061035
5976.134606 0.057979
5978.733033 0.074333
5981.331460 0.062418
5983.929887 0.088705
5986.528314 0.098859
5989.126741 0.114357
5991.725168 0.067732
5994.323595 0.085382
5996.922022 0.028195
5999.520449 0.060635
6002.118876 0.060456
6004.717303 0.069466
6007.315729 0.083548
6009.914156 0.064928
6012.512583 0.087228
6015.111010 0.088901
6017.709437 0.085881
6020.307864 0.083660
6022.906291 0.100385
6025.504718 0.035814
6028.103145 0.066890
6030.701572 0.047165
6033.299998 0.087134
6035.898425 0.067465
6038.496853 0.085066
6041.095280 0.102076
6043.693707 0.105873
6046.292134 0.101329
6048.890561 0.055167
6051.488988 0.032822
6054.087415 0.033167
6056.685841 0.096008
6059.284268 0.082812
6061.882695 0.096980
6064.481122 0.114382
6067.079549 0.131648
6069.677976 0.092767
6072.276403 0.069513
6074.874830 0.091622
6077.473257 0.110229
6080.071684 0.085763
6082.670110 0.078926
6085.268537 0.102876
6087.866964 0.107615
6090.465391 0.070972
6093.063818 0.086919
6095.662245 0.072163
6098.260672 0.040185
6100.859100 0.060391
6103.457527 0.066657
6106.055953 0.067836
6108.654380 0.090665
6111.252807 0.091083
6113.851234 0.135717
6116.449661 0.052380
6119.048088 -0.012383
6121.646515 0.060447
6124.244942 0.039057
6126.843369 0.054951
6129.441796 0.058247
6132.040222 0.090901
6134.638649 0.071244
6137.237076 0.066378
6139.835503 0.081237
6142.433930 0.100343
6145.032357 0.104648
6147.630784 0.088481
6150.229211 0.085465
6152.827638 0.085007
6155.426065 0.083149
6158.024492 0.079466
6160.622919 0.047299
6163.221346 0.051988
6165.819773 0.100440
6168.418200 0.057175
6171.016627 0.064658
6173.615054 0.091929
6176.213481 0.070432
6178.811908 0.052142
6181.410334 0.021949
6184.008761 -0.010938
6186.607188 0.031446
6189.205615 0.072975
6191.804042 0.086993
6194.402469 0.067450
6197.000896 0.065111
6199.599323 0.081487
6202.197750 0.089591
6204.796177 0.077540
6207.394604 0.050263
6209.993031 0.025887
6212.591458 0.039491
6215.189885 0.071677
6217.788312 0.104184
6220.386739 0.078640
6222.985166 0.083800
6225.583593 0.096089
6228.182020 0.082464
6230.780446 0.060419
6233.378873 0.047226
6235.977300 0.048676
6238.575727 0.071175
6241.174154 0.057016
6243.772581 0.092512
6246.371008 0.075597
6248.969435 0.056834
6251.567862 0.065347
6254.166289 0.064590
6256.764716 0.074600
6259.363143 0.072077
6261.961570 0.068560
6264.559997 0.071895
6267.158424 0.048096
6269.756851 0.075464
6272.355278 0.069873
6274.953705 0.057915
6277.552132 0.074850
6280.150558 0.098767
6282.748985 0.075262
6285.347412 0.059581
6287.945839 0.066743
6290.544266 0.087818
6293.142693 0.085174
6295.741120 0.097880
6298.339547 0.108430
6300.937974 0.080095
6303.536401 0.064527
6306.134827 0.082074
6308.733254 0.064321
6311.331681 0.059644
6313.930108 0.074577
6316.528536 0.058806
6319.126963 0.057608
6321.725390 0.073755
6324.323817 0.058572
6326.922244 0.074543
6329.520670 0.080003
6332.119097 0.087059
6334.717524 0.051400
6337.315951 0.064266
6339.914378 0.063824
6342.512805 0.062758
6345.111232 0.073507
6347.709659 0.069260
6350.308086 0.056053
6352.906513 0.080188
6355.504939 0.068736
6358.103366 0.073456
6360.701793 0.068260
6363.300220 0.063292
6365.898647 0.066381
6368.497074 0.078902
6371.095501 0.075456
6373.693928 0.072166
6376.292356 0.072265
6378.890782 0.091678
6381.489209 0.066914
6384.087636 0.063713
6386.686063 0.080720
6389.284490 0.082770
6391.882917 0.095632
6394.481344 0.109818
6397.079771 0.105909
6399.678198 0.089605
6402.276625 0.069345
6404.875051 0.094228
6407.473478 0.068328
6410.071905 0.057834
6412.670332 0.054817
6415.268759 -0.002548
6417.867186 0.062558
6420.465613 0.058503
6423.064040 0.026348
6425.662467 0.083489
6428.260894 0.064300
6430.859321 0.056848
6433.457748 0.082167
6436.056175 0.087135
6438.654602 0.103337
6441.253029 0.104532
6443.851456 0.115651
6446.449883 0.163378
6449.048310 0.114827
6451.646737 0.092411
6454.245163 0.057947
6456.843590 0.025481
6459.442017 0.036618
6462.040444 0.021989
6464.638871 0.064230
6467.237298 0.065884
6469.835725 0.074357
6472.434152 0.081355
6475.032579 0.101086
6477.631006 0.085221
6480.229433 0.090758
6482.827860 0.065048
6485.426287 0.059479
6488.024714 0.101555
6490.623141 0.169179
6493.221568 0.084205
6495.819995 0.071549
6498.418422 0.058235
6501.016849 0.074155
6503.615275 0.070304
6506.213702 0.085438
6508.812129 0.072489
6511.410556 0.148027
6514.008983 0.152616
6516.607410 0.089745
6519.205837 0.019969
6521.804264 -0.004637
6524.402691 0.013504
6527.001117 0.073313
6529.599545 0.077641
6532.197972 0.094942
6534.796399 0.089494
6537.394826 0.064090
6539.993253 0.104272
6542.591680 0.117584
6545.190107 0.075672
6547.788534 0.048558
6550.386961 0.009193
6552.985387 0.046891
6555.583814 0.116141
6558.182241 0.202245
6560.780668 0.305116
6563.379095 0.349697
6565.977522 0.236068
6568.575949 0.120877
6571.174376 0.094861
6573.772803 0.062305
6576.371229 0.071528
6578.969656 0.081525
6581.568083 0.100280
6584.166510 0.106372
6586.764937 0.105196
6589.363364 0.103704
6591.961792 0.089194
6594.560219 0.099487
6597.158646 0.090107
6599.757073 0.085009
6602.355499 0.066846
6604.953926 0.097321
6607.552353 0.067418
6610.150780 0.047561
6612.749207 0.061982
6615.347634 0.068877
6617.946061 0.075197
6620.544488 0.058924
6623.142915 0.071758
6625.741341 0.077665
6628.339768 0.081994
6630.938195 0.068495
6633.536622 0.069119
6636.135049 0.078790
6638.733476 0.075038
6641.331903 0.082195
6643.930330 0.048266
6646.528757 0.058926
6649.127184 0.063020
6651.725611 0.080973
6654.324038 0.073139
6656.922465 0.085256
6659.520892 0.080795
6662.119319 0.107118
6664.717746 0.109991
6667.316173 0.082585
6669.914600 0.051479
6672.513027 0.087679
6675.111454 0.052162
6677.709880 0.048171
6680.308307 0.048864
6682.906734 0.056506
6685.505161 0.053844
6688.103588 0.068545
6690.702015 0.071379
6693.300442 0.054599
6695.898869 0.071101
6698.497296 0.069732
6701.095723 0.087237
6703.694150 0.104076
6706.292577 0.056162
6708.891004 0.056294
6711.489431 0.064311
6714.087858 0.069251
6716.686285 0.121120
6719.284712 0.071007
6721.883139 0.065336
6724.481566 0.064994
6727.079992 0.102033
6729.678419 0.087938
6732.276846 0.079690
6734.875273 0.066527
6737.473700 0.064487
6740.072127 0.075830
6742.670554 0.073336
6745.268981 0.052941
6747.867408 0.057980
6750.465835 0.081968
6753.064262 0.074152
6755.662689 0.061275
6758.261116 0.078279
6760.859543 0.081651
6763.457970 0.070976
6766.056397 0.112264
6768.654824 0.114096
6771.253251 0.144514
6773.851678 0.130160
6776.450104 0.119121
6779.048531 0.019705
6781.646958 0.096108
6784.245385 -0.034018
6786.843812 0.015506
6789.442239 0.010684
6792.040666 0.028394
6794.639093 0.025724
6797.237520 0.047070
6799.835946 0.054663
6802.434373 0.037503
6805.032801 0.042249
6807.631228 0.069083
6810.229655 0.073879
6838.812351 0.031600
6841.410778 0.096858
6844.009205 0.074312
6846.607632 0.058590
6849.206058 0.093720
6851.804485 0.104735
6854.402912 0.080887
6857.001339 0.013572
6859.599766 0.041972
6862.198193 0.079907
6864.796620 0.144779
6867.395048 0.113962
6869.993475 -0.003947
6872.591902 -0.009656
6875.190328 -0.047241
6877.788755 0.083241
6880.387182 0.078857
6882.985609 0.134060
6885.584036 0.035884
6888.182463 0.106813
6890.780890 0.130028
6893.379317 0.113281
6895.977744 0.026984
6898.576170 0.087870
6901.174597 0.019687
6903.773024 0.002549
6906.371451 0.089173
6908.969878 0.099800
6911.568305 0.066453
6914.166732 0.071330
6916.765159 0.094179
6919.363586 0.088633
6921.962013 0.077015
6924.560440 -0.025949
6927.158867 -0.056358
6929.757294 -0.192343
6932.355721 -0.176966
6934.954148 0.001306
6937.552575 0.022063
6940.151002 0.022611
6942.749429 0.027593
6945.347856 0.085748
6947.946282 0.061338
6950.544709 0.053163
6953.143136 0.068161
6955.741563 0.054035
6958.339990 0.059151
6960.938417 0.076989
6963.536844 0.082702
6966.135271 0.100511
6968.733698 0.086921
6971.332125 0.058135
6973.930552 0.086739
6976.528979 0.093635
6979.127406 0.061089
6981.725833 0.053735
6984.324260 0.075224
6986.922687 0.059111
6989.521114 0.060588
6992.119541 0.064839
6994.717968 0.040549
6997.316394 0.055250
6999.914821 0.077420
7002.513248 0.082178
7005.111675 0.073747
7007.710102 0.072475
7010.308529 0.074511
7012.906956 0.102426
7015.505383 0.067405
7018.103810 0.076781
7020.702237 0.103655
7023.300664 0.078218
7025.899091 0.069099
7028.497518 0.043499
7031.095945 0.045920
7033.694372 0.068083
7036.292799 0.090776
7038.891226 0.084801
7041.489653 0.080342
7044.088080 0.056822
7046.686507 0.095466
7049.284933 0.072636
7051.883360 0.065819
7054.481787 0.092194
7057.080214 0.092091
7059.678641 0.066661
7062.277068 0.084409
7064.875495 0.075881
7067.473922 0.074170
7070.072349 0.093336
7072.670775 0.050402
7075.269202 0.064528
7077.867629 0.055644
7080.466057 0.064034
7083.064484 0.071704
7085.662911 0.081964
7088.261338 0.056332
7090.859765 0.082875
7093.458192 0.095778
7096.056619 0.047769
7098.655045 0.077620
7101.253472 0.071492
7103.851899 0.070827
7106.450326 0.068112
7109.048753 0.089304
7111.647180 0.077516
7114.245607 0.078750
7116.844034 0.092007
7119.442461 0.093192
7122.040887 0.087656
7124.639314 0.063825
7127.237741 0.058268
7129.836168 0.069743
7132.434595 0.108695
7135.033022 0.097406
7137.631449 0.096676
7140.229876 0.111582
7142.828304 0.082396
7145.426731 0.059622
7148.025157 0.057656
7150.623584 0.054552
7153.222011 0.068792
