3743.247187 0.065761
3746.049218 0.067198
3748.851250 0.073302
3751.653281 0.097284
3754.455312 0.102147
3757.257343 0.061302
3760.059375 0.097230
3762.861406 0.079813
3765.663438 0.085493
3768.465469 0.099380
3771.267501 0.115080
3774.069532 0.089822
3776.871564 0.096054
3779.673594 0.091977
3782.475626 0.081670
3785.277657 0.083720
3788.079689 0.057661
3790.881720 0.075708
3793.683752 0.073108
3796.485783 0.075322
3799.287814 0.096442
3802.089846 0.093538
3804.891877 0.098300
3807.693908 0.091069
3810.495940 0.116361
3813.297971 0.091987
3816.100003 0.091308
3818.902034 0.070283
3821.704065 0.080155
3824.506097 0.056024
3827.308128 0.042319
3830.110160 0.069581
3832.912191 0.072909
3835.714222 0.071416
3838.516253 0.075625
3841.318285 0.066014
3844.120316 0.114179
3846.922348 0.106495
3849.724379 0.097451
3852.526411 0.073322
3855.328442 0.110076
3858.130474 0.109730
3860.932504 0.113944
3863.734536 0.100121
3866.536567 0.095677
3869.338599 0.097788
3872.140630 0.081295
3874.942662 0.066018
3877.744693 0.100747
3880.546725 0.051828
3883.348756 0.074377
3886.150787 0.088331
3888.952818 0.051319
3891.754850 0.069354
3894.556881 0.083743
3897.358913 0.116183
3900.160944 0.098572
3902.962976 0.115371
3905.765007 0.113092
3908.567039 0.113146
3911.369070 0.129140
3914.171101 0.104392
3916.973132 0.106290
3919.775164 0.082125
3922.577195 0.079529
3925.379227 0.078509
3928.181258 0.071366
3930.983290 0.059711
3933.785321 0.062461
3936.587352 0.069804
3939.389384 0.106986
3942.191415 0.092171
3944.993446 0.107970
3947.795478 0.092961
3950.597509 0.089791
3953.399541 0.093269
3956.201572 0.101665
3959.003603 0.071774
3961.805635 0.056294
3964.607666 0.077891
3967.409697 0.058092
3970.211729 0.066085
3973.013760 0.076679
3975.815791 0.085879
3978.617823 0.090589
3981.419854 0.104034
3984.221886 0.129554
3987.023917 0.116192
3989.825949 0.136660
3992.627980 0.132444
3995.430011 0.121710
3998.232042 0.126657
4001.034074 0.111275
4003.836105 0.124579
4006.638137 0.127432
4009.440168 0.135704
4012.242200 0.128100
4015.044231 0.115546
4017.846263 0.147525
4020.648293 0.166392
4023.450325 0.144037
4026.252356 0.134476
4029.054388 0.140781
4031.856419 0.137968
4034.658451 0.137572
4037.460482 0.137513
4040.262514 0.157287
4043.064545 0.124182
4045.866577 0.116456
4048.668607 0.149438
4051.470639 0.140219
4054.272670 0.126290
4057.074702 0.120753
4059.876733 0.144201
4062.678765 0.133978
4065.480796 0.120612
4068.282828 0.142272
4071.084859 0.135163
4073.886890 0.124070
4076.688921 0.113542
4079.490953 0.132823
4082.292984 0.094557
4085.095016 0.136220
4087.897047 0.121290
4090.699078 0.137759
4093.501110 0.136105
4096.303141 0.117964
4099.105173 0.113023
4101.907204 0.096332
4104.709235 0.087589
4107.511267 0.123788
4110.313298 0.108604
4113.115329 0.109539
4115.917361 0.110699
4118.719392 0.141373
4121.521424 0.136816
4124.323455 0.149425
4127.125486 0.134275
4129.927517 0.122292
4132.729549 0.119236
4135.531580 0.149439
4138.333612 0.141652
4141.135643 0.167702
4143.937675 0.153568
4146.739706 0.126709
4149.541738 0.112748
4152.343769 0.141436
4155.145800 0.144743
4157.947831 0.130054
4160.749863 0.146311
4163.551894 0.124760
4166.353926 0.141565
4169.155957 0.140506
4171.957989 0.160737
4174.760020 0.129502
4177.562052 0.145530
4180.364082 0.127156
4183.166114 0.146811
4185.968145 0.152119
4188.770177 0.129468
4191.572208 0.133145
4194.374240 0.134942
4197.176271 0.155973
4199.978303 0.161488
4202.780334 0.154490
4205.582366 0.149515
4208.384396 0.151363
4211.186428 0.153001
4213.988459 0.143134
4216.790491 0.140814
4219.592522 0.152336
4222.394554 0.162363
4225.196585 0.160520
4227.998616 0.133057
4230.800648 0.134216
4233.602679 0.129709
4236.404710 0.145609
4239.206742 0.140232
4242.008773 0.137418
4244.810804 0.161725
4247.612836 0.168075
4250.414867 0.143280
4253.216899 0.157942
4256.018930 0.157684
4258.820962 0.138722
4261.622993 0.152878
4264.425024 0.146540
4267.227055 0.144876
4270.029087 0.163527
4272.831118 0.153813
4275.633150 0.141619
4278.435181 0.128669
4281.237213 0.128585
4284.039244 0.145640
4286.841275 0.131915
4289.643306 0.135054
4292.445338 0.145849
4295.247369 0.123848
4298.049401 0.143068
4300.851432 0.137388
4303.653464 0.141902
4306.455495 0.135525
4309.257527 0.113932
4312.059558 0.124020
4314.861589 0.138449
4317.663620 0.130616
4320.465652 0.139032
4323.267683 0.134796
4326.069715 0.118946
4328.871746 0.107705
4331.673778 0.124156
4334.475809 0.130048
4337.277841 0.149482
4340.079872 0.150656
4342.881903 0.125926
4345.683934 0.145424
4348.485966 0.136468
4351.287997 0.130687
4354.090029 0.130728
4356.892060 0.150231
4359.694092 0.155412
4362.496123 0.164846
4365.298154 0.140188
4368.100185 0.162112
4370.902217 0.168636
4373.704248 0.147142
4376.506280 0.149853
4379.308311 0.146110
4382.110342 0.160313
4384.912374 0.142693
4387.714405 0.138328
4390.516437 0.173496
4393.318468 0.147616
4396.120499 0.137714
4398.922531 0.147617
4401.724562 0.152830
4404.526593 0.162973
4407.328625 0.181566
4410.130656 0.172050
4412.932688 0.133195
4415.734719 0.162773
4418.536751 0.143055
4421.338781 0.148863
4424.140813 0.178635
4426.942844 0.171840
4429.744876 0.168866
4432.546907 0.146549
4435.348939 0.167745
4438.150970 0.196567
4440.953002 0.162376
4443.755033 0.158694
4446.557065 0.160635
4449.359095 0.147599
4452.161127 0.156802
4454.963158 0.170178
4457.765190 0.168451
4460.567221 0.135115
4463.369253 0.132340
4466.171284 0.161962
4468.973316 0.157627
4471.775347 0.160143
4474.577378 0.187719
4477.379409 0.179991
4480.181441 0.171581
4482.983472 0.151852
4485.785504 0.166996
4488.587535 0.158741
4491.389567 0.168127
4494.191598 0.168859
4496.993630 0.171597
4499.795661 0.153594
4502.597692 0.149935
4505.399723 0.184784
4508.201755 0.182731
4511.003786 0.177168
4513.805818 0.193165
4516.607849 0.169071
4519.409880 0.170094
4522.211912 0.175112
4525.013943 0.162666
4527.815974 0.188532
4530.618006 0.155358
4533.420037 0.154857
4536.222068 0.151694
4539.024100 0.170362
4541.826131 0.167746
4544.628163 0.166767
4547.430194 0.171348
4550.232226 0.167433
4553.034257 0.152185
4555.836288 0.160309
4558.638319 0.178291
4561.440351 0.184162
4564.242382 0.163234
4567.044414 0.150462
4569.846445 0.169567
4572.648477 0.165123
4575.450508 0.172705
4578.252540 0.156731
4581.054570 0.172983
4583.856602 0.172906
4586.658633 0.188247
4589.460665 0.158347
4592.262696 0.166821
4595.064728 0.182036
4597.866759 0.156452
4600.668791 0.169962
4603.470822 0.186480
4606.272854 0.162803
4609.074884 0.174217
4611.876916 0.212039
4614.678947 0.186220
4617.480979 0.162860
4620.283010 0.170960
4623.085042 0.175417
4625.887073 0.167614
4628.689105 0.178170
4631.491136 0.162694
4634.293167 0.166963
4637.095198 0.162198
4639.897230 0.164045
4662.313481 0.158785
4665.115512 0.176728
4667.917544 0.181651
4670.719575 0.168960
4673.521606 0.184661
4676.323638 0.175620
4679.125669 0.187886
4681.927701 0.176010
4684.729732 0.170267
4687.531763 0.181319
4690.333795 0.190832
4693.135826 0.177415
4695.937857 0.174210
4698.739889 0.185953
4701.541920 0.176250
4704.343952 0.165413
4707.145983 0.167040
4709.948015 0.179284
4712.750046 0.183879
4715.552077 0.168213
4718.354108 0.188973
4721.156140 0.172004
4723.958171 0.174070
4726.760203 0.173670
4729.562234 0.157716
4732.364266 0.170710
4735.166297 0.166762
4737.968329 0.173259
4740.770360 0.180621
4743.572391 0.179872
4746.374422 0.169507
4749.176454 0.167487
4751.978485 0.179873
4754.780517 0.154301
4757.582548 0.168298
4760.384580 0.191439
4763.186611 0.171259
4765.988643 0.171175
4768.790673 0.188045
4771.592705 0.160154
4774.394736 0.191095
4777.196768 0.176103
4779.998799 0.189134
4782.800831 0.194026
4785.602862 0.183179
4788.404894 0.174615
4791.206925 0.196382
4794.008956 0.174600
4796.810987 0.185325
4799.613019 0.176648
4802.415050 0.163386
4805.217082 0.182971
4808.019113 0.184489
4810.821144 0.182592
4813.623176 0.173863
4816.425207 0.171365
4819.227239 0.169446
4822.029270 0.181423
4824.831301 0.191211
4827.633332 0.165529
4830.435364 0.154768
4833.237395 0.167986
4836.039427 0.166699
4838.841458 0.163347
4841.643490 0.160797
4844.445521 0.164429
4847.247553 0.167947
4850.049583 0.161481
4852.851615 0.173466
4855.653646 0.170320
4858.455678 0.177954
4861.257709 0.215243
4864.059741 0.203031
4866.861772 0.181170
4869.663804 0.160647
4872.465835 0.150681
4875.267866 0.155090
4878.069897 0.149550
4880.871929 0.172023
4883.673960 0.188222
4886.475992 0.167642
4889.278023 0.185040
4892.080055 0.174132
4894.882086 0.159395
4897.684118 0.165622
4900.486149 0.171653
4903.288180 0.201610
4906.090211 0.217984
4908.892243 0.223104
4911.694274 0.224022
4914.496306 0.169225
4917.298337 0.130077
4920.100369 0.154331
4922.902400 0.139797
4925.704432 0.151793
4928.506462 0.177034
4931.308494 0.191928
4934.110525 0.195277
4936.912557 0.190445
4939.714588 0.172931
4942.516620 0.170269
4945.318651 0.189641
4948.120682 0.176108
4950.922714 0.198541
4953.724745 0.203027
4956.526776 0.191287
4959.328808 0.185983
4962.130839 0.185169
4964.932870 0.191995
4967.734902 0.194359
4970.536933 0.176860
4973.338965 0.177259
4976.140996 0.173018
4978.943028 0.204734
4981.745059 0.171719
4984.547090 0.146409
4987.349121 0.166872
4990.151153 0.154811
4992.953184 0.168986
4995.755216 0.167869
4998.557247 0.181039
5001.359279 0.189166
5004.161310 0.196780
5006.963342 0.221876
5009.765372 0.204064
5012.567404 0.182182
5015.369435 0.160694
5018.171467 0.143969
5020.973498 0.166600
5023.775530 0.174885
5026.577561 0.172067
5029.379593 0.179908
5032.181624 0.175440
5034.983655 0.174494
5037.785686 0.172225
5040.587718 0.176148
5043.389749 0.160681
5046.191781 0.169363
5048.993812 0.189212
5051.795844 0.195015
5054.597875 0.204630
5057.399907 0.196677
5060.201938 0.178162
5063.003969 0.178013
5065.806000 0.176719
5068.608032 0.174917
5071.410063 0.168063
5074.212095 0.176455
5077.014126 0.162191
5079.816158 0.161749
5082.618189 0.183232
5085.420220 0.169852
5088.222251 0.180355
5091.024283 0.175201
5093.826314 0.161061
5096.628346 0.158926
5099.430377 0.177382
5102.232408 0.174119
5105.034440 0.181052
5107.836471 0.168849
5110.638503 0.172537
5113.440534 0.164309
5116.242565 0.192595
5119.044596 0.186543
5121.846628 0.180218
5124.648659 0.186078
5127.450691 0.174134
5130.252722 0.175738
5133.054754 0.174408
5135.856785 0.183332
5138.658817 0.177288
5141.460848 0.164828
5144.262879 0.171260
5147.064910 0.172359
5149.866942 0.176380
5152.668973 0.153589
5155.471005 0.171104
5158.273036 0.197906
5161.075068 0.187431
5163.877099 0.169064
5166.679131 0.138860
5169.481161 0.128983
5172.283193 0.161988
5175.085224 0.175208
5177.887256 0.172831
5180.689287 0.142763
5183.491319 0.154736
5186.293350 0.175267
5189.095382 0.155283
5191.897413 0.164828
5194.699445 0.191844
5197.501475 0.201457
5200.303507 0.212116
5203.105538 0.165331
5205.907570 0.164549
5208.709601 0.151453
5211.511633 0.168971
5214.313664 0.170719
5217.115696 0.198126
5219.917727 0.188687
5222.719758 0.144007
5225.521789 0.159868
5228.323821 0.165890
5231.125852 0.149033
5233.927884 0.165334
5236.729915 0.180176
5239.531946 0.157138
5242.333978 0.168312
5270.354292 0.172481
5273.156323 0.166247
5275.958354 0.147208
5278.760385 0.149379
5281.562417 0.177426
5284.364448 0.170510
5287.166480 0.183092
5289.968511 0.190517
5292.770543 0.192006
5295.572574 0.182073
5298.374606 0.152801
5301.176637 0.248031
5303.978668 0.208433
5306.780699 0.224796
5309.582731 0.157256
5312.384762 0.100065
5315.186794 0.171449
5317.988825 0.168309
5320.790857 0.186084
5323.592888 0.185349
5326.394920 0.170284
5329.196950 0.162915
5331.998982 0.185183
5334.801013 0.192199
5337.603045 0.189005
5340.405076 0.192202
5343.207108 0.177494
5346.009139 0.163092
5348.811171 0.179563
5351.613202 0.189474
5354.415234 0.197150
5357.217264 0.170930
5360.019296 0.185482
5362.821327 0.187319
5365.623359 0.169652
5368.425390 0.188711
5371.227422 0.181248
5374.029453 0.161023
5376.831484 0.179029
5379.633516 0.194734
5382.435547 0.189264
5385.237578 0.206199
5388.039610 0.177098
5390.841641 0.183393
5393.643672 0.170588
5396.445704 0.171522
5399.247735 0.138910
5402.049767 0.152019
5404.851798 0.192366
5407.653830 0.170644
5410.455860 0.172136
5413.257892 0.171981
5416.059923 0.186298
5418.861955 0.183355
5421.663986 0.179809
5424.466018 0.171032
5427.268049 0.167223
5430.070081 0.187044
5432.872112 0.157033
5435.674143 0.168637
5438.476174 0.169651
5441.278206 0.183277
5444.080237 0.193011
5446.882269 0.157362
5449.684300 0.183525
5452.486332 0.183471
5455.288363 0.173977
5458.090395 0.186854
5460.892426 0.176170
5463.694457 0.177160
5466.496488 0.192495
5469.298520 0.203270
5472.100551 0.164182
5474.902583 0.198340
5477.704614 0.164863
5480.506646 0.167948
5483.308677 0.175227
5486.110709 0.169727
5488.912739 0.160446
5491.714771 0.159135
5494.516802 0.196841
5497.318834 0.183276
5500.120865 0.175169
5502.922897 0.197567
5505.724928 0.183731
5508.526960 0.169202
5511.328991 0.167674
5514.131022 0.166685
5516.933053 0.194174
5519.735085 0.188065
5522.537116 0.168850
5525.339148 0.181731
5528.141179 0.174727
5530.943210 0.183313
5533.745242 0.186923
5536.547273 0.185409
5539.349305 0.177703
5542.151336 0.184962
5544.953367 0.193838
5547.755398 0.179606
5550.557430 0.167682
5553.359461 0.180864
5556.161493 0.197494
5558.963524 0.196268
5561.765556 0.183725
5564.567587 0.192178
5567.369619 0.170944
5570.171649 0.179999
5572.973681 0.193570
5575.775712 0.184318
5578.577744 0.180300
5581.379775 0.180228
5584.181807 0.194970
5586.983838 0.172945
5589.785870 0.178754
5592.587901 0.156864
5595.389933 0.159942
5598.191963 0.185234
5600.993995 0.170926
5603.796026 0.155675
5606.598058 0.170859
5609.400089 0.197835
5612.202121 0.167998
5615.004152 0.195229
5617.806184 0.193747
5620.608215 0.175280
5623.410246 0.181800
5626.212277 0.196139
5629.014309 0.181074
5631.816340 0.170192
5634.618372 0.179378
5637.420403 0.165111
5640.222435 0.155532
5643.024466 0.181978
5645.826498 0.193008
5648.628529 0.186192
5651.430560 0.206104
5654.232591 0.190327
5657.034623 0.176612
5659.836654 0.172089
5662.638686 0.152054
5665.440717 0.169456
5668.242748 0.189387
5671.044780 0.170992
5673.846811 0.170873
5676.648842 0.166884
5679.450874 0.175008
5682.252905 0.188057
5685.054936 0.173475
5687.856968 0.184016
5690.658999 0.178577
5693.461031 0.174580
5696.263062 0.194155
5699.065094 0.178763
5701.867125 0.161032
5704.669156 0.140103
5707.471187 0.151122
5710.273219 0.174670
5713.075250 0.183202
5715.877282 0.194731
5718.679313 0.192346
5721.481345 0.175218
5724.283376 0.186629
5727.085408 0.121747
5729.887438 0.124208
5732.689470 0.140389
5735.491501 0.160846
5738.293533 0.156955
5741.095564 0.157430
5743.897596 0.163747
5746.699627 0.164705
5749.501659 0.160905
5752.303690 0.157786
5755.105722 0.146623
5757.907752 0.160310
5760.709784 0.185964
5763.511815 0.142895
5766.313847 0.185053
5769.115878 0.209232
5771.917910 0.172541
5774.719941 0.154530
5777.521973 0.152315
5780.324004 0.171137
5783.126035 0.196348
5785.928066 0.176147
5788.730098 0.179485
5791.532129 0.179859
5794.334161 0.169576
5797.136192 0.151852
5799.938224 0.160662
5802.740255 0.165229
5805.542286 0.165785
5808.344318 0.161335
5811.146349 0.151005
5813.948380 0.185509
5816.750412 0.181390
5819.552443 0.182353
5822.354474 0.193802
5825.156506 0.172776
5827.958537 0.156172
5830.760569 0.162419
5833.562600 0.186178
5836.364631 0.194120
5839.166662 0.183686
5841.968694 0.165408
5844.770725 0.186169
5847.572757 0.183212
5850.374788 0.168248
5853.176820 0.158198
5855.978851 0.178462
5858.780883 0.184889
5861.582914 0.162968
5864.384945 0.159213
5867.186976 0.177032
5869.989008 0.184292
5872.791039 0.166791
5875.593071 0.180654
5878.395102 0.185917
5881.197134 0.173876
5883.999165 0.165961
5886.801197 0.155547
5889.603227 0.143816
5892.405259 0.154982
5895.207290 0.121024
5898.009322 0.124890
5900.811353 0.152105
5903.613385 0.178628
5906.415416 0.165584
5909.217448 0.157115
5912.019479 0.160266
5914.821511 0.150519
5917.623541 0.160797
5920.425573 0.170398
5923.227604 0.167667
5926.029636 0.170305
5928.831667 0.174550
5931.633699 0.165232
5934.435730 0.169485
5937.237762 0.173678
5940.039793 0.161091
5942.841824 0.146567
5945.643855 0.173254
5948.445887 0.169207
5951.247918 0.176247
5954.049950 0.161113
5956.851981 0.169076
5959.654012 0.195087
5962.456044 0.168866
5965.258075 0.165258
5968.060107 0.175910
5970.862138 0.168219
5973.664169 0.156009
5976.466200 0.145046
5979.268232 0.151548
5982.070263 0.148301
5984.872295 0.157983
5987.674326 0.130705
5990.476358 0.175330
5993.278389 0.131885
5996.080421 0.130240
5998.882451 0.120485
6001.684483 0.147623
6004.486514 0.144863
6007.288546 0.145417
6010.090577 0.141466
6012.892609 0.150470
6015.694640 0.147755
6018.496672 0.162715
6021.298703 0.164113
6024.100734 0.145686
6026.902765 0.158775
6029.704797 0.152224
6032.506828 0.145432
6035.308860 0.133578
6038.110891 0.152639
6040.912923 0.165906
6043.714954 0.163209
6046.516986 0.163597
6049.319017 0.158437
6052.121048 0.158794
6054.923079 0.164192
6057.725111 0.164799
6060.527142 0.145948
6063.329174 0.158786
6066.131205 0.144681
6068.933237 0.164955
6071.735268 0.164027
6074.537300 0.102501
6077.339330 0.135009
6080.141362 0.147802
6082.943393 0.160759
6085.745425 0.160004
6088.547456 0.159733
6091.349488 0.143416
6094.151519 0.145723
6096.953550 0.137529
6099.755582 0.146707
6102.557613 0.168081
6105.359644 0.144672
6108.161676 0.147323
6110.963707 0.137214
6113.765738 0.161339
6116.567770 0.159000
6119.369801 0.144480
6122.171833 0.168607
6124.973864 0.140275
6127.775896 0.182175
6130.577926 0.162644
6133.379958 0.147488
6136.181989 0.136282
6138.984021 0.129595
6141.786052 0.139138
6144.588084 0.136139
6147.390115 0.144565
6150.192147 0.131249
6152.994178 0.142989
6155.796210 0.116374
6158.598240 0.147650
6161.400272 0.148020
6164.202303 0.131495
6167.004335 0.126480
6169.806366 0.129841
6172.608398 0.137717
6175.410429 0.133834
6178.212461 0.116146
6181.014492 0.142777
6183.816523 0.145356
6186.618554 0.142190
6189.420586 0.135565
6192.222617 0.137776
6195.024649 0.140278
6197.826680 0.151564
6200.628712 0.148252
6203.430743 0.113679
6206.232775 0.142433
6209.034806 0.135615
6211.836837 0.129847
6214.638868 0.134442
6217.440900 0.123368
6220.242931 0.126444
6223.044963 0.122563
6225.846994 0.124492
6228.649026 0.130546
6231.451057 0.123209
6234.253088 0.146670
6237.055119 0.129371
6239.857151 0.135509
6242.659182 0.121035
6245.461214 0.131401
6248.263245 0.099964
6251.065276 0.117773
6253.867308 0.139700
6256.669339 0.133283
6259.471371 0.128045
6262.273402 0.115465
6265.075433 0.135129
6267.877464 0.138057
6270.679496 0.153216
6273.481527 0.121397
6276.283559 0.110031
6279.085590 0.096285
6281.887622 0.098703
6284.689653 0.111425
6287.491685 0.110813
6290.293715 0.109733
6293.095747 0.129162
6295.897778 0.123996
6298.699810 0.113559
6301.501841 0.128030
6304.303873 0.138207
6307.105904 0.125842
6309.907936 0.117212
6312.709967 0.120701
6315.511999 0.127763
6318.314029 0.115135
6321.116061 0.112028
6323.918092 0.105362
6326.720124 0.122660
6329.522155 0.115947
6332.324187 0.111932
6335.126218 0.080749
6337.928250 0.053095
6340.730281 0.039788
6343.532312 0.109391
6346.334343 0.094568
6349.136375 0.136641
6351.938406 0.169719
6354.740438 0.125446
6357.542469 0.089848
6360.344501 0.124870
6363.146532 0.131008
6365.948564 0.116398
6368.750595 0.098516
6371.552626 0.086931
6374.354657 0.130626
6377.156689 0.129219
6379.958720 0.114170
6382.760752 0.111622
6385.562783 0.117986
6388.364814 0.113536
6391.166846 0.133831
6393.968877 0.108829
6396.770909 0.100519
6399.572940 0.109525
6402.374971 0.114472
6405.177002 0.127038
6407.979034 0.111539
6410.781065 0.110404
6413.583097 0.116678
6416.385128 0.111188
6419.187160 0.131551
6421.989191 0.127094
6424.791222 0.136231
6427.593253 0.154501
6430.395285 0.130306
6433.197316 0.093435
6435.999348 0.043097
6438.801379 0.079689
6441.603411 0.087919
6444.405442 0.076044
6447.207474 0.107232
6450.009505 0.092709
6452.811536 0.096355
6455.613567 0.125102
6458.415599 0.107497
6461.217630 0.102311
6464.019662 0.093251
6466.821693 0.070144
6469.623725 0.051428
6472.425756 0.110322
6475.227788 0.103180
6478.029818 0.090933
6480.831850 0.086496
6483.633881 0.111304
6486.435913 0.108305
6489.237944 0.074340
6492.039976 0.089046
6494.842007 0.126224
6497.644039 0.082786
6500.446070 0.099059
6503.248102 0.100255
6506.050132 0.095558
6508.852164 0.103895
6511.654195 0.082070
6514.456227 0.083849
6517.258258 0.125197
6520.060290 0.097702
6522.862321 0.132682
6525.664352 0.100464
6528.466384 0.041000
6531.268415 0.091443
6534.070446 0.097544
6536.872478 0.085237
6539.674509 0.088122
6542.476540 0.121544
6545.278572 0.147355
6548.080603 0.128085
6550.882635 0.063989
6553.684666 0.044430
6556.486698 0.073491
6559.288728 0.070121
6562.090760 0.180159
6564.892791 0.291020
6567.694823 0.199574
6570.496854 0.127612
6573.298886 0.091393
6576.100917 0.095814
6578.902949 0.093352
6581.704980 0.125710
6584.507011 0.167675
6587.309042 0.142459
6590.111074 0.126273
6592.913105 0.142698
6595.715137 0.107127
6598.517168 0.074680
6601.319200 0.087129
6604.121231 0.043578
6606.923263 0.061002
6609.725294 0.065828
6612.527325 0.081170
6615.329356 0.082021
6618.131388 0.085569
6620.933419 0.093006
6623.735451 0.116000
6626.537482 0.069929
6629.339514 0.090562
6632.141545 0.080715
6634.943577 0.107161
6637.745607 0.106559
6640.547639 0.065881
6643.349670 0.059003
6646.151702 0.074659
6648.953733 0.081270
6651.755765 0.086027
6654.557796 0.017752
6657.359828 0.086346
6660.161859 0.122977
6662.963890 0.127362
6665.765921 0.079227
6668.567953 0.079820
6671.369984 0.052844
6674.172016 0.068739
6676.974047 0.097009
6679.776078 0.085909
6682.578110 0.071374
6685.380141 0.070067
6688.182173 0.123653
6690.984204 0.056552
6693.786235 0.063289
6696.588266 0.048211
6699.390298 0.070223
6702.192329 0.045608
6704.994361 0.078147
6707.796392 0.100381
6710.598424 0.098048
6713.400455 0.080748
6716.202487 0.106340
6719.004517 0.090087
6721.806549 0.059078
6724.608580 0.067158
6727.410612 0.074071
6730.212643 0.084347
6733.014675 0.100318
6735.816706 0.086367
6738.618738 0.059712
6741.420769 0.073144
6744.222800 0.072325
6747.024831 0.085394
6749.826863 0.087864
6752.628894 0.074406
6755.430926 0.070630
6758.232957 0.095688
6761.034989 0.083600
6763.837020 0.080046
6766.639052 0.075322
6769.441083 0.088153
6772.243114 0.076048
6775.045145 0.071103
