3253.879317 -0.035496
3256.289768 0.042612
3258.700220 0.031354
3261.110671 0.036820
3263.521122 0.006912
3265.931573 0.053393
3268.342024 0.024005
3270.752475 0.028300
3273.162926 0.028484
3275.573376 0.032914
3277.983827 0.046660
3280.394278 0.029733
3282.804729 0.030182
3285.215180 0.030655
3287.625631 0.018073
3290.036082 0.050088
3292.446533 0.068680
3294.856984 0.047436
3297.267435 0.066916
3299.677886 0.057248
3302.088337 0.063365
3304.498788 0.033429
3306.909239 0.020343
3309.319690 0.035863
3311.730141 0.038632
3314.140592 0.039260
3316.551043 0.022171
3318.961494 0.028019
3321.371944 0.043489
3323.782395 0.039759
3326.192846 0.022674
3328.603297 0.007317
3331.013748 0.010137
3333.424199 0.028578
3335.834650 0.016200
3338.245101 0.010054
3340.655552 0.012573
3343.066003 0.039567
3345.476454 0.031100
3347.886905 0.028364
3350.297356 0.011216
3352.707807 0.014207
3355.118258 0.009244
3357.528709 0.026413
3359.939160 0.044847
3362.349611 0.052467
3364.760062 0.057651
3367.170512 0.019749
3369.580963 0.015828
3371.991414 0.029258
3374.401865 0.032701
3376.812316 0.039887
3379.222767 0.017811
3381.633218 0.009322
3384.043669 0.017740
3386.454120 0.026582
3388.864571 0.014077
3391.275022 0.017164
3393.685473 0.028767
3396.095924 0.048420
3398.506375 0.033942
3400.916826 0.042407
3403.327277 0.019230
3405.737728 0.024637
3408.148179 0.033174
3410.558630 0.047809
3412.969080 0.045550
3415.379531 0.032296
3417.789982 0.037402
3420.200433 0.034089
3422.610884 0.038564
3425.021335 0.036776
3427.431786 0.014480
3429.842237 0.060871
3432.252688 0.066269
3434.663139 0.037448
3437.073590 0.007626
3439.484041 0.022005
3441.894492 0.018436
3444.304943 0.030847
3446.715394 0.022903
3449.125845 0.020480
3451.536296 0.040176
3453.946747 0.032863
3456.357198 0.024363
3458.767648 0.012355
3461.178099 0.027188
3463.588550 0.023017
3465.999001 0.001588
3468.409452 0.023987
3470.819903 0.029350
3473.230354 0.034900
3475.640805 0.044141
3478.051257 0.028912
3480.461708 0.019765
3482.872158 0.026325
3485.282609 0.030779
3487.693060 0.026622
3490.103511 0.021047
3492.513962 0.030764
3494.924413 0.042089
3497.334864 0.021798
3499.745315 0.000815
3502.155766 0.031618
3504.566216 0.043883
3506.976667 0.025285
3509.387118 0.052647
3511.797569 0.024462
3514.208020 0.019105
3516.618472 0.031270
3519.028923 0.042019
3521.439374 0.048731
3523.849825 0.033687
3526.260276 0.004560
3528.670726 0.033490
3531.081177 0.015587
3533.491628 0.023206
3535.902079 0.027019
3538.312530 0.031707
3540.722981 0.035473
3543.133432 0.027539
3545.543883 0.029769
3547.954334 0.048918
3550.364784 0.010274
3552.775235 0.023981
3555.185687 0.026457
3557.596138 0.022367
3560.006589 0.051732
3562.417040 0.038374
3564.827491 0.057524
3567.237942 0.013519
3569.648393 0.046204
3572.058844 0.033631
3574.469294 0.016692
3576.879745 0.037952
3579.290196 0.027753
3581.700647 0.024893
3584.111098 0.026349
3586.521549 0.037954
3588.932000 0.037426
3591.342451 0.028758
3593.752902 0.031896
3596.163353 0.034848
3598.573804 0.020319
3600.984255 0.042946
3603.394706 0.037067
3605.805157 0.019746
3608.215608 0.028726
3610.626059 0.025196
3613.036510 0.011444
3615.446961 0.032507
3617.857412 0.013928
3620.267862 0.012281
3622.678313 0.014132
3625.088764 0.038649
3627.499215 0.038914
3629.909666 0.005910
3632.320117 0.030386
3634.730568 0.031032
3637.141019 0.017342
3639.551470 0.050374
3641.961921 0.048274
3644.372372 0.027152
3646.782823 0.022072
3649.193274 0.001782
3651.603725 0.020922
3654.014176 0.030739
3656.424627 0.044179
3658.835078 0.038763
3661.245529 0.053633
3663.655980 0.029261
3666.066430 0.026365
3668.476881 0.029435
3670.887332 0.030476
3673.297783 0.035492
3675.708234 0.030232
3678.118685 0.041318
3680.529136 0.027412
3682.939587 0.031278
3685.350038 0.034887
3687.760489 0.020868
3690.170940 0.035136
3692.581391 0.036534
3694.991842 0.039109
3697.402293 0.034645
3699.812744 0.036102
3702.223195 0.029928
3704.633646 0.047730
3707.044097 0.012490
3709.454548 0.033156
3711.864998 0.035152
3714.275449 0.043594
3716.685900 0.032542
3719.096351 0.039666
3721.506802 0.039585
3723.917253 0.089377
3726.327704 0.102451
3728.738155 0.107703
3731.148606 0.101854
3733.559057 0.068770
3735.969508 0.023751
3738.379959 0.006783
3740.790410 0.045286
3743.200861 0.034502
3745.611312 0.035412
3748.021763 0.019518
3750.432214 0.013450
3752.842665 0.029010
3755.253116 0.027315
3757.663566 0.034266
3760.074017 0.040833
3762.484468 0.048696
3764.894919 0.049382
3767.305370 0.041739
3769.715821 0.034212
3772.126272 0.031275
3774.536724 0.032230
3776.947175 0.044485
3779.357626 0.055232
3781.768076 0.038962
3784.178527 0.047358
3786.588978 0.040528
3788.999429 0.040582
3791.409880 0.044612
3793.820331 0.023759
3796.230782 0.031135
3798.641233 0.030252
3801.051684 0.032718
3803.462134 0.036189
3805.872585 0.018808
3808.283036 0.064406
3810.693487 0.052884
3813.103939 0.040715
3815.514390 0.039537
3817.924841 0.057531
3820.335292 0.054755
3822.745743 0.039718
3825.156194 0.059651
3827.566644 0.054220
3829.977095 0.039090
3832.387546 0.037998
3834.797997 0.030190
3837.208448 0.021177
3839.618899 0.026149
3842.029350 0.027245
3844.439801 0.024723
3846.850252 0.050270
3849.260702 0.046370
3851.671154 0.046540
3854.081605 0.047301
3856.492056 0.041986
3858.902507 0.033208
3861.312958 0.036110
3863.723409 0.054855
3866.133860 0.067794
3868.544311 0.073416
3870.954762 0.054840
3873.365212 0.048157
3875.775663 0.046094
3878.186114 0.049028
3880.596565 0.022687
3883.007016 0.042020
3885.417467 0.028853
3887.827918 0.048051
3890.238369 0.040374
3892.648820 0.037067
3895.059271 0.041067
3897.469722 0.026821
3899.880173 0.046218
3902.290624 0.017075
3904.701075 0.043563
3907.111526 0.045435
3909.521977 0.056701
3911.932428 0.044485
3914.342879 0.051999
3916.753330 0.053240
3919.163780 0.052463
3921.574231 0.050949
3923.984682 0.064375
3926.395133 0.045575
3928.805584 0.028943
3931.216035 0.037312
3933.626486 0.021697
3936.036937 0.021946
3938.447388 0.054479
3940.857839 0.037368
3943.268290 0.034547
3945.678741 0.042765
3948.089192 0.050649
3950.499643 0.042871
3952.910094 0.037025
3955.320545 0.062724
3957.730996 0.060645
3960.141447 0.031474
3962.551898 0.028789
3964.962348 0.045388
3967.372799 0.029089
3969.783250 0.023814
3972.193701 0.027970
3974.604152 0.060459
3977.014603 0.053796
3979.425054 0.043208
3981.835505 0.034941
3984.245956 0.047221
3986.656407 0.031168
3989.066858 0.031322
4015.581818 0.043899
4017.992269 0.041450
4020.402720 0.053557
4022.813171 0.035799
4025.223622 0.039663
4027.634073 0.048737
4030.044524 0.053065
4032.454975 0.079054
4034.865426 0.058570
4037.275877 0.058459
4039.686328 0.044393
4042.096779 0.046611
4044.507230 0.048056
4046.917681 0.049580
4049.328132 0.063628
4051.738583 0.051494
4054.149034 0.060062
4056.559484 0.047153
4058.969935 0.050710
4061.380386 0.065468
4063.790837 0.043178
4066.201288 0.038266
4068.611739 0.043853
4071.022190 0.069185
4073.432642 0.055924
4075.843093 0.051377
4078.253544 0.048511
4080.663994 0.040932
4083.074445 0.049446
4085.484896 0.039011
4087.895347 0.053451
4090.305798 0.038863
4092.716249 0.036878
4095.126700 0.049826
4097.537151 0.044499
4099.947602 0.035618
4102.358052 0.040220
4104.768503 0.040833
4107.178954 0.048017
4109.589405 0.054095
4111.999857 0.047336
4114.410308 0.044897
4116.820759 0.044059
4119.231210 0.049633
4121.641661 0.063320
4124.052112 0.050123
4126.462562 0.061228
4128.873013 0.051571
4131.283464 0.044861
4133.693915 0.042177
4136.104366 0.041888
4138.514817 0.068890
4140.925268 0.058822
4143.335719 0.067442
4145.746170 0.048427
4148.156620 0.036602
4150.567072 0.028796
4189.134287 0.058420
4191.544738 0.050263
4193.955189 0.053411
4196.365640 0.067095
4198.776091 0.040785
4201.186542 0.053525
4203.596993 0.043409
4206.007444 0.063319
4208.417895 0.069003
4210.828346 0.075331
4213.238797 0.049092
4215.649248 0.043061
4218.059698 0.053000
4220.470149 0.087515
4222.880600 0.071170
4225.291051 0.075500
4227.701502 -0.000114
4230.111953 0.034338
4232.522404 0.053706
4234.932855 0.004490
4237.343306 0.046762
4239.753757 0.057889
4242.164208 0.059104
4244.574659 0.059335
4246.985110 0.048637
4249.395561 0.050477
4251.806012 0.046847
4254.216463 0.025823
4256.626914 0.042071
4259.037365 0.049766
4261.447816 0.047235
4263.858266 0.043221
4266.268717 0.046800
4268.679168 0.048867
4271.089619 0.034908
4273.500070 0.054026
4275.910521 0.038130
4278.320972 0.068108
4280.731423 0.047244
4283.141874 0.047251
4285.552325 0.043087
4287.962776 0.049166
4290.373227 0.041133
4292.783678 0.028090
4295.194129 0.046278
4297.604580 0.060276
4300.015031 0.038620
4302.425482 0.038442
4304.835933 0.048096
4307.246384 0.060719
4309.656834 0.016361
4312.067285 0.058794
4314.477736 0.043920
4316.888187 0.046461
4319.298638 0.039263
4321.709089 0.041199
4324.119540 0.038315
4326.529991 0.026942
4328.940442 0.041000
4331.350893 0.044085
4333.761344 0.033841
4336.171795 0.055834
4338.582246 0.059426
4340.992697 0.059164
4343.403148 0.053117
4345.813599 0.042743
4348.224050 0.052001
4350.634501 0.055123
4353.044952 0.049035
4355.455402 0.036366
4357.865853 0.037086
4360.276304 0.060595
4362.686755 0.045252
4365.097206 0.042812
4367.507657 0.047784
4369.918109 0.062259
4372.328560 0.051096
4374.739011 0.043719
4377.149461 0.037714
4379.559912 0.033535
4381.970363 0.051428
4384.380814 0.049954
4386.791265 0.043247
4389.201716 0.056035
4391.612167 0.042752
4394.022618 0.070199
4396.433069 0.055277
4398.843520 0.059606
4401.253970 0.050664
4403.664421 0.031379
4406.074872 0.056339
4408.485324 0.044680
4410.895775 0.065048
4413.306226 0.061001
4415.716677 0.064649
4418.127128 0.035614
4420.537579 0.033729
4422.948030 0.058246
4425.358480 0.049027
4427.768931 0.053027
4430.179382 0.029031
4432.589833 0.057223
4435.000284 0.047282
4437.410735 0.050123
4439.821186 0.045886
4442.231637 0.037458
4444.642088 0.037161
4447.052539 0.039429
4449.462990 0.048341
4451.873441 0.043175
4454.283892 0.048456
4456.694343 0.053140
4459.104794 0.046187
4461.515245 0.050704
4463.925696 0.063258
4466.336147 0.072249
4468.746598 0.044877
4471.157048 0.060528
4473.567499 0.044377
4475.977950 0.047817
4478.388401 0.056276
4480.798852 0.054933
4483.209303 0.039201
4485.619754 0.038497
4488.030205 0.052549
4490.440656 0.062695
4492.851107 0.049020
4495.261558 0.030584
4497.672009 0.032258
4500.082460 0.058903
4502.492911 0.063677
4504.903362 0.040567
4507.313813 0.080462
4509.724264 0.058269
4512.134715 0.042261
4514.545166 0.104315
4516.955616 0.052783
4519.366067 0.041533
4521.776518 0.041087
4524.186969 0.014158
4526.597420 0.045205
4529.007871 0.021540
4531.418322 0.040052
4533.828773 0.048205
4536.239224 0.068795
4538.649675 0.036149
4541.060126 0.058804
4543.470577 0.054447
4545.881028 0.035228
4548.291479 0.049973
4550.701930 0.065005
4553.112381 0.053705
4555.522832 0.044169
4557.933283 0.082184
4560.343734 0.085488
4562.754184 0.084563
4565.164635 0.046552
4567.575086 0.052881
4569.985537 0.077638
4572.395988 0.056936
4574.806439 0.061996
4577.216890 0.069216
4579.627341 0.054993
4582.037792 0.059716
4584.448243 0.051697
4586.858694 0.052112
4589.269145 0.049754
4591.679596 0.048644
4594.090047 0.030923
4596.500498 0.057374
4598.910949 0.049195
4601.321400 0.041830
4603.731851 0.048660
4606.142302 0.032812
4608.552752 0.051344
4610.963203 0.053860
4613.373654 0.057319
4615.784105 0.051476
4618.194556 0.042069
4620.605007 0.056118
4623.015458 0.058685
4625.425909 0.045032
4627.836361 0.052636
4630.246811 0.037990
4632.657262 0.050734
4635.067713 0.052561
4637.478164 0.074197
4639.888615 0.069713
4642.299066 0.046680
4644.709517 0.036273
4647.119968 0.077755
4649.530419 0.056636
4651.940870 0.055122
4654.351320 0.057240
4656.761771 0.054193
4659.172222 0.036839
4661.582673 0.068189
4663.993124 0.048826
4666.403576 0.043280
4668.814027 0.050021
4671.224478 0.043371
4673.634929 0.047309
4676.045379 0.043657
4678.455830 0.046587
4680.866281 0.039567
4683.276732 0.042986
4685.687183 0.050898
4688.097634 0.066375
4690.508085 0.053657
4692.918536 0.066282
4695.328987 0.032183
4697.739438 0.040703
4700.149888 0.054766
4702.560339 0.035494
4704.970790 0.041396
4707.381242 0.032821
4709.791693 0.047037
4712.202144 0.041170
4714.612595 0.034112
4717.023046 0.044837
4719.433497 0.050147
4721.843947 0.049721
4724.254398 0.034226
4726.664849 0.054784
4729.075300 0.042186
4731.485751 0.037666
4733.896202 0.052342
4736.306653 0.058050
4738.717104 0.035116
4741.127555 0.037433
4743.538006 0.054885
4745.948457 0.042361
4748.358908 0.040981
4750.769359 0.043521
4753.179810 0.044177
4755.590261 0.065313
4758.000712 0.050616
4760.411163 0.043715
4762.821614 0.042466
4765.232065 0.042160
4767.642516 0.053427
4770.052966 0.049774
4772.463417 0.040015
4774.873868 0.057966
4777.284319 0.059684
4779.694770 0.056224
4782.105221 0.059349
4784.515672 0.049513
4786.926123 0.044353
4789.336574 0.043628
4791.747025 0.038971
4794.157476 0.055703
4796.567927 0.065045
4798.978378 0.059277
4801.388829 0.049621
4803.799280 0.051239
4806.209731 0.044214
4808.620182 0.053658
4811.030633 0.061429
4813.441084 0.055741
4815.851534 0.050977
4818.261985 0.055807
4820.672436 0.045887
4823.082887 0.044080
4825.493338 0.059936
4827.903789 0.053573
4830.314240 0.045617
4832.724691 0.060583
4835.135142 0.068728
4837.545593 0.066848
4839.956044 0.046288
4842.366495 0.051136
4844.776946 0.029849
4847.187397 0.039034
4849.597848 0.066018
4852.008299 0.042935
4854.418750 0.042994
4856.829201 0.063579
4859.239652 0.077456
4861.650102 0.078753
4864.060553 0.081386
4866.471004 0.078745
4868.881455 0.035322
4871.291906 0.031367
4873.702357 0.050697
4876.112808 0.042317
4878.523259 0.050534
4880.933710 0.059790
4883.344161 0.037834
4885.754612 0.046517
4888.165063 0.054760
4890.575514 0.051847
4892.985965 0.062279
4895.396416 0.061562
4897.806867 0.071959
4900.217318 0.006805
4902.627769 0.047744
4905.038220 0.062890
4907.448670 0.030699
4909.859121 0.059590
4912.269572 0.030833
4914.680023 0.044707
4917.090474 0.025723
4919.500925 0.037934
4921.911376 0.033806
4924.321827 0.028243
4926.732279 0.009969
4929.142729 0.049543
4931.553180 0.024301
4933.963631 0.015009
4936.374082 0.055414
4938.784533 0.064543
4941.194984 0.038838
4943.605435 0.070350
4946.015886 0.041198
4948.426337 0.036644
4950.836788 0.050333
4953.247238 0.054561
4955.657689 0.045302
4958.068140 0.048950
4960.478591 0.074179
4962.889042 0.037712
4965.299494 0.027687
4967.709945 0.035113
4970.120396 0.031968
4972.530847 0.034749
4974.941297 0.048784
4977.351748 0.033379
4979.762199 0.049841
4982.172650 0.027162
4984.583101 0.024669
4986.993552 0.064918
4989.404003 0.039111
4991.814454 0.052331
4994.224905 0.049088
4996.635356 0.029037
4999.045806 0.060662
5001.456257 0.061315
5003.866709 0.046422
5006.277160 0.054893
5008.687611 0.079201
5011.098062 0.045082
5013.508513 0.061115
5015.918964 0.073815
5018.329415 0.037131
5020.739865 0.046490
5023.150316 0.068749
5025.560767 0.060876
5027.971218 0.055271
5030.381669 0.039343
5032.792120 0.053014
5035.202571 0.050714
5037.613022 0.041998
5040.023473 0.024520
5042.433924 0.044693
5044.844375 0.067276
5047.254826 0.056694
5049.665277 0.032938
5052.075728 0.035405
5054.486179 0.044479
5056.896630 0.065819
5059.307081 0.053652
5061.717532 0.038353
5064.127983 0.044439
5066.538433 0.060991
5068.948884 0.055897
5071.359335 0.036076
5073.769786 0.046061
5076.180237 0.041572
5078.590688 0.049105
5081.001139 0.058575
5083.411590 0.024076
5085.822041 0.043540
5088.232492 0.058429
5090.642943 0.056149
5093.053394 0.049216
5095.463845 0.053204
5097.874296 0.044882
5100.284747 0.039425
5102.695198 0.042130
5105.105649 0.064721
5107.516100 0.044570
5109.926551 0.042509
5112.337001 0.054293
5114.747452 0.027696
5117.157903 0.036743
5119.568354 0.048009
5121.978805 0.045511
5124.389256 0.053317
5126.799707 0.037593
5129.210158 0.046561
5131.620609 0.048753
5134.031060 0.059296
5136.441511 0.056887
5138.851962 0.047162
5141.262413 0.044546
5143.672864 0.047657
5146.083315 0.041565
5148.493766 0.058552
5150.904217 0.050527
5153.314668 0.026464
5155.725119 0.031936
5158.135570 0.048336
5160.546020 0.030675
5162.956471 0.034260
5165.366922 0.039766
5167.777373 0.030452
5170.187824 0.056181
5172.598275 0.034749
5175.008726 0.037984
5177.419177 0.061000
5179.829628 0.043877
5182.240079 0.044085
5184.650530 0.039235
5187.060981 0.042271
5189.471432 0.040739
5191.881883 0.035065
5194.292334 0.053801
5196.702785 0.064646
5199.113236 0.001606
5201.523687 0.060237
5203.934138 0.041436
5206.344588 0.039762
5208.755039 0.030428
5211.165490 0.057633
5213.575941 0.035994
5215.986392 0.026350
5218.396843 0.031272
5220.807294 -0.002262
5223.217746 0.045957
5225.628197 0.061535
5228.038647 0.056042
5230.449098 0.060112
5232.859549 0.055333
5235.270000 0.033724
5237.680451 0.045175
5240.090902 0.050223
5242.501353 0.035164
5244.911804 0.048437
5247.322255 0.051319
5249.732706 0.033537
5252.143156 0.075751
5254.553607 0.041019
5256.964058 0.059473
5259.374509 0.043696
5261.784961 0.043006
5264.195412 0.012845
5266.605863 0.032722
5269.016314 0.068497
5271.426765 0.059772
5273.837215 0.021497
5276.247666 0.031077
5278.658117 0.047571
5281.068568 0.018517
5283.479019 0.053714
5285.889470 0.053360
5288.299921 0.041815
5290.710372 0.061338
5293.120823 0.051177
5295.531274 0.053066
5297.941724 0.054029
5300.352176 0.036358
5302.762627 0.065314
5305.173078 0.035800
5307.583529 0.022903
5309.993980 0.024143
5312.404431 0.070207
5314.814882 0.049380
5317.225333 0.041865
5319.635783 0.044207
5322.046234 0.053277
5324.456685 0.036704
5326.867136 0.054450
5329.277587 0.030200
5331.688038 0.018365
5334.098489 0.041586
5336.508940 0.048083
5338.919391 0.052721
5341.329842 0.062289
5343.740293 0.059724
5346.150744 0.053469
5348.561195 0.053808
5350.971646 0.048959
5353.382097 0.041167
5355.792548 0.021081
5358.202999 0.032860
5360.613450 0.028752
5363.023901 0.033874
5365.434351 0.049323
5367.844802 0.059116
5370.255253 0.051466
5372.665704 0.057316
5375.076155 0.042263
5377.486606 0.066380
5379.897057 0.048253
5382.307508 0.030272
5384.717959 0.044279
5387.128410 0.056011
5389.538861 0.057691
5391.949312 0.045146
5394.359763 0.026709
5396.770214 0.032851
5399.180665 0.027734
5401.591116 0.008882
5404.001567 0.046037
5406.412018 0.030348
5408.822469 0.065938
5411.232919 0.083402
5413.643370 0.048878
5416.053821 0.040221
5418.464272 0.048796
5420.874723 0.032497
5423.285174 0.061019
5425.695625 0.040717
5428.106076 0.069575
5430.516527 0.038453
5432.926978 0.018829
5435.337429 0.041104
5437.747880 0.046444
5440.158331 0.050329
5442.568782 0.044995
5444.979233 0.036300
5447.389684 0.019484
5449.800135 0.031226
5452.210586 0.083435
5454.621037 0.008897
5457.031487 0.042146
5459.441938 0.063824
5461.852389 0.064054
5464.262840 0.043162
5466.673291 0.014769
5469.083742 -0.019933
5471.494193 0.018307
5473.904644 0.033322
5476.315095 0.025196
5478.725546 0.037115
5481.135997 0.035516
5483.546448 0.056166
5485.956899 0.014813
5488.367350 0.038864
5490.777801 0.038596
5493.188252 0.026291
5495.598703 0.044403
5498.009154 0.056041
5500.419605 0.032399
5502.830056 0.050602
5505.240506 0.028381
5507.650957 0.025944
5510.061408 0.048120
5512.471859 0.052966
5514.882310 0.056180
5517.292761 0.031307
5519.703212 0.042541
5522.113664 0.047752
5524.524115 0.036783
5526.934565 0.030021
5529.345016 0.033606
5531.755467 0.022511
5534.165918 0.025192
5536.576369 0.070172
5538.986820 0.092280
5541.397271 0.053046
5543.807722 0.040341
5546.218173 0.050191
5548.628624 0.039151
5551.039074 0.026340
5553.449525 0.044681
5555.859976 -0.003105
5558.270427 0.070737
5560.680879 0.078229
5563.091330 0.049937
5565.501781 0.061129
5567.912232 0.067336
5570.322683 0.066913
5572.733133 0.039809
5575.143584 0.044408
5577.554035 0.017237
5579.964486 0.046400
5582.374937 0.064054
5584.785388 0.066709
5587.195839 0.010758
5589.606290 0.006169
5592.016741 0.059578
5594.427192 0.041226
5596.837642 0.042377
5599.248094 0.038919
5601.658545 0.050805
5604.068996 0.058938
5606.479447 0.005736
5608.889898 0.029658
5611.300349 0.030555
5613.710800 0.056802
5616.121251 0.058017
5618.531701 0.048278
5620.942152 0.051037
5623.352603 0.059952
5625.763054 0.048104
5628.173505 0.005938
5630.583956 0.010218
5632.994407 -0.007034
5635.404858 0.053912
5637.815309 0.067711
5640.225760 0.059381
5642.636211 0.094184
5645.046662 0.073822
5647.457113 0.025715
5649.867564 0.019792
5652.278015 0.026102
5654.688466 0.034344
5657.098917 0.018231
5659.509368 0.053315
5661.919819 0.062727
5664.330269 0.040658
5666.740720 0.028764
5669.151171 -0.018109
5671.561622 0.004796
5673.972073 0.063394
5676.382524 0.045861
5678.792975 0.037804
5681.203426 0.075943
5683.613877 0.031104
5686.024328 0.084342
5688.434779 0.043120
5690.845230 0.055452
5693.255681 0.069841
5695.666132 0.040168
5698.076583 0.027857
5700.487034 0.033861
5702.897485 0.029291
5705.307936 0.063930
5707.718387 0.012689
5710.128837 0.027195
5712.539288 0.090077
5714.949739 0.014106
5717.360190 0.041927
5719.770641 0.008232
5722.181092 0.021819
5724.591543 0.091372
5727.001994 0.037322
5729.412445 0.057000
5731.822896 0.072091
5734.233347 0.014626
5736.643798 0.054354
5739.054249 0.073893
5741.464700 0.059712
5743.875151 0.063296
5746.285602 0.034698
5748.696053 0.031374
5751.106504 0.054716
5753.516955 0.023215
5755.927405 0.038492
5758.337856 0.058201
5760.748307 0.047917
5763.158758 0.056737
5765.569209 0.041696
5767.979660 0.032003
5770.390111 0.043836
5772.800562 0.021525
5775.211013 0.044342
5777.621464 0.043870
5780.031915 0.030144
5782.442366 0.014194
5784.852817 0.031951
5787.263268 0.036730
5789.673719 0.036805
5792.084170 0.060204
5794.494621 0.077039
5796.905072 0.026021
5799.315523 0.042268
5801.725973 0.042979
5804.136424 0.044217
5806.546875 0.056851
5808.957326 0.027325
5811.367777 0.034145
5813.778228 0.045981
5816.188679 0.054312
5818.599131 0.051964
5821.009582 0.074504
5823.420033 0.058098
5825.830483 0.035833
5828.240934 0.073042
5830.651385 0.042221
5833.061836 0.023417
5835.472287 0.025047
5837.882738 0.046209
5840.293189 0.062542
5842.703640 0.054525
5845.114091 0.048911
5847.524542 0.030454
5849.934992 0.030577
5852.345443 0.026875
5854.755894 0.047713
5857.166346 0.043141
5859.576797 0.056097
5861.987248 0.043096
5864.397699 0.024379
5866.808150 0.037392
5869.218601 0.041600
5871.629051 0.033302
5874.039502 0.032217
5876.449953 0.047888
5878.860404 0.047770
5881.270855 0.054501
5883.681306 0.051435
5886.091757 0.048304
5888.502208 0.055920
5890.912659 0.048237
5893.323110 0.026500
5895.733561 0.035273
5898.144012 0.022751
5900.554463 0.037106
5902.964914 0.048103
5905.375365 0.028703
5907.785816 0.017490
5910.196267 0.024644
5912.606718 0.024610
5915.017169 0.051609
5917.427619 0.050461
5919.838070 0.023190
5922.248521 0.049492
5924.658972 0.045061
5927.069423 0.034982
5929.479874 0.054731
5931.890325 0.040675
5934.300776 0.027921
5936.711227 0.033675
5939.121678 0.038179
5941.532129 0.061819
5943.942580 0.029776
5946.353031 0.045935
5948.763482 0.086903
5951.173933 0.039733
5953.584384 0.064474
5955.994835 -0.023287
5958.405286 0.022280
5960.815737 0.050095
5963.226187 0.037113
5965.636638 0.004100
5968.047089 0.032096
5970.457540 0.065722
5972.867991 0.059952
5975.278442 0.038538
5977.688893 0.057900
5980.099344 0.027194
5982.509795 0.029607
5984.920246 0.082765
5987.330697 0.084916
5989.741148 0.088534
5992.151599 0.053110
5994.562050 -0.005786
5996.972501 0.023802
5999.382952 0.047516
6001.793403 0.060421
6004.203854 0.036772
6006.614305 0.021884
6009.024755 0.012793
6011.435206 0.036128
6013.845657 0.062386
6016.256108 0.046565
6018.666559 0.057982
6021.077010 0.048353
6023.487461 0.115199
6025.897912 -0.005837
6028.308363 0.048267
6030.718814 0.060034
6033.129265 0.088425
6035.539716 0.036870
6037.950167 0.045591
6040.360618 0.083532
6042.771069 0.083218
6045.181520 0.002460
6047.591971 0.037352
6050.002422 0.101199
6052.412873 0.035948
6054.823323 0.030770
6057.233774 0.062372
6059.644225 0.029382
6062.054676 0.010657
6064.465127 0.016159
6066.875578 0.026248
6069.286029 0.021929
6071.696480 0.069633
6074.106931 0.064057
6076.517383 -0.002701
6078.927833 0.028669
6081.338284 0.043045
6083.748735 0.046653
6086.159186 0.033125
6088.569637 0.058149
6090.980088 0.038098
6093.390539 0.064679
6095.800990 0.052761
6098.211441 0.010946
6100.621891 0.031142
6103.032342 0.064828
6105.442793 0.049388
6107.853244 0.043026
6110.263695 0.056492
6112.674146 0.033830
6115.084598 0.027377
6117.495049 0.020304
6119.905500 0.041718
6122.315951 0.028161
6124.726401 0.039859
6127.136852 0.037293
6129.547303 0.025441
6131.957754 0.062184
6134.368205 0.032762
6136.778656 0.078367
6139.189107 0.027721
6141.599558 0.057877
6144.010009 0.034969
6146.420459 0.037079
6148.830910 0.023599
6151.241361 0.052667
6153.651813 0.039388
6156.062264 0.052917
6158.472715 0.040123
6160.883166 0.036149
6163.293617 0.049730
6165.704068 0.045764
6168.114519 0.039660
6170.524969 0.044355
6172.935420 0.050150
6175.345871 0.027385
6177.756322 0.039642
6180.166773 0.048899
6182.577224 0.039342
6184.987675 0.048091
6187.398126 0.039958
6189.808577 0.035769
6192.219028 0.064091
6194.629479 0.054540
6197.039930 0.037191
6199.450381 0.044372
6201.860832 0.059196
6204.271283 0.041154
6206.681734 0.044173
6209.092185 0.020385
6211.502636 0.027907
6213.913087 0.043882
6216.323537 0.044621
6218.733988 0.065429
6221.144439 0.042502
6223.554890 0.033553
6225.965341 0.008727
6228.375792 0.015322
6230.786243 0.042185
6233.196694 0.055039
6235.607145 0.037876
6238.017596 0.033393
6240.428047 0.030966
6242.838498 0.041921
6245.248949 0.025536
6247.659400 0.041127
6250.069851 0.044357
6252.480302 0.025714
6254.890753 0.046399
6257.301204 0.042510
6259.711655 0.050090
6262.122105 0.019428
6264.532556 0.031653
6266.943007 0.047470
6269.353458 0.051997
6271.763909 0.026287
6274.174360 0.028707
6276.584811 0.031732
6278.995262 0.038595
6281.405713 0.029867
6283.816164 0.037268
6286.226615 0.070980
6288.637066 0.061965
6291.047517 0.085693
6293.457968 0.108410
6295.868419 0.043548
6298.278870 0.025493
6300.689321 0.010652
6303.099772 0.052281
6305.510223 0.072165
6307.920673 0.071579
6310.331124 0.028136
6312.741575 0.015708
6315.152026 0.059574
6317.562477 0.024000
6344.077438 0.032123
6346.487889 0.049006
6348.898340 0.063671
6351.308791 0.038053
6353.719241 0.002330
6356.129692 0.013126
6358.540143 0.060892
6360.950594 0.065573
6363.361045 0.044651
6365.771496 0.051436
6368.181947 0.048302
6370.592398 0.068753
6373.002849 0.016298
6375.413301 0.073365
6377.823751 0.033727
6380.234202 0.041758
6382.644653 0.067484
6385.055104 0.083155
6387.465555 0.126294
6389.876006 0.032653
6392.286457 0.057817
6394.696908 0.075511
6397.107359 0.094572
6399.517809 0.014561
6401.928260 0.023036
6404.338711 0.073371
6406.749162 -0.005864
6409.159613 0.023878
6411.570064 0.063661
6413.980516 0.086272
6416.390967 0.076096
6418.801418 0.042695
6421.211869 0.101279
6423.622319 0.079176
6426.032770 0.060501
6428.443221 0.045774
6430.853672 0.014150
6433.264123 0.045862
6435.674574 0.019591
6438.085025 0.026044
6440.495476 0.059304
6442.905927 0.057984
6445.316377 0.055086
6447.726828 0.045751
6450.137279 0.054138
6452.547731 0.053863
6454.958182 0.029195
6457.368633 -0.028936
6459.779084 0.028875
6462.189535 -0.000878
6464.599986 0.023021
6467.010437 0.041795
6469.420887 0.046327
6471.831338 0.056130
6474.241789 0.028880
6476.652240 0.031543
6479.062691 0.038458
6481.473142 0.014021
6483.883593 0.013618
6486.294044 0.053005
6488.704495 0.080993
6491.114946 0.063755
6493.525397 0.041691
6495.935848 0.026717
6498.346299 0.071504
6500.756750 0.057522
6503.167201 0.043827
6505.577652 0.046610
6507.988103 0.028154
6510.398554 0.049394
6512.809005 0.050850
6515.219455 0.036568
6517.629906 0.049101
6520.040357 0.034972
6522.450808 0.022424
6524.861259 0.038256
6527.271710 0.078073
6529.682161 0.049622
6532.092612 0.006379
6534.503063 0.011029
6536.913514 0.044746
6539.323965 0.042245
6541.734416 0.032733
6544.144867 0.043304
6546.555318 0.060220
6548.965769 0.051158
6551.376220 0.052022
6553.786671 0.049618
6556.197122 0.052123
6558.607573 0.111018
6561.018023 0.130667
6563.428474 0.179593
6565.838925 0.177774
6568.249376 0.140858
6570.659827 0.076050
6573.070278 0.069753
6575.480729 0.064750
6577.891180 0.080321
6580.301631 0.056330
6582.712082 0.062447
6585.122533 0.052104
6587.532984 0.066076
6589.943435 0.076190
6592.353886 0.057649
6594.764337 0.055268
6597.174788 0.054728
6599.585239 0.036569
6601.995690 0.058533
6604.406141 0.060873
6606.816591 0.060236
6609.227042 0.046754
6611.637493 0.018079
6614.047944 0.031298
6616.458395 0.040041
6618.868846 0.055172
6621.279297 0.022753
6623.689748 0.071052
6626.100199 0.065699
6628.510650 0.037718
6630.921101 0.020268
6633.331552 0.042493
6635.742003 0.040414
