2815.085627 0.027361
2817.181894 0.012134
2819.278160 0.009796
2821.374426 -0.007929
2823.470692 0.017545
2825.566958 -0.001775
2827.663223 0.005245
2829.759489 0.016333
2831.855755 0.003198
2833.952021 0.003989
2836.048287 0.011601
2838.144553 -0.010353
2840.240819 -0.002547
2842.337085 0.007587
2844.433351 0.035770
2846.529617 0.014114
2848.625883 0.008155
2850.722149 0.032457
2852.818415 0.025389
2854.914681 -0.004840
2857.010947 -0.001162
2859.107213 -0.000140
2861.203479 0.016710
2863.299745 0.022551
2865.396011 0.027848
2867.492276 0.019745
2869.588542 0.010328
2871.684808 0.018398
2873.781074 -0.005158
2875.877340 0.000700
2877.973606 0.029758
2880.069872 0.022181
2882.166138 0.031852
2884.262404 0.013745
2886.358670 0.015557
2888.454936 0.007618
2890.551202 0.004797
2892.647468 0.017782
2894.743734 -0.007275
2896.840000 -0.004685
2898.936266 0.029031
2901.032532 0.010949
2903.128798 0.032190
2905.225064 0.027521
2907.321330 0.020845
2909.417596 0.031440
2911.513862 0.006426
2913.610128 0.009898
2915.706394 0.026338
2917.802660 0.020077
2919.898926 0.027517
2921.995192 0.030262
2924.091458 0.008599
2926.187724 0.022231
2928.283989 0.042544
2930.380255 0.014340
2932.476521 0.010082
2934.572787 0.045997
2936.669053 0.011415
2938.765319 0.020891
2940.861585 0.023440
2942.957851 0.033613
2945.054117 0.029194
2947.150383 -0.005255
2949.246649 -0.000405
2951.342915 0.012979
2953.439181 0.014684
2955.535447 0.027805
2957.631713 0.012580
2959.727979 0.036631
2961.824245 0.039739
2963.920511 0.021396
2966.016777 0.028002
2968.113042 0.006962
2970.209308 0.017751
2972.305574 0.037505
2974.401840 0.024664
2976.498106 0.017512
2978.594373 0.023375
2980.690639 0.023741
2982.786905 0.012173
2984.883171 0.019019
2986.979437 0.021213
2989.075702 0.009909
2991.171968 0.015517
2993.268234 0.021768
2995.364500 0.017086
2997.460766 0.017974
2999.557032 0.012429
3001.653298 0.029605
3003.749564 0.001534
3005.845830 0.002086
3007.942096 0.006759
3010.038362 0.016079
3012.134628 0.017412
3014.230894 0.008158
3016.327160 0.003072
3018.423426 -0.003120
3020.519692 0.003662
3022.615958 0.015990
3024.712224 0.017020
3026.808490 0.023654
3028.904755 0.026128
3031.001021 0.012107
3033.097287 0.022100
3035.193553 0.039737
3037.289819 0.017657
3039.386085 0.022741
3041.482351 0.031306
3043.578617 0.015700
3045.674883 0.006624
3047.771149 0.017195
3049.867415 0.019651
3051.963681 0.018245
3054.059947 0.027511
3056.156213 0.025403
3058.252479 0.011931
3060.348745 0.029553
3062.445011 0.034840
3064.541277 0.034312
3066.637543 0.009826
3068.733809 0.019403
3070.830075 0.012491
3072.926341 0.022960
3075.022607 0.023967
3077.118873 0.014420
3079.215139 0.028884
3081.311405 0.029118
3083.407671 0.012050
3085.503937 0.021625
3087.600202 0.018977
3089.696468 0.029542
3091.792734 0.027260
3093.889000 0.012680
3095.985266 0.003569
3098.081532 0.015772
3100.177798 0.029461
3102.274064 0.018266
3104.370330 0.032925
3106.466596 0.012234
3108.562862 0.019965
3110.659128 0.026972
3112.755394 0.024424
3114.851660 0.025409
3116.947926 0.020041
3119.044192 0.007287
3121.140458 0.025986
3123.236724 0.024601
3125.332990 0.017807
3127.429255 0.010862
3129.525521 0.034929
3131.621787 0.023968
3133.718053 0.014462
3135.814319 0.016854
3137.910586 -0.005094
3140.006852 0.009522
3142.103118 0.010507
3144.199384 0.011374
3146.295650 0.026863
3148.391915 0.048228
3150.488181 0.013986
3152.584447 0.026416
3154.680713 0.007419
3156.776979 0.014464
3158.873245 0.041114
3160.969511 0.023698
3163.065777 0.010560
3165.162043 0.006236
3167.258309 0.012731
3169.354575 0.012939
3171.450841 0.015932
3173.547107 0.026641
3175.643373 0.013633
3177.739639 0.023526
3179.835905 0.025271
3181.932171 0.032876
3184.028437 0.035363
3186.124703 0.015713
3188.220968 0.028331
3190.317234 0.008228
3192.413500 0.008965
3194.509766 0.021309
3196.606032 0.019732
3198.702298 0.015438
3200.798564 0.007769
3202.894830 0.022995
3204.991096 0.026214
3207.087362 0.014832
3209.183628 0.025904
3211.279894 0.020134
3213.376160 0.030634
3215.472426 0.021632
3217.568692 0.009405
3219.664958 0.031986
3221.761224 0.021234
3223.857490 0.015456
3225.953756 0.020214
3228.050022 0.025329
3230.146288 0.019884
3232.242554 0.032148
3234.338820 0.017780
3236.435086 0.021677
3238.531352 0.011669
3240.627618 0.036193
3242.723884 0.016893
3244.820150 0.012045
3246.916416 0.019125
3249.012681 0.045179
3251.108947 0.021143
3253.205213 0.018359
3255.301479 0.036319
3257.397745 0.006494
3259.494011 0.021876
3261.590277 0.024575
3263.686543 0.023522
3265.782809 0.009927
3267.879075 0.016676
3269.975341 0.026370
3272.071607 0.020447
3274.167873 0.024637
3276.264139 0.036467
3278.360405 0.025499
3280.456671 0.024691
3282.552937 0.024961
3284.649203 0.039305
3286.745469 0.018471
3288.841734 0.032786
3290.938000 0.022354
3293.034266 0.049064
3295.130532 0.036278
3297.226799 0.034737
3299.323065 0.022691
3301.419331 0.032063
3303.515597 0.026348
3305.611863 0.026743
3307.708128 0.019678
3309.804394 0.022584
3311.900660 0.020863
3313.996926 0.030878
3316.093192 0.031826
3318.189458 0.010112
3320.285724 0.015881
3322.381990 0.028620
3324.478256 0.026011
3326.574522 0.041395
3328.670788 0.026720
3330.767054 0.011720
3332.863320 0.023089
3334.959586 0.029908
3337.055852 0.012508
3339.152118 0.024175
3341.248384 0.027828
3343.344650 0.018062
3345.440916 0.025945
3347.537181 0.019054
3349.633447 0.027045
3351.729713 0.035748
3353.825979 0.024537
3355.922245 0.029149
3358.018511 0.016014
3360.114777 0.002733
3362.211043 0.016656
3364.307309 0.009246
3366.403576 0.023319
3368.499841 0.027846
3370.596107 0.032395
3372.692373 0.027999
3374.788639 0.013396
3376.884905 0.025983
3378.981171 0.019713
3381.077437 0.014699
3383.173703 0.029434
3385.269969 0.041354
3387.366235 0.045190
3389.462501 0.024164
3391.558767 0.039742
3393.655033 0.018564
3395.751299 0.041144
3397.847565 0.019883
3399.943831 0.012087
3402.040097 0.033855
3404.136363 0.016051
3406.232629 0.016772
3408.328894 0.016605
3410.425160 0.018184
3412.521426 0.020938
3414.617692 0.033691
3416.713958 0.024406
3418.810224 0.015815
3420.906490 0.011616
3423.002756 0.014654
3425.099022 0.019759
3427.195288 0.028272
3429.291554 0.038398
3431.387820 0.029365
3433.484086 0.031749
3435.580352 0.026474
3437.676618 0.024364
3439.772884 0.022479
3441.869150 0.014619
3443.965416 0.006550
3446.061682 0.014160
3448.157947 0.017655
3450.254213 0.016251
3452.350479 0.036175
3454.446745 0.023865
3456.543012 0.032055
3458.639278 0.028282
3460.735544 0.016258
3462.831810 0.028187
3464.928076 0.025094
3467.024341 0.002807
3469.120607 0.028294
3471.216873 0.016276
3485.890735 0.010956
3487.987001 0.021859
3490.083267 0.034971
3492.179533 0.023460
3494.275799 0.016599
3496.372065 0.026921
3498.468331 0.016906
3500.564597 0.036545
3502.660863 0.048371
3504.757129 0.041401
3506.853394 0.016876
3508.949660 0.014350
3511.045926 0.038538
3513.142192 0.019800
3515.238458 0.023924
3517.334724 0.028707
3519.430990 0.023303
3521.527256 0.025017
3523.623522 0.015493
3525.719789 0.030346
3527.816054 0.022987
3529.912320 0.024429
3532.008586 0.011676
3534.104852 0.019720
3536.201118 0.025759
3538.297384 0.021444
3540.393650 0.031891
3542.489916 0.040173
3544.586182 0.029527
3546.682448 0.025100
3548.778714 0.026149
3550.874980 0.007864
3552.971246 0.029136
3555.067512 0.035104
3557.163778 0.032002
3559.260044 0.030904
3561.356310 0.021558
3563.452576 0.025618
3565.548842 0.023454
3567.645107 0.029487
3569.741373 0.010105
3571.837639 0.021688
3573.933905 0.020910
3576.030171 0.023399
3578.126437 0.013720
3580.222703 0.021648
3582.318969 0.005322
3584.415235 0.018678
3586.511501 0.020782
3588.607767 0.021590
3590.704033 0.024673
3592.800299 0.021148
3594.896565 0.029917
3596.992831 0.029389
3599.089097 0.030348
3601.185363 0.028335
3603.281629 0.017741
3605.377895 0.040021
3607.474160 0.024646
3609.570426 0.025318
3611.666692 0.040686
3613.762958 0.034210
3615.859225 0.027103
3617.955491 0.038000
3620.051757 0.007625
3622.148023 0.018713
3624.244289 0.030923
3626.340555 0.046040
3628.436820 0.025728
3630.533086 0.036794
3632.629352 0.016215
3634.725618 0.006164
3636.821884 0.028626
3638.918150 0.039453
3641.014416 0.008860
3643.110682 0.030614
3645.206948 0.034937
3647.303214 0.029790
3649.399480 0.019931
3651.495746 0.006841
3653.592012 0.020841
3655.688278 0.040697
3657.784544 0.015112
3659.880810 0.012032
3661.977076 0.030002
3664.073342 0.021255
3666.169608 0.026189
3668.265873 0.053563
3670.362139 0.008576
3672.458405 0.042101
3674.554671 0.013349
3676.650937 0.030768
3678.747203 0.058872
3680.843469 0.035691
3682.939735 0.041955
3685.036001 0.031330
3687.132267 0.019359
3689.228533 0.017323
3691.324799 0.026524
3693.421065 0.019311
3695.517331 0.018725
3697.613597 0.033654
3699.709863 0.038813
3701.806129 0.016255
3703.902395 0.032040
3705.998661 0.042565
3708.094927 0.027733
3710.191193 0.034504
3712.287459 0.040534
3714.383725 0.036146
3716.479991 0.044502
3718.576257 0.028002
3720.672523 0.018223
3722.768789 0.014805
3724.865055 0.030318
3726.961320 0.061358
3729.057586 0.065958
3731.153852 0.057206
3733.250118 0.043209
3735.346384 0.022355
3737.442650 0.021627
3739.538916 0.047928
3741.635182 0.043423
3743.731448 0.030721
3745.827714 0.024348
3747.923980 0.027960
3750.020246 0.012858
3752.116512 0.025506
3754.212778 0.038600
3756.309044 0.035576
3758.405310 0.042187
3760.501576 0.043510
3762.597842 0.048181
3764.694108 0.021087
3766.790373 0.045796
3768.886639 0.044818
3770.982905 0.040419
3773.079171 0.022174
3775.175438 0.036941
3777.271704 0.046495
3779.367970 0.042972
3781.464236 0.039295
3783.560502 0.028031
3785.656768 0.043086
3787.753033 0.026728
3789.849299 0.015523
3791.945565 0.037680
3794.041831 0.034812
3796.138097 0.017561
3798.234363 0.011473
3800.330629 0.027278
3802.426895 0.047300
3804.523161 0.035279
3806.619427 0.037917
3808.715693 0.041403
3810.811959 0.057964
3812.908225 0.029014
3815.004491 0.026008
3817.100757 0.033448
3819.197023 0.032380
3821.293289 0.050299
3823.389555 0.029161
3825.485821 0.029655
3827.582086 0.027448
3829.678352 0.034034
3831.774618 0.024743
3833.870884 0.022738
3835.967150 0.024607
3838.063416 0.021154
3840.159682 0.015625
3842.255948 0.030890
3844.352214 0.055843
3846.448481 0.039299
3848.544746 0.043693
3850.641012 0.039904
3852.737278 0.040963
3854.833544 0.048526
3856.929810 0.044097
3859.026076 0.048316
3861.122342 0.029328
3863.218608 0.045383
3865.314874 0.048397
3867.411140 0.044178
3869.507406 0.038284
3871.603672 0.034861
3873.699938 0.049320
3875.796204 0.043069
3877.892470 0.028160
3879.988736 0.032563
3882.085002 0.025429
3884.181268 0.021844
3886.277534 0.033845
3888.373799 0.044410
3890.470065 0.045481
3892.566331 0.048411
3894.662597 0.028638
3896.758863 0.029668
3898.855129 0.032230
3900.951395 0.037804
3903.047661 0.038317
3905.143927 0.045794
3907.240193 0.054959
3909.336459 0.041583
3911.432725 0.048044
3913.528991 0.039978
3915.625257 0.043339
3917.721523 0.048731
3919.817789 0.057474
3921.914055 0.038232
3924.010321 0.035427
3942.876715 0.036408
3944.972981 0.040824
3947.069246 0.050735
3949.165512 0.051857
3951.261778 0.036876
3953.358044 0.054884
3955.454310 0.025231
3957.550576 0.051653
3959.646842 0.051765
3961.743108 0.023851
3963.839374 0.017904
3965.935640 0.029104
3968.031906 0.044261
3970.128172 0.043175
3972.224438 0.016676
3974.320704 0.034981
3976.416970 0.024246
3978.513236 0.036578
3980.609502 0.049951
3982.705768 0.030805
3984.802034 0.040767
3986.898299 0.040317
3988.994565 0.044455
3991.090831 0.040661
3993.187097 0.075365
3995.283363 0.051578
3997.379629 0.040206
3999.475895 0.043008
4001.572161 0.063250
4003.668427 0.048469
4005.764694 0.038169
4007.860959 0.034514
4009.957225 0.048194
4012.053491 0.063177
4014.149757 0.059144
4016.246023 0.053647
4018.342289 0.068651
4020.438555 0.041501
4022.534821 0.064345
4024.631087 0.037318
4026.727353 0.048298
4028.823619 0.054704
4030.919885 0.068169
4033.016151 0.069515
4035.112417 0.029969
4037.208683 0.039737
4039.304949 0.051346
4041.401215 0.053844
4043.497481 0.055385
4045.593747 0.065096
4047.690012 0.043487
4049.786278 0.031114
4051.882544 0.072283
4053.978810 0.059577
4056.075076 0.052647
4058.171342 0.049585
4060.267608 0.049863
4062.363874 0.040899
4064.460140 0.040260
4066.556406 0.056091
4068.652672 0.050810
4070.748938 0.046968
4072.845204 0.043543
4074.941470 0.060435
4077.037736 0.040161
4079.134002 0.042895
4081.230268 0.062612
4083.326534 0.052276
4085.422800 0.045948
4087.519065 0.057685
4089.615331 0.045824
4091.711597 0.043990
4093.807863 0.060049
4095.904130 0.042317
4098.000396 0.047578
4100.096662 0.047380
4102.192928 0.038599
4104.289194 0.029231
4106.385459 0.046506
4108.481725 0.042928
4110.577991 0.041580
4112.674257 0.046930
4114.770523 0.054278
4116.866789 0.061982
4118.963055 0.049063
4121.059321 0.041630
4123.155587 0.059827
4125.251853 0.068253
4127.348119 0.070547
4129.444385 0.025292
4131.540651 0.051868
4133.636917 0.053753
4135.733183 0.038363
4137.829449 0.047987
4139.925715 0.047528
4142.021981 0.022646
4144.118247 0.041780
4146.214513 0.046524
4148.310778 0.054159
4150.407044 0.034502
4152.503310 0.046170
4154.599576 0.036838
4156.695842 0.038817
4158.792108 0.035283
4160.888374 0.057693
4162.984640 0.049737
4165.080907 0.037470
4167.177172 0.053163
4169.273438 0.045494
4171.369704 0.045459
4173.465970 0.045714
4175.562236 0.052553
4177.658502 0.051940
4179.754768 0.036895
4181.851034 0.052473
4183.947300 0.051691
4186.043566 0.044618
4188.139832 0.049609
4190.236098 0.062290
4192.332364 0.049935
4194.428630 0.042032
4196.524896 0.049042
4198.621162 0.053375
4200.717428 0.039291
4202.813694 0.051621
4204.909960 0.057866
4207.006225 0.054307
4209.102491 0.051732
4211.198757 0.047620
4213.295023 0.053528
4215.391289 0.047930
4217.487555 0.044538
4219.583821 0.059404
4221.680087 0.046073
4223.776353 0.039181
4225.872619 0.031875
4227.968885 0.046204
4230.065151 0.056024
4232.161417 0.039090
4234.257683 0.041650
4236.353949 0.054979
4238.450215 0.046399
4240.546481 0.050528
4242.642747 0.053393
4244.739013 0.050025
4246.835278 0.066722
4248.931544 0.042064
4251.027810 0.051940
4253.124076 0.050545
4255.220343 0.056695
4257.316609 0.044836
4259.412875 0.055354
4261.509141 0.061864
4263.605407 0.035692
4265.701673 0.033129
4267.797938 0.039682
4269.894204 0.034104
4271.990470 0.045234
4274.086736 0.051213
4276.183002 0.041600
4278.279268 0.067330
4280.375534 0.060640
4282.471800 0.046909
4284.568066 0.041400
4286.664332 0.034952
4288.760598 0.034409
4290.856864 0.030294
4292.953130 0.039121
4295.049396 0.033586
4297.145662 0.035035
4299.241928 0.045007
4301.338194 0.032435
4303.434460 0.027497
4305.530726 0.035067
4307.626991 0.029367
4309.723257 0.030328
4311.819523 0.035647
4313.915789 0.052142
4316.012055 0.053491
4318.108321 0.057531
4320.204587 0.028703
4322.300853 0.044626
4324.397120 0.033853
4326.493385 0.048949
4328.589651 0.043931
4330.685917 0.058447
4332.782183 0.055913
4334.878449 0.035327
4336.974715 0.042141
4339.070981 0.044323
4341.167247 0.029080
4343.263513 0.045659
4345.359779 0.026461
4347.456045 0.032095
4349.552311 0.043416
4351.648577 0.030742
4353.744843 0.037280
4355.841109 0.057520
4357.937375 0.054469
4360.033641 0.052957
4362.129907 0.043502
4364.226173 0.043045
4366.322438 0.071515
4368.418704 0.051028
4370.514970 0.054090
4372.611236 0.060483
4374.707502 0.055402
4376.803768 0.058055
4378.900034 0.048234
4380.996300 0.061399
4383.092566 0.039669
4385.188832 0.024846
4387.285098 0.033997
4389.381364 0.040178
4391.477630 0.049227
4393.573896 0.054896
4395.670162 0.037012
4397.766428 0.067753
4399.862694 0.042196
4401.958960 0.031829
4404.055226 0.058169
4406.151491 0.054855
4408.247757 0.035148
4410.344023 0.041145
4412.440289 0.064799
4414.536556 0.060845
4416.632822 0.048263
4418.729088 0.051229
4420.825354 0.056329
4422.921620 0.059219
4425.017886 0.046398
4427.114151 0.054038
4429.210417 0.052029
4431.306683 0.052124
4433.402949 0.060040
4435.499215 0.053488
4437.595481 0.039206
4439.691747 0.038414
4441.788013 0.055963
4443.884279 0.056814
4445.980545 0.047700
4448.076811 0.056077
4450.173077 0.045972
4452.269343 0.054160
4454.365609 0.063012
4456.461875 0.057067
4458.558141 0.046422
4460.654407 0.050408
4462.750673 0.052141
4464.846939 0.058977
4466.943204 0.059518
4469.039470 0.055350
4471.135736 0.058774
4473.232002 0.056813
4475.328268 0.064172
4477.424534 0.066809
4479.520800 0.046545
4481.617066 0.037801
4483.713333 0.044833
4485.809599 0.048116
4487.905864 0.070251
4490.002130 0.074547
4492.098396 0.053017
4494.194662 0.036469
4496.290928 0.047296
4498.387194 0.052704
4500.483460 0.047975
4502.579726 0.054407
4504.675992 0.070853
4506.772258 0.062213
4508.868524 0.067897
4510.964790 0.076067
4513.061056 0.069504
4515.157322 0.033640
4517.253588 0.019778
4519.349854 0.063537
4521.446120 0.076175
4523.542386 0.059622
4525.638652 0.056734
4527.734917 0.070673
4529.831183 0.059899
4531.927449 0.040087
4534.023715 0.038561
4536.119981 0.057544
4538.216247 0.083156
4540.312513 0.058350
4542.408779 0.062873
4544.505045 0.059749
4546.601311 0.071273
4548.697577 0.051833
4550.793843 0.057558
4552.890109 0.064374
4554.986375 0.066036
4557.082641 0.055860
4559.178907 0.061872
4561.275173 0.080222
4563.371439 0.046564
4565.467705 0.022223
4567.563970 0.041264
4569.660236 0.055644
4571.756502 0.063553
4573.852769 0.044953
4575.949035 0.055393
4578.045301 0.067456
4580.141567 0.068596
4582.237833 0.047719
4584.334099 0.063166
4586.430364 0.055818
4588.526630 0.046889
4590.622896 0.041792
4592.719162 0.058832
4594.815428 0.053085
4596.911694 0.056887
4599.007960 0.065219
4601.104226 0.044252
4603.200492 0.058504
4605.296758 0.062187
4607.393024 0.061604
4609.489290 0.044751
4611.585556 0.094305
4613.681822 0.058806
4615.778088 0.052067
4617.874354 0.090666
4619.970620 0.063337
4622.066886 0.062757
4624.163152 0.055577
4626.259417 0.084160
4628.355683 0.063055
4630.451949 0.056347
4632.548215 0.042760
4634.644481 0.050237
4636.740747 0.060273
4638.837013 0.068546
4640.933279 0.060106
4643.029545 0.064838
4645.125812 0.076840
4647.222077 0.035386
4649.318343 0.048603
4651.414609 0.060716
4653.510875 0.079597
4655.607141 0.063540
4657.703407 0.060247
4659.799673 0.061782
4661.895939 0.045315
4663.992205 0.082126
4666.088471 0.038392
4668.184737 0.046496
4670.281003 0.055019
4672.377269 0.055333
4674.473535 0.054540
4676.569801 0.051365
4678.666067 0.068332
4680.762333 0.068477
4682.858599 0.055302
4684.954865 0.048872
4687.051130 0.058671
4689.147396 0.062834
4691.243662 0.060311
4693.339928 0.056140
4695.436194 0.081076
4697.532460 0.052324
4699.628726 0.024675
4701.724992 0.039115
4703.821258 0.040443
4705.917524 0.047591
4708.013790 0.059228
4710.110056 0.049493
4712.206322 0.058076
4714.302588 0.038796
4716.398854 0.056211
4718.495120 0.049764
4720.591386 0.044012
4722.687652 0.056385
4724.783918 0.064503
4726.880183 0.071545
4728.976449 0.046578
4731.072715 0.040084
4733.168982 0.057943
4735.265248 0.050695
4737.361514 0.023823
4739.457780 0.055203
4741.554046 0.007925
4743.650312 0.020040
4745.746577 0.086554
4747.842843 0.092985
4749.939109 0.090642
4752.035375 0.065151
4754.131641 0.079057
4756.227907 0.044687
4758.324173 0.032822
4760.420439 0.065331
4762.516705 0.036948
4764.612971 0.048230
4766.709237 0.075913
4768.805503 0.048524
4770.901769 0.034740
4772.998035 0.062037
4775.094301 0.046016
4777.190567 0.052738
4779.286833 0.085408
4781.383099 0.065946
4783.479365 0.048843
4785.575631 0.053776
4787.671896 0.067544
4789.768162 0.061930
4791.864428 0.060096
4793.960694 0.058439
4796.056960 0.064843
4798.153226 0.055730
4800.249492 0.041905
4802.345758 0.071032
4804.442025 0.069654
4806.538290 0.060914
4808.634556 0.054612
4810.730822 0.042381
4812.827088 0.048819
4814.923354 0.072659
4817.019620 0.053448
4819.115886 0.070306
4821.212152 0.060443
4823.308418 0.058422
4825.404684 0.048897
4827.500950 0.044042
4829.597216 0.045792
4831.693482 0.048304
4833.789748 0.051110
4835.886014 0.021621
4837.982280 0.040121
4840.078546 0.061112
4842.174812 0.059843
4844.271078 0.062624
4846.367343 0.054565
4848.463609 0.064624
4850.559875 0.072526
4852.656141 0.052175
4854.752407 0.062362
4856.848673 0.048528
4858.944939 0.056779
4861.041205 0.054187
4863.137471 0.093970
4865.233737 0.036994
4867.330003 0.039660
4869.426269 0.034626
4871.522535 0.046960
4873.618801 0.052793
4875.715067 0.051228
4877.811333 0.043165
4879.907599 0.026709
4882.003865 0.051226
4884.100131 0.076378
4886.196396 0.057657
4888.292662 0.032079
4890.388928 0.037331
4892.485194 0.081948
4894.581461 0.097055
4896.677727 0.074104
4898.773993 0.048934
4900.870259 0.038339
4902.966525 0.045875
4905.062791 0.033825
4907.159056 0.027896
4909.255322 0.051388
4911.351588 0.075968
4913.447854 0.071658
4915.544120 0.045409
4917.640386 0.063398
4919.736652 0.057440
4921.832918 0.042082
4923.929184 0.055992
4926.025450 0.070155
4928.121716 0.052239
4930.217982 0.057136
4932.314248 0.059460
4934.410514 0.041376
4936.506780 0.091137
4938.603046 0.053090
4940.699312 0.051020
4942.795578 0.031215
4944.891844 0.033611
4946.988109 0.046886
4949.084375 0.040480
4951.180641 0.045790
4953.276907 0.073702
4955.373173 0.060653
4957.469439 0.039158
4959.565705 0.053940
4961.661971 0.051623
4963.758238 0.050643
4965.854503 0.068624
4967.950769 0.057289
4970.047035 0.047213
4972.143301 0.026838
4974.239567 0.042053
4976.335833 0.067406
4978.432099 0.065194
4980.528365 0.061736
4982.624631 0.030451
4984.720897 0.023607
4986.817163 0.028163
4988.913429 0.095680
4991.009695 0.047761
4993.105961 0.066909
4995.202227 0.035128
4997.298493 0.077893
4999.394759 0.053632
5001.491025 0.075809
5003.587291 0.032664
5005.683556 0.068285
5007.779822 0.043814
5009.876088 0.042296
5011.972354 0.038433
5014.068620 0.052086
5016.164886 0.056551
5018.261152 0.055987
5020.357418 0.074075
5022.453684 0.034454
5024.549950 0.061592
5026.646216 0.027849
5028.742482 0.044437
5030.838748 0.085518
5032.935014 0.068123
5035.031280 0.057215
5037.127546 0.052829
5039.223812 0.056450
5041.320078 0.046042
5043.416344 0.036500
5045.512609 0.037740
5047.608875 0.061305
5049.705141 0.068676
5051.801407 0.047263
5053.897674 0.049416
5055.993940 0.040131
5058.090206 0.037432
5060.186472 0.047285
5062.282738 0.066849
5064.379004 0.079032
5066.475269 0.049060
5068.571535 0.043373
5070.667801 0.038018
5072.764067 0.060266
5074.860333 0.043919
5076.956599 0.044992
5079.052865 0.063256
5081.149131 0.050102
5083.245397 0.044376
5085.341663 0.054103
5087.437929 0.048113
5089.534195 0.037955
5091.630461 0.054941
5093.726727 0.053252
5095.822993 0.044712
5097.919259 0.049327
5100.015525 0.054111
5102.111791 0.056294
5104.208057 0.049217
5106.304322 0.053589
5108.400588 0.054322
5110.496854 0.041257
5112.593120 0.047561
5114.689386 0.043735
5116.785652 0.063087
5118.881918 0.065354
5120.978184 0.055351
5123.074451 0.044810
5125.170717 0.059837
5127.266982 0.077572
5129.363248 0.038078
5131.459514 0.039453
5133.555780 0.047377
5135.652046 0.052497
5137.748312 0.059598
5139.844578 0.057800
5141.940844 0.052119
5144.037110 0.061891
5146.133376 0.025803
5148.229642 0.051869
5150.325908 0.062578
5152.422174 0.048355
5154.518440 0.049257
5156.614706 0.054343
5158.710972 0.039818
5160.807238 0.054230
5162.903504 0.064992
5164.999770 0.038376
5167.096035 0.060726
5169.192301 0.024379
5171.288567 0.042128
5173.384833 0.069558
5175.481099 0.028486
5177.577365 0.027661
5179.673631 0.050610
5181.769897 0.061657
5183.866163 0.039154
5185.962429 0.039628
5188.058695 0.042712
5190.154961 0.045029
5192.251227 0.062400
5194.347493 0.048988
5196.443759 0.051931
5198.540025 0.064647
5200.636291 0.030703
5202.732557 -0.023216
5204.828823 0.019879
5206.925088 0.041932
5209.021354 0.010603
5211.117620 0.061938
5213.213887 0.042439
5215.310153 0.045728
5217.406419 0.076916
5219.502685 0.056353
5221.598951 0.050674
5223.695217 0.051444
5225.791482 0.058639
5227.887748 0.051474
5229.984014 0.041508
5232.080280 0.039023
5234.176546 0.063197
5236.272812 0.098657
5238.369078 0.054338
5240.465344 0.128241
5242.561610 0.077531
5244.657876 0.065480
5246.754142 0.049119
5248.850408 0.060546
5250.946674 0.045512
5253.042940 0.045831
5255.139206 0.059573
5257.235472 0.098331
5259.331738 0.085330
5261.428004 0.088998
5263.524270 0.057309
5265.620535 0.056983
5267.716801 0.020028
5269.813067 0.036234
5271.909333 0.046030
5274.005599 0.091365
5276.101865 0.039099
5278.198131 0.079138
5280.294397 0.053070
5282.390664 0.047379
5284.486930 0.055044
5286.583195 0.034748
5288.679461 0.056717
5290.775727 0.072387
5292.871993 0.068015
5294.968259 0.043069
5297.064525 0.052774
5299.160791 0.063668
5301.257057 0.056672
5303.353323 0.062687
5305.449589 0.034795
5307.545855 0.052375
5309.642121 0.048698
5311.738387 0.060402
5313.834653 0.060148
5315.930919 0.066744
5318.027185 0.053899
5320.123451 0.059930
5322.219717 0.049106
5324.315983 0.044275
5326.412248 0.043093
5328.508514 0.059903
5330.604780 0.066616
5332.701046 0.061537
5334.797312 0.035194
5336.893578 0.038324
5338.989844 0.075910
5341.086110 0.060798
5343.182376 0.050261
5345.278642 0.052690
5347.374908 0.051495
5349.471174 0.055030
5351.567440 0.063699
5353.663706 0.048546
5355.759972 0.047849
5357.856238 0.049957
5359.952504 0.062650
5362.048770 0.076946
5364.145036 0.032840
5366.241301 0.060183
5368.337567 0.058730
5370.433833 0.051425
5372.530100 0.080059
5374.626366 0.025408
5376.722632 0.043990
5378.818898 0.058105
5380.915164 0.053157
5383.011430 0.056957
5385.107696 0.012203
5387.203961 0.062039
5389.300227 0.025100
5391.396493 0.044351
5393.492759 0.047858
5395.589025 0.056268
5397.685291 0.055221
5399.781557 0.045308
5401.877823 0.099452
5403.974089 0.068892
5406.070355 0.039232
5408.166621 0.038183
5410.262887 -0.009027
5412.359153 0.029182
5414.455419 0.078556
5416.551685 0.061546
5418.647951 0.064851
5420.744217 0.061545
5422.840483 0.050107
5424.936749 0.044369
5427.033014 0.038387
5429.129280 0.070245
5431.225546 0.074251
5433.321812 0.035915
5435.418078 0.046259
5437.514344 0.054449
5439.610610 0.046604
5441.706877 0.043725
5443.803143 0.044402
5445.899408 0.059354
5447.995674 0.053349
5450.091940 0.074463
5452.188206 0.071729
5454.284472 0.050974
5456.380738 0.044317
5458.477004 0.039249
5460.573270 0.066318
5462.669536 0.048810
5464.765802 0.047052
5466.862068 0.060310
5468.958334 0.057817
5471.054600 0.064869
5473.150866 0.012497
5475.247132 0.053757
5477.343398 0.090542
5479.439664 0.014881
5481.535930 0.031254
5483.632196 0.086612
5485.728461 0.064482
5487.824727 0.048443
5489.920993 0.065334
5492.017259 0.068922
5494.113525 0.060427
5496.209791 0.042147
5498.306057 0.062294
5500.402323 0.066663
5502.498589 0.124848
5504.594855 0.094698
5506.691121 0.145612
5508.787387 0.054544
5510.883653 -0.015546
5512.979919 0.121845
5515.076185 0.039610
5517.172451 0.066207
5519.268717 0.067689
5521.364983 0.080402
5523.461249 0.118940
5525.557514 0.082729
5527.653780 0.026294
5529.750046 0.033987
5531.846313 0.044249
5533.942579 0.059537
5536.038845 0.028810
5538.135111 0.043900
5540.231377 0.031283
5542.327643 0.080933
5544.423909 0.050443
5546.520174 0.078685
5548.616440 0.051887
5550.712706 0.052336
5552.808972 0.028381
5554.905238 0.060610
5557.001504 0.053776
5559.097770 0.061551
5561.194036 0.027221
5563.290302 0.086116
5565.386568 0.061922
5567.482834 0.002941
5569.579100 0.031907
5571.675366 0.056351
5573.771632 0.045068
5575.867898 0.025552
5577.964164 0.060525
5580.060430 0.055776
5582.156696 0.057448
5584.252962 0.091745
5586.349227 0.008124
5588.445493 0.041488
5590.541759 -0.016480
5592.638025 0.049939
5594.734291 0.046768
5596.830557 0.057094
5598.926823 0.053612
5601.023089 0.065306
5603.119356 0.038747
5605.215621 0.039120
5607.311887 0.056190
5609.408153 0.072212
5611.504419 0.093953
5613.600685 0.029016
5615.696951 0.044836
5617.793217 0.070412
5619.889483 0.053336
5621.985749 0.037972
5624.082015 0.053653
5626.178281 0.061768
5628.274547 0.070568
5630.370813 0.064805
5632.467079 0.066968
5634.563345 0.066023
5636.659611 0.072509
5638.755877 0.051971
5640.852143 0.103090
5642.948409 0.016375
5645.044674 0.028045
5647.140940 0.066385
5649.237206 0.079443
5651.333472 0.090634
5653.429738 0.038936
5655.526004 0.041551
5657.622270 0.053384
5659.718536 0.058177
5661.814802 0.068591
5663.911068 0.058970
5666.007334 0.060405
5668.103600 0.044516
5670.199866 0.040241
5672.296132 0.046090
5674.392398 0.057578
5676.488664 0.021299
5678.584930 0.042786
5680.681196 0.047022
5682.777462 0.052487
5684.873728 0.060018
5686.969993 0.060877
5689.066259 0.062733
5691.162526 0.066813
5693.258792 0.068689
5695.355058 0.076079
5697.451324 0.061194
5699.547590 0.036554
5701.643856 0.047367
5703.740122 0.065136
5705.836387 0.045679
5707.932653 0.052382
5710.028919 0.036773
5712.125185 0.019942
5714.221451 0.050792
5716.317717 0.040294
5718.413983 0.045931
5720.510249 0.077333
5722.606515 0.056060
5724.702781 0.044480
5726.799047 0.057423
5728.895313 0.074575
5730.991579 0.093202
5733.087845 0.067520
5735.184111 0.073147
5737.280377 0.072656
5739.376643 0.086358
5741.472909 0.086217
5743.569175 0.063887
5745.665440 0.059015
5747.761706 0.078688
5749.857972 0.075859
5751.954238 0.046382
5754.050504 0.059538
5756.146770 0.063812
5758.243036 0.066644
5760.339302 0.038218
5762.435569 0.063279
5764.531835 0.069900
5766.628100 0.054875
5768.724366 0.056251
5770.820632 0.057497
