2999.827271 0.055111
3002.059444 0.064813
3004.291616 0.044639
3006.523789 0.047960
3008.755961 0.045240
3010.988133 0.044119
3013.220305 0.055004
3015.452478 0.039962
3017.684650 0.065475
3019.916823 0.064484
3022.148996 0.083509
3024.381168 0.042984
3026.613341 0.059338
3028.845513 0.051300
3031.077686 0.046218
3033.309857 0.069880
3035.542030 0.081531
3037.774202 0.052566
3040.006375 0.063632
3042.238547 0.068937
3044.470720 0.075521
3046.702893 0.070698
3048.935065 0.050129
3051.167238 0.055461
3053.399409 0.064785
3055.631582 0.068799
3057.863754 0.070630
3060.095927 0.064654
3062.328099 0.060409
3064.560272 0.064511
3066.792444 0.062962
3069.024617 0.065075
3071.256790 0.072835
3073.488962 0.053686
3075.721134 0.063910
3077.953306 0.053925
3080.185479 0.054844
3082.417651 0.066889
3084.649824 0.085855
3086.881996 0.054251
3089.114169 0.048299
3091.346341 0.057773
3093.578514 0.050687
3095.810686 0.063174
3098.042858 0.045514
3100.275031 0.062619
3102.507203 0.046401
3104.739376 0.061111
3106.971548 0.051176
3109.203721 0.047903
3111.435893 0.038035
3113.668066 0.039862
3115.900238 0.046475
3118.132410 0.049003
3120.364583 0.082427
3122.596755 0.064678
3124.828928 0.066260
3127.061100 0.050777
3129.293273 0.065425
3131.525445 0.050736
3133.757618 0.058658
3135.989790 0.046246
3138.221963 0.046556
3140.454135 0.076215
3142.686307 0.071116
3144.918480 0.063348
3147.150652 0.045819
3149.382825 0.049254
3151.614997 0.066901
3153.847170 0.049594
3156.079342 0.039032
3158.311515 0.065778
3160.543687 0.059739
3162.775859 0.043821
3165.008032 0.054516
3167.240204 0.066471
3169.472377 0.064628
3171.704549 0.050316
3173.936722 0.052435
3176.168894 0.037871
3178.401067 0.044874
3180.633239 0.056661
3182.865411 0.042431
3185.097584 0.032823
3187.329756 0.067229
3189.561929 0.059429
3191.794101 0.055768
3194.026274 0.068159
3196.258446 0.044680
3198.490619 0.063127
3200.722791 0.046497
3202.954963 0.056767
3205.187136 0.055827
3207.419308 0.047403
3209.651481 0.033387
3211.883653 0.050885
3214.115826 0.053520
3216.347998 0.053266
3218.580171 0.072491
3220.812343 0.055464
3223.044516 0.069593
3225.276688 0.058325
3227.508860 0.062060
3229.741033 0.062952
3231.973205 0.054976
3234.205378 0.056967
3236.437550 0.049567
3238.669723 0.048802
3240.901895 0.049168
3243.134068 0.062031
3245.366240 0.042269
3247.598412 0.043465
3249.830585 0.053619
3252.062757 0.066358
3254.294930 0.050510
3256.527102 0.053326
3258.759275 0.054040
3260.991447 0.062134
3263.223620 0.046116
3265.455792 0.048262
3267.687964 0.063269
3269.920137 0.051810
3272.152309 0.048301
3274.384482 0.068734
3276.616654 0.046939
3278.848827 0.040569
3281.080999 0.039999
3283.313172 0.051893
3285.545344 0.071061
3287.777516 0.066648
3290.009689 0.065988
3292.241861 0.056023
3294.474034 0.045947
3296.706206 0.045646
3298.938379 0.049724
3301.170551 0.059941
3303.402724 0.043421
3305.634896 0.035105
3307.867069 0.067734
3310.099241 0.062763
3312.331413 0.031485
3314.563586 0.061672
3316.795758 0.056237
3319.027931 0.048912
3321.260103 0.050220
3323.492276 0.060749
3325.724448 0.059047
3327.956621 0.056646
3330.188793 0.062029
3332.420965 0.041525
3334.653138 0.042506
3336.885310 0.050431
3339.117483 0.064399
3341.349655 0.072031
3343.581828 0.031825
3345.814000 0.038916
3348.046173 0.052438
3350.278345 0.056176
3352.510517 0.032477
3354.742690 0.045281
3356.974862 0.061651
3359.207035 0.053499
3361.439207 0.039876
3363.671380 0.054551
3365.903552 0.043209
3368.135725 0.052187
3370.367897 0.053235
3372.600069 0.036988
3374.832242 0.029778
3377.064414 0.043024
3379.296587 0.049810
3381.528759 0.052402
3383.760932 0.033694
3385.993104 0.060227
3388.225277 0.048260
3390.457449 0.037411
3392.689622 0.061053
3394.921794 0.053903
3397.153966 0.054304
3399.386139 0.050493
3401.618311 0.052399
3403.850484 0.043802
3406.082656 0.053674
3408.314829 0.053280
3410.547001 0.051299
3412.779174 0.051849
3415.011346 0.059137
3417.243518 0.050367
3419.475691 0.037903
3421.707863 0.049197
3423.940036 0.042498
3426.172208 0.052716
3428.404381 0.051583
3430.636553 0.037327
3432.868726 0.035669
3435.100898 0.054210
3437.333070 0.060704
3439.565243 0.048594
3441.797415 0.046816
3444.029588 0.039619
3446.261760 0.044954
3448.493933 0.052434
3450.726105 0.039587
3452.958278 0.060324
3455.190450 0.063757
3457.422623 0.044590
3459.654795 0.054754
3461.886967 0.043990
3464.119140 0.039411
3466.351312 0.056158
3468.583485 0.044006
3470.815657 0.041183
3473.047830 0.032174
3475.280002 0.051922
3477.512175 0.046128
3479.744346 0.044552
3481.976519 0.038301
3484.208692 0.059912
3486.440864 0.038810
3488.673037 0.037322
3490.905209 0.051009
3493.137382 0.056177
3495.369554 0.038515
3497.601727 0.044493
3499.833899 0.056667
3502.066071 0.057727
3504.298243 0.055282
3506.530416 0.058628
3508.762589 0.059218
3510.994761 0.048224
3513.226934 0.053030
3515.459106 0.043042
3517.691279 0.043068
3519.923451 0.050910
3522.155623 0.034872
3524.387795 0.034013
3526.619968 0.055708
3528.852140 0.059942
3531.084313 0.060597
3533.316486 0.052043
3535.548658 0.049626
3537.780831 0.053494
3540.013003 0.053820
3542.245176 0.055130
3544.477347 0.038637
3546.709520 0.069114
3548.941692 0.044899
3551.173865 0.052545
3553.406037 0.030949
3555.638210 0.053278
3557.870383 0.045551
3560.102555 0.044683
3562.334728 0.034666
3564.566899 0.051127
3566.799072 0.046626
3569.031244 0.038583
3571.263417 0.044576
3573.495589 0.055292
3575.727762 0.035649
3577.959934 0.033032
3580.192107 0.033088
3582.424280 0.043559
3584.656452 0.059774
3586.888624 0.046972
3589.120796 0.046947
3591.352969 0.040623
3593.585141 0.051908
3595.817314 0.045086
3598.049486 0.046117
3600.281659 0.049462
3602.513831 0.066641
3604.746004 0.048993
3606.978176 0.045564
3609.210348 0.048409
3611.442521 0.041998
3613.674693 0.046043
3615.906866 0.054450
3618.139038 0.041942
3620.371211 0.049268
3622.603383 0.056388
3624.835556 0.043423
3627.067728 0.043403
3629.299900 0.050998
3631.532073 0.052968
3633.764245 0.056120
3635.996418 0.062714
3638.228590 0.048333
3640.460763 0.050310
3642.692935 0.043445
3644.925108 0.040095
3647.157280 0.047833
3649.389452 0.058105
3651.621625 0.058435
3653.853797 0.049988
3656.085970 0.055861
3658.318142 0.048547
3660.550315 0.035974
3662.782487 0.042439
3665.014660 0.048939
3667.246832 0.040872
3669.479005 0.042573
3671.711177 0.046898
3673.943349 0.035235
3676.175522 0.038226
3678.407694 0.048331
3680.639867 0.043243
3682.872039 0.045703
3685.104212 0.047853
3687.336384 0.040530
3689.568557 0.070548
3691.800729 0.032861
3694.032901 0.040212
3696.265074 0.045968
3698.497246 0.046735
3738.676350 0.052576
3740.908523 0.063707
3743.140695 0.061599
3745.372868 0.065564
3747.605040 0.051961
3749.837213 0.044642
3752.069385 0.054419
3754.301558 0.053013
3756.533730 0.041866
3758.765902 0.052158
3760.998075 0.048494
3763.230247 0.050636
3765.462420 0.057408
3767.694592 0.055078
3769.926765 0.034637
3772.158937 0.054830
3774.391110 0.064581
3776.623282 0.050373
3778.855454 0.043281
3781.087627 0.065901
3783.319799 0.068776
3785.551972 0.058662
3787.784144 0.065877
3790.016317 0.063526
3792.248489 0.062247
3794.480662 0.042898
3796.712834 0.029541
3798.945006 0.029696
3801.177179 0.058671
3803.409351 0.052009
3805.641524 0.067208
3807.873696 0.047732
3810.105869 0.064914
3812.338041 0.066693
3814.570214 0.050945
3816.802386 0.060761
3819.034559 0.058284
3821.266731 0.057976
3823.498903 0.055157
3825.731076 0.047971
3827.963248 0.043178
3830.195421 0.053577
3832.427593 0.029795
3834.659766 0.028873
3836.891938 0.036035
3839.124111 0.054246
3841.356283 0.045714
3843.588455 0.054710
3845.820628 0.066804
3848.052800 0.072837
3850.284973 0.059279
3852.517145 0.063224
3854.749318 0.073878
3856.981490 0.071367
3859.213663 0.086823
3861.445835 0.083057
3863.678007 0.072772
3865.910180 0.062018
3868.142352 0.086245
3870.374525 0.080376
3872.606697 0.064164
3874.838870 0.052088
3877.071042 0.060610
3879.303215 0.072884
3881.535387 0.070765
3883.767559 0.061827
3885.999732 0.066154
3888.231904 0.063366
3890.464077 0.071835
3892.696249 0.058895
3894.928422 0.055536
3897.160594 0.047964
3899.392767 0.073535
3901.624939 0.049683
3903.857112 0.074114
3906.089284 0.075411
3908.321456 0.058352
3910.553629 0.097687
3912.785801 0.112040
3915.017974 0.089815
3917.250146 0.079133
3919.482319 0.081178
3921.714491 0.080458
3923.946664 0.074306
3926.178836 0.048283
3928.411008 0.062746
3930.643181 0.052583
3932.875353 0.053815
3935.107526 0.046061
3937.339698 0.062625
3939.571871 0.075834
3941.804043 0.072935
3944.036216 0.066213
3946.268388 0.070149
3948.500560 0.078656
3950.732733 0.074086
3952.964905 0.076767
3955.197078 0.080386
3957.429250 0.076210
3959.661423 0.045824
3961.893595 0.053712
3964.125768 0.055661
3966.357940 0.035747
3968.590112 0.043967
3970.822285 0.059710
3973.054457 0.058262
3975.286630 0.054495
3977.518802 0.052635
3979.750975 0.060538
3981.983147 0.078072
3984.215320 0.062304
3986.447492 0.061159
3988.679665 0.077748
3990.911836 0.075848
3993.144009 0.071022
3995.376182 0.085377
3997.608354 0.071625
3999.840527 0.091197
4002.072699 0.064806
4004.304872 0.066519
4006.537044 0.081442
4008.769217 0.085799
4011.001388 0.075769
4013.233561 0.054650
4015.465733 0.055314
4017.697906 0.064084
4019.930079 0.060163
4022.162251 0.067911
4024.394424 0.071799
4026.626596 0.073004
4028.858769 0.074506
4031.090941 0.068359
4033.323113 0.070804
4035.555285 0.085665
4037.787458 0.068437
4040.019630 0.067604
4042.251803 0.070374
4044.483976 0.036397
4046.716148 0.059618
4048.948321 0.079242
4051.180493 0.073889
4053.412665 0.069935
4055.644837 0.070789
4057.877010 0.073300
4060.109182 0.057603
4062.341355 0.076811
4064.573527 0.056813
4066.805700 0.064711
4069.037873 0.050504
4071.270045 0.063671
4073.502218 0.071886
4075.734389 0.070342
4077.966562 0.066152
4080.198734 0.066441
4082.430907 0.054490
4084.663079 0.072673
4086.895252 0.060322
4089.127424 0.075439
4091.359597 0.075137
4093.591770 0.052197
4095.823942 0.045000
4098.056114 0.055961
4100.288286 0.054302
4102.520459 0.072184
4104.752631 0.061099
4106.984804 0.049577
4109.216976 0.053762
4111.449149 0.054197
4113.681321 0.065866
4115.913494 0.067920
4118.145666 0.065117
4120.377838 0.066670
4122.610011 0.048841
4124.842183 0.064533
4127.074356 0.079036
4129.306528 0.078709
4131.538701 0.067578
4133.770873 0.045165
4136.003046 0.057141
4138.235219 0.054033
4140.467390 0.056156
4142.699563 0.097627
4144.931735 0.087220
4147.163908 0.082487
4149.396080 0.054805
4151.628253 0.067648
4153.860425 0.041252
4156.092598 0.049137
4158.324770 0.085424
4160.556942 0.072474
4162.789115 0.072808
4165.021287 0.055061
4167.253460 0.079598
4169.485632 0.057757
4171.717805 0.058602
4173.949977 0.067562
4176.182150 0.052135
4178.414322 0.042393
4180.646495 0.039423
4182.878667 0.044582
4185.110839 0.052501
4187.343012 0.055657
4189.575184 0.091074
4191.807357 0.055345
4194.039529 0.067274
4196.271702 0.071581
4198.503874 0.066745
4200.736047 0.060041
4202.968219 0.074584
4205.200391 0.070384
4207.432564 0.069325
4209.664736 0.082566
4211.896909 0.052416
4214.129081 0.074893
4216.361254 0.066212
4218.593426 0.045446
4220.825599 0.033718
4223.057771 0.049125
4225.289943 0.090098
4227.522116 0.051991
4229.754288 0.065449
4231.986461 0.076962
4234.218633 0.072730
4236.450806 0.061249
4238.682978 0.072436
4240.915151 0.081353
4243.147323 0.066577
4245.379495 0.058024
4247.611668 0.062700
4249.843840 0.074370
4252.076013 0.060227
4254.308185 0.061190
4256.540358 0.072974
4258.772530 0.064214
4261.004703 0.074885
4263.236875 0.059586
4265.469048 0.055080
4267.701220 0.069038
4269.933392 0.062896
4272.165565 0.042010
4274.397737 0.057281
4276.629910 0.072266
4278.862082 0.051840
4281.094255 0.055687
4283.326427 0.061333
4285.558600 0.063383
4287.790772 0.063682
4290.022944 0.047879
4292.255117 0.063599
4294.487289 0.079845
4296.719462 0.058659
4298.951634 0.057952
4301.183807 0.074163
4303.415979 0.073405
4305.648152 0.055998
4307.880324 0.063766
4310.112496 0.061886
4312.344669 0.050328
4314.576841 0.068863
4316.809014 0.050918
4319.041186 0.077591
4321.273359 0.088698
4323.505531 0.071869
4325.737704 0.059582
4327.969876 0.062489
4330.202048 0.055249
4332.434221 0.048170
4334.666393 0.051288
4336.898566 0.049333
4339.130738 0.092239
4341.362911 0.109788
4343.595083 0.092318
4345.827256 0.052184
4348.059428 0.055072
4350.291601 0.058288
4352.523773 0.065452
4354.755945 0.070539
4356.988118 0.086328
4359.220290 0.073352
4361.452463 0.075620
4363.684635 0.068339
4365.916808 0.047437
4368.148980 0.066665
4370.381153 0.066189
4372.613325 0.079530
4374.845497 0.077787
4377.077670 0.066401
4379.309842 0.045463
4381.542015 0.070059
4383.774187 0.055868
4386.006360 0.056304
4388.238532 0.062951
4390.470705 0.071519
4392.702877 0.057078
4394.935049 0.064798
4397.167222 0.065935
4399.399394 0.048054
4401.631567 0.061267
4403.863739 0.043950
4406.095912 0.054070
4408.328084 0.079267
4410.560257 0.070976
4412.792429 0.059900
4415.024602 0.070562
4417.256774 0.052850
4419.488946 0.056287
4421.721119 0.054670
4423.953291 0.062781
4426.185464 0.053519
4428.417636 0.047310
4430.649809 0.055955
4432.881981 0.060702
4435.114154 0.055162
4437.346326 0.038276
4439.578498 0.051082
4441.810671 0.061131
4444.042843 0.070827
4446.275016 0.072273
4448.507188 0.063584
4450.739361 0.064412
4452.971533 0.071598
4455.203706 0.053367
4457.435878 0.071719
4459.668050 0.068274
4461.900223 0.074755
4464.132395 0.061655
4466.364568 0.059313
4468.596740 0.066945
4470.828913 0.052964
4473.061085 0.072226
4475.293258 0.062943
4477.525430 0.050606
4479.757602 0.062064
4481.989775 0.049013
4484.221947 0.059421
4486.454120 0.067256
4488.686292 0.054886
4490.918465 0.074880
4493.150637 0.073445
4495.382810 0.058015
4497.614982 0.056750
4499.847155 0.059858
4502.079326 0.058316
4504.311499 0.063644
4506.543672 0.055418
4508.775844 0.057435
4511.008017 0.067286
4513.240189 0.058889
4515.472362 0.064573
4517.704534 0.081300
4519.936707 0.078608
4522.168878 0.068196
4524.401051 0.062171
4526.633223 0.056502
4528.865396 0.059153
4531.097569 0.058083
4533.329741 0.048767
4535.561914 0.045540
4537.794086 0.013306
4540.026259 0.000531
4542.258431 0.035063
4544.490603 0.079375
4546.722775 0.068438
4548.954948 0.059666
4551.187120 0.053848
4553.419293 0.056102
4555.651466 0.039211
4557.883638 0.044581
4560.115811 0.052468
4562.347983 0.048994
4564.580155 0.059874
4566.812327 0.051371
4569.044500 0.047348
4571.276672 0.046055
4573.508845 0.045922
4575.741017 0.073994
4577.973190 0.051801
4580.205363 0.049470
4582.437535 0.061186
4584.669708 0.056499
4586.901879 0.056130
4589.134052 0.054784
4591.366224 0.069840
4593.598397 0.045389
4595.830569 0.067233
4598.062742 0.072272
4600.294914 0.056266
4602.527087 0.067744
4604.759260 0.064806
4606.991431 0.056952
4609.223604 0.052213
4611.455776 0.060331
4613.687949 0.076589
4615.920121 0.070952
4618.152294 0.048614
4620.384466 0.076371
4622.616639 0.074654
4624.848812 0.066620
4627.080984 0.060274
4629.313156 0.056608
4631.545328 0.043988
4633.777501 0.066148
4636.009673 0.039983
4638.241846 0.042375
4640.474018 0.048638
4642.706191 0.067331
4644.938363 0.055402
4647.170536 0.047745
4649.402708 0.051538
4651.634880 0.054221
4653.867053 0.050315
4656.099225 0.052148
4658.331398 0.077679
4660.563570 0.063424
4662.795743 0.054482
4665.027915 0.051401
4667.260088 0.051045
4669.492260 0.059700
4671.724432 0.070846
4673.956605 0.058372
4676.188777 0.069247
4678.420950 0.064575
4680.653122 0.056342
4682.885295 0.060118
4685.117467 0.067210
4687.349640 0.074599
4689.581812 0.055876
4691.813984 0.049027
4694.046157 0.077879
4696.278329 0.070156
4698.510502 0.065342
4700.742674 0.042456
4702.974847 0.047835
4705.207019 0.039515
4707.439192 0.060512
4709.671364 0.048908
4711.903537 0.054280
4714.135709 0.067530
4716.367881 0.060855
4718.600054 0.056578
4720.832226 0.078598
4723.064399 0.061688
4725.296571 0.063607
4727.528744 0.055499
4729.760916 0.084313
4731.993089 0.061954
4734.225261 0.058911
4736.457433 0.049504
4738.689606 0.049463
4740.921778 0.070915
4743.153951 0.053257
4745.386123 0.082543
4747.618296 0.043093
4749.850468 0.043588
4752.082641 0.073643
4754.314813 0.066304
4756.546985 0.050852
4758.779158 0.055229
4761.011330 0.052076
4763.243503 0.064101
4765.475675 0.068012
4767.707848 0.051489
4769.940020 0.049970
4772.172193 0.054978
4774.404365 0.051680
4776.636538 0.065120
4778.868710 0.064413
4781.100882 0.049425
4783.333055 0.048261
4785.565227 0.064626
4787.797400 0.055572
4790.029572 0.067894
4792.261745 0.042151
4794.493917 0.051820
4796.726090 0.057810
4798.958262 0.047002
4801.190434 0.067995
4803.422607 0.058624
4805.654779 0.059242
4807.886952 0.063320
4810.119124 0.053640
4812.351297 0.059378
4814.583469 0.080974
4816.815642 0.066778
4819.047814 0.054040
4821.279986 0.059633
4823.512159 0.051222
4825.744331 0.049278
4827.976504 0.047444
4830.208676 0.028248
4832.440849 0.065255
4834.673021 0.066913
4836.905194 0.032175
4839.137366 0.041951
4841.369538 0.059356
4843.601711 0.061771
4845.833883 0.050765
4848.066056 0.056416
4850.298228 0.065156
4852.530401 0.042693
4854.762573 0.033344
4856.994746 0.054875
4859.226918 0.088399
4861.459091 0.164310
4863.691263 0.171517
4865.923435 0.067452
4868.155608 0.041578
4870.387780 0.051868
4872.619953 0.015821
4874.852125 0.062172
4877.084298 0.068897
4879.316470 0.060315
4881.548643 0.061203
4883.780815 0.067414
4886.012987 0.022978
4888.245160 0.028419
4890.477332 0.060714
4892.709505 0.049309
4894.941677 0.044393
4897.173850 0.055094
4899.406022 0.052892
4901.638195 0.045630
4903.870367 0.056746
4906.102539 0.065798
4908.334712 0.042344
4910.566884 0.036103
4912.799057 0.034639
4915.031229 0.057889
4917.263402 0.065312
4919.495574 0.045811
4921.727747 0.042886
4923.959919 0.056004
4926.192091 0.061236
4928.424264 0.075582
4930.656436 0.052715
4932.888609 0.048430
4935.120781 0.051568
4937.352954 0.045752
4939.585126 0.060590
4941.817299 0.068455
4944.049471 0.032986
4946.281644 0.067472
4948.513816 0.059027
4950.745988 0.051774
4952.978161 0.060487
4955.210333 0.070970
4957.442506 0.064810
4959.674678 0.098973
4961.906851 0.116206
4964.139023 0.094873
4966.371196 0.033508
4968.603368 0.054857
4970.835540 0.056031
4973.067713 0.038171
4975.299885 0.029298
4977.532058 0.067418
4979.764230 0.061002
4981.996403 0.049707
4984.228575 0.055424
4986.460748 0.043825
4988.692920 0.047606
4990.925092 0.049771
4993.157265 0.039046
4995.389437 0.034263
4997.621610 0.051987
4999.853782 0.065244
5002.085955 0.091514
5004.318127 0.112484
5006.550300 0.175138
5008.782472 0.202757
5011.014644 0.126536
5013.246816 0.044296
5015.478989 0.043322
5017.711162 0.060821
5019.943334 0.046692
5022.175507 0.034885
5024.407679 0.028012
5026.639852 0.064156
5028.872024 0.049721
5031.104197 0.059655
5033.336368 0.048569
5035.568541 0.051963
5037.800713 0.048856
5040.032886 0.045304
5042.265059 0.051760
5044.497231 0.064477
5046.729404 0.032594
5048.961576 -0.011754
5051.193749 0.002112
5053.425920 0.033477
5055.658093 0.042746
5057.890265 0.086037
5060.122438 0.082899
5062.354610 0.063361
5064.586783 0.056891
5066.818956 0.050007
5069.051128 0.021868
5071.283301 0.065238
5073.515473 0.050082
5075.747645 0.055999
5077.979817 0.047053
5080.211990 0.073107
5082.444162 0.046919
5084.676335 0.051535
5086.908508 0.049573
5089.140680 0.066650
5091.372853 0.056729
5093.605025 0.019930
5095.837198 0.041548
5098.069369 0.053258
5100.301542 0.037506
5102.533714 0.042134
5104.765887 0.029104
5106.998059 0.049823
5109.230232 0.049096
5111.462405 0.049209
5113.694577 0.062327
5115.926750 0.055737
5118.158921 0.031946
5120.391094 0.065645
5122.623266 0.067674
5124.855439 0.041490
5127.087611 0.080058
5129.319784 0.048913
5131.551956 0.063971
5133.784129 0.058373
5136.016302 0.033463
5138.248474 0.037775
5140.480646 0.052597
5142.712818 0.049132
5144.944991 0.055319
5147.177163 0.032947
5149.409336 0.010184
5151.641508 0.015317
5153.873681 0.030429
5156.105853 0.035900
5158.338026 0.074132
5160.570198 0.032127
5162.802370 0.058369
5165.034543 0.033516
5167.266715 0.016694
5169.498888 0.052152
5171.731060 0.058435
5173.963233 0.052303
5176.195405 0.043287
5178.427578 0.041821
5180.659750 0.032657
5182.891922 0.032613
5185.124095 0.045422
5187.356267 0.063069
5189.588440 0.048592
5191.820612 0.027301
5194.052785 0.062903
5196.284957 0.039245
5198.517130 0.051532
5200.749302 0.059598
5202.981474 0.054199
5205.213647 0.039344
5207.445819 0.038288
5209.677992 0.061968
5211.910164 0.051076
5214.142337 0.056361
5216.374509 0.039035
5218.606682 0.084969
5220.838854 0.077534
5223.071027 0.035982
5225.303199 0.060749
5227.535371 0.058308
5229.767544 0.012803
5231.999716 0.013997
5234.231889 0.041650
5236.464061 0.059843
5238.696234 0.080742
5240.928406 0.080367
5243.160579 0.064148
5245.392751 0.068588
5247.624923 0.067947
5249.857096 0.063239
5252.089268 0.040601
5254.321441 0.028497
5256.553613 0.028785
5258.785786 -0.021953
5261.017958 0.044347
5263.250131 0.036226
5265.482303 0.084824
5267.714475 0.067568
5269.946648 0.065171
5272.178820 0.060944
5274.410993 0.050562
5276.643165 0.042391
5278.875338 0.040629
5281.107510 0.060407
5283.339683 0.041182
5285.571855 0.037308
5287.804027 0.006462
5290.036200 0.053206
5292.268372 0.031787
5294.500545 0.084497
5296.732717 0.033597
5298.964890 0.062434
5301.197062 0.043373
5303.429235 0.060153
5305.661407 0.028574
5307.893580 0.071589
5310.125752 0.058751
5312.357924 0.067986
5314.590097 0.073634
5316.822269 0.047112
5319.054442 0.052072
5321.286614 0.018597
5323.518787 0.028277
5325.750959 0.031583
5327.983132 0.009651
5330.215304 0.048743
5332.447476 0.028644
5334.679649 0.038914
5336.911821 0.053475
5339.143994 0.058755
5341.376166 0.033356
5343.608339 0.048328
5345.840511 0.046501
5348.072684 0.036318
5350.304856 0.027526
5352.537028 0.035669
5354.769201 0.049800
5357.001373 0.026612
5359.233546 0.067569
5361.465718 0.059494
5363.697891 0.049800
5365.930063 0.051015
5368.162236 0.053077
5370.394408 0.045953
5372.626580 0.039810
5374.858753 0.036599
5377.090925 0.038223
5379.323098 0.043605
5381.555270 0.044349
5383.787443 0.054617
5386.019615 0.046790
5388.251788 0.029623
5390.483960 0.059669
5392.716133 0.053486
5394.948305 0.050608
5397.180477 0.047248
5399.412650 0.055590
5401.644822 0.055708
5403.876995 0.051109
5406.109167 0.044385
5408.341340 0.050290
5410.573512 0.048848
5412.805685 0.043981
5415.037857 0.046503
5417.270029 0.039715
5419.502202 0.056439
5421.734374 0.052863
5423.966547 0.039008
5426.198719 0.047763
5428.430892 0.046600
5430.663064 0.037266
5432.895237 0.041052
5435.127409 0.040061
5437.359581 0.025551
5439.591754 0.039341
5441.823926 0.038825
5444.056099 0.044984
5446.288271 0.063061
5448.520444 0.063986
5450.752616 0.055580
5452.984789 0.045463
5455.216961 0.049946
5457.449134 0.035968
5459.681306 0.046294
5461.913478 0.033896
5464.145651 0.039854
5466.377823 0.056274
5468.609996 0.029408
5470.842168 0.046195
5473.074341 0.049528
5475.306513 0.065607
5477.538686 0.063099
5479.770858 0.039266
5482.003030 0.037158
5484.235203 0.057975
5486.467375 0.044314
5488.699548 0.047119
5490.931720 0.056899
5493.163893 0.046498
5495.396065 0.035251
5497.628238 0.024995
5499.860410 0.016348
5502.092582 0.044375
5504.324755 0.060717
5506.556927 0.064354
5508.789100 0.060978
5511.021272 0.047028
5513.253445 0.044156
5515.485617 0.099673
5517.717790 0.118308
5519.949962 0.056258
5522.182134 0.037791
5524.414306 0.050247
5526.646479 0.044568
5528.878652 0.065880
5531.110824 0.058369
5533.342997 0.061556
5535.575169 0.055348
5537.807342 -0.039336
5540.039514 -0.065224
5542.271687 0.064337
5544.503858 0.062540
5546.736031 0.127761
5548.968203 0.083948
5551.200376 0.068346
5553.432549 0.085907
5555.664721 0.038046
5557.896894 0.054314
5560.129066 0.050323
5562.361239 0.043364
5564.593410 0.039543
5566.825583 -0.001058
5569.057755 0.006653
5571.289928 0.097539
5573.522101 0.010485
5575.754273 -0.033979
5577.986446 0.028261
5580.218618 0.069184
5582.450791 0.100094
5584.682963 0.087698
5586.915135 0.013366
5589.147307 0.015739
5591.379480 0.061591
5593.611652 0.015473
5595.843825 -0.060796
5598.075998 -0.029184
5600.308170 0.096319
5602.540343 0.171881
5604.772515 0.173817
5607.004687 0.060822
5609.236859 0.029533
5611.469032 0.000966
5613.701204 0.071829
5615.933377 0.056217
5618.165549 0.025843
5620.397722 -0.000524
5622.629895 0.015039
5624.862067 0.029304
5627.094240 0.134113
5629.326411 0.106962
5631.558584 0.057334
5633.790756 0.048886
5636.022929 0.029418
5638.255101 0.032271
5640.487274 0.034113
5642.719446 0.057798
5644.951619 0.061752
5647.183792 0.048496
5649.415963 0.101561
5651.648136 0.091237
5653.880308 0.071738
5656.112481 0.034082
5658.344653 0.038588
5660.576826 0.045145
5662.808998 0.028798
5665.041171 0.045260
5667.273343 0.041668
5669.505516 0.040294
5671.737688 0.046517
5673.969860 0.043132
5676.202033 0.060388
5678.434205 0.067154
5680.666378 0.027232
5682.898550 0.042110
5685.130723 0.061750
5687.362895 0.034584
5689.595068 0.023633
5691.827240 0.064266
5694.059412 0.056581
5696.291585 0.048584
5698.523757 0.044118
5700.755930 0.043980
5702.988102 0.032699
5705.220275 0.036304
5707.452447 0.037379
5709.684620 0.037993
5711.916792 0.043797
5714.148964 0.043223
5716.381137 0.058108
5718.613309 0.046643
5720.845482 0.041557
5723.077654 0.014329
5725.309827 0.031099
5727.541999 0.026247
5729.774172 0.049459
5732.006344 0.067675
5734.238517 0.102653
5736.470689 0.066478
5738.702861 0.049027
5740.935034 0.035035
5743.167206 0.035156
5745.399379 0.039281
5747.631551 0.087425
5749.863724 0.058512
5752.095896 0.047894
5754.328069 0.056256
5756.560241 0.074910
5758.792413 0.073423
5761.024586 0.077532
5763.256758 0.049839
5765.488931 0.055379
5767.721103 0.052038
5769.953276 0.047337
5772.185448 0.030185
5774.417621 0.040959
5776.649793 0.056293
5778.881965 0.058332
5781.114138 0.037434
5783.346310 0.040882
5785.578483 0.051684
5787.810655 0.039382
5790.042828 0.038253
5792.275000 0.045643
5794.507173 0.045348
5796.739345 0.051674
5798.971517 0.042882
5801.203690 0.018028
5803.435862 0.042878
5805.668035 0.048931
5807.900207 0.041023
5810.132380 0.053591
5812.364552 0.031917
5814.596725 -0.021574
5816.828897 -0.092759
5819.061070 -0.102375
5821.293242 0.000447
5823.525414 0.098786
5825.757587 0.019721
5827.989759 0.012254
5830.221932 0.066102
5832.454104 0.103007
5834.686277 0.141236
5836.918449 0.106793
5839.150622 0.034961
5841.382794 0.054065
5843.614966 0.074824
5845.847139 0.055080
5848.079311 0.057174
5850.311484 0.037521
5852.543656 0.047605
5854.775829 0.035091
5857.008001 -0.038387
5859.240174 -0.198850
5861.472346 -0.043276
5863.704518 0.028082
5865.936691 0.009290
5868.168863 0.215549
5870.401036 0.148065
5872.633208 0.091381
5874.865381 0.100453
5877.097553 0.027321
5879.329726 0.031022
5881.561898 0.043219
5883.794070 0.036623
5886.026243 -0.023944
5888.258415 -0.046896
5890.490588 0.005632
5892.722760 0.050278
5894.954933 0.036953
5897.187105 -0.101049
5899.419278 -0.109806
5901.651450 0.033316
5903.883623 0.102025
5906.115795 0.201335
5908.347967 0.092457
5910.580140 -0.017860
5912.812312 0.041226
5915.044485 0.127793
5917.276657 0.093600
5919.508830 -0.031729
5921.741002 -0.108388
5923.973175 0.047715
5926.205347 0.089488
5928.437519 0.266635
5930.669692 0.211537
5932.901864 0.034921
5935.134037 0.001053
5937.366209 -0.020634
5939.598382 0.047641
5941.830554 0.060911
5944.062727 0.041774
5946.294899 -0.040152
5948.527071 -0.044933
5950.759244 -0.037596
5952.991416 0.076895
5955.223589 0.155463
5957.455761 0.057819
5959.687934 0.017675
5961.920106 0.024444
5964.152279 0.017060
5966.384451 -0.025593
5968.616623 0.042139
5970.848796 0.027219
5973.080968 0.019486
5975.313141 0.002318
5977.545313 0.005269
5979.777486 0.011518
5982.009658 0.056360
5984.241831 0.114770
5986.474003 0.051409
5988.706176 0.051855
5990.938348 0.050382
5993.170520 0.041036
5995.402693 0.016077
5997.634865 0.039322
5999.867038 0.025784
6002.099210 0.005264
6004.331383 0.047285
6006.563555 -0.011433
6008.795728 -0.006568
6011.027899 0.037509
6013.260072 0.068922
6015.492245 0.100031
6017.724417 0.091558
6019.956590 0.029986
6022.188762 0.052979
6024.420935 0.020224
6026.653107 0.043820
6028.885280 0.039449
6031.117452 0.033929
6033.349624 0.048615
6035.581797 0.044200
6037.813969 0.043163
6040.046142 0.048702
6042.278314 0.057632
6044.510487 0.048256
6046.742659 0.110099
6048.974832 0.060020
6051.207004 0.017563
6053.439177 0.044916
6055.671348 0.043926
6057.903521 0.025753
6060.135694 0.019633
6062.367866 0.045109
6064.600039 0.038421
6066.832211 0.041484
6069.064384 0.043282
6071.296556 0.032198
6073.528729 0.016072
6075.760900 0.035731
6077.993073 0.054179
6080.225245 0.037407
6082.457418 0.036691
6084.689591 0.034271
6086.921763 0.011245
6089.153936 0.041056
6091.386108 0.055977
6093.618281 0.043454
6095.850453 0.046524
6098.082625 0.028039
6100.314797 0.042863
6102.546970 0.049605
6104.779142 0.038966
6107.011315 0.038846
6109.243488 0.045551
6111.475660 0.018656
6113.707833 0.045541
6115.940005 0.059891
6118.172177 0.045678
6120.404349 0.044137
6122.636522 0.018587
6124.868694 0.053214
6127.100867 0.024784
6129.333039 0.047228
6131.565212 0.030499
6133.797385 0.052001
6136.029557 0.044973
6138.261730 0.015110
6140.493901 0.012994
6142.726074 0.041298
6144.958246 0.031188
