3315.019013 0.056510
3317.485720 0.076219
3319.952426 0.083298
3322.419133 0.062068
3324.885840 0.093946
3327.352546 0.074515
3329.819253 0.122419
3332.285960 0.107513
3334.752666 0.071432
3337.219373 0.089156
3339.686080 0.095215
3342.152787 0.071583
3344.619494 0.047414
3347.086200 0.075844
3349.552907 0.065029
3352.019613 0.053085
3354.486320 0.078393
3356.953027 0.069560
3359.419734 0.045658
3361.886440 0.058768
3364.353147 0.071442
3366.819854 0.065900
3369.286561 0.063517
3371.753268 0.049127
3374.219974 0.017289
3376.686681 0.053209
3379.153387 0.082214
3381.620094 0.097634
3384.086801 0.080883
3386.553508 0.053630
3389.020215 0.041054
3391.486921 0.055337
3393.953628 0.063092
3396.420335 0.079638
3398.887041 0.083261
3401.353748 0.080572
3403.820455 0.082374
3406.287161 0.076193
3408.753868 0.068385
3411.220575 0.075263
3413.687282 0.072834
3416.153989 0.088275
3418.620695 0.072265
3421.087401 0.065552
3423.554108 0.060376
3426.020815 0.057122
3428.487522 0.103333
3430.954229 0.083598
3433.420935 0.061715
3435.887642 0.065159
3438.354349 0.066216
3440.821056 0.041082
3443.287763 0.060530
3445.754469 0.100375
3448.221176 0.074069
3450.687882 0.057992
3453.154589 0.065759
3455.621296 0.067861
3458.088003 0.076998
3460.554710 0.045876
3463.021416 0.073274
3465.488123 0.076659
3467.954830 0.075147
3470.421536 0.083320
3472.888243 0.079581
3475.354950 0.103118
3477.821656 0.083770
3480.288363 0.053339
3482.755070 0.057372
3485.221777 0.099786
3487.688484 0.090281
3490.155190 0.064733
3492.621896 0.074426
3495.088603 0.059062
3497.555310 0.080749
3500.022017 0.074068
3502.488724 0.083209
3504.955430 0.084136
3507.422137 0.066109
3509.888844 0.084520
3512.355551 0.079074
3514.822258 0.114413
3517.288964 0.090120
3519.755670 0.098832
3522.222377 0.066587
3524.689084 0.050504
3527.155791 0.077933
3529.622498 0.074791
3532.089204 0.060852
3534.555911 0.092623
3537.022618 0.092159
3539.489324 0.070456
3541.956031 0.067578
3544.422738 0.083943
3546.889445 0.069193
3549.356151 0.073561
3551.822858 0.047471
3554.289565 0.103522
3556.756272 0.060343
3559.222979 0.076905
3561.689685 0.062018
3564.156391 0.086418
3566.623098 0.064704
3569.089805 0.081813
3571.556512 0.058683
3574.023219 0.074150
3576.489925 0.084953
3578.956632 0.058634
3581.423339 0.070782
3583.890046 0.080759
3586.356752 0.094083
3588.823459 0.076604
3591.290165 0.072665
3593.756872 0.082424
3596.223579 0.074143
3598.690286 0.095162
3601.156993 0.086922
3603.623699 0.075977
3606.090406 0.080728
3608.557113 0.082309
3611.023819 0.065800
3613.490526 0.053244
3615.957233 0.057047
3618.423940 0.092333
3620.890646 0.070851
3623.357353 0.081267
3625.824060 0.090427
3628.290767 0.092424
3630.757474 0.102507
3633.224180 0.090778
3635.690886 0.071537
3638.157593 0.077142
3640.624300 0.080434
3643.091007 0.104935
3645.557714 0.081460
3648.024420 0.074313
3650.491127 0.049510
3652.957834 0.062020
3655.424541 0.093858
3657.891247 0.090295
3660.357954 0.087385
3662.824660 0.078094
3665.291367 0.062738
3667.758074 0.074753
3670.224781 0.073370
3672.691488 0.093102
3675.158194 0.081610
3677.624901 0.086297
3680.091607 0.091836
3682.558314 0.079314
3685.025021 0.053936
3687.491728 0.090649
3689.958435 0.080202
3692.425141 0.072250
3694.891848 0.085250
3697.358555 0.078795
3699.825262 0.058958
3702.291969 0.084803
3704.758675 0.079478
3707.225381 0.070686
3709.692088 0.067411
3712.158795 0.094462
3714.625502 0.067646
3717.092209 0.082410
3719.558915 0.091410
3722.025622 0.100798
3724.492329 0.131635
3726.959035 0.131726
3729.425742 0.123745
3731.892449 0.111128
3734.359155 0.102908
3736.825862 0.073765
3739.292569 0.083118
3741.759276 0.091743
3744.225983 0.098848
3746.692689 0.106022
3749.159396 0.074912
3751.626102 0.075777
3754.092809 0.099601
3756.559516 0.095517
3759.026223 0.098475
3761.492930 0.099124
3763.959636 0.097283
3766.426343 0.095426
3768.893050 0.089827
3771.359757 0.090729
3773.826463 0.095810
3776.293170 0.096553
3778.759876 0.104914
3781.226583 0.116464
3783.693290 0.113965
3786.159997 0.122731
3788.626704 0.102262
3791.093410 0.095700
3793.560117 0.097530
3796.026824 0.104495
3798.493530 0.096605
3800.960237 0.095077
3803.426944 0.095375
3805.893650 0.106714
3808.360357 0.104548
3810.827064 0.109370
3813.293771 0.132830
3815.760478 0.106573
3818.227184 0.109775
3820.693891 0.080161
3823.160597 0.083226
3825.627304 0.095960
3828.094011 0.066695
3830.560718 0.080648
3833.027424 0.073770
3835.494131 0.064791
3837.960838 0.054700
3840.427545 0.085736
3842.894252 0.072601
3845.360958 0.082523
3847.827665 0.111418
3850.294371 0.119511
3852.761078 0.114216
3855.227785 0.123764
3857.694492 0.126173
3860.161199 0.115526
3862.627905 0.102796
3865.094612 0.112028
3867.561319 0.117900
3870.028025 0.116269
3872.494732 0.109992
3874.961439 0.098884
3877.428145 0.115309
3879.894852 0.122201
3882.361559 0.109167
3884.828266 0.095734
3887.294973 0.094921
3889.761679 0.100038
3892.228385 0.071995
3894.695092 0.113640
3897.161799 0.095718
3899.628506 0.093602
3902.095213 0.113847
3904.561919 0.128249
3907.028626 0.115501
3909.495333 0.101535
3911.962040 0.126923
3914.428747 0.123520
3916.895453 0.128677
3919.362160 0.120430
3921.828866 0.118018
3924.295573 0.127669
3926.762280 0.110769
3929.228987 0.085076
3931.695694 0.086342
3934.162400 0.079100
3936.629107 0.075804
3939.095813 0.080805
3941.562520 0.106265
3944.029227 0.134229
3946.495934 0.124181
3948.962640 0.107965
3951.429347 0.130748
3953.896054 0.128810
3956.362761 0.108485
3958.829468 0.124838
3961.296174 0.124136
3963.762880 0.081053
3966.229587 0.074532
3968.696294 0.071849
3971.163001 0.063555
3973.629708 0.099357
3976.096414 0.096270
3978.563121 0.089453
3981.029828 0.117957
3983.496535 0.121326
3985.963241 0.124118
3988.429948 0.136586
3990.896655 0.129895
3993.363361 0.120112
3995.830068 0.137141
3998.296775 0.175470
4000.763482 0.156277
4003.230189 0.164781
4005.696895 0.155460
4008.163602 0.136376
4010.630308 0.149851
4013.097015 0.176149
4015.563722 0.151209
4018.030429 0.132012
4020.497135 0.158964
4022.963842 0.144001
4025.430549 0.140209
4027.897256 0.144223
4030.363963 0.146975
4032.830669 0.139776
4035.297375 0.143080
4037.764082 0.151297
4040.230789 0.146149
4042.697496 0.154223
4045.164203 0.165307
4047.630909 0.146771
4050.097616 0.161662
4052.564323 0.155553
4055.031030 0.160112
4057.497736 0.134663
4059.964443 0.129076
4062.431150 0.134525
4064.897856 0.143606
4067.364563 0.136538
4069.831270 0.168846
4072.297977 0.144056
4074.764684 0.139935
4077.231390 0.140407
4079.698096 0.142954
4082.164803 0.125495
4109.298577 0.114121
4111.765284 0.138248
4114.231991 0.141654
4116.698698 0.150368
4119.165404 0.134640
4121.632111 0.140320
4124.098818 0.141791
4126.565524 0.140275
4129.032231 0.162719
4131.498938 0.142326
4133.965645 0.135960
4136.432351 0.108109
4138.899058 0.125440
4141.365765 0.150186
4143.832472 0.138330
4146.299178 0.149598
4148.765885 0.158741
4151.232591 0.151769
4153.699298 0.144267
4156.166005 0.154192
4158.632712 0.162039
4161.099419 0.128989
4163.566125 0.134938
4166.032832 0.153515
4168.499539 0.134056
4170.966246 0.138144
4173.432953 0.143263
4175.899659 0.134788
4178.366365 0.154347
4180.833072 0.154503
4183.299779 0.126187
4185.766486 0.169362
4188.233193 0.148860
4190.699899 0.134770
4193.166606 0.134424
4195.633313 0.144159
4198.100019 0.151745
4200.566726 0.155208
4203.033433 0.146542
4205.500139 0.155010
4207.966846 0.159721
4210.433553 0.151353
4212.900260 0.137254
4215.366967 0.174675
4217.833673 0.157407
4220.300380 0.152563
4222.767086 0.131803
4225.233793 0.149866
4227.700500 0.137176
4230.167207 0.159034
4232.633914 0.136704
4235.100620 0.150473
4237.567327 0.130676
4240.034034 0.145917
4242.500741 0.152797
4244.967447 0.158871
4247.434154 0.154262
4286.901462 0.135024
4289.368168 0.140654
4291.834875 0.123094
4294.301581 0.138356
4296.768288 0.145370
4299.234995 0.112771
4301.701702 0.103722
4304.168409 0.113828
4306.635115 0.140464
4309.101822 0.134062
4311.568529 0.116064
4314.035236 0.127732
4316.501942 0.151526
4318.968649 0.194106
4321.435355 0.153303
4323.902062 0.142700
4326.368769 0.164074
4328.835476 0.119699
4331.302183 0.137327
4333.768889 0.124801
4336.235596 0.145169
4338.702302 0.151435
4341.169009 0.132478
4343.635716 0.150534
4346.102423 0.143530
4348.569129 0.111616
4351.035836 0.162701
4353.502543 0.158918
4355.969250 0.164245
4358.435957 0.163335
4360.902663 0.149173
4363.369370 0.195672
4365.836076 0.169707
4368.302783 0.195399
4370.769490 0.160659
4373.236197 0.167371
4375.702904 0.171792
4378.169610 0.168275
4380.636317 0.163880
4383.103024 0.154378
4385.569730 0.146372
4388.036437 0.176812
4390.503144 0.160777
4392.969850 0.164597
4395.436557 0.156487
4397.903264 0.159868
4400.369971 0.160702
4402.836678 0.159955
4405.303384 0.156882
4407.770091 0.175572
4410.236797 0.147232
4412.703504 0.163983
4415.170211 0.168863
4417.636918 0.174821
4420.103624 0.169767
4422.570331 0.174681
4425.037038 0.157781
4427.503745 0.191723
4429.970452 0.160858
4432.437158 0.135665
4434.903865 0.163407
4437.370571 0.177089
4439.837278 0.168061
4442.303985 0.149065
4444.770692 0.153464
4447.237399 0.171264
4449.704105 0.165399
4452.170812 0.163648
4454.637519 0.173580
4457.104225 0.165503
4459.570932 0.157115
4462.037639 0.169279
4464.504345 0.158453
4466.971052 0.157783
4469.437759 0.153715
4471.904466 0.184452
4474.371173 0.169447
4476.837879 0.177571
4479.304585 0.167882
4481.771292 0.152924
4484.237999 0.158335
4486.704706 0.174972
4489.171413 0.168679
4491.638119 0.178830
4494.104826 0.159136
4496.571533 0.149896
4499.038240 0.194717
4501.504947 0.191108
4503.971653 0.200180
4506.438359 0.182382
4508.905066 0.172150
4511.371773 0.177311
4513.838480 0.200019
4516.305187 0.188073
4518.771893 0.184393
4521.238600 0.189723
4523.705307 0.189025
4526.172014 0.174102
4528.638720 0.160313
4531.105427 0.164980
4533.572134 0.156876
4536.038840 0.177430
4538.505547 0.200586
4540.972254 0.162822
4543.438961 0.171721
4545.905668 0.178278
4548.372374 0.189022
4550.839080 0.181123
4553.305787 0.178491
4555.772494 0.174184
4558.239201 0.175972
4560.705908 0.182034
4563.172614 0.162388
4565.639321 0.189048
4568.106028 0.195525
4570.572735 0.162807
4573.039442 0.190390
4575.506148 0.208334
4577.972854 0.207321
4580.439561 0.193951
4582.906268 0.165306
4585.372975 0.165101
4587.839682 0.169210
4590.306388 0.194920
4592.773095 0.167534
4595.239802 0.161384
4597.706508 0.164092
4600.173215 0.148030
4602.639922 0.157816
4605.106629 0.177235
4607.573335 0.157040
4610.040042 0.168572
4612.506749 0.177525
4614.973456 0.184437
4617.440163 0.176715
4619.906869 0.221127
4622.373575 0.229549
4624.840282 0.255169
4627.306989 0.268466
4629.773696 0.105808
4632.240403 0.134143
4634.707109 0.190751
4637.173816 0.173026
4639.640523 0.181307
4642.107230 0.176732
4644.573936 0.159708
4647.040643 0.160523
4649.507349 0.192411
4651.974056 0.161949
4654.440763 0.169681
4656.907470 0.180235
4659.374177 0.183536
4661.840883 0.186508
4664.307590 0.166449
4666.774297 0.205389
4669.241003 0.222096
4671.707710 0.162797
4674.174417 0.147906
4676.641124 0.168595
4679.107830 0.186527
4681.574537 0.198321
4684.041244 0.192523
4686.507951 0.169005
4688.974658 0.166247
4691.441364 0.161000
4693.908070 0.177361
4696.374777 0.191123
4698.841484 0.183118
4701.308191 0.165781
4703.774898 0.203935
4706.241604 0.196043
4708.708311 0.183036
4711.175018 0.189127
4713.641725 0.197305
4716.108431 0.179515
4718.575138 0.185494
4721.041844 0.187703
4723.508551 0.189187
4725.975258 0.210012
4728.441965 0.205335
4730.908672 0.168327
4733.375378 0.181447
4735.842085 0.194633
4738.308791 0.201761
4740.775498 0.197445
4743.242205 0.199705
4745.708912 0.187343
4748.175619 0.195132
4750.642325 0.184531
4753.109032 0.191499
4755.575739 0.183080
4758.042446 0.159213
4760.509153 0.170377
4762.975859 0.164279
4765.442565 0.181211
4767.909272 0.173871
4770.375979 0.194684
4772.842686 0.183655
4775.309393 0.181656
4777.776099 0.170682
4780.242806 0.179394
4782.709513 0.193373
4785.176219 0.167973
4787.642926 0.169341
4790.109633 0.176776
4792.576339 0.190942
4795.043046 0.218569
4797.509753 0.207491
4799.976460 0.189051
4802.443167 0.177425
4804.909873 0.181052
4807.376580 0.191922
4809.843286 0.199275
4812.309993 0.199710
4814.776700 0.185539
4817.243407 0.191502
4819.710113 0.198576
4822.176820 0.197494
4824.643527 0.215276
4827.110234 0.170718
4829.576941 0.158750
4832.043647 0.166069
4834.510354 0.180537
4836.977060 0.170146
4839.443767 0.165822
4841.910474 0.186415
4844.377181 0.175707
4846.843888 0.159127
4849.310594 0.185502
4851.777301 0.182229
4854.244008 0.152473
4856.710714 0.185615
4859.177421 0.220591
4861.644128 0.199772
4864.110834 0.178246
4866.577541 0.182104
4869.044248 0.162980
4871.510955 0.157991
4873.977662 0.136420
4876.444368 0.140169
4878.911075 0.166286
4881.377781 0.171664
4883.844488 0.163446
4886.311195 0.179579
4888.777902 0.205182
4891.244608 0.180314
4893.711315 0.180381
4896.178022 0.195964
4898.644729 0.171021
4901.111436 0.175582
4903.578142 0.182592
4906.044849 0.181179
4908.511555 0.180308
4910.978262 0.174539
4913.444969 0.194961
4915.911676 0.207419
4918.378383 0.178004
4920.845089 0.154040
4923.311796 0.179738
4925.778503 0.203906
4928.245209 0.181253
4930.711916 0.172020
4933.178623 0.198493
4935.645329 0.205705
4938.112036 0.186185
4940.578743 0.202613
4943.045450 0.197764
4945.512157 0.182880
4947.978863 0.198599
4950.445569 0.191672
4952.912276 0.221396
4955.378983 0.217292
4957.845690 0.193272
4960.312397 0.188686
4962.779103 0.197027
4965.245810 0.207734
4967.712517 0.187628
4970.179224 0.182059
4972.645931 0.193217
4975.112637 0.195010
4977.579344 0.208004
4980.046050 0.187400
4982.512757 0.174454
4984.979464 0.172229
4987.446171 0.185955
4989.912878 0.192865
4992.379584 0.169746
4994.846291 0.195197
4997.312997 0.196820
4999.779704 0.192526
5002.246411 0.196633
5004.713118 0.205680
5007.179824 0.193258
5009.646531 0.207021
5012.113238 0.198945
5014.579945 0.179332
5017.046652 0.158045
5019.513358 0.174043
5021.980064 0.187941
5024.446771 0.186914
5026.913478 0.179964
5029.380185 0.177482
5031.846892 0.186922
5034.313598 0.183538
5036.780305 0.186128
5039.247012 0.153615
5041.713719 0.132103
5044.180425 0.138031
5046.647132 0.147115
5049.113839 0.152648
5051.580545 0.159733
5054.047252 0.169418
5056.513959 0.171124
5058.980666 0.147871
5061.447373 0.162106
5063.914079 0.174910
5066.380786 0.145190
5068.847492 0.155965
5071.314199 0.165504
5073.780906 0.162794
5076.247613 0.186280
5078.714319 0.170425
5081.181026 0.151281
5083.647733 0.195277
5086.114440 0.167498
5088.581147 0.183174
5091.047853 0.201203
5093.514559 0.180955
5095.981266 0.173318
5098.447973 0.173781
5100.914680 0.174597
5103.381387 0.178815
5105.848093 0.175224
5108.314800 0.179817
5110.781507 0.222757
5113.248214 0.174072
5115.714920 0.204249
5118.181627 0.198899
5120.648334 0.206897
5123.115040 0.182868
5125.581747 0.202607
5128.048454 0.167915
5130.515161 0.175551
5132.981868 0.172775
5135.448574 0.186896
5137.915280 0.183533
5140.381987 0.179823
5142.848694 0.158210
5145.315401 0.165763
5147.782108 0.173997
5150.248814 0.187234
5152.715521 0.168133
5155.182228 0.165894
5157.648935 0.178912
5160.115642 0.187308
5162.582348 0.174346
5165.049054 0.183667
5167.515761 0.156965
5169.982468 0.144138
5172.449175 0.147632
5174.915882 0.152914
5177.382588 0.167273
5179.849295 0.165482
5182.316002 0.163539
5184.782708 0.161898
5187.249415 0.173057
5189.716122 0.187576
5192.182828 0.173817
5194.649535 0.174309
5197.116242 0.183899
5199.582949 0.191670
5202.049656 0.190541
5204.516362 0.164848
5206.983069 0.192927
5209.449775 0.164099
5211.916482 0.183646
5214.383189 0.179413
5216.849896 0.179100
5219.316603 0.175763
5221.783309 0.188586
5224.250016 0.191654
5226.716723 0.186103
5229.183430 0.186225
5231.650136 0.180428
5234.116843 0.198772
5236.583549 0.209059
5239.050256 0.204345
5241.516963 0.193404
5243.983670 0.173737
5246.450377 0.176027
5248.917083 0.198423
5251.383790 0.187573
5253.850497 0.181084
5256.317203 0.179730
5258.783910 0.172630
5261.250617 0.197112
5263.717323 0.172127
5266.184030 0.156066
5268.650737 0.178796
5271.117444 0.176374
5273.584151 0.159587
5276.050857 0.181710
5278.517564 0.175502
5280.984270 0.164318
5283.450977 0.184236
5285.917684 0.201136
5288.384391 0.195374
5290.851098 0.202162
5293.317804 0.200368
5295.784511 0.193510
5298.251218 0.199504
5300.717925 0.211115
5303.184631 0.181943
5305.651338 0.198254
5308.118044 0.222175
5310.584751 0.200849
5313.051458 0.186828
5315.518165 0.199174
5317.984872 0.232050
5320.451578 0.187407
5322.918285 0.221775
5325.384992 0.210165
5327.851698 0.207739
5330.318405 0.190937
5332.785112 0.186162
5335.251818 0.196217
5337.718525 0.200377
5340.185232 0.147351
5342.651939 0.206921
5345.118646 0.180213
5347.585352 0.185949
5350.052059 0.210603
5352.518765 0.218800
5354.985472 0.212780
5357.452179 0.197880
5359.918886 0.212568
5362.385593 0.216041
5364.852299 0.205696
5367.319006 0.183093
5369.785713 0.168829
5372.252420 0.214618
5374.719126 0.214312
5377.185833 0.224948
5379.652539 0.203000
5382.119246 0.165651
5384.585953 0.201586
5387.052660 0.189576
5389.519367 0.191899
5391.986073 0.162954
5394.452780 0.229744
5396.919486 0.214996
5399.386193 0.186114
5401.852900 0.166524
5404.319607 0.218695
5406.786313 0.209855
5409.253020 0.185711
5411.719727 0.181000
5414.186434 0.211007
5416.653141 0.230430
5419.119847 0.198310
5421.586554 0.202910
5424.053260 0.219214
5426.519967 0.216756
5428.986674 0.226204
5431.453381 0.187411
5433.920088 0.188029
5436.386794 0.184914
5438.853501 0.219882
5441.320208 0.243191
5443.786914 0.211041
5446.253621 0.205270
5448.720328 0.222257
5451.187034 0.200928
5453.653741 0.196358
5456.120448 0.189147
5458.587155 0.192113
5461.053862 0.187699
5463.520568 0.195932
5465.987275 0.206921
5468.453981 0.218725
5470.920688 0.208913
5473.387395 0.200268
5475.854102 0.193249
5478.320808 0.184209
5480.787515 0.190065
5483.254222 0.193408
5485.720929 0.208244
5488.187636 0.185982
5490.654342 0.193753
5493.121048 0.203397
5495.587755 0.200104
5498.054462 0.226026
5500.521169 0.223406
5502.987876 0.188385
5505.454582 0.182646
5507.921289 0.196212
5510.387996 0.189594
5512.854703 0.194327
5515.321409 0.198335
5517.788116 0.188931
5520.254823 0.178311
5522.721529 0.218018
5525.188236 0.230704
5527.654943 0.243381
5530.121650 0.208051
5532.588357 0.211853
5535.055063 0.206949
5537.521769 0.176959
5539.988476 0.206691
5542.455183 0.206776
5544.921890 0.191620
5547.388597 0.220926
5549.855303 0.220034
5552.322010 0.224061
5554.788717 0.217136
5557.255424 0.186760
5559.722131 0.197365
5562.188837 0.234010
5564.655543 0.209062
5567.122250 0.230509
5569.588957 0.233403
5572.055664 0.223459
5574.522371 0.203844
5576.989077 0.217004
5579.455784 0.203623
5581.922491 0.185895
5584.389197 0.181954
5586.855904 0.143117
5589.322611 0.174012
5591.789318 0.229883
5594.256024 0.215870
5596.722731 0.232326
5599.189438 0.222431
5601.656145 0.200994
5604.122852 0.214914
5606.589558 0.191695
5609.056264 0.203842
5611.522971 0.204528
5613.989678 0.187281
5616.456385 0.187385
5618.923092 0.224374
5621.389798 0.197604
5623.856505 0.224500
5626.323212 0.197704
5628.789919 0.216013
5631.256626 0.195644
5633.723332 0.205701
5636.190038 0.195913
5638.656745 0.204346
5641.123452 0.215891
5643.590159 0.194858
5646.056866 0.209365
5648.523572 0.187442
5650.990279 0.181840
5653.456986 0.176914
5655.923692 0.197565
5658.390399 0.191367
5660.857106 0.162160
5663.323813 0.211564
5665.790519 0.197066
5668.257226 0.194275
5670.723933 0.205552
5673.190640 0.201727
5675.657347 0.189379
5678.124053 0.201076
5680.590759 0.198522
5683.057466 0.198760
5685.524173 0.189556
5687.990880 0.212867
5690.457587 0.173517
5692.924293 0.184930
5695.391000 0.224081
5697.857707 0.221898
5700.324414 0.221987
5702.791120 0.209306
5705.257827 0.191625
5707.724533 0.195453
5710.191240 0.222290
5712.657947 0.214386
5715.124654 0.181658
5717.591361 0.199136
5720.058067 0.205781
5722.524774 0.211159
5724.991481 0.195184
5727.458187 0.204627
5729.924894 0.191367
5732.391601 0.220050
5734.858308 0.228797
5737.325014 0.191419
5739.791721 0.232923
5742.258428 0.218675
5744.725135 0.188440
5747.191842 0.232748
5749.658548 0.199784
5752.125254 0.201472
5754.591961 0.202989
5757.058668 0.191905
5759.525375 0.195120
5761.992082 0.222662
5764.458788 0.252329
5766.925495 0.253773
5769.392202 0.245194
5771.858909 0.226547
5774.325615 0.175358
5776.792322 0.184908
5779.259028 0.231292
5781.725735 0.198778
5784.192442 0.217503
5786.659149 0.193880
5789.125856 0.196721
5791.592562 0.244226
5794.059269 0.201731
5796.525975 0.206222
5798.992682 0.241247
5801.459389 0.217344
5803.926096 0.210250
5806.392803 0.211510
5808.859509 0.196404
5811.326216 0.237001
5813.792923 0.257411
5816.259630 0.229586
5818.726336 0.245497
5821.193043 0.245122
5823.659749 0.243741
5826.126456 0.237878
5828.593163 0.241402
5831.059870 0.222907
5833.526577 0.191593
5835.993283 0.199552
5838.459990 0.190558
5840.926697 0.195903
5843.393403 0.199481
5845.860110 0.156771
5848.326817 0.205245
5850.793523 0.252058
5853.260230 0.207541
5855.726937 0.215335
5858.193644 0.223176
5860.660351 0.184826
5863.127057 0.193611
5865.593764 0.261033
5868.060470 0.217060
5870.527177 0.199874
5872.993884 0.219241
5875.460591 0.244925
5877.927297 0.217396
5880.394004 0.215843
5882.860711 0.213784
5885.327418 0.200044
5887.794125 0.209280
5890.260831 0.198280
5892.727538 0.172432
5895.194244 0.176232
5897.660951 0.196938
5900.127658 0.179652
5902.594365 0.181065
5905.061072 0.195025
5907.527778 0.198126
5909.994485 0.224544
5912.461192 0.196116
5914.927898 0.246484
5917.394605 0.234744
5919.861312 0.204807
5922.328018 0.240137
5924.794725 0.229628
5927.261432 0.199293
5929.728139 0.241068
5932.194846 0.237215
5934.661552 0.206923
5937.128258 0.218845
5939.594965 0.201763
5942.061672 0.220224
5944.528379 0.217357
5946.995086 0.205965
5949.461792 0.203136
5951.928499 0.219518
5954.395206 0.218912
5956.861913 0.203250
5959.328620 0.204924
5961.795326 0.225182
5964.262033 0.217182
5966.728739 0.219125
5969.195446 0.207099
5971.662153 0.213339
5974.128860 0.198252
5976.595567 0.199341
5979.062273 0.216558
5981.528980 0.210918
5983.995687 0.219729
5986.462393 0.197619
5988.929100 0.207196
5991.395807 0.223638
5993.862513 0.218547
5996.329220 0.213581
5998.795927 0.196249
6001.262634 0.169597
6003.729341 0.189871
6006.196047 0.206338
6008.662753 0.206022
6011.129460 0.210007
6013.596167 0.211290
6016.062874 0.203988
6018.529581 0.192939
6020.996287 0.208571
6023.462994 0.207524
6025.929701 0.195782
6028.396408 0.229802
6030.863115 0.211752
6033.329821 0.222642
6035.796528 0.226123
6038.263234 0.218520
6040.729941 0.209175
6043.196648 0.221326
6045.663355 0.231326
6048.130062 0.213366
6050.596768 0.220776
6053.063475 0.226828
6055.530181 0.228233
6057.996888 0.217404
6060.463595 0.222387
6062.930302 0.230647
6065.397008 0.208371
6067.863715 0.212982
6070.330422 0.245732
6072.797129 0.228479
6075.263836 0.228079
6077.730542 0.251054
6080.197248 0.099841
6082.663955 0.253210
6085.130662 0.256142
6087.597369 0.178280
6090.064076 0.278712
6092.530782 0.241952
6094.997489 0.209267
6097.464196 0.263917
6099.930903 0.256020
6102.397609 0.212506
6104.864316 0.218277
6107.331023 0.235364
6109.797729 0.212871
6112.264436 0.177288
6114.731143 0.219248
6117.197850 0.221555
6119.664557 0.207136
6122.131263 0.211676
6124.597970 0.161915
6127.064676 0.257253
6129.531383 0.243592
6131.998090 0.243539
6134.464797 0.269915
6136.931503 0.209622
6139.398210 0.202764
6141.864917 0.217950
6144.331624 0.218552
6146.798331 0.208825
6149.265037 0.233881
6151.731743 0.200104
6154.198450 0.201706
6156.665157 0.211792
6159.131864 0.251348
6161.598571 0.227782
6164.065277 0.134008
6166.531984 0.138684
6168.998691 0.190748
6171.465398 0.186550
6173.932104 0.175657
6176.398811 0.203499
6178.865517 0.213435
6181.332224 0.208790
6183.798931 0.212076
6186.265638 0.282627
6188.732345 0.265821
6191.199051 0.187891
6193.665758 0.240111
6196.132464 0.228147
6198.599171 0.205107
6201.065878 0.230038
6203.532585 0.246628
6205.999292 0.208731
6208.465998 0.220028
6210.932705 0.222396
6213.399412 0.146325
6215.866119 0.184110
6218.332826 0.273721
6220.799532 0.186316
6223.266238 0.208780
6225.732945 0.220516
6228.199652 0.206637
6230.666359 0.228885
6233.133066 0.194141
6235.599772 0.201892
6238.066479 0.192632
6240.533186 0.202324
6242.999892 0.232063
6245.466599 0.179901
6247.933306 0.199889
6250.400012 0.207624
6252.866719 0.199380
6255.333426 0.201321
6257.800133 0.211945
6260.266840 0.193254
6262.733546 0.211330
6265.200253 0.201865
6267.666959 0.184074
6270.133666 0.189758
6272.600373 0.247247
6275.067080 0.202704
6277.533787 0.212375
6280.000493 0.215999
6282.467200 0.196670
6284.933907 0.193511
6287.400614 0.195741
6289.867320 0.203211
6292.334027 0.209749
6294.800733 0.231982
6297.267440 0.207279
6299.734147 0.184235
6302.200854 0.213191
6304.667561 0.202172
6307.134267 0.205140
6309.600974 0.242620
6312.067681 0.234985
6314.534387 0.221997
6317.001094 0.202576
6319.467801 0.195229
6321.934507 0.187205
6324.401214 0.217522
6326.867921 0.211941
6329.334628 0.191841
6331.801335 0.199019
6334.268041 0.203759
6336.734748 0.176747
6339.201454 0.213827
6341.668161 0.257579
6344.134868 0.230841
6346.601575 0.207677
6349.068282 0.258312
6351.534988 0.234982
6354.001695 0.163694
6356.468402 0.238570
6358.935109 0.168414
6361.401815 0.177222
6363.868522 0.201104
6366.335228 0.184254
6368.801935 0.236014
6371.268642 0.217092
6373.735349 0.208395
6376.202056 0.225433
6378.668762 0.223892
6381.135469 0.188084
6383.602176 0.213208
6386.068882 0.213212
6388.535589 0.241888
6391.002296 0.219234
6393.469002 0.192974
6395.935709 0.221937
6398.402416 0.218066
6400.869123 0.224362
6403.335830 0.243476
6405.802536 0.223260
6408.269243 0.223998
6410.735949 0.215484
6413.202656 0.202048
6415.669363 0.210171
6418.136070 0.212141
6420.602777 0.216406
6423.069483 0.213051
6425.536190 0.217401
6428.002897 0.216409
6430.469604 0.290752
6432.936310 0.297327
6435.403017 0.201586
6437.869723 0.186488
6440.336430 0.215596
6442.803137 0.126974
6445.269844 0.133956
6447.736551 0.082354
6450.203257 0.155778
6452.669964 0.220355
6455.136670 0.228813
6457.603377 0.239293
6460.070084 0.213486
6462.536791 0.205055
6465.003497 0.216024
6492.137271 0.238013
6494.603978 0.240332
6497.070685 0.208029
6499.537392 0.184803
6502.004098 0.253248
6504.470805 0.241385
6506.937512 0.255321
6509.404218 0.265814
6511.870925 0.232337
6514.337632 0.209235
6516.804339 0.219649
6519.271046 0.309324
6521.737752 0.325522
6524.204459 0.306435
6526.671165 0.277084
6529.137872 0.220467
6531.604579 0.237837
6534.071286 0.209600
6536.537992 0.254328
6539.004699 0.250061
6541.471406 0.222724
6543.938113 0.287356
6546.404820 0.228496
6548.871526 0.207572
6551.338232 0.179831
6553.804939 0.197741
6556.271646 0.371024
6558.738353 0.386808
6561.205060 0.491415
6563.671766 0.508162
6566.138473 0.435305
6568.605180 0.377583
6571.071887 0.382497
6573.538593 0.273612
6576.005300 0.229242
6578.472007 0.250183
6580.938713 0.330335
6583.405420 0.292788
6585.872127 0.361595
6588.338834 0.310331
6590.805541 0.254242
6593.272247 0.249371
6595.738953 0.231380
6598.205660 0.209726
6600.672367 0.159696
6603.139074 0.238450
6605.605781 0.218283
6608.072487 0.167018
6610.539194 0.134881
6613.005901 0.260316
6615.472608 0.191376
6617.939315 0.219383
6620.406021 0.224197
6622.872727 0.223597
6625.339434 0.219214
6627.806141 0.231558
6630.272848 0.253131
6632.739555 0.268536
6635.206261 0.236152
6637.672968 0.233136
6640.139675 0.228880
6642.606381 0.239230
6645.073088 0.195660
6647.539795 0.216604
6650.006502 0.218126
6652.473208 0.228606
6654.939915 0.213560
6657.406622 0.203079
6659.873329 0.240480
6662.340036 0.241711
6664.806742 0.211797
6667.273448 0.215948
6669.740155 0.192330
6672.206862 0.231287
6674.673569 0.274631
6677.140276 0.218960
6679.606982 0.241555
6682.073689 0.249341
6684.540396 0.235610
6687.007103 0.227125
6689.473810 0.236685
6691.940516 0.222854
6694.407222 0.224593
6696.873929 0.251941
6699.340636 0.226770
6701.807343 0.222550
6704.274050 0.203113
6706.740756 0.213269
6709.207463 0.256127
6711.674170 0.281620
6714.140876 0.276674
6716.607583 0.286976
6719.074290 0.271368
6721.540997 0.244068
6724.007703 0.266618
6726.474410 0.298122
6728.941117 0.298444
6731.407824 0.297341
6733.874531 0.278716
6736.341237 0.232207
6738.807943 0.246162
6741.274650 0.215206
6743.741357 0.257410
6746.208064 0.258720
6748.674771 0.230267
6751.141477 0.205052
6753.608184 0.252421
6756.074891 0.277679
6758.541598 0.234515
6761.008304 0.244537
6763.475011 0.210761
6765.941717 0.224033
6768.408424 0.209569
6770.875131 0.228416
6773.341838 0.266292
6775.808545 0.255655
6778.275251 0.243275
6780.741958 0.236763
6783.208665 0.233253
6785.675371 0.211260
6788.142078 0.216377
6790.608785 0.224530
