3058.755349 0.020196
3061.019576 0.022412
3063.283803 0.026944
3065.548031 0.020634
3067.812258 0.022233
3070.076485 0.028122
3072.340712 0.007691
3074.604940 0.023476
3076.869167 0.013290
3079.133394 0.015618
3081.397621 0.024115
3083.661848 0.019270
3085.926076 0.030545
3088.190303 0.016716
3090.454530 0.018786
3092.718757 0.014683
3094.982985 0.019820
3097.247212 0.022875
3099.511439 0.027118
3101.775666 0.024293
3104.039894 0.019740
3106.304121 0.022584
3108.568348 0.022857
3110.832575 0.017199
3113.096802 0.031737
3115.361030 0.023332
3117.625257 0.024301
3119.889484 0.028466
3122.153711 0.021334
3124.417939 0.023384
3126.682166 0.036168
3128.946393 0.025279
3131.210620 0.027440
3133.474848 0.025349
3135.739075 0.017577
3138.003302 0.011340
3140.267529 0.026002
3142.531756 0.016554
3144.795984 0.029292
3147.060211 0.023399
3149.324438 0.020109
3151.588665 0.013205
3153.852893 0.005971
3156.117120 0.017951
3158.381347 0.013114
3160.645574 0.022573
3162.909802 0.009977
3165.174029 0.005967
3167.438256 0.007705
3169.702483 0.008754
3171.966710 0.016667
3174.230938 0.012793
3176.495165 0.017799
3178.759392 0.012571
3181.023619 0.002775
3183.287847 0.014591
3185.552074 0.014493
3187.816301 0.022512
3190.080528 -0.001064
3192.344756 0.013218
3194.608983 0.015552
3196.873210 0.011555
3199.137437 0.010315
3201.401664 0.018753
3203.665892 0.028164
3205.930119 0.011928
3208.194346 0.019316
3210.458573 0.022318
3212.722801 0.025185
3214.987028 0.013227
3217.251255 0.010166
3219.515482 0.000425
3221.779710 0.010301
3224.043937 0.010851
3226.308164 0.005597
3228.572391 0.015964
3230.836618 0.013876
3233.100846 0.020894
3235.365073 -0.002185
3237.629300 0.022448
3239.893527 0.015916
3242.157755 0.008632
3244.421982 0.012688
3246.686209 0.018247
3248.950436 0.011529
3251.214664 0.015575
3253.478891 0.012331
3255.743118 0.016635
3258.007345 0.015141
3260.271572 0.011605
3262.535800 0.008288
3264.800027 0.017754
3267.064254 0.003373
3269.328481 0.008970
3271.592709 0.008903
3273.856936 0.010880
3276.121163 0.025414
3278.385390 0.018750
3280.649618 0.012761
3282.913845 0.008043
3285.178072 0.002147
3287.442299 0.006667
3289.706527 0.015034
3291.970754 0.018005
3294.234981 0.030043
3296.499208 0.023754
3298.763435 0.010617
3301.027663 0.008118
3303.291890 -0.001382
3305.556117 0.016799
3307.820344 0.016464
3310.084572 0.013750
3312.348799 0.020040
3314.613026 0.013715
3316.877253 0.015334
3319.141481 0.022456
3321.405708 0.015238
3323.669935 0.010796
3325.934162 0.014657
3328.198389 0.011363
3330.462617 0.020066
3332.726844 0.013407
3334.991071 0.023092
3337.255298 0.008126
3339.519526 0.025442
3341.783753 0.029116
3344.047980 0.006983
3346.312207 0.010042
3348.576435 0.005768
3350.840662 0.022658
3353.104889 0.013853
3355.369116 0.025256
3357.633343 0.015854
3359.897571 0.018528
3362.161798 0.013600
3364.426025 0.014503
3366.690252 0.017212
3368.954480 0.011868
3371.218707 0.009919
3373.482934 0.014737
3375.747161 0.021481
3378.011389 0.024789
3380.275616 0.014265
3382.539843 0.015247
3384.804070 0.009023
3387.068297 0.012527
3389.332525 0.009533
3391.596752 0.009247
3393.860979 0.007078
3396.125206 0.005463
3398.389434 0.014493
3400.653661 0.014825
3402.917888 0.005994
3405.182115 0.013188
3407.446343 0.017341
3409.710570 0.022175
3411.974797 0.016144
3414.239024 0.018332
3416.503251 0.007323
3418.767479 0.005790
3421.031706 0.014370
3423.295933 0.027634
3425.560160 0.015024
3427.824388 0.007862
3430.088615 0.007398
3432.352842 0.005636
3434.617069 0.008360
3436.881297 0.016797
3439.145524 0.010193
3441.409751 0.010380
3443.673978 0.021330
3445.938205 0.015421
3448.202433 0.010746
3450.466660 0.020420
3452.730887 0.012080
3454.995114 0.011245
3457.259342 0.014758
3459.523569 0.016631
3461.787796 0.004301
3464.052023 0.012725
3466.316251 0.012529
3468.580478 0.014811
3470.844705 0.009803
3473.108932 0.010951
3475.373159 0.008035
3477.637387 0.013404
3479.901614 0.017396
3482.165841 0.016228
3484.430068 0.016192
3486.694296 0.002747
3488.958523 0.010805
3491.222750 0.019544
3493.486977 0.011324
3495.751205 0.022590
3498.015432 0.002590
3500.279659 0.009232
3502.543886 0.012507
3504.808113 0.025043
3507.072341 0.012770
3509.336568 0.009760
3511.600795 0.011294
3513.865022 0.004453
3516.129250 0.010464
3518.393477 0.021259
3520.657704 0.014366
3522.921931 0.018910
3525.186159 0.020699
3527.450386 0.006593
3529.714613 0.010290
3531.978840 0.016252
3534.243067 0.014804
3536.507295 0.014434
3538.771522 0.013016
3541.035749 0.023760
3543.299976 0.023990
3545.564204 0.026541
3547.828431 0.019020
3550.092658 0.008509
3552.356885 0.017354
3554.621113 0.014745
3556.885340 0.017241
3559.149567 0.013315
3561.413794 0.022982
3563.678021 0.019368
3565.942249 0.017466
3568.206476 0.020785
3570.470703 0.021406
3572.734930 0.016207
3574.999158 0.012911
3577.263385 0.013614
3579.527612 0.013643
3581.791839 0.010608
3584.056067 0.002206
3586.320294 0.002801
3588.584521 0.008908
3590.848748 0.007056
3593.112976 0.015590
3595.377203 0.015642
3597.641430 0.021549
3599.905657 0.009224
3602.169884 0.025690
3604.434112 0.022545
3606.698339 0.015529
3608.962566 0.021197
3611.226793 0.017274
3613.491021 0.014994
3615.755248 0.019987
3618.019475 0.012981
3620.283702 0.018622
3622.547930 0.014239
3624.812157 0.020287
3627.076384 0.015652
3629.340611 0.011165
3631.604838 0.019809
3633.869066 0.021539
3636.133293 0.009962
3638.397520 0.007708
3640.661747 0.017071
3642.925975 0.019174
3645.190202 0.010755
3647.454429 0.021380
3649.718656 0.014476
3651.982884 0.020411
3654.247111 0.020605
3656.511338 0.015251
3658.775565 0.012266
3661.039792 0.016014
3663.304020 0.012089
3665.568247 0.015767
3667.832474 0.007720
3670.096701 0.015308
3672.360929 0.007329
3674.625156 0.015492
3676.889383 0.015298
3679.153610 0.030572
3681.417838 0.024447
3683.682065 0.018160
3685.946292 0.009336
3688.210519 0.007473
3690.474746 0.015906
3692.738974 0.017480
3695.003201 0.025405
3697.267428 0.020273
3699.531655 0.010003
3701.795883 0.022567
3704.060110 0.013244
3706.324337 0.021047
3708.588564 0.018749
3710.852792 0.018055
3713.117019 0.015604
3715.381246 0.019056
3717.645473 0.016346
3719.909700 0.021171
3722.173928 0.022819
3724.438155 0.018721
3726.702382 0.034779
3728.966609 0.026689
3731.230837 0.027513
3733.495064 0.025185
3735.759291 0.008249
3738.023518 0.011871
3740.287746 0.014791
3742.551973 0.020524
3744.816200 0.019734
3769.722700 0.010092
3771.986927 0.015528
3774.251154 0.009159
3776.515381 0.017922
3778.779608 0.023267
3781.043836 0.021328
3783.308063 0.030163
3785.572290 0.035184
3787.836517 0.026241
3790.100745 0.023394
3792.364972 0.019497
3794.629199 0.022917
3796.893426 0.020739
3799.157654 0.013105
3801.421881 0.018547
3803.686108 0.017603
3805.950335 0.015310
3808.214562 0.018985
3810.478790 0.018499
3812.743017 0.020757
3815.007244 0.026261
3817.271471 0.032232
3819.535699 0.016852
3821.799926 0.029117
3824.064153 0.029885
3826.328380 0.019532
3828.592608 0.024491
3830.856835 0.023043
3833.121062 0.026341
3835.385289 0.020665
3837.649516 0.017992
3839.913744 0.018102
3842.177971 0.015310
3844.442198 0.015935
3846.706425 0.021854
3848.970653 0.024876
3851.234880 0.024560
3853.499107 0.029221
3855.763334 0.029148
3858.027562 0.025050
3860.291789 0.020485
3862.556016 0.033722
3864.820243 0.033593
3867.084471 0.036962
3869.348698 0.036983
3871.612925 0.031609
3873.877152 0.020483
3876.141379 0.026671
3878.405607 0.031140
3880.669834 0.027127
3882.934061 0.027670
3885.198288 0.017316
3887.462516 0.016428
3889.726743 0.008888
3891.990970 0.009261
3894.255197 0.016378
3896.519425 0.024461
3898.783652 0.026128
3901.047879 0.017156
3903.312106 0.021039
3905.576333 0.030830
3907.840561 0.028854
3910.104788 0.022383
3912.369015 0.023233
3914.633242 0.034894
3916.897470 0.032389
3919.161697 0.033373
3921.425924 0.027754
3923.690151 0.037556
3925.954379 0.018743
3928.218606 0.037258
3930.482833 0.013430
3932.747060 0.018947
3935.011287 0.016841
3937.275515 0.028610
3939.539742 0.030279
3941.803969 0.022179
3944.068196 0.023218
3946.332424 0.025913
3948.596651 0.038315
3950.860878 0.034732
3953.125105 0.033025
3955.389333 0.023557
3957.653560 0.028749
3959.917787 0.020437
3962.182014 0.014687
3964.446241 0.010271
3966.710469 0.015742
3968.974696 0.010693
3971.238923 0.004761
3973.503150 0.010842
3975.767378 0.025591
3978.031605 0.013626
3980.295832 0.026347
3982.560059 0.033165
3984.824287 0.022154
3987.088514 0.029571
3989.352741 0.036501
3991.616968 0.016811
3993.881195 0.039650
3996.145423 0.031729
3998.409650 0.013555
4000.673877 0.032541
4002.938104 0.034649
4005.202332 0.023149
4007.466559 0.022026
4009.730786 0.038095
4011.995013 0.042536
4014.259241 0.047055
4016.523468 0.037564
4018.787695 0.043759
4021.051922 0.036995
4023.316149 0.032860
4025.580377 0.040187
4027.844604 0.041847
4030.108831 0.033199
4032.373058 0.032209
4034.637286 0.032646
4036.901513 0.027091
4039.165740 0.032399
4041.429967 0.039261
4043.694195 0.042455
4045.958422 0.043170
4048.222649 0.041182
4050.486876 0.040748
4052.751103 0.039686
4055.015331 0.031234
4057.279558 0.028322
4059.543785 0.027116
4061.808012 0.035026
4064.072240 0.043332
4066.336467 0.037932
4068.600694 0.038492
4070.864921 0.047105
4073.129149 0.032839
4075.393376 0.025887
4077.657603 0.038836
4079.921830 0.039521
4082.186057 0.038285
4084.450285 0.041477
4086.714512 0.030706
4088.978739 0.029349
4091.242966 0.024768
4093.507194 0.029672
4095.771421 0.028212
4098.035648 0.023463
4100.299875 0.022468
4102.564103 0.020744
4104.828330 0.023254
4107.092557 0.027155
4109.356784 0.023183
4111.621011 0.031864
4113.885239 0.026037
4116.149466 0.029818
4118.413693 0.027965
4120.677920 0.028585
4122.942148 0.035277
4125.206375 0.051866
4127.470602 0.044362
4129.734829 0.033063
4131.999057 0.033097
4134.263284 0.041541
4136.527511 0.035764
4138.791738 0.027621
4141.055965 0.039188
4143.320193 0.037657
4145.584420 0.037341
4147.848647 0.042761
4150.112874 0.034436
4152.377102 0.041184
4154.641329 0.036796
4156.905556 0.032226
4159.169783 0.037890
4161.434011 0.030618
4163.698238 0.034116
4165.962465 0.035285
4168.226692 0.036094
4170.490920 0.041581
4172.755147 0.035953
4175.019374 0.027628
4177.283601 0.048789
4179.547828 0.030291
4181.812056 0.037036
4184.076283 0.043475
4186.340510 0.038817
4188.604737 0.028320
4190.868965 0.027796
4193.133192 0.036744
4195.397419 0.043478
4197.661646 0.040241
4199.925874 0.035455
4202.190101 0.033709
4204.454328 0.039402
4206.718555 0.045469
4208.982782 0.028780
4211.247010 0.037181
4213.511237 0.041765
4215.775464 0.043934
4218.039691 0.040370
4220.303919 0.044611
4222.568146 0.028345
4224.832373 0.029266
4227.096600 0.030425
4229.360828 0.038086
4231.625055 0.028770
4233.889282 0.034196
4236.153509 0.034673
4238.417736 0.046889
4240.681964 0.045806
4242.946191 0.031258
4245.210418 0.042612
4247.474645 0.045033
4249.738873 0.057426
4252.003100 0.047069
4254.267327 0.034622
4256.531554 0.033831
4258.795782 0.033454
4261.060009 0.030358
4263.324236 0.040816
4265.588463 0.041450
4267.852690 0.046884
4270.116918 0.044650
4272.381145 0.032519
4274.645372 0.036464
4276.909599 0.037023
4279.173827 0.034428
4281.438054 0.042337
4283.702281 0.036718
4285.966508 0.038901
4288.230736 0.030182
4290.494963 0.033073
4292.759190 0.023133
4295.023417 0.024389
4297.287644 0.031294
4299.551872 0.035442
4301.816099 0.029237
4304.080326 0.031866
4306.344553 0.022434
4308.608781 0.019483
4310.873008 0.035067
4313.137235 0.030064
4315.401462 0.037840
4317.665690 0.038635
4319.929917 0.037838
4322.194144 0.027755
4324.458371 0.023934
4326.722598 0.041052
4328.986826 0.036151
4331.251053 0.025909
4333.515280 0.032725
4335.779507 0.034116
4338.043735 0.032385
4340.307962 0.025557
4342.572189 0.027520
4344.836416 0.027091
4347.100644 0.033577
4349.364871 0.036004
4351.629098 0.031291
4353.893325 0.034292
4356.157552 0.029159
4358.421780 0.027168
4360.686007 0.038574
4362.950234 0.032902
4365.214461 0.033692
4367.478689 0.048254
4369.742916 0.042376
4372.007143 0.038537
4374.271370 0.034117
4376.535598 0.036459
4378.799825 0.032856
4381.064052 0.036173
4383.328279 0.033104
4385.592506 0.032232
4387.856734 0.031631
4390.120961 0.028310
4392.385188 0.038812
4394.649415 0.045838
4396.913643 0.030955
4399.177870 0.036399
4401.442097 0.021272
4403.706324 0.025788
4405.970552 0.022397
4408.234779 0.039127
4410.499006 0.039436
4412.763233 0.049692
4415.027460 0.036445
4417.291688 0.035305
4419.555915 0.030782
4421.820142 0.021121
4424.084369 0.030392
4426.348597 0.036156
4428.612824 0.036746
4430.877051 0.050428
4433.141278 0.038498
4435.405506 0.040984
4437.669733 0.042939
4439.933960 0.040509
4442.198187 0.032561
4444.462415 0.039912
4446.726642 0.040527
4448.990869 0.039328
4451.255096 0.041162
4453.519323 0.041689
4455.783551 0.040472
4458.047778 0.041837
4460.312005 0.034797
4462.576232 0.033188
4464.840460 0.032480
4467.104687 0.042331
4469.368914 0.034686
4471.633141 0.038399
4473.897369 0.038451
4476.161596 0.042646
4478.425823 0.049025
4480.690050 0.041411
4482.954277 0.035800
4485.218505 0.045217
4487.482732 0.036027
4489.746959 0.035072
4492.011186 0.032483
4494.275414 0.039811
4496.539641 0.034855
4498.803868 0.040682
4501.068095 0.039446
4503.332323 0.049309
4505.596550 0.044001
4507.860777 0.044542
4510.125004 0.050705
4512.389231 0.040102
4514.653459 0.047650
4516.917686 0.032272
4519.181913 0.042633
4521.446140 0.054516
4523.710368 0.043396
4525.974595 0.048765
4528.238822 0.041598
4530.503049 0.043514
4532.767277 0.039980
4535.031504 0.043082
4537.295731 0.036249
4539.559958 0.048297
4541.824185 0.043577
4544.088413 0.043305
4546.352640 0.041737
4548.616867 0.041755
4550.881094 0.040347
4553.145322 0.037164
4555.409549 0.029577
4557.673776 0.045614
4559.938003 0.041980
4562.202231 0.043782
4564.466458 0.035998
4566.730685 0.034896
4568.994912 0.042847
4571.259139 0.043067
4573.523367 0.047549
4575.787594 0.053238
4578.051821 0.043819
4580.316048 0.044996
4582.580276 0.053357
4584.844503 0.045278
4587.108730 0.037748
4589.372957 0.039081
4591.637185 0.039378
4593.901412 0.041566
4596.165639 0.032594
4598.429866 0.031704
4600.694093 0.038924
4602.958321 0.029939
4605.222548 0.034439
4607.486775 0.048252
4609.751002 0.046312
4612.015230 0.045960
4614.279457 0.038499
4616.543684 0.048073
4618.807911 0.040384
4621.072139 0.032840
4623.336366 0.056072
4625.600593 0.038086
4627.864820 0.041013
4630.129047 0.051911
4632.393275 0.025566
4634.657502 0.028889
4636.921729 0.031691
4639.185956 0.028910
4641.450184 0.032411
4643.714411 0.036448
4645.978638 0.037813
4648.242865 0.047034
4650.507093 0.042517
4652.771320 0.038950
4655.035547 0.038272
4657.299774 0.038796
4659.564001 0.028904
4661.828229 0.049362
4664.092456 0.048025
4666.356683 0.042352
4668.620910 0.041902
4670.885138 0.033305
4673.149365 0.037390
4675.413592 0.042453
4677.677819 0.037034
4679.942047 0.036418
4682.206274 0.040596
4684.470501 0.047236
4686.734728 0.052144
4688.998955 0.044192
4691.263183 0.037347
4693.527410 0.031319
4695.791637 0.033434
4698.055864 0.037146
4700.320092 0.045947
4702.584319 0.041483
4704.848546 0.048093
4707.112773 0.049904
4709.377001 0.039428
4711.641228 0.047845
4713.905455 0.042823
4716.169682 0.043690
4718.433909 0.039458
4720.698137 0.035033
4722.962364 0.036302
4725.226591 0.049113
4727.490818 0.046978
4729.755046 0.029093
4732.019273 0.031150
4734.283500 0.050171
4736.547727 0.041175
4738.811955 0.041885
4741.076182 0.048323
4743.340409 0.043566
4745.604636 0.041579
4747.868864 0.040408
4750.133091 0.037166
4752.397318 0.040106
4754.661545 0.052547
4756.925772 0.038716
4759.190000 0.037191
4761.454227 0.043283
4763.718454 0.025715
4765.982681 0.034885
4768.246909 0.038479
4770.511136 0.046549
4772.775363 0.064298
4775.039590 0.042437
4777.303818 0.039722
4779.568045 0.030852
4781.832272 0.044701
4784.096499 0.049253
4786.360726 0.048777
4788.624954 0.042898
4790.889181 0.037178
4793.153408 0.051531
4795.417635 0.042550
4797.681863 0.036867
4799.946090 0.028227
4802.210317 0.047294
4804.474544 0.044626
4806.738772 0.049263
4809.002999 0.049416
4811.267226 0.035613
4813.531453 0.042981
4815.795680 0.041699
4818.059908 0.041427
4820.324135 0.043435
4822.588362 0.043788
4824.852589 0.033828
4827.116817 0.040884
4829.381044 0.034848
4831.645271 0.037144
4833.909498 0.041101
4836.173726 0.035638
4838.437953 0.041844
4840.702180 0.036175
4842.966407 0.047019
4845.230634 0.037991
4847.494862 0.038041
4849.759089 0.042533
4852.023316 0.040667
4854.287543 0.031173
4856.551771 0.029530
4858.815998 0.030526
4861.080225 0.035211
4863.344452 0.024030
4865.608680 0.029018
4867.872907 0.017707
4870.137134 0.025400
4872.401361 0.025789
4874.665588 0.025456
4876.929816 0.045281
4879.194043 0.055167
4881.458270 0.034946
4883.722497 0.034289
4885.986725 0.037304
4888.250952 0.023031
4890.515179 0.047329
4892.779406 0.037657
4895.043634 0.053533
4897.307861 0.048002
4899.572088 0.026713
4901.836315 0.045020
4904.100542 0.076119
4906.364770 0.052991
4908.628997 0.047127
4910.893224 0.031900
4913.157451 0.036065
4915.421679 0.047754
4917.685906 0.026903
4919.950133 0.042838
4922.214360 0.040564
4924.478588 0.034179
4926.742815 0.046015
4929.007042 0.048330
4931.271269 0.044135
4933.535496 0.047435
4935.799724 0.040879
4938.063951 0.033002
4940.328178 0.036503
4942.592405 0.048184
4944.856633 0.046931
4947.120860 0.049948
4949.385087 0.058732
4951.649314 0.068543
4953.913542 0.028582
4956.177769 0.064690
4958.441996 0.061751
4960.706223 0.051241
4962.970450 0.046415
4965.234678 0.038308
4967.498905 0.037764
4969.763132 0.055970
4972.027359 0.055608
4974.291587 0.042053
4976.555814 0.031822
4978.820041 0.038112
4981.084268 0.033310
4983.348496 0.050834
4985.612723 0.051984
4987.876950 0.050283
4990.141177 0.043423
4992.405404 0.040560
4994.669632 0.039965
4996.933859 0.035513
4999.198086 0.044578
5001.462313 0.053292
5003.726541 0.049812
5005.990768 0.042579
5008.254995 0.043987
5010.519222 0.055066
5012.783450 0.041154
5015.047677 0.034269
5017.311904 0.042270
5019.576131 0.037091
5021.840359 0.042948
5024.104586 0.038894
5026.368813 0.042609
5028.633040 0.041173
5030.897267 0.040163
5033.161495 0.039162
5035.425722 0.017406
5037.689949 0.032553
5039.954176 0.035895
5042.218404 0.039158
5044.482631 0.037577
5046.746858 0.036467
5049.011085 0.040185
5051.275313 0.044456
5053.539540 0.037359
5055.803767 0.039957
5058.067994 0.035762
5060.332221 0.038315
5062.596449 0.037035
5064.860676 0.040356
5067.124903 0.045744
5069.389130 0.030463
5071.653358 0.065105
5073.917585 0.038651
5076.181812 0.032367
5078.446039 0.038258
5080.710267 0.025889
5082.974494 0.037944
5085.238721 0.052705
5087.502948 0.044250
5089.767175 0.045407
5092.031403 0.041937
5094.295630 0.039416
5096.559857 0.058765
5098.824084 0.033239
5101.088312 0.040088
5103.352539 0.034133
5105.616766 0.019698
5107.880993 0.046393
5110.145221 0.052514
5112.409448 0.028307
5114.673675 0.039197
5116.937902 0.039765
5119.202129 0.041660
5121.466357 0.026126
5123.730584 0.043118
5125.994811 0.045040
5128.259038 0.048252
5130.523266 0.048296
5132.787493 0.056176
5135.051720 0.040065
5137.315947 0.051813
5139.580175 0.023424
5141.844402 0.019781
5144.108629 0.032322
5146.372856 0.046668
5148.637083 0.038071
5150.901311 0.050079
5153.165538 0.041469
5155.429765 0.042423
5157.693992 0.055649
5159.958220 0.061150
5162.222447 0.027990
5164.486674 0.037680
5166.750901 0.030414
5169.015129 0.031489
5171.279356 0.033483
5173.543583 0.023190
5175.807810 0.028881
5178.072037 0.048154
5180.336265 0.034399
5182.600492 0.032764
5184.864719 0.032488
5187.128946 0.018080
5189.393174 0.026244
5191.657401 0.041135
5193.921628 0.054108
5196.185855 0.039180
5198.450083 0.055010
5200.714310 0.026154
5202.978537 0.027693
5205.242764 0.023769
5207.506991 0.026239
5209.771219 0.031114
5212.035446 0.030430
5214.299673 0.041865
5216.563900 0.051054
5218.828128 0.050015
5221.092355 0.044283
5223.356582 0.025271
5225.620809 0.075521
5227.885037 0.020761
5230.149264 0.039452
5232.413491 0.050666
5234.677718 0.030571
5236.941945 0.039495
5239.206173 0.039210
5241.470400 0.046935
5243.734627 0.036795
5245.998854 0.030441
5248.263082 0.054811
5250.527309 0.015931
5252.791536 0.029418
5255.055763 0.040446
5257.319991 0.030342
5259.584218 0.015250
5261.848445 0.041687
5264.112672 0.038508
5266.376899 0.035281
5268.641127 0.071538
5270.905354 0.033829
5273.169581 0.020747
5275.433808 0.008631
5277.698036 0.035672
5279.962263 0.017596
5282.226490 0.037100
5284.490717 0.062472
5286.754945 0.050170
5289.019172 0.051493
5291.283399 0.034222
5293.547626 0.032202
5295.811853 0.046674
5298.076081 0.025938
5300.340308 0.047254
5302.604535 0.023877
5304.868762 0.038350
5307.132990 0.028247
5309.397217 0.047733
5311.661444 0.058904
5313.925671 0.037235
5316.189899 0.035030
5318.454126 0.052422
5320.718353 0.058647
5322.982580 0.032960
5325.246808 0.040222
5327.511035 0.074869
5329.775262 0.092022
5332.039489 0.031597
5334.303716 0.059517
5336.567944 0.021525
5338.832171 0.051313
5341.096398 0.056915
5343.360625 0.035813
5345.624853 0.021032
5347.889080 0.037805
5350.153307 0.035355
5352.417534 0.045577
5354.681762 0.041349
5356.945989 0.023311
5359.210216 0.051496
5361.474443 0.052454
5363.738670 0.055094
5366.002898 0.043546
5368.267125 0.042857
5370.531352 0.020182
5372.795579 0.016725
5375.059807 0.044736
5377.324034 0.046853
5379.588261 0.033549
5381.852488 -0.024968
5384.116716 0.044791
5386.380943 0.034376
5388.645170 0.023157
5390.909397 0.011276
5393.173624 0.038025
5395.437852 0.058460
5397.702079 0.052319
5399.966306 0.045481
5402.230533 0.065605
5404.494761 0.064906
5406.758988 0.037410
5409.023215 0.045566
5411.287442 0.014191
5413.551670 0.026475
5415.815897 0.034017
5418.080124 0.027889
5420.344351 0.039524
5422.608578 0.043248
5424.872806 0.034048
5427.137033 0.063852
5429.401260 0.042566
5431.665487 0.044963
5433.929715 0.034793
5436.193942 0.036665
5438.458169 0.041040
5440.722396 0.040949
5442.986624 0.049175
5445.250851 0.047997
5447.515078 0.036532
5449.779305 0.039794
5452.043532 0.040834
5454.307760 0.037565
5456.571987 0.040483
5458.836214 0.055959
5461.100441 0.049101
5463.364669 0.041843
5465.628896 0.046091
5467.893123 0.041908
5470.157350 0.043694
5472.421578 0.034056
5474.685805 0.037314
5476.950032 0.030909
5479.214259 0.033510
5481.478486 0.042001
5483.742714 0.045927
5486.006941 0.048063
5488.271168 0.034162
5490.535395 0.040828
5492.799623 0.040421
5495.063850 0.037639
5497.328077 0.034591
5499.592304 0.048443
5501.856532 0.044460
5504.120759 0.047897
5506.384986 0.039435
5508.649213 0.045216
5510.913440 0.040026
5513.177668 0.047155
5515.441895 0.041355
5517.706122 0.045480
5519.970349 0.044982
5522.234577 0.047009
5524.498804 0.040388
5526.763031 0.042476
5529.027258 0.030337
5531.291486 0.031539
5533.555713 0.049640
5535.819940 0.043924
5538.084167 0.044942
5540.348394 0.036381
5542.612622 0.032785
5544.876849 0.034856
5547.141076 0.049780
5549.405303 0.035884
5551.669531 0.030094
5553.933758 0.042751
5556.197985 0.047399
5558.462212 0.040534
5560.726440 0.026596
5562.990667 0.042422
5565.254894 0.045228
5567.519121 0.037796
5569.783348 0.037601
5572.047576 0.042725
5574.311803 0.053507
5576.576030 0.080766
5578.840257 0.071181
5581.104485 0.084797
5583.368712 0.065027
5585.632939 0.045811
5587.897166 0.069500
5590.161394 0.004403
5592.425621 -0.020014
5594.689848 -0.008121
5596.954075 0.000023
5599.218303 0.045640
5601.482530 0.027666
5603.746757 0.017426
5606.010984 0.035199
5608.275211 0.042258
5610.539439 0.034847
5612.803666 0.037680
5615.067893 0.035996
5617.332120 0.115759
5619.596348 0.145542
5621.860575 0.069475
5624.124802 0.133149
5626.389029 -0.004886
5628.653257 -0.005810
5630.917484 0.020571
5633.181711 0.030447
5635.445938 0.039479
5637.710165 0.022148
5639.974393 0.024893
5642.238620 0.031877
5644.502847 0.063118
5646.767074 0.030190
5649.031302 0.040106
5651.295529 0.030525
5653.559756 0.054037
5655.823983 0.096119
5658.088211 0.052386
5660.352438 0.057262
5662.616665 -0.014492
5664.880892 0.006321
5667.145119 0.041404
5669.409347 0.042583
5671.673574 0.018260
5673.937801 0.034890
5676.202028 0.129436
5678.466256 0.114336
5680.730483 0.091514
5682.994710 0.034543
5685.258937 -0.013619
5687.523165 0.011731
5689.787392 0.068365
5692.051619 0.048619
5694.315846 0.036740
5696.580073 0.030534
5698.844301 0.070876
5701.108528 0.076644
5703.372755 0.072110
5705.636982 0.060369
5707.901210 0.001000
5710.165437 0.010110
5712.429664 0.017934
5714.693891 0.017098
5716.958119 0.043607
5719.222346 0.065132
5721.486573 0.038227
5723.750800 0.044385
5726.015027 0.069729
5728.279255 0.024759
5730.543482 0.052671
5732.807709 0.043840
5735.071936 0.005361
5737.336164 0.023522
5739.600391 0.027610
5741.864618 0.045409
5744.128845 0.043224
5746.393073 0.035285
5748.657300 0.046398
5750.921527 0.040815
5753.185754 0.040499
5755.449981 0.047963
5757.714209 0.034316
5759.978436 0.044757
5762.242663 0.029734
5764.506890 0.022470
5766.771118 0.024528
5769.035345 0.016232
5771.299572 0.045811
5773.563799 0.049670
5775.828027 0.044805
5778.092254 0.033576
5780.356481 0.031310
5782.620708 0.044532
5784.884935 0.046738
5787.149163 0.052084
5789.413390 0.053702
5791.677617 0.043866
5793.941844 0.051534
5796.206072 0.046290
5798.470299 0.035386
5800.734526 0.061285
5802.998753 0.053732
5805.262981 0.063342
5807.527208 0.071539
5809.791435 0.071332
5812.055662 0.066564
5814.319889 0.043792
5816.584117 0.042961
5818.848344 0.038652
5821.112571 0.029543
5823.376798 0.016834
5825.641026 0.021324
5827.905253 0.050826
5830.169480 0.066158
5832.433707 0.052520
5834.697935 0.046846
5836.962162 0.031799
5839.226389 0.043495
5841.490616 0.047348
5843.754843 0.024489
5846.019071 0.022645
5848.283298 0.030391
5850.547525 0.037258
5852.811752 0.041722
5855.075980 0.038089
5857.340207 0.047540
5859.604434 0.040152
5861.868661 0.044700
5864.132889 0.061056
5866.397116 0.051573
5868.661343 0.037163
5870.925570 0.041672
5873.189797 0.042579
5875.454025 0.026521
5877.718252 0.027673
5879.982479 0.040241
5882.246706 0.038430
5884.510934 0.036898
5886.775161 0.044564
5889.039388 0.046115
5891.303615 0.045485
5893.567843 0.039487
5895.832070 0.038083
5898.096297 0.079308
5900.360524 0.086460
5902.624752 0.180852
5904.888979 0.134740
5907.153206 0.060378
5909.417433 0.027957
5911.681660 0.034071
5913.945888 0.003930
5916.210115 0.000727
5918.474342 -0.030002
5920.738569 0.011963
5923.002797 0.029015
5925.267024 0.028860
5927.531251 0.017389
5929.795478 0.030984
5932.059706 0.045288
5934.323933 0.044583
5936.588160 0.037758
5938.852387 0.047278
5941.116614 0.063376
5943.380842 0.208440
5945.645069 0.138159
5947.909296 0.081247
5950.173523 0.137727
5952.437751 -0.156502
5954.701978 -0.025891
5956.966205 0.035562
5959.230432 0.001027
5961.494660 0.044580
5963.758887 0.038759
5966.023114 0.022187
5968.287341 0.048182
5970.551568 0.095197
5972.815796 0.066158
5975.080023 0.004793
5977.344250 0.022620
5979.608477 0.017808
5981.872705 0.088566
5984.136932 0.156242
5986.401159 0.024905
5988.665386 0.042099
5990.929614 -0.020795
5993.193841 0.007119
5995.458068 0.076756
5997.722295 0.075353
5999.986522 0.033638
6002.250750 0.016430
6004.514977 0.089903
6006.779204 0.102585
6009.043431 0.104310
6011.307659 0.051145
6013.571886 -0.077475
6015.836113 -0.043182
6018.100340 0.029601
6020.364568 0.050118
6022.628795 0.075928
6024.893022 0.048312
6027.157249 0.025797
6029.421476 0.038496
6031.685704 0.064749
6033.949931 0.041804
6036.214158 0.070834
6038.478385 0.019905
6040.742613 -0.032600
6043.006840 0.009259
6045.271067 0.026604
6047.535294 0.041194
6049.799522 0.044942
6052.063749 0.078976
6054.327976 0.051317
6056.592203 0.028428
6058.856430 0.033004
6061.120658 0.051529
6063.384885 0.059682
6065.649112 0.035386
6067.913339 -0.005182
6070.177567 0.002987
6072.441794 0.036080
6074.706021 0.037785
6076.970248 0.042167
6079.234476 0.032541
6081.498703 0.034863
6083.762930 0.042760
6086.027157 0.043253
6088.291384 0.046956
6090.555612 0.045175
6092.819839 0.039247
6095.084066 0.059869
6097.348293 0.011817
6099.612521 0.057323
6101.876748 0.005313
6104.140975 0.020977
6106.405202 0.025652
6108.669430 0.056364
6110.933657 0.053623
6113.197884 0.024713
6115.462111 0.033239
6117.726338 0.052666
6119.990566 0.052428
6122.254793 0.024597
6124.519020 0.038199
6126.783247 0.052885
6129.047475 0.061566
6131.311702 0.042521
6133.575929 0.037001
6135.840156 0.031295
6138.104384 0.054227
6140.368611 0.032656
6142.632838 0.038442
6144.897065 0.030137
6147.161292 0.043481
6149.425520 0.044836
6151.689747 0.040225
6153.953974 0.043828
6156.218201 0.022564
6158.482429 0.044698
6160.746656 0.037228
6163.010883 0.045082
6165.275110 0.053524
6167.539338 0.033129
6169.803565 0.037163
6172.067792 0.039473
6174.332019 0.040045
6176.596247 0.048112
6178.860474 0.032826
6181.124701 0.024513
6183.388928 0.040527
6185.653155 0.038335
6187.917383 0.041022
6190.181610 0.041148
6192.445837 0.049848
6194.710064 0.052595
6196.974292 0.042638
6199.238519 0.047334
6201.502746 0.028528
6203.766973 0.036099
6206.031201 0.023778
6208.295428 0.030801
6210.559655 0.044198
6212.823882 0.042243
6215.088109 0.034545
6217.352337 0.036916
6219.616564 0.035675
6221.880791 0.038316
6224.145018 0.052182
6226.409246 0.038745
6228.673473 0.042320
6230.937700 0.041979
6233.201927 0.041764
