4815.799026 -0.003477
4817.344118 0.149925
4818.889209 0.172624
4820.434301 0.183149
4821.979393 0.166999
4823.524484 0.187460
4825.069576 0.199086
4826.614667 0.186616
4828.159759 0.180981
4829.704850 0.183193
4831.249942 0.187505
4832.795033 0.130493
4834.340125 0.140323
4835.885216 0.152887
4837.430308 0.133866
4838.975400 0.135036
4840.520491 0.130007
4842.065583 0.192178
4843.610674 0.162553
4845.155766 0.171387
4846.700857 0.188339
4848.245949 0.174876
4849.791040 0.151071
4851.336132 0.159203
4852.881223 0.153332
4854.426315 0.151093
4855.971406 0.142194
4857.516498 0.162117
4859.061590 0.126632
4860.606681 0.113814
4862.151773 0.218778
4863.696864 0.199944
4865.241956 0.157171
4866.787047 0.123560
4868.332139 0.136958
4869.877230 0.150923
4871.422322 0.155553
4872.967413 0.125017
4874.512505 0.147321
4876.057597 0.155563
4877.602688 0.165998
4879.147780 0.142122
4880.692871 0.180971
4882.237963 0.202284
4883.783054 0.161634
4885.328146 0.152529
4886.873237 0.129762
4888.418329 0.155481
4889.963420 0.150231
4891.508512 0.159485
4893.053604 0.140852
4894.598695 0.157865
4896.143787 0.173118
4897.688878 0.162496
4899.233970 0.155807
4900.779061 0.158965
4902.324153 0.173723
4903.869244 0.155115
4905.414336 0.167813
4906.959427 0.176444
4908.504519 0.156917
4910.049610 0.144986
4911.594702 0.147206
4913.139794 0.163092
4914.684885 0.159390
4916.229977 0.142020
4917.775068 0.183925
4919.320160 0.181755
4920.865251 0.115160
4922.410343 0.143422
4923.955434 0.125479
4925.500526 0.168436
4927.045617 0.183960
4928.590709 0.164032
4930.135801 0.162522
4931.680892 0.171815
4933.225984 0.179368
4934.771075 0.141216
4936.316167 0.151154
4937.861258 0.151667
4939.406350 0.151374
4940.951441 0.147859
4942.496533 0.164006
4944.041624 0.140716
4945.586716 0.177022
4947.131807 0.153560
4948.676899 0.147454
4950.221991 0.141378
4951.767082 0.165707
4953.312174 0.145902
4954.857265 0.153306
4956.402357 0.185906
4957.947448 0.185150
4959.492540 0.161251
4961.037631 0.192343
4962.582723 0.189236
4964.127814 0.183332
4965.672906 0.201992
4967.217998 0.174099
4968.763089 0.178792
4970.308181 0.161974
4971.853272 0.155569
4973.398364 0.198089
4974.943455 0.138759
4976.488547 0.179292
4978.033638 0.182528
4979.578730 0.191809
4981.123821 0.171909
4982.668913 0.159249
4984.214004 0.136468
4985.759096 0.134026
4987.304188 0.154850
4988.849279 0.180550
4990.394371 0.175691
4991.939462 0.156117
4993.484554 0.186100
4995.029645 0.171642
4996.574737 0.149454
4998.119828 0.162535
4999.664920 0.156422
5001.210011 0.158849
5002.755103 0.151864
5004.300195 0.150676
5005.845286 0.151357
5007.390378 0.197350
5008.935469 0.195164
5010.480561 0.188350
5012.025652 0.176279
5013.570744 0.162441
5015.115835 0.157922
5016.660927 0.135197
5018.206018 0.142438
5019.751110 0.174448
5021.296201 0.179960
5022.841293 0.162350
5024.386385 0.151130
5025.931476 0.157377
5027.476568 0.162525
5029.021659 0.166221
5030.566751 0.145289
5032.111842 0.136547
5033.656934 0.153098
5035.202025 0.170423
5036.747117 0.166455
5038.292208 0.133277
5039.837300 0.129045
5041.382392 0.135911
5042.927483 0.118793
5044.472575 0.141045
5046.017666 0.150665
5047.562758 0.157033
5049.107849 0.164681
5050.652941 0.157344
5052.198032 0.184469
5053.743124 0.165352
5055.288215 0.157982
5056.833307 0.161503
5058.378399 0.154545
5059.923490 0.161871
5061.468582 0.196435
5063.013673 0.167870
5064.558765 0.197967
5066.103856 0.181754
5067.648948 0.169902
5069.194039 0.189737
5070.739131 0.160899
5072.284222 0.150913
5073.829314 0.165213
5075.374405 0.170299
5076.919497 0.171493
5078.464589 0.164194
5080.009680 0.149523
5081.554772 0.135265
5083.099863 0.130415
5084.644955 0.158742
5086.190046 0.165270
5087.735138 0.145472
5089.280229 0.153705
5090.825321 0.170042
5092.370412 0.164386
5093.915504 0.175137
5095.460596 0.158588
5097.005687 0.173190
5098.550779 0.129696
5100.095870 0.144525
5101.640962 0.170424
5103.186053 0.156635
5104.731145 0.153359
5106.276236 0.149270
5107.821328 0.145749
5109.366419 0.158677
5110.911511 0.137398
5112.456602 0.156666
5114.001694 0.164866
5115.546786 0.143495
5117.091877 0.161346
5118.636969 0.169398
5120.182060 0.165423
5121.727152 0.165800
5123.272243 0.146294
5124.817335 0.171663
5126.362426 0.155490
5127.907518 0.155042
5129.452609 0.137415
5130.997701 0.140725
5132.542793 0.163023
5134.087884 0.176765
5135.632976 0.170275
5137.178067 0.183052
5138.723159 0.172082
5140.268250 0.160976
5141.813342 0.144164
5143.358433 0.132958
5144.903525 0.132172
5146.448616 0.164521
5147.993708 0.161975
5149.538799 0.152867
5151.083891 0.171136
5152.628983 0.130337
5154.174074 0.143730
5155.719166 0.116710
5157.264257 0.155661
5158.809349 0.153448
5160.354440 0.168103
5161.899532 0.176211
5163.444623 0.141156
5164.989715 0.169574
5166.534806 0.123370
5168.079898 0.136666
5169.624990 0.112727
5171.170081 0.123323
5172.715173 0.148017
5174.260264 0.113205
5175.805356 0.142563
5177.350447 0.148653
5178.895539 0.161904
5180.440630 0.164619
5181.985722 0.153345
5183.530813 0.163642
5198.981729 0.127989
5200.526820 0.136590
5202.071912 0.160607
5203.617003 0.155716
5205.162095 0.178449
5206.707187 0.146873
5208.252278 0.158591
5209.797370 0.121502
5211.342461 0.157025
5212.887553 0.140841
5214.432644 0.140983
5215.977736 0.156038
5217.522827 0.146574
5219.067919 0.157538
5220.613010 0.126165
5222.158102 0.176580
5223.703193 0.165075
5225.248285 0.168934
5226.793377 0.160956
5228.338468 0.136502
5229.883560 0.168407
5231.428651 0.127110
5232.973743 0.158298
5234.518834 0.180027
5236.063926 0.162746
5237.609017 0.152232
5239.154109 0.154288
5240.699200 0.183252
5242.244292 0.162638
5243.789384 0.170756
5245.334475 0.160170
5246.879567 0.136743
5248.424658 0.156437
5249.969750 0.143275
5251.514841 0.140325
5253.059933 0.156787
5254.605024 0.154694
5256.150116 0.161929
5257.695207 0.164837
5259.240299 0.176582
5260.785391 0.175053
5262.330482 0.160307
5263.875574 0.150756
5265.420665 0.145987
5266.965757 0.135294
5268.510848 0.133032
5270.055940 0.128641
5271.601031 0.124595
5273.146123 0.124841
5274.691214 0.123228
5276.236306 0.128656
5277.781397 0.134621
5279.326489 0.162253
5280.871581 0.143586
5282.416672 0.141850
5283.961764 0.144899
5285.506855 0.156079
5287.051947 0.164911
5288.597038 0.167862
5290.142130 0.177839
5291.687221 0.179584
5293.232313 0.164801
5294.777404 0.148508
5296.322496 0.173306
5297.867588 0.183589
5299.412679 0.178314
5300.957771 0.152352
5302.502862 0.152274
5304.047954 0.152746
5305.593045 0.179130
5307.138137 0.180312
5308.683228 0.174380
5310.228320 0.179387
5311.773411 0.168577
5313.318503 0.171892
5314.863594 0.181656
5316.408686 0.180395
5317.953778 0.138489
5319.498869 0.153367
5321.043961 0.149285
5322.589052 0.169887
5324.134144 0.173317
5325.679235 0.158492
5327.224327 0.148720
5328.769418 0.140367
5330.314510 0.149340
5331.859601 0.139625
5333.404693 0.142211
5334.949785 0.190452
5336.494876 0.166955
5338.039968 0.168350
5339.585059 0.180119
5341.130151 0.175775
5342.675242 0.163006
5344.220334 0.159003
5345.765425 0.165875
5347.310517 0.154458
5348.855608 0.131664
5350.400700 0.157611
5351.945791 0.166314
5353.490883 0.150643
5355.035975 0.163805
5356.581066 0.190928
5358.126158 0.161444
5359.671249 0.145416
5361.216341 0.176419
5362.761432 0.171346
5364.306524 0.166033
5365.851615 0.156960
5367.396707 0.161845
5368.941798 0.175350
5370.486890 0.160467
5372.031982 0.140023
5373.577073 0.141096
5375.122165 0.184098
5376.667256 0.183864
5378.212348 0.174086
5379.757439 0.148837
5381.302531 0.181303
5382.847622 0.178417
5384.392714 0.146543
5385.937805 0.183574
5387.482897 0.145809
5389.027988 0.166027
5390.573080 0.177295
5392.118172 0.145540
5393.663263 0.167819
5395.208355 0.181694
5396.753446 0.136790
5398.298538 0.143869
5399.843629 0.136434
5401.388721 0.147341
5402.933812 0.168300
5404.478904 0.156339
5406.023995 0.148421
5407.569087 0.173655
5409.114179 0.163763
5410.659270 0.158874
5412.204362 0.175924
5413.749453 0.177501
5415.294545 0.149318
5416.839636 0.169457
5418.384728 0.174128
5419.929819 0.164380
5421.474911 0.169414
5423.020002 0.136081
5424.565094 0.145022
5426.110186 0.144502
5427.655277 0.171162
5429.200369 0.166303
5430.745460 0.162194
5432.290552 0.152504
5433.835643 0.152662
5435.380735 0.152326
5436.925826 0.145009
5438.470918 0.164310
5440.016009 0.172108
5441.561101 0.179078
5443.106192 0.178539
5444.651284 0.161217
5446.196376 0.142407
5447.741467 0.151527
5449.286559 0.166784
5450.831650 0.165663
5452.376742 0.144462
5453.921833 0.148541
5455.466925 0.157442
5457.012016 0.165932
5458.557108 0.167125
5460.102199 0.165402
5461.647291 0.162448
5463.192383 0.177724
5464.737474 0.164597
5466.282566 0.166031
5467.827657 0.159806
5469.372749 0.168290
5470.917840 0.171607
5472.462932 0.175539
5474.008023 0.168216
5475.553115 0.154223
5477.098206 0.160569
5478.643298 0.185863
5480.188389 0.157630
5481.733481 0.121437
5483.278573 0.116086
5484.823664 0.159733
5486.368756 0.144181
5487.913847 0.157863
5489.458939 0.188480
5491.004030 0.172507
5492.549122 0.165757
5494.094213 0.170490
5495.639305 0.174052
5497.184396 0.167213
5498.729488 0.152739
5500.274580 0.151713
5501.819671 0.158486
5503.364763 0.161323
5504.909854 0.151351
5506.454946 0.164742
5508.000037 0.174780
5509.545129 0.168865
5511.090220 0.149871
5512.635312 0.157207
5514.180403 0.147591
5515.725495 0.162168
5517.270586 0.153928
5518.815678 0.168545
5520.360770 0.162971
5521.905861 0.189899
5523.450953 0.134457
5524.996044 0.151422
5526.541136 0.150429
5528.086227 0.150143
5529.631319 0.137501
5531.176410 0.168772
5532.721502 0.154315
5534.266593 0.180905
5535.811685 0.188163
5537.356777 0.155260
5538.901868 0.138592
5540.446960 0.191519
5541.992051 0.193650
5543.537143 0.149510
5545.082234 0.168387
5546.627326 0.178158
5548.172417 0.143802
5549.717509 0.165231
5551.262600 0.183253
5552.807692 0.160441
5554.352783 0.155090
5555.897875 0.139516
5557.442967 0.163066
5558.988058 0.157505
5560.533150 0.154644
5562.078241 0.137852
5563.623333 0.167360
5565.168424 0.153238
5566.713516 0.169315
5568.258607 0.167585
5569.803699 0.138634
5571.348790 0.169554
5572.893882 0.164720
5574.438974 0.141099
5575.984065 0.175914
5577.529157 0.172389
5579.074248 0.154745
5580.619340 0.168535
5582.164431 0.152444
5583.709523 0.156596
5585.254614 0.153974
5586.799706 0.153732
5588.344797 0.180170
5589.889889 0.146871
5591.434981 0.134904
5592.980072 0.158365
5594.525164 0.167170
5596.070255 0.157196
5597.615347 0.142637
5599.160438 0.159989
5600.705530 0.152518
5602.250621 0.137660
5603.795713 0.169262
5605.340804 0.161757
5606.885896 0.157922
5608.430987 0.162076
5609.976079 0.170250
5611.521171 0.172419
5613.066262 0.160768
5614.611354 0.166842
5616.156445 0.160450
5617.701537 0.157032
5619.246628 0.149034
5620.791720 0.150523
5622.336811 0.167990
5623.881903 0.134014
5625.426994 0.157533
5626.972086 0.155306
5628.517178 0.181251
5630.062269 0.164632
5631.607361 0.182654
5633.152452 0.163396
5634.697544 0.175225
5636.242635 0.160978
5637.787727 0.153771
5639.332818 0.163329
5640.877910 0.149854
5642.423001 0.153584
5643.968093 0.149237
5645.513184 0.168526
5647.058276 0.178649
5648.603368 0.157030
5650.148459 0.156737
5651.693551 0.186814
5653.238642 0.172685
5654.783734 0.161634
5656.328825 0.173742
5657.873917 0.154024
5659.419008 0.139015
5660.964100 0.154981
5662.509191 0.160108
5664.054283 0.171280
5665.599375 0.162465
5667.144466 0.165532
5668.689558 0.147668
5670.234649 0.164005
5671.779741 0.165969
5673.324832 0.153719
5674.869924 0.163969
5676.415015 0.160308
5677.960107 0.175858
5679.505198 0.148674
5681.050290 0.160951
5682.595381 0.147301
5684.140473 0.165317
5685.685565 0.170819
5687.230656 0.163508
5688.775748 0.163296
5690.320839 0.163777
5691.865931 0.176668
5693.411022 0.153760
5694.956114 0.161743
5696.501205 0.161946
5698.046297 0.147560
5699.591388 0.157543
5701.136480 0.165873
5702.681572 0.172392
5704.226663 0.164973
5705.771755 0.161199
5707.316846 0.156876
5708.861938 0.153467
5710.407029 0.152923
5711.952121 0.159865
5713.497212 0.157398
5715.042304 0.173949
5716.587395 0.170738
5718.132487 0.186032
5719.677578 0.171009
5721.222670 0.158976
5722.767762 0.166845
5724.312853 0.180513
5725.857945 0.175869
5727.403036 0.170600
5728.948128 0.159268
5730.493219 0.162988
5732.038311 0.158439
5733.583402 0.169500
5735.128494 0.170467
5736.673585 0.172969
5738.218677 0.167638
5739.763769 0.160237
5741.308860 0.159981
5742.853952 0.165661
5744.399043 0.182293
5745.944135 0.171641
5747.489226 0.176184
5749.034318 0.165119
5750.579409 0.169585
5752.124501 0.144845
5753.669592 0.174289
5755.214684 0.166760
5756.759775 0.168663
5758.304867 0.157434
5759.849959 0.161423
5761.395050 0.158897
5762.940142 0.147678
5764.485233 0.164126
5766.030325 0.184322
5767.575416 0.168716
5769.120508 0.159505
5770.665599 0.166484
5772.210691 0.164736
5773.755782 0.156983
5775.300874 0.157266
5776.845966 0.162836
5778.391057 0.168936
5779.936149 0.160099
5781.481240 0.149351
5783.026332 0.146162
5784.571423 0.150257
5786.116515 0.147515
5787.661606 0.150154
5789.206698 0.158157
5790.751789 0.177806
5792.296881 0.156744
5793.841973 0.130695
5795.387064 0.162595
5796.932156 0.168651
5798.477247 0.146981
5800.022339 0.145978
5801.567430 0.148420
5803.112522 0.155845
5804.657613 0.184251
5806.202705 0.160821
5807.747796 0.159557
5809.292888 0.171744
5810.837979 0.162365
5812.383071 0.170791
5813.928163 0.154638
5815.473254 0.156318
5817.018346 0.157724
5818.563437 0.159431
5820.108529 0.159058
5821.653620 0.186967
5823.198712 0.172711
5824.743803 0.171538
5826.288895 0.164050
5827.833986 0.156163
5829.379078 0.160421
5830.924170 0.173648
5832.469261 0.168988
5834.014353 0.171162
5835.559444 0.172896
5837.104536 0.150250
5838.649627 0.147934
5840.194719 0.165668
5841.739810 0.156704
5843.284902 0.148842
5844.829993 0.152774
5846.375085 0.152282
5847.920176 0.157484
5849.465268 0.174032
5851.010360 0.177887
5852.555451 0.148341
5854.100543 0.145501
5855.645634 0.142287
5857.190726 0.140736
5858.735817 0.143816
5860.280909 0.156219
5861.826000 0.146152
5863.371092 0.180028
5864.916183 0.160089
5866.461275 0.139159
5868.006367 0.134123
5869.551458 0.135831
5871.096550 0.164612
5872.641641 0.170888
5874.186733 0.167820
5875.731824 0.161855
5877.276916 0.157530
5878.822007 0.170844
5880.367099 0.142467
5881.912190 0.152067
5883.457282 0.151236
5885.002373 0.157017
5886.547465 0.171066
5888.092557 0.151782
5889.637648 0.152476
5891.182740 0.142971
5892.727831 0.140934
5894.272923 0.150420
5895.818014 0.135680
5897.363106 0.121850
5898.908197 0.151734
5900.453289 0.165008
5901.998380 0.149403
5903.543472 0.160924
5905.088564 0.155766
5906.633655 0.167642
5908.178747 0.141771
5909.723838 0.158939
5911.268930 0.155875
5912.814021 0.151012
5914.359113 0.157580
5915.904204 0.151765
5917.449296 0.169465
5918.994387 0.155708
5920.539479 0.150626
5922.084570 0.162715
5923.629662 0.161245
5925.174754 0.180066
5926.719845 0.170588
5928.264937 0.149549
5929.810028 0.151958
5931.355120 0.173453
5932.900211 0.168774
5934.445303 0.148606
5935.990394 0.153394
5937.535486 0.162758
5939.080577 0.154976
5940.625669 0.164863
5942.170761 0.166510
5943.715852 0.154708
5945.260944 0.160354
5946.806035 0.145922
5948.351127 0.168495
5949.896218 0.165565
5951.441310 0.149872
5952.986401 0.146594
5954.531493 0.151334
5956.076584 0.148673
5957.621676 0.153918
5959.166768 0.143612
5960.711859 0.158716
5962.256951 0.167575
5963.802042 0.157880
5965.347134 0.161476
5966.892225 0.160325
5968.437317 0.164612
5969.982408 0.156234
5971.527500 0.164138
5973.072591 0.153799
5974.617683 0.159289
5976.162774 0.141458
5977.707866 0.152364
5979.252958 0.170419
5980.798049 0.153820
5982.343141 0.154105
5983.888232 0.151653
5985.433324 0.156345
5986.978415 0.160288
5988.523507 0.162529
5990.068598 0.164613
5991.613690 0.159252
5993.158781 0.155817
5994.703873 0.156107
5996.248965 0.149290
5997.794056 0.162115
5999.339148 0.167557
6000.884239 0.153110
6002.429331 0.159549
6003.974422 0.147971
6005.519514 0.160686
6007.064605 0.161668
6008.609697 0.161252
6010.154788 0.140857
6011.699880 0.139493
6013.244971 0.151191
6014.790063 0.171606
6016.335155 0.163381
6017.880246 0.148414
6019.425338 0.157439
6020.970429 0.154386
6022.515521 0.152006
6024.060612 0.160418
6025.605704 0.155940
6027.150795 0.159162
6028.695887 0.158141
6030.240978 0.142711
6031.786070 0.164331
6033.331162 0.169680
6034.876253 0.165193
6036.421345 0.169159
6037.966436 0.159345
6039.511528 0.141812
6041.056619 0.164025
6042.601711 0.157132
6044.146802 0.155175
6045.691894 0.169108
6047.236985 0.150305
6048.782077 0.164238
6050.327168 0.170982
6051.872260 0.184048
6053.417352 0.167051
6054.962443 0.147848
6056.507535 0.142089
6058.052626 0.137313
6059.597718 0.152096
6061.142809 0.159794
6062.687901 0.150804
6064.232992 0.155932
6065.778084 0.136647
6067.323175 0.147420
6068.868267 0.144571
6070.413359 0.175733
6071.958450 0.165794
6073.503542 0.168321
6075.048633 0.147775
6076.593725 0.151122
6078.138816 0.141450
6079.683908 0.164404
6081.228999 0.164601
6082.774091 0.152981
6084.319182 0.155267
6085.864274 0.147928
6087.409365 0.154396
6088.954457 0.150839
6090.499549 0.165109
6092.044640 0.173806
6093.589732 0.153986
6095.134823 0.151117
6096.679915 0.167651
6098.225006 0.161396
6099.770098 0.170484
6101.315189 0.164307
6102.860281 0.143681
6104.405372 0.148940
6105.950464 0.150386
6107.495556 0.156457
6109.040647 0.156286
6110.585739 0.154265
6112.130830 0.138868
6113.675922 0.155157
6115.221013 0.160410
6116.766105 0.158764
6118.311196 0.147550
6119.856288 0.150660
6121.401379 0.142947
6122.946471 0.135816
6124.491562 0.161724
6126.036654 0.155272
6127.581746 0.152411
6129.126837 0.156501
6130.671929 0.144807
6132.217020 0.136152
6133.762112 0.151550
6135.307203 0.154403
6136.852295 0.147889
6138.397386 0.141306
6139.942478 0.140838
6141.487569 0.150389
6143.032661 0.149508
6144.577753 0.131078
6146.122844 0.147612
6147.667936 0.155815
6149.213027 0.161650
6150.758119 0.158663
6152.303210 0.159684
6153.848302 0.153395
6155.393393 0.157103
6156.938485 0.149788
6158.483576 0.146303
6160.028668 0.155599
6161.573760 0.144041
6163.118851 0.121924
6164.663943 0.127027
6166.209034 0.136669
6167.754126 0.137665
6169.299217 0.136536
6170.844309 0.141778
6172.389400 0.138694
6173.934492 0.145983
6175.479583 0.145027
6177.024675 0.147900
6178.569766 0.144737
6180.114858 0.149970
6181.659950 0.136337
6183.205041 0.155261
6184.750133 0.170169
6186.295224 0.147978
6187.840316 0.131118
6189.385407 0.146034
6190.930499 0.137039
6192.475590 0.141059
6194.020682 0.141510
6195.565773 0.147922
6197.110865 0.144427
6198.655957 0.150790
6200.201048 0.152096
6201.746140 0.142788
6203.291231 0.154575
6204.836323 0.150275
6206.381414 0.134681
6207.926506 0.144777
6209.471597 0.141498
6211.016689 0.153210
6212.561780 0.154952
6214.106872 0.154094
6215.651963 0.139004
6217.197055 0.139517
6218.742147 0.151954
6220.287238 0.144829
6221.832330 0.144476
6223.377421 0.144907
6224.922513 0.148307
6226.467604 0.142670
6228.012696 0.132420
6229.557787 0.130321
6231.102879 0.146485
6232.647970 0.134573
6234.193062 0.129215
6235.738154 0.156257
6237.283245 0.137099
6238.828337 0.156103
6240.373428 0.162227
6241.918520 0.138610
6243.463611 0.147379
6245.008703 0.127904
6246.553794 0.128027
6248.098886 0.138971
6249.643977 0.153984
6251.189069 0.157090
6252.734160 0.138857
6254.279252 0.131393
6255.824344 0.141911
6257.369435 0.129683
6258.914527 0.147399
6260.459618 0.134792
6262.004710 0.148648
6263.549801 0.135158
6265.094893 0.141071
6266.639984 0.143553
6268.185076 0.144761
6269.730167 0.135711
6271.275259 0.143984
6272.820351 0.133277
6274.365442 0.129079
6275.910534 0.152014
6277.455625 0.159570
6279.000717 0.157306
6280.545808 0.150489
6282.090900 0.151992
6283.635991 0.146986
6285.181083 0.132353
6286.726174 0.136954
6288.271266 0.139676
6289.816357 0.141717
6291.361449 0.139020
6292.906541 0.148525
6294.451632 0.143307
6295.996724 0.142626
6297.541815 0.142512
6299.086907 0.147957
6300.631998 0.155015
6302.177090 0.152261
6303.722181 0.149663
6305.267273 0.132384
6306.812364 0.134290
6308.357456 0.150875
6309.902548 0.148893
6311.447639 0.137637
6312.992731 0.134741
6314.537822 0.146121
6316.082914 0.147348
6317.628005 0.136222
6319.173097 0.141220
6320.718188 0.134644
6322.263280 0.128280
6323.808371 0.146830
6325.353463 0.150229
6326.898555 0.149647
6328.443646 0.132306
6329.988738 0.141765
6331.533829 0.153403
6333.078921 0.150849
6334.624012 0.146518
6336.169104 0.151890
6337.714195 0.138990
6339.259287 0.129906
6340.804378 0.141766
6342.349470 0.141959
6343.894561 0.130352
6345.439653 0.153905
6346.984745 0.145275
6348.529836 0.134597
6350.074928 0.133761
6351.620019 0.155406
6353.165111 0.144683
6354.710202 0.132438
6356.255294 0.139966
6357.800385 0.129725
6359.345477 0.150242
6360.890568 0.154788
6362.435660 0.117667
6363.980752 0.131090
6365.525843 0.152373
6367.070935 0.140841
6368.616026 0.154558
6370.161118 0.151097
6371.706209 0.139549
6373.251301 0.132093
6374.796392 0.150493
6376.341484 0.152766
6377.886575 0.160341
6379.431667 0.137816
6380.976758 0.142161
6382.521850 0.151469
6384.066942 0.146415
6385.612033 0.144537
6387.157125 0.143711
6388.702216 0.158181
6390.247308 0.135916
6391.792399 0.118280
6393.337491 0.102671
6394.882582 0.097180
6396.427674 0.101715
6397.972765 0.107388
6399.517857 0.112393
6401.062949 0.118248
6402.608040 0.114195
6404.153132 0.124789
6405.698223 0.132335
6407.243315 0.146423
6408.788406 0.146288
6410.333498 0.139632
6411.878589 0.141231
6413.423681 0.137660
6414.968772 0.129339
6416.513864 0.126943
6418.058955 0.127551
6419.604047 0.122545
6421.149139 0.118309
6422.694230 0.139511
6424.239322 0.119203
6425.784413 0.135445
6427.329505 0.141489
6428.874596 0.137103
6430.419688 0.141899
6431.964779 0.130452
6433.509871 0.135419
6435.054962 0.139386
6436.600054 0.128586
6438.145146 0.140608
6439.690237 0.139598
6441.235329 0.123501
6442.780420 0.146987
6444.325512 0.149932
6445.870603 0.161879
6447.415695 0.128054
6448.960786 0.136924
6450.505878 0.132993
6452.050969 0.133434
6453.596061 0.133512
6455.141152 0.124665
6456.686244 0.142085
6458.231336 0.132443
6459.776427 0.124996
6461.321519 0.124244
6462.866610 0.135423
6464.411702 0.141693
6465.956793 0.142111
6467.501885 0.159550
6469.046976 0.147881
6470.592068 0.150213
6472.137159 0.146012
6473.682251 0.149485
6475.227343 0.133156
6476.772434 0.130103
6478.317526 0.128917
6479.862617 0.137051
6481.407709 0.139023
6482.952800 0.141441
6484.497892 0.140451
6486.042983 0.142358
6487.588075 0.149760
6489.133166 0.129380
6490.678258 0.143581
6492.223349 0.137058
6493.768441 0.132987
6495.313533 0.131056
6496.858624 0.138171
6498.403716 0.126875
6499.948807 0.127439
6501.493899 0.129357
6503.038990 0.131303
6504.584082 0.144355
6506.129173 0.137113
6507.674265 0.128726
6509.219356 0.136791
6510.764448 0.141127
6512.309540 0.148776
6513.854631 0.137093
6515.399723 0.138520
6516.944814 0.144220
6518.489906 0.135161
6520.034997 0.134999
6521.580089 0.138601
6523.125180 0.141401
6524.670272 0.146003
6526.215363 0.157979
6527.760455 0.142800
6529.305547 0.133246
6530.850638 0.120864
6532.395730 0.131684
6533.940821 0.140741
6535.485913 0.139600
6537.031004 0.140045
6538.576096 0.136825
6540.121187 0.141815
6541.666279 0.137205
6543.211370 0.143604
6544.756462 0.158540
6546.301553 0.141411
6547.846645 0.167593
6549.391737 0.191983
6550.936828 0.167838
6552.481920 0.143827
6554.027011 0.131561
6555.572103 0.124638
6557.117194 0.133773
6558.662286 0.118953
6560.207377 0.125717
6561.752469 0.177249
6563.297560 0.360189
6564.842652 0.424451
6566.387744 0.284102
6567.932835 0.149050
6569.477927 0.123555
6571.023018 0.133165
6572.568110 0.132707
6574.113201 0.126315
6575.658293 0.133776
6577.203384 0.126160
6578.748476 0.129295
6580.293567 0.147686
6581.838659 0.136089
6583.383750 0.188409
6584.928842 0.262817
6586.473934 0.210802
6588.019025 0.165075
6589.564117 0.141601
6591.109208 0.139962
6592.654300 0.129628
6594.199391 0.137264
6595.744483 0.127620
6597.289574 0.121363
6598.834666 0.128705
6600.379757 0.135569
6601.924849 0.146518
6603.469941 0.138311
6605.015032 0.139277
6606.560124 0.146645
6608.105215 0.133064
6609.650307 0.128771
6611.195398 0.125880
6612.740490 0.134422
6614.285581 0.140196
6615.830673 0.126852
6617.375764 0.136735
6618.920856 0.131547
6620.465947 0.151821
6622.011039 0.134888
6623.556131 0.128681
6625.101222 0.131302
6626.646314 0.132131
6628.191405 0.140542
6629.736497 0.147221
6631.281588 0.131613
6632.826680 0.129182
6634.371771 0.146949
6635.916863 0.129697
6637.461954 0.131082
6639.007046 0.143562
6640.552138 0.146762
6642.097229 0.117065
6643.642321 0.130837
6645.187412 0.131240
6646.732504 0.127763
6648.277595 0.130721
6649.822687 0.130479
6651.367778 0.134018
6652.912870 0.137473
6654.457961 0.130010
6656.003053 0.133180
6657.548144 0.132144
6659.093236 0.136328
6660.638328 0.124631
6662.183419 0.125091
6663.728511 0.128589
6665.273602 0.126831
6666.818694 0.138372
6668.363785 0.125609
6669.908877 0.116877
6671.453968 0.131086
6672.999060 0.129711
6674.544151 0.116390
6676.089243 0.131473
6677.634335 0.128591
6679.179426 0.123431
6680.724518 0.121872
6682.269609 0.121052
6683.814701 0.136016
6685.359792 0.128723
6686.904884 0.121338
6688.449975 0.131875
6689.995067 0.122275
6691.540158 0.128917
6693.085250 0.126550
6694.630342 0.122347
6696.175433 0.115137
6697.720525 0.123155
6699.265616 0.125267
6700.810708 0.116595
6702.355799 0.125872
6703.900891 0.126545
6705.445982 0.122640
6706.991074 0.118880
6708.536165 0.120397
6710.081257 0.131910
6711.626348 0.135470
6713.171440 0.132321
6714.716532 0.135685
6716.261623 0.159790
6717.806715 0.210107
6719.351806 0.196782
6720.896898 0.132761
6722.441989 0.118670
6723.987081 0.127205
6725.532172 0.125272
6727.077264 0.128840
6728.622355 0.133952
6730.167447 0.137175
6731.712539 0.172126
6733.257630 0.168397
6734.802722 0.136279
6736.347813 0.123961
6737.892905 0.133647
6739.437996 0.128990
6740.983088 0.133698
6742.528179 0.128905
6744.073271 0.120892
6745.618362 0.136124
6747.163454 0.126058
6748.708545 0.115811
6750.253637 0.120323
6751.798729 0.131877
6753.343820 0.139511
6754.888912 0.130158
6756.434003 0.115422
6757.979095 0.126542
6759.524186 0.116951
6761.069278 0.120712
6762.614369 0.134656
6764.159461 0.121432
6765.704552 0.138632
6767.249644 0.135220
6768.794736 0.128732
6770.339827 0.117809
6771.884919 0.119010
6773.430010 0.106163
6774.975102 0.144924
6776.520193 0.122948
6778.065285 0.109398
6779.610376 0.128894
6781.155468 0.132103
6782.700559 0.134335
6784.245651 0.127378
6785.790742 0.121460
6787.335834 0.129369
6788.880926 0.122855
6790.426017 0.126599
6791.971109 0.134776
6793.516200 0.132395
6795.061292 0.125745
6796.606383 0.107403
6798.151475 0.125039
6799.696566 0.128999
6801.241658 0.117325
6802.786749 0.124576
6804.331841 0.116726
6805.876933 0.125346
6807.422024 0.112873
6808.967116 0.120029
6810.512207 0.120475
6812.057299 0.132205
6813.602390 0.130335
6815.147482 0.132758
6816.692573 0.129562
6818.237665 0.128937
6819.782756 0.133702
6821.327848 0.149595
6822.872939 0.142022
6824.418031 0.131071
6825.963123 0.110327
6827.508214 0.121579
6829.053306 0.143127
6830.598397 0.117468
6832.143489 0.125386
6833.688580 0.122879
6835.233672 0.147888
6836.778763 0.120492
6838.323855 0.122672
6839.868946 0.123321
6841.414038 0.128640
6842.959130 0.115332
6844.504221 0.116836
6846.049313 0.125849
6847.594404 0.134424
6849.139496 0.129990
6850.684587 0.111648
6852.229679 0.129203
6853.774770 0.122604
6855.319862 0.123518
6856.864953 0.132103
6858.410045 0.125576
6859.955136 0.133781
6861.500228 0.131066
6863.045320 0.123473
6864.590411 0.133445
6866.135503 0.130772
6867.680594 0.119569
6869.225686 0.118538
6870.770777 0.124064
6872.315869 0.129469
6873.860960 0.122756
6875.406052 0.122312
6876.951143 0.123758
6878.496235 0.122071
6880.041327 0.116646
6881.586418 0.115676
6883.131510 0.115270
6884.676601 0.125697
6886.221693 0.125520
6887.766784 0.129824
6889.311876 0.118122
6890.856967 0.137502
6892.402059 0.134318
6893.947150 0.126824
6895.492242 0.135332
6897.037334 0.134199
6898.582425 0.134376
6900.127517 0.122692
6901.672608 0.110531
6903.217700 0.114798
6904.762791 0.115176
6906.307883 0.136544
6907.852974 0.134117
6909.398066 0.128991
6910.943157 0.136550
6912.488249 0.127702
6914.033340 0.117243
6915.578432 0.122290
6917.123524 0.110009
6918.668615 0.131437
6920.213707 0.130949
6921.758798 0.124744
6923.303890 0.113290
6924.848981 0.130051
6926.394073 0.122269
6927.939164 0.119760
6929.484256 0.122707
6931.029347 0.127350
6932.574439 0.120778
6934.119531 0.132775
6935.664622 0.120861
6937.209714 0.122035
6938.754805 0.130033
6940.299897 0.136097
6941.844988 0.132456
6943.390080 0.130489
6944.935171 0.130582
6946.480263 0.123574
6948.025354 0.118876
6949.570446 0.117455
6951.115537 0.111506
6952.660629 0.122886
6954.205721 0.141318
6955.750812 0.141375
6957.295904 0.125701
6958.840995 0.108899
6960.386087 0.115036
6961.931178 0.137076
6963.476270 0.138008
6965.021361 0.138474
6966.566453 0.117796
6968.111544 0.118240
6969.656636 0.126079
6971.201728 0.125388
6972.746819 0.109898
6974.291911 0.117813
6975.837002 0.119814
6977.382094 0.121881
6978.927185 0.125654
6980.472277 0.122352
6982.017368 0.117942
6983.562460 0.132764
6985.107551 0.132255
6986.652643 0.120819
6988.197734 0.109899
6989.742826 0.112625
6991.287918 0.118909
6992.833009 0.104799
6994.378101 0.119839
6995.923192 0.125425
6997.468284 0.125521
6999.013375 0.123052
7000.558467 0.128839
7002.103558 0.118493
7003.648650 0.116496
7005.193741 0.118125
7006.738833 0.123266
7008.283925 0.124958
7009.829016 0.126018
7011.374108 0.124431
7012.919199 0.122444
7014.464291 0.122939
7016.009382 0.120528
7017.554474 0.117579
7019.099565 0.122696
7020.644657 0.126991
7022.189748 0.119767
7023.734840 0.131157
7025.279931 0.114450
7026.825023 0.121242
7028.370115 0.125993
7029.915206 0.131178
7031.460298 0.126275
7033.005389 0.121494
7034.550481 0.124645
7036.095572 0.123396
7037.640664 0.130053
7039.185755 0.126223
7040.730847 0.125943
7042.275938 0.106968
7043.821030 0.127968
7045.366122 0.120710
7046.911213 0.140351
7048.456305 0.144546
7050.001396 0.138164
7051.546488 0.126558
7053.091579 0.133825
7054.636671 0.121358
7056.181762 0.123162
7057.726854 0.121940
7059.271945 0.129089
7060.817037 0.124802
7062.362129 0.135849
7063.907220 0.110486
7065.452312 0.131826
7066.997403 0.120440
7068.542495 0.119205
7070.087586 0.099730
7071.632678 0.127514
7073.177769 0.093005
7074.722861 0.124170
7076.267952 0.123973
7077.813044 0.130578
7079.358135 0.129928
7080.903227 0.124144
7082.448319 0.117801
7083.993410 0.132781
7085.538502 0.125012
7087.083593 0.127343
7088.628685 0.122545
7090.173776 0.131764
7091.718868 0.137124
7093.263959 0.126181
7094.809051 0.121166
7096.354142 0.116493
7097.899234 0.122738
7099.444326 0.146873
7100.989417 0.125810
7102.534509 0.126773
7104.079600 0.118454
7105.624692 0.122620
7107.169783 0.142001
7108.714875 0.113711
7110.259966 0.133347
7111.805058 0.121986
7113.350149 0.112172
7114.895241 0.116065
7116.440332 0.097818
7117.985424 0.118705
7119.530516 0.124598
7121.075607 0.118766
7122.620699 0.117888
7124.165790 0.120476
7125.710882 0.117619
7127.255973 0.105726
7128.801065 0.107015
7130.346156 0.135079
7131.891248 0.105239
7133.436339 0.112527
7134.981431 0.103661
7136.526523 0.116701
7138.071614 0.130624
7139.616706 0.108572
7141.161797 0.108717
7142.706889 0.113173
7144.251980 0.114971
7145.797072 0.116131
7147.342163 0.116921
7148.887255 0.116533
7150.432346 0.108100
7151.977438 0.116494
7153.522529 0.111842
7155.067621 0.121138
7156.612713 0.122683
7158.157804 0.111577
7159.702896 0.112115
7161.247987 0.110003
7162.793079 0.108190
7164.338170 0.109715
7165.883262 0.116517
7167.428353 0.115695
7168.973445 0.112396
7170.518536 0.126848
7172.063628 0.119717
7173.608720 0.112304
7175.153811 0.114146
7176.698903 0.103844
7178.243994 0.116750
7179.789086 0.111889
7181.334177 0.099925
7182.879269 0.103971
7184.424360 0.122274
7185.969452 0.120945
7187.514543 0.096624
7189.059635 0.108047
7190.604726 0.108448
7192.149818 0.119710
7193.694910 0.106416
7195.240001 0.113190
7196.785093 0.118537
7198.330184 0.102406
7199.875276 0.114361
7201.420367 0.121330
7202.965459 0.111144
7204.510550 0.113362
7206.055642 0.107069
7207.600733 0.114393
7209.145825 0.112736
7210.690917 0.106717
7212.236008 0.092152
7213.781100 0.085133
7215.326191 0.153813
7216.871283 0.123127
7218.416374 0.110870
7219.961466 0.119778
7221.506557 0.110043
7223.051649 0.098092
7224.596740 0.122424
7226.141832 0.122292
7227.686923 0.089948
7229.232015 0.109380
7230.777107 0.117375
7232.322198 0.117546
7233.867290 0.101517
7235.412381 0.120504
7236.957473 0.118810
7238.502564 0.118190
7240.047656 0.108144
7241.592747 0.140580
7243.137839 0.124134
7244.682930 0.121435
7246.228022 0.111427
7247.773114 0.110087
7249.318205 0.108553
7250.863297 0.118055
7252.408388 0.121506
7253.953480 0.140775
7255.498571 0.132009
7257.043663 0.144103
7258.588754 0.109435
7260.133846 0.110740
7261.678937 0.111582
7263.224029 0.107935
7264.769121 0.130811
7266.314212 0.111205
7267.859304 0.117620
7269.404395 0.151916
7270.949487 0.116541
7272.494578 0.118544
7274.039670 0.120772
7275.584761 0.114600
7277.129853 0.084980
7278.674944 0.100892
7280.220036 0.112680
7281.765127 0.138086
7283.310219 0.123692
7284.855311 0.101267
7286.400402 0.103849
7287.945494 0.127347
7289.490585 0.124400
7291.035677 0.115189
7292.580768 0.106960
7294.125860 0.099277
7295.670951 0.122135
7297.216043 0.126854
7298.761134 0.121451
7300.306226 0.131345
7301.851318 0.118056
7303.396409 0.101035
7304.941501 0.116972
7306.486592 0.090488
7308.031684 0.094469
7309.576775 0.125815
7311.121867 0.135320
7312.666958 0.119035
7314.212050 0.104942
7315.757141 0.129353
7317.302233 0.122463
7318.847324 0.126606
7320.392416 0.122389
7321.937508 0.121375
7323.482599 0.129275
7325.027691 0.085403
7326.572782 0.131025
7328.117874 0.115897
7329.662965 0.102610
7331.208057 0.115441
7332.753148 0.109094
7334.298240 0.123180
7335.843331 0.121900
7337.388423 0.131299
7338.933515 0.115917
7340.478606 0.114339
7342.023698 0.115843
7343.568789 0.107546
7345.113881 0.126294
7346.658972 0.121341
7348.204064 0.103619
7349.749155 0.114637
7351.294247 0.116158
7352.839338 0.107321
7354.384430 0.112114
7355.929521 0.117912
7357.474613 0.111556
7359.019705 0.113962
7360.564796 0.108841
7362.109888 0.100181
7363.654979 0.158551
7365.200071 0.120776
7366.745162 0.117102
7368.290254 0.099098
7369.835345 0.108969
7371.380437 0.097102
7372.925528 0.117014
7374.470620 0.123592
7376.015712 0.114089
7377.560803 0.121114
7379.105895 0.109542
7380.650986 0.124710
7382.196078 0.151577
7383.741169 0.120877
7385.286261 0.116520
7386.831352 0.109552
7388.376444 0.122263
7389.921535 0.121204
7391.466627 0.123103
7393.011718 0.115852
7394.556810 0.107231
7396.101902 0.112981
7397.646993 0.117024
7399.192085 0.113988
7400.737176 0.118127
7402.282268 0.126627
7403.827359 0.107230
7405.372451 0.122728
7406.917542 0.103231
7408.462634 0.098879
7410.007725 0.119777
7411.552817 0.104290
7413.097909 0.119156
7414.643000 0.112469
