3136.758013 0.019905
3139.092076 0.010714
3141.426139 0.015201
3143.760201 0.025887
3146.094264 0.010799
3148.428326 0.011017
3150.762389 0.043510
3153.096452 0.017654
3155.430514 0.019183
3157.764577 0.005326
3160.098640 0.031837
3162.432703 0.036192
3164.766765 0.031087
3167.100828 0.021243
3169.434891 0.039530
3171.768953 0.035048
3174.103016 0.018156
3176.437078 0.025344
3178.771141 0.031173
3181.105204 0.018325
3183.439266 0.011349
3185.773329 0.025983
3188.107392 0.007034
3190.441455 0.021751
3192.775517 0.016049
3195.109579 0.037371
3197.443642 0.043505
3199.777705 0.036575
3202.111768 0.031015
3204.445830 0.026211
3206.779893 0.033189
3209.113956 0.030668
3211.448018 0.032542
3213.782081 0.021833
3216.116143 0.012691
3218.450206 0.027779
3220.784269 0.030690
3223.118331 0.022867
3225.452394 0.018016
3227.786457 0.015769
3230.120520 0.031652
3232.454582 0.010023
3234.788645 0.029028
3237.122707 0.025849
3239.456770 0.031833
3241.790833 0.015626
3244.124895 0.012557
3246.458958 0.018251
3248.793021 0.039020
3251.127083 0.036213
3253.461146 0.043166
3255.795209 0.039951
3258.129272 0.040900
3260.463334 0.018820
3262.797396 0.050704
3265.131459 0.035248
3267.465522 0.040321
3269.799585 0.055126
3272.133647 0.046052
3274.467710 0.039585
3276.801773 0.049950
3279.135836 0.044826
3281.469898 0.027169
3283.803960 0.032398
3286.138023 0.031543
3288.472086 0.040965
3290.806148 0.059680
3293.140211 0.055923
3295.474274 0.032334
3297.808337 0.058814
3300.142399 0.052041
3302.476462 0.024517
3304.810524 0.049380
3307.144587 0.045471
3309.478650 0.039576
3311.812712 0.031923
3314.146775 0.030952
3316.480838 0.049932
3318.814900 0.048282
3321.148963 0.038003
3323.483026 0.035136
3325.817089 0.047615
3328.151151 0.049836
3330.485213 0.053892
3332.819276 0.036613
3335.153339 0.035137
3337.487402 0.040353
3339.821464 0.028871
3342.155527 0.053295
3344.489590 0.026454
3346.823653 0.051785
3349.157715 0.040229
3351.491777 0.045319
3353.825840 0.035622
3356.159903 0.041057
3358.493965 0.041234
3360.828028 0.016711
3363.162091 0.022008
3365.496154 0.032117
3367.830216 0.022781
3370.164279 0.023083
3372.498341 0.028207
3374.832404 0.030112
3377.166467 0.048867
3379.500529 0.038705
3381.834592 0.034055
3384.168655 0.029668
3386.502718 0.015307
3388.836780 0.049950
3391.170843 0.047896
3393.504905 0.024147
3395.838968 0.047718
3398.173030 0.019695
3400.507093 0.050894
3402.841156 0.060150
3405.175219 0.032032
3407.509281 0.027787
3409.843344 0.045349
3412.177407 0.033722
3414.511470 0.047698
3416.845532 0.051811
3419.179594 0.051270
3421.513657 0.060939
3423.847720 0.055542
3426.181783 0.048576
3428.515845 0.061868
3430.849908 0.035801
3433.183971 0.053566
3435.518033 0.061733
3437.852095 0.039957
3440.186158 0.045312
3442.520221 0.031132
3444.854284 0.036187
3447.188346 0.034059
3449.522409 0.038620
3451.856472 0.050447
3454.190535 0.054317
3456.524597 0.042310
3458.858660 0.030609
3461.192722 0.047926
3463.526785 0.047951
3465.860847 0.043295
3468.194910 0.038007
3470.528973 0.055481
3472.863036 0.048383
3475.197098 0.024254
3477.531161 0.018583
3479.865224 0.032927
3482.199286 0.033144
3484.533349 0.032492
3486.867411 0.044072
3489.201474 0.048494
3491.535537 0.050453
3493.869600 0.046818
3496.203662 0.033559
3498.537725 0.033428
3500.871788 0.048468
3503.205850 0.043855
3505.539912 0.042191
3507.873975 0.053121
3510.208038 0.050690
3512.542101 0.040383
3514.876163 0.018009
3517.210226 0.026720
3519.544289 0.034700
3521.878352 0.033968
3524.212414 0.042550
3526.546476 0.027993
3528.880539 0.024306
3531.214602 0.052108
3533.548665 0.051978
3535.882727 0.058181
3538.216790 0.052089
3540.550853 0.049955
3542.884915 0.049892
3545.218978 0.035661
3547.553041 0.042387
3549.887103 0.046558
3552.221166 0.038109
3554.555228 0.049180
3556.889291 0.060277
3559.223354 0.042297
3561.557417 0.036982
3563.891479 0.053176
3566.225542 0.053860
3568.559605 0.045597
3570.893667 0.027721
3573.227729 0.047078
3575.561792 0.042300
3577.895855 0.040487
3580.229918 0.051688
3582.563980 0.024534
3584.898043 0.037099
3587.232106 0.046453
3589.566169 0.027189
3591.900231 0.043770
3594.234293 0.043776
3596.568356 0.042168
3598.902419 0.072263
3601.236482 0.062742
3603.570544 0.036869
3605.904607 0.044213
3608.238670 0.027109
3610.572732 0.037756
3612.906795 0.036912
3615.240858 0.054332
3617.574920 0.071146
3619.908983 0.057501
3622.243045 0.055420
3624.577108 0.050069
3626.911171 0.052934
3629.245234 0.048101
3631.579296 0.057810
3633.913359 0.052984
3636.247422 0.041103
3638.581484 0.042208
3640.915547 0.024199
3643.249609 0.042326
3645.583672 0.063982
3647.917735 0.050143
3650.251797 0.052441
3652.585860 0.064964
3654.919923 0.074366
3657.253986 0.060246
3659.588048 0.065546
3661.922110 0.060842
3664.256173 0.055501
3666.590236 0.044412
3668.924299 0.055245
3671.258361 0.076060
3673.592424 0.065506
3675.926487 0.057346
3678.260549 0.060858
3680.594612 0.051682
3682.928674 0.043666
3685.262737 0.053483
3687.596800 0.046636
3689.930862 0.027952
3692.264925 0.055141
3694.598988 0.061881
3696.933051 0.060373
3699.267113 0.059768
3701.601176 0.041991
3703.935239 0.050031
3706.269301 0.045330
3708.603364 0.032673
3710.937426 0.055493
3713.271489 0.047525
3715.605552 0.051938
3717.939614 0.063348
3720.273677 0.055269
3722.607740 0.060811
3724.941803 0.047242
3727.275865 0.094134
3729.609927 0.088321
3731.943990 0.062357
3734.278053 0.064015
3736.612116 0.050593
3738.946178 0.050530
3741.280241 0.049027
3743.614304 0.059274
3745.948367 0.057036
3748.282429 0.050957
3750.616491 0.045164
3752.950554 0.052770
3755.284617 0.050082
3757.618679 0.058654
3759.952742 0.056631
3762.286805 0.055803
3764.620868 0.060335
3766.954930 0.050330
3769.288993 0.064106
3771.623055 0.063712
3773.957118 0.063609
3776.291181 0.061140
3778.625243 0.074113
3780.959306 0.069048
3783.293369 0.062578
3785.627431 0.071578
3787.961494 0.074045
3790.295557 0.064493
3792.629620 0.060287
3794.963682 0.052004
3797.297744 0.049254
3799.631807 0.045410
3801.965870 0.067945
3804.299933 0.064833
3806.633995 0.058306
3808.968058 0.053858
3811.302121 0.060455
3813.636184 0.056283
3815.970246 0.060469
3818.304308 0.053913
3820.638371 0.040732
3822.972434 0.042888
3825.306496 0.055838
3827.640559 0.039629
3829.974622 0.025772
3832.308685 0.027396
3834.642747 0.029380
3836.976810 0.043452
3839.310872 0.026994
3841.644935 0.039880
3843.978998 0.054099
3846.313060 0.062630
3848.647123 0.068264
3850.981186 0.031632
3853.315249 0.075773
3855.649311 0.063391
3857.983374 0.056210
3860.317436 0.078063
3862.651499 0.043539
3888.326188 0.063164
3890.660251 0.058036
3892.994314 0.058390
3895.328376 0.056212
3897.662439 0.060580
3899.996502 0.059056
3902.330564 0.058330
3904.664626 0.067104
3906.998689 0.064295
3909.332752 0.078874
3911.666815 0.079752
3914.000877 0.073786
3916.334940 0.074855
3918.669003 0.050250
3921.003066 0.046826
3923.337128 0.056156
3925.671191 0.054669
3928.005253 0.039592
3930.339316 0.032225
3932.673378 0.042310
3935.007441 0.035587
3937.341504 0.042431
3939.675567 0.052875
3942.009629 0.057181
3944.343692 0.041371
3946.677755 0.046006
3949.011818 0.055947
3951.345880 0.065148
3953.679942 0.069444
3956.014005 0.067065
3958.348068 0.075307
3960.682131 0.074529
3963.016193 0.046217
3965.350256 0.038232
3967.684319 0.041831
3970.018381 0.029911
3972.352443 0.020930
3974.686506 0.039172
3977.020569 0.052230
3979.354632 0.073611
3981.688694 0.065147
3984.022757 0.092919
3986.356820 0.069575
3988.690883 0.072038
3991.024945 0.066063
3993.359008 0.078715
3995.693070 0.080521
3998.027133 0.075917
4000.361196 0.090305
4002.695258 0.114436
4005.029321 0.099349
4007.363384 0.080055
4009.697446 0.099279
4012.031509 0.086492
4014.365572 0.098960
4016.699634 0.104352
4019.033697 0.110782
4056.378700 0.116630
4058.712762 0.090428
4061.046824 0.076463
4063.380887 0.078064
4065.714950 0.101034
4068.049013 0.089380
4070.383075 0.105976
4072.717138 0.103051
4075.051201 0.099361
4077.385263 0.075160
4079.719326 0.087570
4082.053389 0.089367
4084.387451 0.076357
4086.721514 0.099613
4089.055576 0.106944
4091.389639 0.107513
4093.723702 0.095663
4096.057765 0.073433
4098.391827 0.100907
4100.725890 0.089551
4103.059953 0.076324
4105.394015 0.081214
4107.728078 0.093190
4110.062140 0.089842
4112.396203 0.082360
4114.730266 0.105899
4117.064328 0.089908
4119.398391 0.082248
4121.732454 0.111012
4124.066517 0.117042
4126.400579 0.107602
4128.734641 0.121411
4131.068704 0.081160
4133.402767 0.071652
4135.736830 0.089647
4138.070892 0.102777
4140.404955 0.080485
4142.739018 0.097077
4145.073080 0.107900
4147.407143 0.100143
4149.741205 0.078291
4152.075268 0.084378
4154.409331 0.086837
4156.743393 0.086174
4159.077456 0.085668
4161.411519 0.111878
4163.745582 0.115532
4166.079644 0.078496
4168.413707 0.076818
4170.747770 0.093970
4173.081832 0.089309
4175.415895 0.105602
4177.749957 0.109620
4180.084020 0.085645
4182.418083 0.094701
4184.752145 0.107758
4187.086208 0.099819
4189.420271 0.098723
4191.754334 0.094110
4194.088396 0.085636
4196.422458 0.101861
4198.756521 0.111310
4201.090584 0.101040
4203.424647 0.090656
4205.758709 0.093220
4208.092772 0.097308
4210.426835 0.098477
4212.760898 0.101791
4215.094960 0.091249
4217.429022 0.088543
4219.763085 0.124080
4222.097148 0.102438
4224.431210 0.084393
4226.765273 0.083658
4229.099336 0.093559
4231.433399 0.102290
4233.767461 0.112437
4236.101524 0.119161
4238.435586 0.093372
4240.769649 0.100227
4243.103712 0.111996
4245.437774 0.124658
4247.771837 0.105690
4250.105900 0.097491
4252.439962 0.094506
4254.774025 0.100488
4257.108088 0.084475
4259.442151 0.093904
4261.776213 0.090633
4264.110275 0.098368
4266.444338 0.104085
4268.778401 0.114655
4271.112464 0.103703
4273.446526 0.094056
4275.780589 0.094602
4278.114652 0.090985
4280.448715 0.099634
4282.782777 0.087085
4285.116839 0.107428
4287.450902 0.094873
4289.784965 0.085658
4292.119027 0.097525
4294.453090 0.100991
4296.787153 0.073778
4299.121216 0.082225
4301.455278 0.076507
4303.789341 0.076721
4306.123403 0.060593
4308.457466 0.054750
4310.791529 0.101550
4313.125591 0.109723
4315.459654 0.092551
4317.793717 0.109837
4320.127780 0.112615
4322.461842 0.105375
4324.795905 0.096190
4327.129968 0.097269
4329.464030 0.098701
4331.798092 0.103971
4334.132155 0.110146
4336.466218 0.084619
4338.800281 0.108606
4341.134343 0.093935
4343.468406 0.103694
4345.802469 0.115733
4348.136532 0.104768
4350.470594 0.112349
4352.804656 0.099703
4355.138719 0.116827
4357.472782 0.125996
4359.806845 0.097437
4362.140907 0.112978
4364.474970 0.110830
4366.809033 0.096517
4369.143095 0.106368
4371.477158 0.142124
4373.811220 0.071780
4376.145283 0.098929
4378.479346 0.130296
4380.813408 0.079166
4383.147471 0.099688
4385.481534 0.099849
4387.815597 0.090498
4390.149659 0.122405
4392.483722 0.096901
4394.817784 0.099860
4397.151847 0.127236
4399.485909 0.113623
4401.819972 0.098765
4404.154035 0.088055
4406.488098 0.106650
4408.822160 0.108625
4411.156223 0.118314
4413.490286 0.141267
4415.824349 0.111044
4418.158411 0.100575
4420.492473 0.098223
4422.826536 0.123728
4425.160599 0.083793
4427.494662 0.127433
4429.828724 0.130548
4432.162787 0.107714
4434.496850 0.115707
4436.830912 0.101670
4439.164974 0.147198
4441.499037 0.127205
4443.833100 0.123790
4446.167163 0.125099
4448.501225 0.130099
4450.835288 0.134349
4453.169351 0.127265
4455.503414 0.129630
4457.837476 0.114869
4460.171539 0.096858
4462.505601 0.091595
4464.839664 0.136030
4467.173727 0.122844
4469.507789 0.114269
4471.841852 0.116468
4474.175915 0.142806
4476.509977 0.128610
4478.844040 0.124675
4481.178103 0.130593
4483.512165 0.125718
4485.846228 0.142576
4488.180290 0.121769
4490.514353 0.120894
4492.848416 0.105390
4495.182479 0.136760
4497.516541 0.124531
4499.850604 0.124970
4502.184667 0.136018
4504.518729 0.139649
4506.852791 0.154307
4509.186854 0.154372
4511.520917 0.135633
4513.854980 0.125243
4516.189042 0.131518
4518.523105 0.149673
4520.857168 0.142180
4523.191231 0.139501
4525.525293 0.134089
4527.859355 0.119404
4530.193418 0.107807
4532.527481 0.109480
4534.861544 0.116884
4537.195606 0.129459
4539.529669 0.112197
4541.863732 0.117893
4544.197794 0.127825
4546.531857 0.119959
4548.865920 0.117350
4551.199982 0.132467
4553.534045 0.119851
4555.868107 0.132411
4558.202170 0.119607
4560.536233 0.137098
4562.870296 0.163083
4565.204358 0.132216
4567.538421 0.127746
4569.872484 0.146441
4572.206546 0.141615
4574.540609 0.133114
4576.874671 0.123171
4579.208734 0.159569
4581.542797 0.126493
4583.876859 0.134116
4586.210922 0.129102
4588.544985 0.134914
4590.879048 0.135613
4593.213110 0.142399
4595.547172 0.153384
4597.881235 0.148378
4600.215298 0.117074
4602.549361 0.134471
4604.883423 0.152382
4607.217486 0.160683
4609.551549 0.132045
4611.885611 0.138220
4614.219674 0.148663
4616.553737 0.152987
4618.887799 0.140223
4621.221862 0.133966
4623.555924 0.141868
4625.889987 0.139389
4628.224050 0.137789
4630.558113 0.158225
4632.892175 0.140731
4635.226238 0.135954
4637.560301 0.127159
4639.894363 0.137652
4642.228426 0.143070
4644.562488 0.135331
4646.896551 0.154675
4649.230614 0.140684
4651.564676 0.115047
4653.898739 0.129315
4656.232802 0.120689
4658.566865 0.134934
4660.900927 0.145385
4663.234989 0.144291
4665.569052 0.120541
4667.903115 0.117356
4670.237178 0.130861
4672.571240 0.144524
4674.905303 0.138333
4677.239366 0.118682
4679.573429 0.139172
4681.907491 0.144999
4684.241553 0.149946
4686.575616 0.141953
4688.909679 0.151197
4691.243741 0.137680
4693.577804 0.130019
4695.911867 0.152078
4698.245930 0.147453
4700.579992 0.137751
4702.914055 0.139991
4705.248118 0.130951
4707.582180 0.120176
4709.916243 0.126549
4712.250305 0.134332
4714.584368 0.131126
4716.918431 0.131311
4719.252493 0.149829
4721.586556 0.143506
4723.920619 0.135252
4726.254682 0.134285
4728.588744 0.123006
4730.922806 0.130378
4733.256869 0.146121
4735.590932 0.133601
4737.924995 0.140504
4740.259057 0.138536
4742.593120 0.146338
4744.927183 0.132219
4747.261246 0.127250
4749.595308 0.145726
4751.929370 0.130299
4754.263433 0.132014
4756.597496 0.144268
4758.931558 0.137821
4761.265621 0.147992
4763.599684 0.157340
4765.933747 0.163406
4768.267809 0.131817
4770.601872 0.130603
4772.935934 0.129770
4775.269997 0.105585
4777.604060 0.093751
4779.938122 0.109778
4782.272185 0.145230
4784.606248 0.127163
4786.940311 0.108363
4789.274373 0.128431
4791.608436 0.114975
4793.942499 0.130717
4796.276561 0.136300
4798.610623 0.116768
4800.944686 0.129680
4803.278749 0.128764
4805.612812 0.132815
4807.946874 0.121525
4810.280937 0.120557
4812.615000 0.141646
4814.949063 0.147363
4817.283125 0.138159
4819.617187 0.145123
4821.951250 0.135296
4824.285313 0.120940
4826.619375 0.140089
4828.953438 0.117480
4831.287501 0.145356
4833.621564 0.143475
4835.955626 0.138400
4838.289689 0.126357
4840.623751 0.152129
4842.957814 0.144280
4845.291877 0.149918
4847.625939 0.150632
4849.960002 0.113930
4852.294065 0.127127
4854.628128 0.115257
4856.962190 0.103532
4859.296253 0.110867
4861.630315 0.124098
4863.964378 0.121430
4866.298440 0.122807
4868.632503 0.123491
4870.966566 0.128763
4873.300629 0.130741
4875.634691 0.132987
4877.968754 0.130283
4880.302817 0.133908
4882.636880 0.139647
4884.970942 0.134203
4887.305004 0.121467
4889.639067 0.120484
4891.973130 0.141255
4894.307193 0.143327
4896.641255 0.137587
4898.975318 0.150101
4901.309381 0.138821
4903.643443 0.132766
4905.977505 0.131949
4908.311568 0.128907
4910.645631 0.137726
4912.979694 0.149607
4915.313756 0.131210
4917.647819 0.121098
4919.981882 0.122902
4922.315945 0.133399
4924.650007 0.152461
4926.984070 0.150284
4929.318132 0.154586
4931.652195 0.168590
4933.986258 0.177500
4936.320320 0.138517
4938.654383 0.117558
4940.988446 0.142959
4943.322508 0.137106
4945.656571 0.149380
4947.990634 0.138116
4950.324696 0.142161
4952.658759 0.165181
4954.992821 0.147341
4957.326884 0.144938
4959.660947 0.145488
4961.995010 0.160813
4964.329072 0.153504
4966.663135 0.133058
4968.997198 0.145657
4971.331260 0.159243
4973.665322 0.132083
4975.999385 0.150136
4978.333448 0.149608
4980.667511 0.132670
4983.001573 0.114412
4985.335636 0.144863
4987.669699 0.131439
4990.003762 0.131783
4992.337824 0.141608
4994.671887 0.132086
4997.005949 0.122661
4999.340012 0.143117
5001.674075 0.126417
5004.008137 0.147386
5006.342200 0.132105
5008.676263 0.131550
5011.010325 0.134052
5013.344388 0.140657
5015.678451 0.133062
5018.012513 0.138808
5020.346576 0.127315
5022.680638 0.130436
5025.014701 0.139099
5027.348764 0.138466
5029.682827 0.145560
5032.016889 0.141911
5034.350952 0.119503
5036.685015 0.111050
5039.019077 0.130552
5041.353140 0.122586
5043.687202 0.124504
5046.021265 0.132453
5048.355328 0.137864
5050.689390 0.114334
5053.023453 0.154618
5055.357516 0.154088
5057.691579 0.149300
5060.025641 0.159484
5062.359703 0.142317
5064.693766 0.143843
5067.027829 0.147686
5069.361892 0.123530
5071.695954 0.113440
5074.030017 0.135396
5076.364080 0.103127
5078.698142 0.111187
5081.032205 0.157253
5083.366268 0.175448
5085.700330 0.081690
5088.034393 0.149485
5090.368455 0.159964
5092.702518 0.161111
5095.036581 0.146914
5097.370644 0.135014
5099.704706 0.150240
5102.038769 0.145542
5104.372832 0.142450
5106.706894 0.154155
5109.040957 0.122658
5111.375019 0.119836
5113.709082 0.144171
5116.043145 0.154911
5118.377207 0.128053
5120.711270 0.133367
5123.045333 0.155044
5125.379396 0.141946
5127.713458 0.135639
5130.047520 0.126059
5132.381583 0.121984
5134.715646 0.132643
5137.049709 0.122093
5139.383771 0.118548
5141.717834 0.110646
5144.051897 0.095067
5146.385960 0.125374
5148.720022 0.130445
5151.054084 0.131163
5153.388147 0.122388
5155.722210 0.121192
5158.056272 0.126668
5160.390335 0.122274
5162.724398 0.123162
5165.058461 0.133124
5167.392523 0.132790
5169.726586 0.112455
5172.060649 0.133620
5174.394711 0.102107
5176.728774 0.126919
5179.062836 0.120891
5181.396899 0.101685
5183.730962 0.097595
5186.065024 0.098537
5188.399087 0.108790
5190.733150 0.139338
5193.067213 0.115026
5195.401275 0.112634
5197.735337 0.116033
5200.069400 0.137158
5202.403463 0.147284
5204.737526 0.126539
5207.071588 0.117526
5209.405651 0.130254
5211.739714 0.127050
5214.073777 0.133498
5216.407839 0.123228
5218.741901 0.139244
5221.075964 0.154594
5223.410027 0.123212
5225.744089 0.101486
5228.078152 0.138235
5230.412215 0.144412
5232.746278 0.142882
5235.080340 0.144567
5237.414403 0.147855
5239.748465 0.148113
5242.082528 0.150760
5244.416591 0.150470
5246.750653 0.115528
5249.084716 0.116540
5251.418779 0.132668
5253.752842 0.136749
5256.086904 0.137103
5258.420967 0.156086
5260.755030 0.183317
5263.089092 0.142264
5265.423154 0.132607
5267.757217 0.122427
5270.091280 0.140293
5272.425343 0.141786
5274.759405 0.145840
5277.093468 0.158146
5279.427531 0.152047
5281.761594 0.095598
5284.095656 0.136414
5286.429718 0.125994
5288.763781 0.151785
5291.097844 0.174081
5293.431906 0.157552
5295.765969 0.185468
5298.100032 0.130240
5300.434095 0.128233
5302.768157 0.143859
5305.102220 0.155592
5307.436282 0.140110
5309.770345 0.159850
5312.104408 0.196217
5314.438470 0.133682
5316.772533 0.134025
5319.106596 0.160507
5321.440659 0.143789
5323.774721 0.153662
5326.108784 0.145680
5328.442847 0.135762
5330.776909 0.109101
5333.110971 0.120462
5335.445034 0.130728
5337.779097 0.132528
5340.113160 0.142047
5342.447222 0.146704
5344.781285 0.144043
5347.115348 0.140039
5349.449411 0.141748
5351.783473 0.131550
5354.117535 0.143119
5356.451598 0.112528
5358.785661 0.175234
5361.119724 0.136595
5363.453786 0.122779
5365.787849 0.160876
5368.121912 0.155550
5370.455974 0.153694
5372.790037 0.147450
5375.124099 0.141141
5377.458162 0.160936
5379.792225 0.140804
5382.126287 0.149408
5384.460350 0.182614
5386.794413 0.166479
5389.128476 0.139915
5391.462538 0.145419
5393.796601 0.151408
5396.130663 0.142743
5398.464726 0.119997
5400.798789 0.120988
5403.132851 0.127997
5405.466914 0.142202
5407.800977 0.135279
5410.135039 0.123004
5412.469102 0.159921
5414.803165 0.157431
5417.137228 0.130781
5419.471290 0.132893
5421.805352 0.138252
5424.139415 0.148116
5426.473478 0.156065
5428.807541 0.144112
5431.141603 0.131172
5433.475666 0.117499
5435.809729 0.137412
5438.143791 0.128030
5440.477853 0.132406
5442.811916 0.145754
5445.145979 0.129755
5447.480042 0.113556
5449.814104 0.149690
5452.148167 0.097185
5454.482230 0.190105
5456.816293 0.147644
5459.150355 0.104067
5461.484418 0.105466
5463.818480 0.146191
5466.152543 0.140544
5468.486606 0.146505
5470.820668 0.189401
5473.154731 0.171691
5475.488794 0.160362
5477.822856 0.103437
5480.156919 0.120527
5482.490982 0.162779
5484.825044 0.119471
5487.159107 0.138487
5489.493169 0.135221
5491.827232 0.157332
5494.161295 0.166654
5496.495358 0.194441
5498.829420 0.140577
5501.163483 0.079392
5503.497546 0.136216
5505.831608 0.122692
5508.165671 0.147876
5510.499733 0.154522
5512.833796 0.159284
5515.167859 0.168936
5517.501921 0.134234
5519.835984 0.123516
5522.170047 0.142198
5524.504110 0.136126
5526.838172 0.114304
5529.172234 0.123411
5531.506297 0.129173
5533.840360 0.132201
5536.174423 0.156919
5538.508485 0.146163
5540.842548 0.141552
5543.176611 0.136132
5545.510673 0.163570
5547.844736 0.163456
5550.178799 0.105898
5552.512861 0.091863
5554.846924 0.143307
5557.180986 0.156769
5559.515049 0.163662
5561.849112 0.146687
5564.183175 0.108499
5566.517237 0.127337
5568.851300 0.163150
5571.185363 0.118170
5573.519425 0.124300
5575.853488 0.143162
5578.187550 0.137703
5580.521613 0.156690
5582.855676 0.135022
5585.189738 0.131829
5587.523801 0.148355
5589.857864 0.149206
5592.191927 0.120050
5594.525989 0.147491
5596.860051 0.180065
5599.194114 0.144042
5601.528177 0.185450
5603.862240 0.166699
5606.196302 0.138054
5608.530365 0.154342
5610.864428 0.160806
5613.198491 0.154200
5615.532553 0.140996
5617.866615 0.120128
5620.200678 0.136188
5622.534741 0.146382
5624.868803 0.144059
5627.202866 0.130209
5629.536929 0.129345
5631.870992 0.161661
5634.205054 0.149203
5636.539117 0.150296
5638.873180 0.145370
5641.207242 0.153478
5643.541305 0.167918
5645.875367 0.182660
5648.209430 0.139368
5650.543493 0.135210
5652.877555 0.160251
5655.211618 0.151833
5657.545681 0.146835
5659.879744 0.148890
5662.213806 0.144897
5664.547868 0.143532
5666.881931 0.149764
5669.215994 0.153241
5671.550057 0.134399
5673.884119 0.133131
5676.218182 0.147469
5678.552245 0.154100
5680.886308 0.164198
5683.220370 0.151773
5685.554432 0.118301
5687.888495 0.137584
5690.222558 0.152291
5692.556620 0.151503
5694.890683 0.160904
5697.224746 0.171092
5699.558809 0.167165
5701.892871 0.154775
5704.226934 0.149593
5706.560997 0.168016
5708.895059 0.179499
5711.229122 0.149090
5713.563184 0.136475
5715.897247 0.160952
5718.231310 0.150746
5720.565373 0.154446
5722.899435 0.157244
5725.233498 0.174457
5727.567561 0.160607
5729.901623 0.178415
5732.235685 0.153819
5734.569748 0.169282
5736.903811 0.163332
5739.237874 0.177175
5741.571936 0.172817
5743.905999 0.172455
5746.240062 0.172891
5748.574125 0.161500
5750.908187 0.187029
5753.242249 0.220768
5755.576312 0.185553
5757.910375 0.117160
5760.244437 0.153796
5762.578500 0.126836
5764.912563 0.150353
5767.246626 0.128218
5769.580688 0.121703
5771.914751 0.159250
5774.248813 0.158310
5776.582876 0.169731
5778.916939 0.164788
5781.251001 0.150482
5783.585064 0.144354
5785.919127 0.161530
5788.253190 0.161941
5790.587252 0.180663
5792.921315 0.185741
5795.255378 0.120626
5797.589440 0.218976
5799.923502 0.111387
5802.257565 0.115109
5804.591628 0.115602
5806.925691 0.112297
5809.259753 0.156192
5811.593816 0.159717
5813.927879 0.148284
5816.261942 0.152509
5818.596004 0.159296
5820.930066 0.143878
5823.264129 0.139053
5825.598192 0.131276
5827.932255 0.163190
5830.266317 0.140705
5832.600380 0.140230
5834.934443 0.156090
5837.268505 0.136177
5839.602568 0.144507
5841.936630 0.150855
5844.270693 0.168200
5846.604756 0.133551
5848.938818 0.172078
5851.272881 0.189642
5853.606944 0.158592
5855.941007 0.095674
5858.275069 0.135237
5860.609132 0.113402
5862.943194 0.176831
5865.277257 0.185500
5867.611320 0.169754
5869.945382 0.140737
5872.279445 0.173356
5874.613508 0.127150
5876.947570 0.133894
5879.281633 0.148010
5881.615696 0.138007
5883.949759 0.135169
5886.283821 0.124416
5888.617883 0.123131
5890.951946 0.116989
5893.286009 0.125209
5895.620072 0.146510
5897.954134 0.134355
5900.288197 0.135805
5902.622260 0.165424
5904.956322 0.156084
5907.290384 0.160102
5909.624447 0.131382
5911.958510 0.157935
5914.292573 0.173510
5916.626635 0.163284
5918.960698 0.161654
5921.294761 0.119595
5923.628824 0.137367
5925.962886 0.162268
5928.296949 0.136321
5930.631011 0.127637
5932.965074 0.150670
5935.299137 0.127379
5937.633199 0.135768
5939.967262 0.136825
5942.301325 0.126019
5944.635387 0.159643
5946.969450 0.161063
5949.303513 0.148773
5951.637575 0.129342
5953.971638 0.125293
5956.305700 0.150015
5958.639763 0.168111
5960.973826 0.159180
5963.307889 0.176221
5965.641951 0.180188
5967.976014 0.138888
5970.310077 0.158994
5972.644139 0.182828
5974.978202 0.149323
5977.312264 0.177274
5979.646327 0.157004
5981.980390 0.146407
5984.314452 0.152009
5986.648515 0.129095
5988.982578 0.153690
5991.316641 0.182786
5993.650703 0.200103
5995.984766 0.144591
5998.318828 0.169179
6000.652891 0.159689
6002.986954 0.140113
6005.321016 0.117990
6007.655079 0.149631
6009.989142 0.145397
6012.323204 0.158804
6014.657267 0.156517
6016.991330 0.176603
6019.325392 0.158731
6021.659455 0.190691
6023.993517 0.134732
6026.327580 0.156921
6028.661643 0.152380
6030.995706 0.193667
6033.329768 0.194273
6035.663831 0.127190
6037.997894 0.166356
6040.331957 0.157890
6042.666019 0.164010
6045.000081 0.167087
6047.334144 0.141977
6049.668207 0.184754
6052.002269 0.189243
6054.336332 0.160125
6056.670395 0.142550
6059.004458 0.169769
6061.338520 0.171566
6063.672582 0.164466
6066.006645 0.165578
6068.340708 0.161610
6070.674771 0.156858
6073.008833 0.161585
6075.342896 0.159000
6077.676959 0.151002
6080.011021 0.143478
6082.345084 0.159357
6084.679147 0.180265
6087.013209 0.212216
6089.347272 0.138295
6091.681334 0.111464
6094.015397 0.159293
6096.349460 0.156966
6098.683523 0.156816
6101.017585 0.158159
6103.351648 0.148414
6105.685711 0.165600
6108.019773 0.179710
6110.353836 0.159133
6112.687898 0.183444
6115.021961 0.169105
6117.356024 0.175760
6143.030713 0.193018
6145.364776 0.179285
6147.698839 0.157360
6150.032901 0.191336
6152.366963 0.132150
6154.701026 0.094518
6157.035089 0.092258
6159.369151 0.175021
6161.703214 0.082285
6164.037277 0.203627
6166.371340 0.138090
6168.705402 0.019981
6171.039465 0.120405
6173.373528 0.145450
6175.707590 0.185022
6178.041653 0.229241
6180.375715 0.084127
6182.709778 0.137101
6185.043841 0.178318
6187.377904 0.225100
6189.711966 0.187018
6192.046029 -0.001142
6194.380092 0.185496
6196.714154 0.214732
6199.048216 0.259085
6201.382279 0.324723
6203.716342 0.153295
6206.050405 0.152334
6208.384467 0.050788
6210.718530 0.150226
6213.052593 0.168451
6215.386656 0.125515
6217.720718 0.079433
6220.054780 0.058501
6222.388843 0.174217
6224.722906 0.234448
6227.056968 0.328264
6229.391031 0.236987
6231.725094 0.142496
6234.059157 0.153903
6236.393219 0.147573
6238.727282 0.122654
6241.061344 0.119488
6243.395407 0.139859
6245.729470 0.125879
6248.063532 0.106431
