3237.442463 0.061504
3239.851445 0.355788
3242.260427 0.350070
3244.669409 0.346649
3247.078391 0.344489
3249.487372 0.322668
3251.896354 0.360985
3254.305336 0.327196
3256.714318 0.076269
3259.123300 0.079070
3261.532283 0.142971
3263.941265 0.054774
3266.350247 0.093096
3268.759229 0.109507
3271.168211 0.065091
3273.577192 0.103435
3275.986174 0.086654
3278.395156 0.058519
3280.804138 0.081216
3283.213120 0.085348
3285.622102 0.068706
3288.031084 0.078608
3290.440067 0.068563
3292.849049 0.064705
3295.258030 0.114192
3297.667012 0.094862
3300.075994 0.099177
3302.484976 0.090602
3304.893958 0.085640
3307.302940 0.098530
3309.711922 0.102769
3312.120904 0.089669
3314.529886 0.103543
3316.938868 0.113413
3319.347850 0.116906
3321.756832 0.066509
3324.165814 0.047827
3326.574796 0.098261
3328.983778 0.090797
3331.392760 0.077301
3333.801742 0.097647
3336.210724 0.099686
3338.619706 0.111440
3341.028688 0.099354
3343.437670 0.095166
3345.846652 0.089563
3348.255634 0.060838
3350.664616 0.091428
3353.073598 0.101937
3355.482580 0.084594
3357.891562 0.103316
3360.300544 0.079520
3362.709526 0.037056
3365.118508 0.078726
3367.527490 0.093711
3369.936472 0.095766
3372.345454 0.094838
3374.754436 0.066394
3377.163418 0.073734
3379.572400 0.073834
3381.981382 0.079276
3384.390364 0.078647
3386.799346 0.104150
3389.208327 0.094995
3391.617310 0.118616
3394.026292 0.094200
3396.435274 0.084716
3398.844256 0.104014
3401.253238 0.079265
3403.662220 0.130458
3406.071202 0.125399
3408.480184 0.119235
3410.889165 0.128881
3413.298147 0.083892
3415.707129 0.128062
3418.116112 0.104494
3420.525094 0.108953
3422.934076 0.089216
3425.343058 0.113287
3427.752040 0.092571
3430.161022 0.079429
3432.570004 0.125452
3434.978985 0.103145
3437.387967 0.098776
3439.796949 0.111278
3442.205931 0.084389
3444.614913 0.105490
3447.023896 0.136261
3449.432878 0.116864
3451.841860 0.108197
3454.250842 0.115730
3456.659823 0.119974
3459.068805 0.110809
3461.477787 0.100875
3463.886769 0.109094
3466.295751 0.131900
3468.704733 0.126225
3471.113715 0.149690
3473.522697 0.111393
3475.931680 0.116948
3478.340662 0.120341
3480.749643 0.117470
3483.158625 0.107984
3485.567607 0.140555
3487.976589 0.122971
3490.385571 0.096368
3492.794553 0.093629
3495.203535 0.119561
3497.612517 0.086094
3500.021499 0.113909
3502.430481 0.135888
3504.839463 0.124890
3507.248445 0.112221
3509.657427 0.098964
3512.066409 0.118683
3514.475391 0.121772
3516.884373 0.124478
3519.293355 0.093515
3521.702337 0.096190
3524.111319 0.123399
3526.520301 0.133252
3528.929283 0.082274
3531.338265 0.121417
3533.747247 0.141078
3536.156229 0.090769
3538.565211 0.110257
3540.974193 0.145935
3543.383175 0.146833
3545.792157 0.136566
3548.201139 0.145714
3550.610121 0.132313
3553.019103 0.120057
3555.428085 0.132278
3557.837067 0.150011
3560.246049 0.099538
3562.655031 0.149633
3565.064013 0.127580
3567.472995 0.131689
3569.881977 0.109161
3572.290958 0.090923
3574.699940 0.094891
3577.108923 0.120956
3579.517905 0.104703
3581.926887 0.114028
3584.335869 0.130262
3586.744851 0.082735
3589.153833 0.142557
3591.562815 0.122279
3593.971796 0.135945
3596.380778 0.131364
3598.789760 0.151056
3601.198742 0.114267
3603.607725 0.133844
3606.016707 0.098140
3608.425689 0.119894
3610.834671 0.114086
3613.243653 0.139867
3615.652635 0.136008
3618.061616 0.139752
3620.470598 0.134363
3622.879580 0.138993
3625.288562 0.136374
3627.697544 0.154392
3630.106526 0.167003
3632.515509 0.109160
3634.924491 0.123963
3637.333473 0.122958
3639.742454 0.148560
3642.151436 0.122045
3644.560418 0.125142
3646.969400 0.130831
3649.378382 0.150545
3651.787364 0.128670
3654.196346 0.130869
3656.605328 0.151790
3659.014311 0.137526
3661.423293 0.157616
3663.832274 0.180195
3666.241256 0.150002
3668.650238 0.149452
3671.059220 0.162732
3673.468202 0.144894
3675.877184 0.145000
3678.286166 0.129909
3680.695148 0.131110
3683.104130 0.125046
3685.513112 0.143258
3687.922094 0.140291
3690.331076 0.146132
3692.740058 0.165468
3695.149040 0.163957
3697.558022 0.144079
3699.967004 0.127319
3702.375986 0.124746
3704.784968 0.132271
3707.193950 0.117509
3709.602932 0.120189
3712.011914 0.155765
3714.420896 0.131162
3716.829878 0.148822
3719.238860 0.145699
3721.647842 0.149316
3724.056824 0.175782
3726.465806 0.252002
3728.874788 0.264907
3731.283770 0.261890
3733.692752 0.159261
3736.101734 0.141299
3738.510716 0.149231
3740.919698 0.143423
3743.328680 0.134823
3745.737662 0.122416
3748.146644 0.117360
3750.555626 0.139158
3752.964608 0.124868
3755.373589 0.142636
3757.782571 0.153211
3760.191554 0.165461
3762.600536 0.151180
3765.009518 0.173826
3767.418500 0.152309
3769.827482 0.151410
3772.236464 0.136909
3774.645446 0.169968
3777.054428 0.174342
3779.463409 0.196591
3781.872391 0.201817
3784.281373 0.179021
3786.690355 0.191044
3789.099338 0.185409
3791.508320 0.135649
3793.917302 0.137755
3796.326284 0.117954
3798.735266 0.117884
3801.144247 0.159526
3803.553229 0.167359
3805.962211 0.166905
3808.371193 0.180930
3810.780175 0.174594
3813.189157 0.201897
3815.598139 0.178300
3818.007122 0.185500
3820.416104 0.207657
3822.825086 0.165690
3825.234067 0.148972
3827.643049 0.130311
3830.052031 0.119875
3832.461013 0.099064
3834.869995 0.117834
3837.278977 0.114851
3839.687959 0.137079
3842.096941 0.152439
3844.505924 0.179882
3846.914905 0.200887
3849.323887 0.171538
3851.732869 0.174884
3854.141851 0.184133
3856.550833 0.192441
3858.959815 0.182630
3861.368797 0.194144
3863.777779 0.177648
3866.186761 0.215509
3868.595743 0.215285
3871.004725 0.221118
3873.413707 0.185261
3875.822689 0.180895
3878.231671 0.180724
3880.640653 0.150904
3883.049635 0.168824
3885.458617 0.163623
3887.867599 0.149986
3890.276581 0.142510
3892.685563 0.154042
3895.094545 0.165944
3897.503527 0.198584
3899.912509 0.206552
3902.321491 0.183019
3904.730473 0.228889
3907.139455 0.213994
3909.548437 0.182997
3911.957419 0.231669
3914.366401 0.222596
3916.775382 0.215470
3919.184365 0.216462
3921.593347 0.195674
3924.002329 0.183414
3926.411311 0.185921
3928.820293 0.164909
3931.229275 0.134482
3933.638257 0.108195
3936.047239 0.115465
3938.456220 0.157594
3940.865202 0.174004
3943.274184 0.180336
3945.683167 0.207372
3948.092149 0.189523
3950.501131 0.193031
3952.910113 0.211927
3955.319095 0.210687
3957.728077 0.203868
3960.137059 0.190176
3962.546040 0.140518
3964.955022 0.112232
3967.364004 0.124373
3969.772986 0.109743
3972.181968 0.129391
3974.590951 0.183741
3976.999933 0.178851
3979.408915 0.203295
3981.817897 0.201649
3984.226878 0.221079
3986.635860 0.238685
3989.044842 0.250528
4005.907717 -0.017460
4008.316698 0.200550
4010.725680 0.236939
4013.134662 0.272677
4015.543644 0.270560
4017.952626 0.242135
4020.361608 0.243183
4022.770590 0.273534
4025.179572 0.244401
4027.588554 0.247169
4029.997536 0.254862
4032.406518 0.228992
4034.815500 0.257778
4037.224482 0.234055
4039.633464 0.235238
4042.042446 0.235957
4044.451428 0.234834
4046.860410 0.251854
4049.269392 0.254412
4051.678374 0.236108
4054.087356 0.222542
4056.496338 0.221256
4058.905320 0.223015
4061.314302 0.234712
4063.723284 0.259633
4066.132266 0.244008
4068.541248 0.226674
4070.950230 0.240639
4073.359212 0.220514
4075.768194 0.206505
4078.177176 0.231194
4080.586158 0.253693
4082.995140 0.247128
4085.404122 0.247792
4087.813104 0.231918
4090.222086 0.251575
4092.631068 0.238090
4095.040050 0.230082
4097.449032 0.204131
4099.858013 0.187046
4102.266996 0.201425
4104.675978 0.206878
4107.084960 0.213934
4109.493942 0.194079
4111.902924 0.219618
4114.311906 0.233364
4116.720888 0.219170
4119.129870 0.225003
4121.538852 0.228538
4123.947833 0.221968
4126.356815 0.237470
4128.765797 0.260821
4131.174780 0.235479
4133.583762 0.217851
4135.992744 0.242935
4138.401726 0.242468
4140.810708 0.262207
4143.219690 0.220966
4145.628671 0.246453
4148.037653 0.233197
4150.446635 0.245617
4152.855617 0.247509
4155.264599 0.267466
4157.673581 0.234761
4160.082564 0.244374
4162.491546 0.254797
4164.900528 0.258017
4167.309510 0.259904
4169.718491 0.246173
4172.127473 0.253044
4174.536455 0.241243
4176.945437 0.237689
4179.354419 0.238902
4181.763401 0.228425
4184.172383 0.213520
4186.581366 0.253897
4188.990348 0.255610
4191.399329 0.223124
4193.808311 0.244167
4196.217293 0.237854
4198.626275 0.211522
4201.035257 0.221265
4203.444239 0.279073
4205.853221 0.223152
4208.262203 0.218511
4210.671185 0.293722
4213.080167 0.244938
4215.489149 0.247827
4217.898131 0.215870
4220.307113 0.346701
4222.716095 0.310019
4225.125077 0.275964
4227.534059 0.254217
4229.943041 0.246831
4232.352023 0.201791
4234.761005 0.225384
4237.169987 0.256399
4239.578969 0.293336
4241.987951 0.268567
4244.396933 0.306664
4246.805915 0.278050
4249.214897 0.241276
4251.623879 0.241272
4254.032861 0.266326
4256.441843 0.251388
4258.850825 0.242922
4261.259807 0.244827
4263.668789 0.275042
4266.077771 0.289271
4268.486753 0.240408
4270.895735 0.210261
4273.304717 0.221549
4275.713699 0.247533
4278.122681 0.247811
4280.531663 0.251335
4282.940644 0.230304
4285.349626 0.231155
4287.758609 0.250784
4290.167591 0.236252
4292.576573 0.232319
4294.985555 0.219095
4297.394537 0.208998
4299.803519 0.204151
4302.212501 0.218335
4304.621483 0.191213
4307.030464 0.218692
4309.439446 0.230959
4311.848428 0.233562
4314.257410 0.228040
4316.666393 0.262081
4319.075375 0.258475
4321.484357 0.252205
4323.893339 0.258780
4326.302321 0.266030
4328.711302 0.242562
4331.120284 0.266157
4333.529266 0.260315
4335.938248 0.235771
4338.347230 0.239223
4340.756212 0.252843
4343.165195 0.268533
4345.574177 0.264817
4347.983159 0.228211
4350.392141 0.242251
4352.801122 0.250484
4355.210104 0.251555
4357.619086 0.253872
4360.028068 0.284896
4362.437050 0.278819
4364.846032 0.277180
4367.255014 0.284212
4369.663996 0.278071
4372.072979 0.274027
4374.481960 0.259509
4376.890942 0.256913
4379.299924 0.274396
4381.708906 0.271045
4384.117888 0.230464
4386.526870 0.254374
4388.935852 0.252431
4391.344834 0.273484
4393.753816 0.266891
4396.162798 0.270726
4398.571780 0.273032
4400.980762 0.276968
4403.389744 0.259342
4405.798726 0.240130
4408.207708 0.274514
4410.616690 0.268606
4413.025672 0.269314
4415.434654 0.271214
4417.843636 0.287849
4420.252618 0.276721
4422.661600 0.258745
4425.070582 0.277033
4427.479564 0.292157
4429.888546 0.264569
4432.297528 0.276012
4434.706510 0.266577
4437.115492 0.273468
4439.524474 0.299857
4441.933456 0.296450
4444.342438 0.281503
4446.751420 0.285551
4449.160402 0.303430
4451.569384 0.279831
4453.978366 0.238682
4456.387348 0.246594
4458.796330 0.281594
4461.205312 0.274348
4463.614294 0.274007
4466.023276 0.288785
4468.432257 0.288398
4470.841239 0.283657
4473.250222 0.302983
4475.659204 0.296811
4478.068186 0.296763
4480.477168 0.297250
4482.886150 0.309164
4485.295132 0.297514
4487.704114 0.303196
4490.113095 0.295255
4492.522077 0.273099
4494.931059 0.304300
4497.340041 0.262455
4499.749024 0.299914
4502.158006 0.298572
4504.566988 0.301029
4506.975970 0.292625
4509.384952 0.319477
4531.065790 0.272234
4533.474772 0.278237
4535.883753 0.300690
4538.292735 0.286629
4540.701717 0.303636
4543.110699 0.283636
4545.519681 0.290181
4547.928663 0.277877
4550.337645 0.286641
4552.746627 0.297202
4555.155609 0.324763
4557.564592 0.266388
4559.973573 0.350945
4562.382555 0.316148
4564.791537 0.291682
4567.200519 0.310361
4569.609501 0.271544
4572.018483 0.287771
4574.427465 0.300837
4576.836447 0.300026
4579.245429 0.303436
4581.654411 0.319528
4584.063393 0.280938
4586.472375 0.264358
4588.881357 0.299876
4591.290339 0.301626
4593.699321 0.307964
4596.108303 0.278968
4598.517285 0.277283
4600.926267 0.267251
4603.335249 0.262591
4605.744231 0.273065
4608.153213 0.310549
4610.562195 0.321190
4612.971177 0.310650
4615.380159 0.304474
4617.789141 0.301352
4620.198123 0.304363
4622.607105 0.306294
4625.016087 0.307300
4627.425068 0.297884
4629.834051 0.304037
4632.243033 0.270905
4634.652015 0.308821
4637.060997 0.305655
4639.469979 0.277754
4641.878961 0.262316
4644.287943 0.272852
4646.696925 0.265823
4649.105907 0.267131
4651.514888 0.277177
4653.923870 0.298873
4656.332852 0.304325
4658.741835 0.308656
4661.150817 0.327792
4663.559799 0.305919
4665.968781 0.265292
4668.377763 0.259597
4670.786745 0.281080
4673.195726 0.284098
4675.604708 0.302081
4678.013690 0.288665
4680.422672 0.297324
4682.831654 0.319087
4685.240637 0.290465
4687.649619 0.301438
4690.058601 0.312447
4692.467583 0.302891
4694.876565 0.279376
4697.285546 0.292987
4699.694528 0.294558
4702.103510 0.268270
4704.512492 0.282350
4706.921474 0.272898
4709.330456 0.281198
4711.739438 0.294111
4714.148421 0.308878
4716.557403 0.325611
4718.966384 0.313276
4721.375366 0.316961
4723.784348 0.321454
4726.193330 0.316078
4728.602312 0.282528
4731.011294 0.291773
4733.420276 0.299594
4735.829258 0.299677
4738.238240 0.299999
4740.647223 0.319612
4743.056204 0.322605
4745.465186 0.295822
4747.874168 0.307812
4750.283150 0.310878
4752.692132 0.303587
4755.101114 0.290947
4757.510096 0.316902
4759.919078 0.292571
4762.328060 0.283481
4764.737042 0.297911
4767.146024 0.299862
4769.555006 0.276794
4771.963988 0.310858
4774.372970 0.297738
4776.781952 0.291549
4779.190934 0.274321
4781.599916 0.323407
4784.008898 0.316846
4786.417880 0.286463
4788.826862 0.313404
4791.235844 0.286939
4793.644826 0.313560
4796.053808 0.306791
4798.462790 0.330300
4800.871772 0.309396
4803.280754 0.286967
4805.689736 0.300447
4808.098718 0.312636
4810.507700 0.310999
4812.916681 0.305193
4815.325664 0.321165
4817.734646 0.304873
4820.143628 0.323551
4822.552610 0.340862
4824.961592 0.293540
4827.370574 0.297964
4829.779556 0.288117
4832.188538 0.285874
4834.597519 0.287006
4837.006501 0.296813
4839.415483 0.312515
4841.824466 0.306752
4844.233448 0.295370
4846.642430 0.293764
4849.051412 0.280033
4851.460394 0.272202
4853.869376 0.263990
4856.278358 0.281721
4858.687339 0.315184
4861.096321 0.326809
4863.505303 0.320269
4865.914285 0.304165
4868.323267 0.276619
4870.732250 0.262372
4873.141232 0.262592
4875.550214 0.261675
4877.959196 0.266434
4880.368177 0.275496
4882.777159 0.309506
4885.186141 0.291525
4887.595123 0.256409
4890.004105 0.282322
4892.413087 0.286562
4894.822069 0.312721
4897.231051 0.307247
4899.640034 0.322779
4902.049016 0.350068
4904.457997 0.307326
4906.866979 0.290762
4909.275961 0.297010
4911.684943 0.316729
4914.093925 0.286120
4916.502907 0.298482
4918.911889 0.301545
4921.320871 0.277317
4923.729853 0.271707
4926.138835 0.225353
4928.547817 0.240083
4930.956799 0.278491
4933.365781 0.270755
4935.774763 0.269345
4938.183745 0.262584
4940.592727 0.249345
4943.001709 0.287060
4945.410691 0.287929
4947.819673 0.282663
4950.228655 0.274953
4952.637637 0.308499
4955.046619 0.288356
4957.455601 0.279436
4959.864583 0.312967
4962.273565 0.324534
4964.682547 0.296091
4967.091529 0.310146
4969.500511 0.271088
4971.909493 0.286425
4974.318475 0.290868
4976.727457 0.269570
4979.136439 0.298054
4981.545421 0.290057
4983.954403 0.310506
4986.363385 0.303984
4988.772367 0.289403
4991.181349 0.275162
4993.590331 0.267054
4995.999312 0.312557
4998.408294 0.306556
5000.817277 0.303757
5003.226259 0.280500
5005.635241 0.302574
5008.044223 0.300166
5010.453205 0.273645
5012.862187 0.285256
5015.271169 0.276175
5017.680150 0.269272
5020.089132 0.275838
5022.498114 0.252079
5024.907096 0.271402
5027.316079 0.272085
5029.725061 0.301546
5032.134043 0.304643
5034.543025 0.301378
5036.952007 0.298097
5039.360989 0.254456
5041.769970 0.255364
5044.178952 0.287175
5046.587934 0.290355
5048.996916 0.287958
5051.405898 0.278200
5053.814880 0.282627
5056.223863 0.296489
5058.632845 0.302000
5061.041827 0.318135
5063.450808 0.302906
5065.859790 0.295944
5068.268772 0.287155
5070.677754 0.308589
5073.086736 0.293797
5075.495718 0.311586
5077.904700 0.292395
5080.313682 0.279300
5082.722665 0.284778
5085.131647 0.297917
5087.540628 0.280087
5089.949610 0.284646
5092.358592 0.303214
5094.767574 0.316273
5097.176556 0.292201
5099.585538 0.297810
5101.994520 0.297092
5104.403502 0.266604
5106.812484 0.289954
5109.221466 0.274271
5111.630448 0.273675
5114.039430 0.296882
5116.448412 0.305706
5118.857394 0.304664
5121.266376 0.306100
5123.675358 0.288090
5126.084340 0.294500
5128.493322 0.285956
5130.902304 0.283873
5133.311286 0.296185
5135.720268 0.293087
5138.129250 0.280385
5140.538232 0.261743
5142.947214 0.273967
5145.356196 0.285175
5147.765178 0.271983
5150.174160 0.239754
5152.583142 0.272183
5154.992124 0.279705
5157.401106 0.277143
5159.810088 0.259500
5162.219070 0.258762
5164.628052 0.240049
5167.037034 0.241845
5169.446016 0.230592
5171.854998 0.245245
5174.263980 0.243990
5176.672962 0.259044
5179.081943 0.249506
5181.490925 0.229542
5183.899908 0.219390
5186.308890 0.196084
5188.717872 0.240072
5191.126854 0.282519
5193.535836 0.360368
5195.944818 0.341458
5198.353800 0.332543
5200.762782 0.280687
5203.171763 0.275092
5205.580745 0.301590
5207.989727 0.256857
5210.398709 0.258794
5212.807692 0.243810
5215.216674 0.306326
5217.625656 0.316278
5220.034638 0.386356
5222.443620 0.336168
5224.852601 0.257758
5227.261583 0.265071
5229.670565 0.258378
5232.079547 0.266034
5234.488529 0.307941
5236.897511 0.312828
5239.306493 0.282251
5241.715476 0.279270
5244.124458 0.306385
5246.533440 0.309406
5248.942421 0.319944
5251.351403 0.292543
5253.760385 0.302352
5256.169367 0.305885
5258.578349 0.264623
5260.987331 0.291643
5263.396313 0.291736
5265.805295 0.277320
5268.214278 0.306761
5270.623259 0.235326
5273.032241 0.282244
5275.441223 0.285273
5277.850205 0.274661
5280.259187 0.332543
5282.668169 0.368943
5285.077151 0.325786
5287.486133 0.389875
5289.895115 0.311952
5292.304097 0.299597
5294.713079 0.246676
5297.122061 0.286667
5299.531043 0.304264
5301.940025 0.282891
5304.349007 0.333772
5306.757989 0.342066
5309.166971 0.313947
5311.575953 0.338175
5313.984935 0.284073
5316.393917 0.297441
5318.802899 0.331914
5321.211881 0.297157
5323.620863 0.319007
5326.029845 0.307673
5328.438827 0.292250
5330.847809 0.314319
5333.256791 0.321777
5335.665773 0.275598
5338.074755 0.307461
5340.483737 0.284797
5342.892719 0.323316
5345.301701 0.282346
5347.710683 0.291336
5350.119665 0.321614
5352.528647 0.307586
5354.937629 0.319159
5357.346611 0.299989
5359.755593 0.313397
5362.164574 0.319287
5364.573556 0.305631
5366.982538 0.309339
5369.391521 0.290640
5371.800503 0.290620
5374.209485 0.288703
5376.618467 0.298931
5379.027449 0.310426
5381.436431 0.312382
5383.845413 0.294213
5386.254394 0.310367
5388.663376 0.274044
5391.072358 0.301014
5393.481340 0.330569
5395.890322 0.334013
5398.299305 0.360233
5400.708287 0.315993
5403.117269 0.276745
5405.526251 0.270669
5407.935232 0.282955
5410.344214 0.298486
5412.753196 0.276705
5415.162178 0.281019
5417.571160 0.321425
5419.980142 0.319671
5422.389124 0.315199
5424.798107 0.284412
5427.207089 0.259672
5429.616071 0.317457
5432.025052 0.338180
5434.434034 0.288131
5436.843016 0.309290
5439.251998 0.290074
5441.660980 0.281627
5444.069962 0.282507
5446.478944 0.257567
5448.887926 0.218363
5451.296908 0.211246
5453.705890 0.297780
5456.114872 0.282506
5458.523854 0.385826
5460.932836 0.394886
5463.341818 0.349720
5465.750800 0.340312
5468.159782 0.305131
5470.568764 0.282266
5472.977746 0.296997
5475.386728 0.287789
5477.795710 0.318808
5480.204692 0.315510
5482.613674 0.300088
5485.022656 0.308345
5487.431638 0.295303
5489.840620 0.315198
5492.249602 0.315282
5494.658584 0.325602
5497.067566 0.298785
5499.476548 0.266960
5501.885530 0.280160
5504.294512 0.279702
5506.703494 0.251786
5509.112476 0.247553
5511.521458 0.284577
5513.930440 0.279474
5516.339422 0.261543
5518.748404 0.284285
5521.157386 0.300460
5523.566367 0.293629
5525.975350 0.225056
5528.384332 0.256597
5530.793314 0.334529
5533.202296 0.422063
5535.611278 0.388567
5538.020260 0.310543
5540.429242 0.307583
5542.838224 0.296219
5545.247206 0.292736
5547.656187 0.316971
5550.065169 0.249125
5552.474151 0.262471
5554.883134 0.313251
5557.292116 0.291935
5559.701098 0.363719
5562.110080 0.305685
5564.519062 0.278811
5566.928044 0.253974
5569.337025 0.299445
5571.746007 0.306584
5574.154989 0.269241
5576.563971 0.284462
5578.972953 0.304653
5581.381936 0.266239
5583.790918 0.305282
5586.199900 0.283052
5588.608882 0.330245
5591.017864 0.329964
5593.426845 0.274253
5595.835827 0.252979
5598.244809 0.278844
5600.653791 0.274212
5603.062773 0.261164
5605.471755 0.277980
5607.880737 0.338398
5610.289720 0.408776
5612.698702 0.375163
5615.107683 0.223518
5617.516665 0.226943
5619.925647 0.275619
5622.334629 0.314479
5624.743611 0.293862
5627.152593 0.270719
5629.561575 0.345810
5631.970557 0.303269
5634.379539 0.293008
5636.788521 0.312889
5639.197503 0.232943
5641.606485 0.263866
5644.015467 0.300513
5646.424449 0.337371
5648.833431 0.300366
5651.242413 0.286510
5653.651395 0.306796
5656.060377 0.323054
5658.469359 0.327436
5660.878341 0.305273
5663.287323 0.282866
5665.696305 0.267912
5668.105287 0.265731
5670.514269 0.268882
5672.923251 0.374990
5675.332233 0.355801
5677.741215 0.437306
5680.150197 0.343894
5682.559179 0.303199
5684.968161 0.262250
5687.377143 0.281704
5689.786125 0.290287
5692.195107 0.299671
5694.604089 0.266921
5697.013071 0.299833
5699.422053 0.300034
5701.831035 0.248229
5704.240017 0.290614
5706.648998 0.328456
5709.057980 0.358564
5711.466963 0.334595
5713.875945 0.401776
5716.284927 0.278498
5718.693909 0.269110
5721.102891 0.296362
5723.511873 0.351111
5725.920855 0.335293
5728.329837 0.325647
5730.738818 0.333006
5733.147800 0.350060
5735.556782 0.353705
5737.965764 0.248247
5740.374747 0.272844
5742.783729 0.310903
5745.192711 0.304211
5747.601693 0.332612
5750.010675 0.377275
5752.419656 0.318775
5754.828638 0.338137
5757.237620 0.345908
5759.646602 0.306548
5762.055584 0.314238
5764.464566 0.297420
5766.873549 0.301198
5769.282531 0.312264
5771.691513 0.336004
5774.100495 0.311208
5776.509476 0.337864
5778.918458 0.301683
5781.327440 0.313705
5783.736422 0.286694
5786.145404 0.281949
5788.554386 0.289268
5790.963368 0.295714
5793.372350 0.314944
5795.781333 0.333696
5798.190314 0.339301
5800.599296 0.336796
5803.008278 0.314368
5805.417260 0.323919
5807.826242 0.345998
5810.235224 0.327768
5812.644206 0.321785
5815.053188 0.316542
5817.462170 0.317736
5819.871152 0.321689
5822.280134 0.329387
5824.689116 0.323727
5827.098098 0.315943
5829.507080 0.329843
5831.916062 0.306366
5834.325044 0.313699
5836.734026 0.337137
5839.143008 0.293395
5841.551990 0.295519
5843.960972 0.324969
5846.369954 0.321319
5848.778936 0.320857
5851.187918 0.294184
5853.596900 0.289247
5856.005882 0.286720
5858.414864 0.286529
5860.823846 0.300591
5863.232828 0.296302
5865.641810 0.300749
5868.050792 0.309940
5870.459774 0.345908
5872.868756 0.309679
5875.277738 0.326624
5877.686720 0.334767
5880.095702 0.301228
5882.504684 0.318035
5884.913666 0.315501
5887.322648 0.256798
5889.731630 0.247019
5892.140611 0.268479
5894.549593 0.261186
5896.958576 0.252884
5899.367558 0.237866
5901.776540 0.261620
5904.185522 0.292602
5906.594504 0.321344
5909.003486 0.307916
5911.412468 0.287851
5913.821449 0.323784
5916.230431 0.320925
5918.639413 0.308440
5921.048395 0.316076
5923.457378 0.348424
5925.866360 0.271904
5928.275342 0.297882
5930.684324 0.371548
5933.093306 0.363340
5935.502288 0.361477
5937.911269 0.395762
5940.320251 0.377060
5942.729233 0.321917
5945.138215 0.338530
5947.547197 0.282751
5949.956179 0.274651
5952.365162 0.308116
5954.774144 0.253154
5957.183126 0.238263
5959.592107 0.275893
5962.001089 0.286204
5964.410071 0.306223
5966.819053 0.326599
5969.228035 0.304336
5971.637017 0.307636
5974.045999 0.317822
5976.454981 0.491316
5978.863963 0.541899
5981.272946 0.369331
5983.681927 0.476841
5986.090909 0.194612
5988.499891 0.096580
5990.908873 0.246705
5993.317855 0.233811
5995.726837 0.235734
5998.135819 0.291203
6000.544801 0.247453
6002.953783 0.288194
6005.362765 0.349523
6007.771747 0.287086
6010.180729 0.322715
6012.589711 0.254709
6014.998693 0.282189
6017.407675 0.505683
6019.816657 0.400957
6022.225639 0.334877
6024.634621 0.343002
6027.043603 0.260236
6029.452585 0.334566
6031.861567 0.282813
6034.270549 0.276124
6036.679531 0.296769
6039.088513 0.497810
6041.497495 0.450465
6043.906477 0.420196
6046.315459 0.271586
6048.724441 0.101106
6051.133422 0.197984
6053.542405 0.279885
6055.951387 0.354897
6058.360369 0.367767
6060.769351 0.358369
6063.178333 0.370108
6065.587315 0.461749
6067.996297 0.371432
6070.405279 0.391761
6072.814261 0.143771
6075.223242 0.186775
6077.632224 0.253693
6080.041206 0.252626
6082.450189 0.291178
6084.859171 0.346673
6087.268153 0.311815
6089.677135 0.324437
6092.086117 0.377518
6094.495099 0.344242
6096.904080 0.326733
6099.313062 0.303501
6101.722044 0.211885
6104.131026 0.250575
6106.540008 0.277045
6108.948991 0.297030
6111.357973 0.306976
6113.766955 0.318652
6116.175937 0.354564
6118.584919 0.325850
6120.993900 0.289005
6123.402882 0.339467
6125.811864 0.297010
6128.220846 0.290140
6130.629828 0.299335
6133.038810 0.257212
6135.447792 0.257443
6137.856775 0.303332
6140.265757 0.280847
6142.674738 0.253023
6145.083720 0.296666
6147.492702 0.332648
6149.901684 0.299296
6152.310666 0.260885
6154.719648 0.298425
6157.128630 0.309557
6159.537612 0.296087
6161.946594 0.294042
6164.355577 0.298890
6166.764558 0.298567
6169.173540 0.279253
6171.582522 0.317227
6173.991504 0.369419
6176.400486 0.395628
6178.809468 0.367312
6181.218450 0.419374
6183.627432 0.388971
6186.036414 0.299909
6188.445396 0.249590
6190.854378 0.221963
6193.263360 0.186632
6195.672342 0.270243
6198.081324 0.346768
6200.490306 0.399518
6202.899288 0.359842
6205.308270 0.460452
6207.717252 0.428896
6210.126234 0.298191
6212.535216 0.220270
6214.944198 0.204956
6217.353180 0.227515
6219.762162 0.216524
6222.171144 0.246359
6224.580126 0.245688
6226.989108 0.277864
6229.398090 0.284956
6231.807072 0.260310
6234.216054 0.278871
6236.625035 0.292778
6239.034018 0.280126
6241.443000 0.257458
6243.851982 0.291053
6246.260964 0.311008
6248.669946 0.284334
6251.078928 0.267868
6253.487910 0.284522
6255.896892 0.302233
6258.305873 0.275080
6260.714855 0.288382
6263.123837 0.294199
6265.532820 0.313208
6267.941802 0.295817
6270.350784 0.287612
6272.759766 0.302547
6275.168748 0.501633
6277.577730 0.492154
6279.986712 0.611984
6282.395693 0.504306
6284.804675 0.250729
6287.213657 0.316029
6289.622639 0.329811
6292.031621 0.165090
6294.440604 0.215239
6296.849586 0.103862
6299.258568 0.153142
6301.667550 0.244909
6304.076531 0.263686
6306.485513 0.222729
6308.894495 0.263662
6311.303477 0.260730
6313.712459 0.265244
6316.121441 0.292132
6318.530423 0.283966
6320.939405 0.396020
6323.348388 0.875669
6325.757370 0.812698
6328.166351 0.627318
6330.575333 0.674431
6332.984315 -0.041516
6335.393297 0.098097
6337.802279 0.136892
6340.211261 0.062459
6342.620243 0.193919
6345.029225 0.268268
6347.438207 0.255470
6349.847189 0.246476
6352.256171 0.451135
6354.665153 0.400725
6357.074135 0.378970
6359.483117 0.341362
6361.892099 0.137907
6364.301081 0.420271
6366.710063 0.732466
6369.119045 0.555260
6371.528027 0.373989
6373.937009 -0.007063
6376.345991 0.128824
6378.754973 0.315705
6381.163955 0.351619
6383.572937 0.354749
6385.981919 0.115475
6388.390901 0.439952
6390.799883 0.636264
6393.208865 0.539744
6395.617847 0.395055
6398.026829 0.049943
6400.435811 -0.092305
6402.844793 0.118948
6405.253775 0.257081
6407.662757 0.370236
6410.071739 0.401638
6412.480721 0.350366
6414.889703 0.315775
6417.298685 0.549603
6419.707666 0.617646
6422.116649 0.381537
6424.525631 0.268804
6426.934613 -0.034844
6429.343595 0.067466
6431.752577 0.231590
6434.161559 0.234124
6436.570541 0.306705
6438.979523 0.313882
6441.388504 0.380132
6443.797486 0.300496
6446.206468 0.323582
6448.615450 0.444090
6451.024433 0.329740
6453.433415 0.329534
6455.842397 0.356935
6458.251379 0.072261
6460.660361 0.224741
6463.069343 0.263138
6465.478324 0.254450
6467.887306 0.298590
6470.296288 0.315409
6472.705270 0.295800
6475.114252 0.348172
6477.523234 0.338187
6479.932217 0.315866
6482.341199 0.385782
6484.750181 0.349825
6487.159162 0.319806
6489.568144 0.340040
6491.977126 0.278561
6494.386108 0.242553
6496.795090 0.257162
6499.204072 0.281838
6501.613054 0.264237
6504.022036 0.306532
6506.431019 0.308171
6508.840001 0.285348
6511.248982 0.297656
6513.657964 0.299165
6516.066946 0.300625
6518.475928 0.300018
6520.884910 0.354380
6523.293892 0.333710
6525.702874 0.327392
6528.111856 0.321083
6530.520838 0.300217
6532.929820 0.287982
6535.338802 0.318332
6537.747784 0.323301
6540.156766 0.333673
6542.565748 0.314157
6544.974730 0.341410
6547.383712 0.373554
6549.792694 0.390791
6552.201676 0.343808
6554.610658 0.363223
6557.019640 0.431484
6559.428622 0.557419
6561.837604 0.630814
6564.246586 0.706338
6566.655568 0.628630
6569.064550 0.447953
6571.473532 0.340660
6573.882514 0.295167
6576.291496 0.313660
6578.700478 0.383618
6581.109460 0.466977
6583.518442 0.481553
6585.927424 0.484733
6588.336406 0.436229
6590.745388 0.410278
6593.154370 0.324140
6595.563352 0.335500
6597.972334 0.331504
6600.381316 0.372470
6602.790297 0.376050
6605.199279 0.331520
6607.608262 0.290398
6610.017244 0.327077
6612.426226 0.369981
6614.835208 0.318215
6617.244190 0.279404
6619.653172 0.318599
6622.062154 0.365555
6624.471136 0.325112
6626.880117 0.325918
6629.289099 0.350130
6631.698081 0.315566
