4233.766335 0.072759
4235.056788 0.058012
4236.347241 0.045280
4237.637694 0.076476
4238.928147 0.069915
4240.218600 0.083198
4241.509053 0.076303
4242.799506 0.073840
4244.089959 0.081093
4245.380412 0.057263
4246.670865 0.077986
4247.961318 0.078603
4249.251770 0.054068
4250.542223 0.047891
4251.832676 0.063446
4253.123129 0.044074
4254.413582 0.050493
4255.704035 0.056740
4256.994488 0.050880
4258.284941 0.090951
4259.575394 0.054353
4260.865847 0.051184
4262.156300 0.059647
4263.446753 0.062152
4264.737206 0.063560
4266.027659 0.067891
4267.318112 0.058341
4268.608565 0.066697
4269.899018 0.064624
4271.189471 0.079597
4272.479924 0.071646
4273.770377 0.051677
4275.060830 0.050388
4276.351283 0.071694
4277.641736 0.058952
4278.932189 0.071265
4280.222642 0.053980
4281.513095 0.071225
4282.803548 0.060895
4284.094001 0.082488
4285.384454 0.070694
4286.674907 0.065931
4287.965360 0.037760
4289.255813 0.030497
4290.546266 0.064508
4291.836719 0.031967
4293.127172 0.056827
4294.417625 0.043878
4295.708078 0.045342
4296.998531 0.042219
4298.288984 0.061953
4299.579437 0.034142
4300.869890 0.057802
4302.160343 0.032635
4303.450796 0.043650
4304.741249 0.021889
4306.031702 0.060348
4307.322155 0.041548
4308.612608 0.055416
4309.903061 0.050408
4311.193514 0.066690
4312.483967 0.044580
4313.774419 0.044677
4315.064872 0.048518
4316.355325 0.047574
4317.645778 0.058799
4318.936231 0.079964
4320.226684 0.055283
4321.517137 0.079992
4322.807590 0.053872
4324.098043 0.067081
4325.388496 0.059246
4326.678949 0.057184
4327.969402 0.059319
4329.259855 0.074617
4342.164385 0.052566
4343.454838 0.055093
4344.745291 0.056505
4346.035744 0.069697
4347.326197 0.057930
4348.616650 0.077723
4349.907103 0.085518
4351.197556 0.064915
4352.488009 0.067839
4353.778462 0.070983
4355.068915 0.045426
4356.359368 0.081564
4357.649821 0.068500
4358.940274 0.075822
4360.230727 0.065599
4361.521180 0.081995
4362.811633 0.082196
4364.102086 0.054707
4365.392539 0.073204
4366.682992 0.075773
4367.973445 0.070840
4369.263898 0.063520
4370.554351 0.070378
4371.844804 0.071261
4373.135257 0.065938
4374.425710 0.063696
4375.716163 0.068227
4377.006616 0.039362
4378.297068 0.064765
4379.587521 0.076367
4380.877974 0.069954
4382.168427 0.045853
4383.458880 0.049373
4384.749333 0.062500
4386.039786 0.046519
4387.330239 0.060300
4388.620692 0.072388
4389.911145 0.068907
4391.201598 0.077044
4392.492051 0.056482
4393.782504 0.058802
4395.072957 0.060775
4396.363410 0.062984
4397.653863 0.071831
4398.944316 0.061024
4400.234769 0.071144
4401.525222 0.055402
4402.815675 0.070529
4404.106128 0.054127
4405.396581 0.073981
4406.687034 0.070306
4407.977487 0.076035
4409.267940 0.071329
4410.558393 0.079948
4411.848846 0.090385
4413.139299 0.072386
4414.429752 0.080291
4415.720205 0.049117
4417.010658 0.070506
4418.301111 0.064246
4419.591564 0.071473
4420.882017 0.067094
4422.172470 0.071018
4423.462923 0.090887
4424.753376 0.079945
4426.043829 0.066056
4427.334282 0.072598
4428.624735 0.092029
4429.915188 0.053805
4431.205641 0.067665
4432.496094 0.075050
4433.786547 0.076868
4435.077000 0.074819
4436.367453 0.068701
4437.657906 0.060520
4438.948359 0.072008
4440.238812 0.060688
4441.529265 0.086617
4442.819717 0.073912
4444.110170 0.080891
4445.400623 0.078533
4446.691076 0.073640
4447.981529 0.075567
4449.271982 0.068333
4450.562435 0.080327
4451.852888 0.105892
4453.143341 0.068391
4454.433794 0.070455
4455.724247 0.092331
4457.014700 0.063967
4458.305153 0.066854
4459.595606 0.084781
4460.886059 0.084754
4462.176512 0.092793
4463.466965 0.058512
4464.757418 0.051482
4466.047871 0.077527
4467.338324 0.076859
4468.628777 0.061097
4469.919230 0.071141
4471.209683 0.062852
4472.500136 0.063042
4473.790589 0.067703
4475.081042 0.078625
4476.371495 0.065057
4477.661948 0.092010
4478.952401 0.088719
4480.242854 0.062788
4481.533307 0.068763
4482.823760 0.093532
4484.114213 0.080947
4485.404666 0.079333
4486.695119 0.090070
4487.985572 0.088173
4489.276025 0.070404
4490.566478 0.098459
4491.856931 0.083266
4493.147384 0.089948
4494.437837 0.074074
4495.728290 0.075290
4497.018743 0.084018
4498.309196 0.056277
4499.599649 0.077545
4500.890102 0.078501
4502.180555 0.082246
4503.471008 0.094245
4504.761461 0.087384
4506.051914 0.095992
4507.342367 0.091517
4508.632819 0.085226
4509.923272 0.083155
4511.213725 0.089642
4512.504178 0.081689
4513.794631 0.100703
4515.085084 0.107119
4516.375537 0.078480
4517.665990 0.083464
4518.956443 0.067681
4520.246896 0.078246
4521.537349 0.074432
4522.827802 0.083333
4524.118255 0.070632
4525.408708 0.093173
4526.699161 0.091194
4527.989614 0.072066
4529.280067 0.056139
4530.570520 0.076508
4531.860973 0.075133
4533.151426 0.085061
4534.441879 0.070152
4535.732332 0.051868
4537.022785 0.073672
4538.313238 0.084015
4539.603691 0.071725
4540.894144 0.080119
4542.184597 0.074023
4543.475050 0.082634
4544.765503 0.081648
4546.055956 0.072339
4547.346409 0.066196
4548.636862 0.074487
4549.927315 0.110688
4551.217768 0.082358
4552.508221 0.066578
4553.798674 0.082640
4555.089127 0.066701
4556.379580 0.091502
4557.670033 0.089277
4558.960486 0.095041
4560.250939 0.095202
4561.541392 0.074185
4562.831845 0.096036
4564.122298 0.080647
4565.412751 0.076916
4566.703204 0.063698
4567.993657 0.090283
4569.284110 0.077139
4570.574563 0.091649
4571.865016 0.092292
4573.155468 0.093235
4574.445921 0.082207
4575.736374 0.083272
4577.026827 0.133681
4578.317280 0.068058
4579.607733 0.075221
4580.898186 0.060624
4582.188639 0.058842
4583.479092 0.039565
4584.769545 0.072852
4586.059998 0.069745
4587.350451 0.078382
4588.640904 0.070597
4589.931357 0.079862
4591.221810 0.085567
4592.512263 0.093888
4593.802716 0.084550
4595.093169 0.076572
4596.383622 0.085142
4597.674075 0.115632
4598.964528 0.089963
4600.254981 0.087347
4601.545434 0.077590
4602.835887 0.100398
4604.126340 0.080753
4605.416793 0.095156
4606.707246 0.078631
4607.997699 0.092514
4609.288152 0.086426
4610.578605 0.104053
4611.869058 0.084239
4613.159511 0.112269
4614.449964 0.092538
4615.740417 0.082479
4617.030870 0.087725
4618.321323 0.087144
4619.611776 0.092593
4620.902229 0.102203
4622.192682 0.081437
4623.483135 0.099086
4624.773588 0.113353
4626.064041 0.106054
4627.354494 0.089549
4628.644947 0.092984
4629.935400 0.082889
4631.225853 0.096418
4632.516306 0.096247
4633.806759 0.091491
4635.097212 0.087474
4636.387665 0.091709
4637.678117 0.096448
4638.968570 0.073707
4640.259023 0.090324
4641.549476 0.107146
4642.839929 0.085642
4644.130382 0.069662
4645.420835 0.092961
4646.711288 0.103694
4648.001741 0.093826
4649.292194 0.073437
4650.582647 0.108820
4651.873100 0.106237
4653.163553 0.094905
4654.454006 0.072756
4655.744459 0.080655
4657.034912 0.073283
4658.325365 0.083587
4659.615818 0.090012
4660.906271 0.083334
4662.196724 0.094813
4663.487177 0.097062
4664.777630 0.091671
4666.068083 0.074729
4667.358536 0.088013
4668.648989 0.088666
4669.939442 0.092028
4671.229895 0.094336
4672.520348 0.095595
4673.810801 0.079243
4675.101254 0.063513
4676.391707 0.087361
4677.682160 0.094065
4678.972613 0.085218
4680.263066 0.064741
4681.553519 0.079863
4682.843972 0.092833
4684.134425 0.066746
4685.424878 0.083331
4686.715331 0.081738
4688.005784 0.082986
4689.296237 0.085186
4690.586690 0.081761
4691.877143 0.092745
4693.167596 0.080266
4694.458049 0.070427
4695.748502 0.087008
4697.038955 0.095922
4698.329408 0.106889
4699.619861 0.080139
4700.910314 0.084136
4702.200766 0.086701
4703.491219 0.074567
4704.781672 0.088280
4706.072125 0.085481
4707.362578 0.066452
4708.653031 0.083106
4709.943484 0.091690
4711.233937 0.096947
4712.524390 0.101269
4713.814843 0.086149
4715.105296 0.083219
4716.395749 0.086239
4717.686202 0.088414
4718.976655 0.104306
4720.267108 0.090588
4721.557561 0.081522
4722.848014 0.102542
4724.138467 0.101584
4725.428920 0.103848
4726.719373 0.083907
4728.009826 0.092245
4729.300279 0.074619
4730.590732 0.089091
4731.881185 0.099006
4733.171638 0.083792
4734.462091 0.105564
4735.752544 0.097060
4737.042997 0.082133
4738.333450 0.087619
4739.623903 0.082815
4740.914356 0.086464
4742.204809 0.094875
4743.495262 0.092176
4744.785715 0.100091
4746.076168 0.092683
4747.366621 0.096020
4748.657074 0.090811
4749.947527 0.086662
4751.237980 0.099460
4752.528433 0.081136
4753.818886 0.090300
4755.109339 0.087192
4756.399792 0.095327
4757.690245 0.085708
4758.980698 0.079684
4760.271151 0.075616
4761.561604 0.085531
4762.852057 0.086037
4764.142510 0.076624
4765.432963 0.075353
4766.723416 0.082413
4768.013868 0.082689
4769.304321 0.073481
4770.594774 0.075752
4771.885227 0.085291
4773.175680 0.087188
4774.466133 0.091675
4775.756586 0.097241
4777.047039 0.092320
4778.337492 0.084394
4779.627945 0.086633
4780.918398 0.083596
4782.208851 0.093691
4783.499304 0.106662
4784.789757 0.075189
4786.080210 0.097546
4787.370663 0.093367
4788.661116 0.078918
4789.951569 0.083454
4791.242022 0.092149
4792.532475 0.082885
4793.822928 0.096637
4795.113381 0.112457
4796.403834 0.101515
4797.694287 0.088685
4798.984740 0.117634
4800.275193 0.105843
4801.565646 0.096444
4802.856099 0.082644
4804.146552 0.091851
4805.437005 0.097385
4806.727458 0.083836
4808.017911 0.088159
4809.308364 0.094660
4810.598817 0.091516
4811.889270 0.093009
4813.179723 0.111827
4814.470176 0.079126
4815.760629 0.090860
4817.051082 0.090409
4818.341535 0.093665
4819.631988 0.114837
4820.922441 0.093497
4822.212894 0.091555
4823.503347 0.098255
4824.793800 0.091380
4826.084253 0.076313
4827.374706 0.081239
4828.665159 0.084770
4829.955612 0.093471
4831.246065 0.097430
4832.536517 0.081974
4833.826970 0.093416
4835.117423 0.099504
4836.407876 0.121090
4837.698329 0.097729
4838.988782 0.092304
4840.279235 0.093138
4841.569688 0.087080
4842.860141 0.085445
4844.150594 0.083400
4845.441047 0.081825
4846.731500 0.100269
4848.021953 0.082940
4849.312406 0.085716
4850.602859 0.106667
4851.893312 0.099531
4853.183765 0.101194
4854.474218 0.086304
4855.764671 0.091014
4857.055124 0.087978
4858.345577 0.080280
4859.636030 0.071574
4860.926483 0.086562
4862.216936 0.077840
4863.507389 0.065122
4864.797842 0.090321
4866.088295 0.056768
4867.378748 0.076813
4868.669201 0.090983
4869.959654 0.076875
4871.250107 0.098961
4872.540560 0.079457
4873.831013 0.073491
4875.121466 0.096786
4876.411919 0.090224
4877.702372 0.081034
4878.992825 0.087389
4880.283278 0.072343
4881.573731 0.085161
4882.864184 0.084643
4884.154637 0.095392
4885.445090 0.075530
4886.735543 0.083526
4888.025996 0.098439
4889.316449 0.085779
4890.606902 0.085805
4891.897355 0.077887
4893.187808 0.092853
4894.478261 0.105531
4895.768714 0.095096
4897.059166 0.115291
4898.349619 0.101819
4899.640072 0.103561
4900.930525 0.104204
4902.220978 0.099445
4903.511431 0.086133
4904.801884 0.085585
4906.092337 0.095661
4907.382790 0.092241
4908.673243 0.097265
4909.963696 0.092961
4911.254149 0.090188
4912.544602 0.091621
4913.835055 0.106727
4915.125508 0.092283
4916.415961 0.106818
4917.706414 0.090626
4918.996867 0.093077
4920.287320 0.075661
4921.577773 0.094685
4922.868226 0.077716
4924.158679 0.103658
4925.449132 0.094247
4926.739585 0.098643
4928.030038 0.103949
4929.320491 0.101880
4930.610944 0.103031
4931.901397 0.100261
4933.191850 0.114747
4934.482303 0.101944
4935.772756 0.091208
4937.063209 0.096889
4938.353662 0.077221
4939.644115 0.099695
4940.934568 0.087250
4942.225021 0.101493
4943.515474 0.105341
4944.805927 0.099735
4946.096380 0.092707
4947.386833 0.114402
4948.677286 0.110356
4949.967739 0.101173
4951.258192 0.093915
4952.548645 0.104084
4953.839098 0.076127
4955.129551 0.087833
4956.420004 0.089520
4957.710457 0.085770
4959.000910 0.098111
4960.291363 0.085628
4961.581815 0.084284
4962.872268 0.097056
4964.162721 0.087404
4965.453174 0.103936
4966.743627 0.085984
4968.034080 0.083551
4969.324533 0.096888
4970.614986 0.082168
4971.905439 0.095213
4973.195892 0.098003
4974.486345 0.090256
4975.776798 0.085291
4977.067251 0.106785
4978.357704 0.090051
4979.648157 0.091959
4980.938610 0.091826
4982.229063 0.087078
4983.519516 0.074357
4984.809969 0.086267
4986.100422 0.077134
4987.390875 0.109021
4988.681328 0.084837
4989.971781 0.094041
4991.262234 0.079316
4992.552687 0.077226
4993.843140 0.105677
4995.133593 0.082755
4996.424046 0.092457
4997.714499 0.100284
4999.004952 0.102631
5000.295405 0.086632
5001.585858 0.087845
5002.876311 0.086981
5004.166764 0.092209
5005.457217 0.084800
5006.747670 0.099350
5008.038123 0.091777
5009.328576 0.075360
5010.619029 0.079509
5011.909482 0.090161
5013.199935 0.084526
5014.490388 0.072147
5015.780841 0.076775
5017.071294 0.096846
5018.361747 0.090789
5019.652200 0.083028
5020.942653 0.082529
5022.233106 0.068875
5023.523559 0.078120
5024.814012 0.099979
5026.104465 0.112943
5027.394917 0.097717
5028.685370 0.090463
5029.975823 0.104839
5031.266276 0.104680
5032.556729 0.097247
5033.847182 0.093173
5035.137635 0.102969
5036.428088 0.099284
5037.718541 0.094305
5039.008994 0.086955
5040.299447 0.083839
5041.589900 0.082150
5042.880353 0.087871
5044.170806 0.086262
5045.461259 0.088934
5046.751712 0.092708
5048.042165 0.098672
5049.332618 0.088236
5050.623071 0.091774
5051.913524 0.104137
5053.203977 0.089527
5054.494430 0.105427
5055.784883 0.093487
5057.075336 0.097963
5058.365789 0.099523
5059.656242 0.100084
5060.946695 0.094451
5062.237148 0.091864
5063.527601 0.106416
5064.818054 0.096707
5066.108507 0.079950
5067.398960 0.086495
5068.689413 0.090416
5069.979866 0.098937
5071.270319 0.103082
5072.560772 0.108178
5073.851225 0.094412
5075.141678 0.089576
5076.432131 0.103668
5077.722584 0.091961
5079.013037 0.090822
5080.303490 0.088978
5081.593943 0.086477
5082.884396 0.088452
5084.174849 0.080809
5085.465302 0.093782
5086.755755 0.102672
5088.046208 0.095799
5089.336661 0.102926
5090.627114 0.096519
5091.917566 0.097049
5093.208019 0.096346
5094.498472 0.100857
5095.788925 0.105515
5097.079378 0.089180
5098.369831 0.085652
5099.660284 0.088013
5100.950737 0.077148
5102.241190 0.089175
5103.531643 0.081267
5104.822096 0.095638
5106.112549 0.103100
5107.403002 0.088354
5108.693455 0.095396
5109.983908 0.099453
5111.274361 0.093771
5112.564814 0.081606
5113.855267 0.104403
5115.145720 0.102244
5116.436173 0.093230
5117.726626 0.101303
5119.017079 0.096379
5120.307532 0.096361
5121.597985 0.091360
5122.888438 0.098288
5124.178891 0.098310
5125.469344 0.091523
5126.759797 0.090486
5128.050250 0.102089
5129.340703 0.093002
5130.631156 0.085229
5131.921609 0.094005
5133.212062 0.096755
5134.502515 0.100927
5135.792968 0.090846
5137.083421 0.097518
5138.373874 0.088266
5139.664327 0.109293
5140.954780 0.093524
5142.245233 0.075919
5143.535686 0.090556
5144.826139 0.087559
5146.116592 0.090431
5147.407045 0.096177
5148.697498 0.086568
5149.987951 0.088091
5151.278404 0.085084
5152.568857 0.094216
5153.859310 0.079977
5155.149763 0.090662
5156.440215 0.097418
5157.730668 0.080470
5159.021121 0.084837
5160.311574 0.079578
5161.602027 0.107093
5162.892480 0.088186
5164.182933 0.091965
5165.473386 0.090744
5166.763839 0.076558
5168.054292 0.083969
5169.344745 0.083486
5170.635198 0.062398
5171.925651 0.062432
5173.216104 0.067048
5174.506557 0.069147
5175.797010 0.076041
5177.087463 0.101735
5178.377916 0.083650
5179.668369 0.087685
5180.958822 0.092686
5182.249275 0.079843
5183.539728 0.075441
5184.830181 0.079361
5186.120634 0.067506
5187.411087 0.070619
5188.701540 0.092168
5189.991993 0.093228
5191.282446 0.100913
5192.572899 0.093898
5193.863352 0.096029
5195.153805 0.087937
5196.444258 0.082917
5197.734711 0.094697
5199.025164 0.106078
5200.315617 0.096746
5201.606070 0.093664
5202.896523 0.094479
5204.186976 0.097743
5205.477429 0.080689
5206.767882 0.075579
5208.058335 0.087869
5209.348788 0.078319
5210.639241 0.092176
5211.929694 0.099995
5213.220147 0.100498
5214.510600 0.096911
5215.801053 0.098994
5217.091506 0.092068
5218.381959 0.109553
5219.672412 0.098845
5220.962864 0.102235
5222.253317 0.104773
5223.543770 0.107602
5224.834223 0.083892
5226.124676 0.073820
5227.415129 0.091474
5228.705582 0.089402
5229.996035 0.085617
5231.286488 0.087469
5232.576941 0.094632
5233.867394 0.090712
5235.157847 0.100047
5236.448300 0.101813
5237.738753 0.101903
5239.029206 0.108612
5240.319659 0.100746
5241.610112 0.101422
5242.900565 0.103003
5244.191018 0.106810
5245.481471 0.097971
5246.771924 0.099174
5248.062377 0.100889
5249.352830 0.100526
5250.643283 0.101765
5251.933736 0.099840
5253.224189 0.083100
5254.514642 0.092244
5255.805095 0.100879
5257.095548 0.102313
5258.386001 0.113413
5259.676454 0.097085
5260.966907 0.095737
5262.257360 0.106673
5263.547813 0.105142
5264.838266 0.093942
5266.128719 0.089163
5267.419172 0.087973
5268.709625 0.087607
5270.000078 0.075650
5271.290531 0.085722
5272.580984 0.095006
5273.871437 0.097197
5275.161890 0.086611
5276.452343 0.082041
5277.742796 0.096651
5279.033249 0.108593
5280.323702 0.114828
5281.614155 0.102613
5282.904608 0.088003
5284.195061 0.092926
5285.485513 0.102165
5286.775966 0.108377
5288.066419 0.095657
5289.356872 0.110792
5290.647325 0.111585
5291.937778 0.103096
5293.228231 0.113123
5294.518684 0.109326
5295.809137 0.107139
5297.099590 0.091366
5298.390043 0.098815
5299.680496 0.095746
5300.970949 0.099722
5302.261402 0.108542
5303.551855 0.102579
5304.842308 0.120455
5306.132761 0.106252
5307.423214 0.118637
5308.713667 0.107564
5310.004120 0.128068
5311.294573 0.121982
5312.585026 0.114899
5313.875479 0.134474
5315.165932 0.123002
5316.456385 0.118825
5317.746838 0.113185
5319.037291 0.110960
5320.327744 0.118861
5321.618197 0.108953
5322.908650 0.110015
5324.199103 0.095016
5325.489556 0.098504
5326.780009 0.096341
5328.070462 0.089512
5329.360915 0.091267
5330.651368 0.093185
5331.941821 0.089405
5333.232274 0.093288
5334.522727 0.110216
5335.813180 0.107146
5337.103633 0.120653
5338.394086 0.096049
5339.684539 0.081692
5340.974992 0.079607
5342.265445 0.087331
5343.555898 0.086767
5344.846351 0.094710
5346.136804 0.087576
5347.427257 0.087205
5348.717710 0.101391
5350.008163 0.111766
5351.298615 0.096559
5352.589068 0.107365
5353.879521 0.094993
5355.169974 0.100227
5356.460427 0.094966
5357.750880 0.093129
5359.041333 0.105016
5360.331786 0.118144
5361.622239 0.104944
5362.912692 0.104883
5364.203145 0.100776
5365.493598 0.117518
5366.784051 0.099260
5368.074504 0.093688
5369.364957 0.095688
5370.655410 0.104564
5371.945863 0.079494
5373.236316 0.087073
5374.526769 0.106524
5375.817222 0.106066
5377.107675 0.107820
5378.398128 0.095093
5379.688581 0.094310
5380.979034 0.103856
5382.269487 0.116713
5383.559940 0.125789
5384.850393 0.104528
5386.140846 0.098969
5387.431299 0.092575
5388.721752 0.103479
5390.012205 0.106279
5391.302658 0.112003
5392.593111 0.115481
5393.883564 0.089239
5395.174017 0.106569
5396.464470 0.109723
5397.754923 0.095461
5399.045376 0.099128
5400.335829 0.093992
5401.626282 0.103185
5402.916735 0.110016
5404.207188 0.109501
5405.497641 0.089707
5406.788094 0.097435
5408.078547 0.093283
5409.369000 0.097851
5410.659453 0.099827
5411.949906 0.094488
5413.240359 0.097688
5414.530812 0.115367
5415.821264 0.097731
5417.111717 0.111855
5418.402170 0.109405
5419.692623 0.126054
5420.983076 0.108060
5422.273529 0.104003
5423.563982 0.111970
5424.854435 0.123580
5426.144888 0.127642
5427.435341 0.117858
5428.725794 0.112509
5430.016247 0.102050
5431.306700 0.092776
5432.597153 0.115646
5433.887606 0.101977
5435.178059 0.102108
5436.468512 0.089123
5437.758965 0.088971
5439.049418 0.106146
5440.339871 0.107126
5441.630324 0.120406
5442.920777 0.129961
5444.211230 0.099076
5445.501683 0.109333
5446.792136 0.120721
5448.082589 0.103111
5449.373042 0.098244
5450.663495 0.098926
5451.953948 0.105126
5453.244401 0.101137
5454.534854 0.107916
5455.825307 0.099316
5457.115760 0.099136
5458.406213 0.103243
5459.696666 0.113335
5460.987119 0.106452
5462.277572 0.098825
5463.568025 0.090658
5464.858478 0.113639
5466.148931 0.111468
5467.439384 0.099490
5468.729837 0.103366
5470.020290 0.110355
5471.310743 0.104393
5472.601196 0.097555
5473.891649 0.099379
5475.182102 0.104269
5476.472555 0.100968
5477.763008 0.098237
5479.053461 0.100301
5480.343913 0.097204
5481.634366 0.103040
5482.924819 0.101101
5484.215272 0.115171
5485.505725 0.107199
5486.796178 0.112808
5488.086631 0.111909
5489.377084 0.106353
5490.667537 0.112711
5491.957990 0.098778
5493.248443 0.104881
5494.538896 0.100547
5495.829349 0.105223
5497.119802 0.115103
5498.410255 0.102561
5499.700708 0.105784
5500.991161 0.118030
5502.281614 0.116523
5503.572067 0.101128
5504.862520 0.100336
5506.152973 0.101506
5507.443426 0.096714
5508.733879 0.098056
5510.024332 0.103907
5511.314785 0.116604
5512.605238 0.114513
5513.895691 0.099784
5515.186144 0.093380
5516.476597 0.109862
5517.767050 0.106129
5519.057503 0.109612
5520.347956 0.110499
5521.638409 0.114246
5522.928862 0.103620
5524.219315 0.108223
5525.509768 0.105599
5526.800221 0.096370
5528.090674 0.101937
5529.381127 0.109077
5530.671580 0.097818
5531.962033 0.104131
5533.252486 0.112344
5534.542939 0.120588
5535.833392 0.118754
5537.123845 0.111447
5538.414298 0.113844
5539.704751 0.105760
5540.995204 0.113882
5542.285657 0.115017
5543.576110 0.113235
5544.866562 0.103075
5546.157015 0.119091
5547.447468 0.114355
5548.737921 0.101593
5550.028374 0.103078
5551.318827 0.122176
5552.609280 0.112015
5553.899733 0.095075
5555.190186 0.126053
5556.480639 0.097399
5557.771092 0.111832
5559.061545 0.106970
5560.351998 0.113803
5561.642451 0.121118
5562.932904 0.116524
5564.223357 0.119277
5565.513810 0.104567
5566.804263 0.103004
5568.094716 0.114063
5569.385169 0.111458
5570.675622 0.100530
5571.966075 0.101129
5573.256528 0.096736
5574.546981 0.117789
5575.837434 0.112041
5577.127887 0.108620
5578.418340 0.106839
5579.708793 0.110204
5580.999246 0.104592
5582.289699 0.102181
5583.580152 0.112984
5584.870605 0.095288
5586.161058 0.107953
5587.451511 0.105369
5588.741964 0.098345
5590.032417 0.109281
5591.322870 0.097093
5592.613323 0.100256
5593.903776 0.095180
5595.194229 0.102855
5596.484682 0.111791
5597.775135 0.105162
5599.065588 0.100845
5600.356041 0.109774
5601.646494 0.093820
5602.936947 0.104456
5604.227400 0.111048
5605.517853 0.118475
5606.808306 0.112136
5608.098759 0.115728
5609.389212 0.114468
5610.679664 0.116908
5611.970117 0.112877
5613.260570 0.114244
5614.551023 0.108192
5615.841476 0.116028
5617.131929 0.105367
5618.422382 0.105232
5619.712835 0.101709
5621.003288 0.108237
5622.293741 0.101882
5623.584194 0.091496
5624.874647 0.083537
5626.165100 0.092787
5627.455553 0.119185
5628.746006 0.124476
5630.036459 0.096054
5631.326912 0.124088
5632.617365 0.122371
5633.907818 0.122288
5635.198271 0.132759
5636.488724 0.104511
5637.779177 0.108788
5639.069630 0.116374
5640.360083 0.114582
5641.650536 0.100008
5642.940989 0.110680
5644.231442 0.099930
5645.521895 0.116946
5646.812348 0.104564
5648.102801 0.108153
5649.393254 0.107149
5650.683707 0.108160
5651.974160 0.107575
5653.264613 0.110697
5654.555066 0.109945
5655.845519 0.156593
5657.135972 0.146517
5658.426425 0.113891
5659.716878 0.105650
5661.007331 0.113216
5662.297784 0.116936
5663.588237 0.116529
5664.878690 0.127008
5666.169143 0.113081
5667.459596 0.108977
5668.750049 0.104824
5670.040502 0.100195
5671.330955 0.111030
5672.621408 0.119743
5673.911861 0.115985
5675.202313 0.116320
5676.492766 0.116727
5677.783219 0.128939
5679.073672 0.139520
5680.364125 0.127267
5681.654578 0.113833
5682.945031 0.112940
5684.235484 0.115019
5685.525937 0.100887
5686.816390 0.125733
5688.106843 0.122079
5689.397296 0.130983
5690.687749 0.116517
5691.978202 0.116632
5693.268655 0.113435
5694.559108 0.117763
5695.849561 0.121461
5697.140014 0.103235
5698.430467 0.099532
5699.720920 0.123969
5701.011373 0.106047
5702.301826 0.107767
5703.592279 0.106704
5704.882732 0.137097
5706.173185 0.113355
5707.463638 0.123565
5708.754091 0.111534
5710.044544 0.115563
5711.334997 0.107272
5712.625450 0.112927
5713.915903 0.119295
5715.206356 0.113995
5716.496809 0.108090
5717.787262 0.106853
5719.077715 0.127329
5720.368168 0.109896
5721.658621 0.124496
5722.949074 0.109721
5724.239527 0.116439
5725.529980 0.117503
5726.820433 0.120614
5728.110886 0.127531
5729.401339 0.130212
5730.691792 0.130224
5731.982245 0.119367
5733.272698 0.109598
5734.563151 0.113603
5735.853604 0.114990
5737.144057 0.108464
5738.434510 0.109672
5739.724962 0.118370
5741.015415 0.119431
5742.305868 0.120706
5743.596321 0.108849
5744.886774 0.114794
5746.177227 0.119212
5747.467680 0.114055
5748.758133 0.118041
5750.048586 0.123696
5751.339039 0.118905
5752.629492 0.129797
5753.919945 0.128239
5755.210398 0.123296
5756.500851 0.112474
5757.791304 0.122323
5759.081757 0.118390
5760.372210 0.117025
5761.662663 0.121829
5762.953116 0.118371
5764.243569 0.099657
5765.534022 0.112299
5766.824475 0.124289
5768.114928 0.124171
5769.405381 0.114252
5770.695834 0.127405
5771.986287 0.123940
5773.276740 0.111097
5774.567193 0.127935
5775.857646 0.117738
5777.148099 0.113585
5778.438552 0.122640
5779.729005 0.113713
5781.019458 0.100197
5782.309911 0.102944
5783.600364 0.110164
5784.890817 0.104296
5786.181270 0.111645
5787.471723 0.118434
5788.762176 0.118898
5790.052629 0.112429
5791.343082 0.106992
5792.633535 0.110246
5793.923988 0.116374
5795.214441 0.113853
5796.504894 0.125248
5797.795347 0.122838
5799.085800 0.121048
5800.376253 0.119689
5801.666706 0.109777
5802.957159 0.129300
5804.247611 0.128031
5805.538064 0.138063
5806.828517 0.120020
5808.118970 0.110408
5809.409423 0.126328
5810.699876 0.135507
5811.990329 0.135782
5813.280782 0.130357
5814.571235 0.121186
5815.861688 0.150812
5817.152141 0.129143
5818.442594 0.108379
5819.733047 0.118260
5821.023500 0.129656
5822.313953 0.117930
5823.604406 0.119601
5824.894859 0.117907
5826.185312 0.113944
5827.475765 0.113796
5828.766218 0.129577
5830.056671 0.124495
5831.347124 0.121387
5832.637577 0.117835
5833.928030 0.130076
5835.218483 0.118080
5836.508936 0.108012
5837.799389 0.120163
5839.089842 0.133031
5840.380295 0.117182
5841.670748 0.123902
5842.961201 0.117001
5844.251654 0.108860
5845.542107 0.114371
5846.832560 0.114835
5848.123013 0.133394
5849.413466 0.113759
5850.703919 0.113259
5851.994372 0.120161
5853.284825 0.128510
5854.575278 0.108854
5855.865731 0.115461
5857.156184 0.118171
5858.446637 0.099677
5859.737090 0.108349
5861.027543 0.122255
5862.317996 0.117469
5863.608449 0.125913
5864.898902 0.107148
5866.189355 0.109783
5867.479808 0.112610
5868.770261 0.115939
5870.060713 0.119914
5871.351166 0.112454
5872.641619 0.115238
5873.932072 0.135104
5875.222525 0.127846
5876.512978 0.102009
5877.803431 0.104440
5879.093884 0.112377
5880.384337 0.128625
5881.674790 0.109093
5882.965243 0.108744
5884.255696 0.113305
5885.546149 0.104586
5886.836602 0.123032
5888.127055 0.119995
5889.417508 0.113790
5890.707961 0.099415
5891.998414 0.098064
5893.288867 0.092748
5894.579320 0.093459
5895.869773 0.108672
5897.160226 0.113051
5898.450679 0.117588
5899.741132 0.115230
5901.031585 0.119106
5902.322038 0.126306
5903.612491 0.113906
5904.902944 0.134438
5906.193397 0.119509
5907.483850 0.112162
5908.774303 0.165420
5910.064756 0.094164
5911.355209 0.110315
5912.645662 0.103791
5913.936115 0.114463
5915.226568 0.138725
5916.517021 0.103412
5917.807474 0.091399
5919.097927 0.142924
5920.388380 0.134264
5921.678833 0.148163
5922.969286 0.145209
5924.259739 0.105808
5925.550192 0.117206
5926.840645 0.126345
5928.131098 0.109563
5929.421551 0.137332
5930.712004 0.143360
5932.002457 0.093349
5933.292910 0.127074
5934.583362 0.124418
5935.873815 0.122503
5937.164268 0.119851
5938.454721 0.145024
5939.745174 0.104918
5941.035627 0.097322
5942.326080 0.106895
5943.616533 0.103759
5944.906986 0.102886
5946.197439 0.131515
5947.487892 0.120897
5948.778345 0.131118
5950.068798 0.117547
5951.359251 0.105786
5952.649704 0.121097
5953.940157 0.132347
5955.230610 0.106871
5956.521063 0.106749
5957.811516 0.141237
5959.101969 0.122522
5960.392422 0.116701
5961.682875 0.118169
5962.973328 0.117630
5964.263781 0.122912
5965.554234 0.140405
5966.844687 0.134327
5968.135140 0.121083
5969.425593 0.130862
5970.716046 0.127561
5972.006499 0.112682
5973.296952 0.113293
5974.587405 0.123485
5975.877858 0.115445
5977.168311 0.111683
5978.458764 0.109463
5979.749217 0.113226
5981.039670 0.121202
5982.330123 0.123834
5983.620576 0.116103
5984.911029 0.128025
5986.201482 0.115997
5987.491935 0.106508
5988.782388 0.106646
5990.072841 0.122053
5991.363294 0.131899
5992.653747 0.129504
5993.944200 0.111101
5995.234653 0.100400
5996.525106 0.114135
5997.815559 0.123550
5999.106011 0.090537
6000.396464 0.101623
6001.686917 0.118472
6002.977370 0.123235
6004.267823 0.108831
6005.558276 0.109507
6006.848729 0.110282
6008.139182 0.110055
6009.429635 0.121857
6010.720088 0.127554
6012.010541 0.109018
6013.300994 0.113730
6014.591447 0.126285
6015.881900 0.129442
6017.172353 0.114122
6018.462806 0.115048
6019.753259 0.125930
6021.043712 0.117615
6022.334165 0.105925
6023.624618 0.135359
6024.915071 0.110011
6026.205524 0.097135
6027.495977 0.068857
6028.786430 0.115007
6030.076883 0.118859
6031.367336 0.140861
6032.657789 0.105396
6033.948242 0.112263
6035.238695 0.129558
6036.529148 0.138569
6037.819601 0.134245
6039.110054 0.120996
6040.400507 0.133531
6041.690960 0.132718
6042.981413 0.133308
6044.271866 0.139979
6045.562319 0.121454
6046.852772 0.127098
6048.143225 0.124445
6049.433678 0.141371
6050.724131 0.140539
6052.014584 0.119181
6053.305037 0.119934
6054.595490 0.129643
6055.885943 0.126031
6057.176396 0.164471
6058.466849 0.119818
6059.757302 0.092653
6061.047755 0.117663
6062.338208 0.112383
6063.628660 0.122716
6064.919113 0.132636
6066.209566 0.126213
6067.500019 0.115865
6068.790472 0.126261
6070.080925 0.134763
6071.371378 0.131030
6072.661831 0.125718
6073.952284 0.121463
6075.242737 0.129513
6076.533190 0.128465
6077.823643 0.174315
6079.114096 0.142712
6080.404549 0.136070
6081.695002 0.126278
6082.985455 0.129359
6084.275908 0.100071
6085.566361 0.106513
6086.856814 0.117923
6088.147267 0.126014
6089.437720 0.136784
6090.728173 0.124722
6092.018626 0.131119
6093.309079 0.159627
6094.599532 0.133080
6095.889985 0.153216
6097.180438 0.141059
6098.470891 0.121355
6099.761344 0.128193
6101.051797 0.133946
6102.342250 0.134437
6103.632703 0.164424
6104.923156 0.156482
6106.213609 0.112182
6107.504062 0.114464
6108.794515 0.147875
6110.084968 0.150341
6111.375421 0.124624
6112.665874 0.127673
6113.956327 0.128778
6115.246780 0.144309
6116.537233 0.178657
6117.827686 0.157325
6119.118139 0.140264
6120.408592 0.108165
6121.699045 0.095226
6122.989498 0.110997
6124.279951 0.122802
6125.570404 0.149853
6126.860857 0.143833
6128.151309 0.142140
6129.441762 0.118867
6130.732215 0.128767
6132.022668 0.142689
6133.313121 0.141375
6134.603574 0.124574
6135.894027 0.102470
6137.184480 0.111925
6138.474933 0.120454
6139.765386 0.115495
6141.055839 0.116101
6142.346292 0.114516
6143.636745 0.118004
6144.927198 0.121545
6146.217651 0.120393
6147.508104 0.133972
6148.798557 0.137518
6150.089010 0.190193
6151.379463 0.168820
6152.669916 0.120943
6153.960369 0.105901
6155.250822 0.143071
6156.541275 0.139038
6157.831728 0.133928
6159.122181 0.111743
6160.412634 0.130097
6161.703087 0.099961
6162.993540 0.114874
6164.283993 0.123567
6165.574446 0.135475
6166.864899 0.125076
6168.155352 0.101492
6169.445805 0.117976
6170.736258 0.122802
6172.026711 0.116339
6173.317164 0.119663
6174.607617 0.117608
6175.898070 0.123859
6177.188523 0.135453
6178.478976 0.120973
6179.769429 0.109544
6181.059882 0.118888
6182.350335 0.134635
6183.640788 0.124965
6184.931241 0.115463
6186.221694 0.113151
6187.512147 0.112994
6188.802600 0.139368
6190.093053 0.131114
6191.383506 0.167526
6192.673959 0.140718
6193.964411 0.103235
6195.254864 0.115484
6196.545317 0.112017
6197.835770 0.113814
6199.126223 0.119195
6200.416676 0.122333
6201.707129 0.134057
6202.997582 0.130273
6204.288035 0.140665
6205.578488 0.132163
6206.868941 0.127338
6208.159394 0.123950
6209.449847 0.121395
6210.740300 0.130352
6212.030753 0.158721
6213.321206 0.140693
6214.611659 0.129662
6215.902112 0.108291
6217.192565 0.108636
6218.483018 0.108608
6219.773471 0.100038
6221.063924 0.113711
6222.354377 0.122089
6223.644830 0.116185
6224.935283 0.107420
6226.225736 0.099513
6227.516189 0.119552
6228.806642 0.131309
6230.097095 0.113709
6231.387548 0.086167
6232.678001 0.101699
6233.968454 0.103947
6235.258907 0.093586
6236.549360 0.131724
6237.839813 0.154039
6239.130266 0.115282
6240.420719 0.132267
6241.711172 0.141402
6243.001625 0.112585
6244.292078 0.111839
6245.582531 0.115766
6246.872984 0.112590
6248.163437 0.116918
6249.453890 0.117919
6250.744343 0.120435
6252.034796 0.119118
6253.325249 0.112362
6254.615702 0.111832
6255.906155 0.106350
6257.196608 0.114054
6258.487060 0.107255
6259.777513 0.101747
6261.067966 0.113605
6262.358419 0.115364
6263.648872 0.118489
6264.939325 0.119398
6266.229778 0.124975
6267.520231 0.146903
6268.810684 0.144550
6270.101137 0.111159
6271.391590 0.123377
6272.682043 0.121004
6273.972496 0.121843
6275.262949 0.126223
6276.553402 0.125420
6277.843855 0.129128
6279.134308 0.123834
6280.424761 0.118998
6281.715214 0.121201
6283.005667 0.114799
6284.296120 0.123300
6285.586573 0.118593
6286.877026 0.112916
6288.167479 0.119291
6289.457932 0.126205
6290.748385 0.124738
6292.038838 0.136914
6293.329291 0.140645
6294.619744 0.115455
6295.910197 0.113536
6297.200650 0.115746
6298.491103 0.114715
6299.781556 0.122457
6301.072009 0.112683
6302.362462 0.106615
6303.652915 0.119957
6304.943368 0.104619
6306.233821 0.126625
6307.524274 0.117654
6308.814727 0.118443
6310.105180 0.121838
6311.395633 0.123013
6312.686086 0.122910
6313.976539 0.116069
6315.266992 0.114384
6316.557445 0.114824
6317.847898 0.121266
6319.138351 0.126411
6320.428804 0.112040
6321.719257 0.100989
6323.009709 0.120029
6324.300162 0.126053
6325.590615 0.120055
6326.881068 0.130759
6328.171521 0.109987
6329.461974 0.110361
6330.752427 0.125936
6332.042880 0.114529
6333.333333 0.129735
6334.623786 0.122527
6335.914239 0.120002
6337.204692 0.115478
6338.495145 0.108256
6339.785598 0.107264
6341.076051 0.109811
6342.366504 0.110084
6343.656957 0.104568
6344.947410 0.115439
6346.237863 0.105862
6347.528316 0.112899
6348.818769 0.113156
6350.109222 0.122834
6351.399675 0.112316
6352.690128 0.107434
6353.980581 0.114743
6355.271034 0.110986
6356.561487 0.116348
6357.851940 0.099160
6359.142393 0.115163
6360.432846 0.110726
6361.723299 0.114892
6363.013752 0.125383
6364.304205 0.114660
6365.594658 0.100146
6366.885111 0.111948
6368.175564 0.124932
6369.466017 0.108056
6370.756470 0.115141
6372.046923 0.114736
6373.337376 0.117709
6374.627829 0.116638
6375.918282 0.121641
6377.208735 0.131142
6378.499188 0.129492
6379.789641 0.130518
6381.080094 0.115699
6382.370547 0.103566
6383.661000 0.123211
6384.951453 0.126745
6386.241906 0.119228
6387.532358 0.120244
6388.822811 0.119404
6390.113264 0.124795
6391.403717 0.122839
6392.694170 0.110195
6393.984623 0.114489
6395.275076 0.104575
6396.565529 0.109268
6397.855982 0.119628
6399.146435 0.105460
6400.436888 0.100105
6401.727341 0.120570
6403.017794 0.118883
6404.308247 0.120420
6405.598700 0.128999
6406.889153 0.121844
6408.179606 0.104753
6409.470059 0.113455
6410.760512 0.112538
6412.050965 0.118174
6413.341418 0.123022
6414.631871 0.113970
6415.922324 0.126600
6417.212777 0.116944
6418.503230 0.127617
6419.793683 0.108271
6421.084136 0.109816
6422.374589 0.115460
6423.665042 0.116877
6424.955495 0.114136
6426.245948 0.124548
6427.536401 0.125958
6428.826854 0.109079
6430.117307 0.112677
6431.407760 0.116090
6432.698213 0.108701
6433.988666 0.117547
6435.279119 0.121867
6436.569572 0.122639
6437.860025 0.129886
6439.150478 0.118355
6440.440931 0.129118
6441.731384 0.125525
6443.021837 0.105571
6444.312290 0.095043
6445.602743 0.111759
6446.893196 0.123060
6448.183649 0.123394
6449.474102 0.146663
6450.764555 0.111308
6452.055008 0.155729
6453.345460 0.128230
6454.635913 0.097961
6455.926366 0.121635
6457.216819 0.110564
6458.507272 0.123493
6459.797725 0.136146
6461.088178 0.140051
6462.378631 0.132530
6463.669084 0.113152
6464.959537 0.107939
6466.249990 0.094131
6467.540443 0.137160
6468.830896 0.100826
6470.121349 0.108807
6471.411802 0.113254
6472.702255 0.127834
6473.992708 0.117085
6475.283161 0.110880
6476.573614 0.118928
6477.864067 0.123000
6479.154520 0.117914
6480.444973 0.124364
6481.735426 0.107803
6483.025879 0.122219
6484.316332 0.099392
6485.606785 0.152524
6486.897238 0.233667
6488.187691 0.076728
6489.478144 0.139615
6490.768597 0.111595
6492.059050 0.117983
6493.349503 0.130297
6494.639956 0.131589
6495.930409 0.142779
6497.220862 0.093302
6498.511315 0.112190
6499.801768 0.103765
6501.092221 0.108836
6502.382674 0.124805
6503.673127 0.132367
6504.963580 0.121495
6506.254033 0.128139
6507.544486 0.097532
6508.834939 0.115203
6510.125392 0.138736
6511.415845 0.115996
6512.706298 0.111603
6513.996751 0.109466
6515.287204 0.131987
6516.577657 0.116717
6517.868109 0.150001
6519.158562 0.132962
6520.449015 0.123845
6521.739468 0.128059
6523.029921 0.126217
6524.320374 0.125519
6525.610827 0.114054
6526.901280 0.084465
6528.191733 0.123176
6529.482186 0.220854
6530.772639 0.159169
6532.063092 0.136007
6533.353545 0.120498
6534.643998 0.103043
6535.934451 0.114524
6537.224904 0.125671
6538.515357 0.122732
6539.805810 0.115330
6541.096263 0.112445
6542.386716 0.124147
6543.677169 0.131693
6544.967622 0.138940
6546.258075 0.122743
6547.548528 0.117671
6548.838981 0.104611
6550.129434 0.107931
6551.419887 0.092269
6552.710340 0.134387
6554.000793 0.109444
6555.291246 0.199864
6556.581699 0.127629
6557.872152 0.112508
6559.162605 0.098533
6560.453058 0.099251
6561.743511 0.100380
6563.033964 0.093560
6564.324417 0.102074
6565.614870 0.094717
6566.905323 0.098845
6568.195776 0.079432
6569.486229 0.100316
6570.776682 0.100140
6572.067135 0.123679
6573.357588 0.136676
6574.648041 0.119111
6575.938494 0.101416
6577.228947 0.123294
6578.519400 0.099374
6579.809853 0.088218
6581.100306 0.086190
6582.390758 0.232241
6583.681211 0.156245
6584.971664 0.117905
6586.262117 0.115735
6587.552570 0.145611
6588.843023 0.204764
6590.133476 0.344822
