2687.374365 0.000168
2689.384512 0.132753
2691.394658 0.062761
2693.404804 0.034150
2695.414950 0.045205
2697.425097 0.040361
2699.435243 0.026313
2701.445390 0.047915
2703.455536 0.036562
2705.465683 0.004463
2707.475829 0.056729
2709.485976 0.061547
2711.496121 0.042424
2713.506268 0.042497
2715.516414 0.034791
2717.526561 0.022696
2719.536707 0.043655
2721.546854 0.032110
2723.557000 0.039285
2725.567147 0.038864
2727.577293 0.046207
2729.587440 0.042327
2731.597585 0.034996
2733.607732 0.042434
2735.617878 0.030282
2737.628025 0.042967
2739.638171 0.041458
2741.648318 0.044996
2743.658464 0.043198
2745.668611 0.046458
2747.678757 0.024900
2749.688903 0.043530
2751.699049 0.042696
2753.709196 0.077011
2755.719342 0.071117
2757.729489 0.042659
2759.739635 0.051388
2761.749782 0.033022
2763.759928 0.065374
2765.770075 0.044488
2767.780221 0.049659
2769.790367 0.052215
2771.800513 0.030293
2773.810660 0.048702
2775.820806 0.049522
2777.830953 0.025218
2779.841099 0.051278
2781.851246 0.049119
2783.861392 0.056931
2785.871538 0.031985
2787.881684 0.049150
2789.891831 0.050068
2791.901977 0.033146
2793.912124 0.032697
2795.922270 0.025904
2797.932417 0.028283
2799.942563 0.033439
2801.952710 0.038651
2803.962856 0.011832
2805.973002 0.030243
2807.983148 0.029078
2809.993295 0.031434
2812.003441 0.031475
2814.013588 0.035065
2816.023734 0.040678
2818.033881 0.059024
2820.044027 0.038328
2822.054173 0.043250
2824.064320 0.047426
2826.074466 0.027535
2828.084612 0.056936
2830.094759 0.045843
2832.104905 0.036350
2834.115052 0.031765
2836.125198 0.032974
2838.135344 0.026599
2840.145491 0.036031
2842.155637 0.065666
2844.165784 0.032996
2846.175930 0.053388
2848.186076 0.049630
2850.196223 0.033798
2852.206369 0.043603
2854.216516 0.048887
2856.226662 0.041539
2858.236808 0.035798
2860.246955 0.048213
2862.257101 0.024328
2864.267248 0.044672
2866.277394 0.054723
2868.287540 0.039341
2870.297687 0.053126
2872.307833 0.041736
2874.317979 0.025359
2876.328126 0.034112
2878.338272 0.042528
2880.348419 0.046415
2882.358565 0.047493
2884.368711 0.033267
2886.378858 0.056163
2888.389004 0.054106
2890.399150 0.057021
2892.409297 0.054557
2894.419443 0.042734
2896.429590 0.022499
2898.439736 0.047393
2900.449883 0.050264
2902.460029 0.057198
2904.470175 0.042559
2906.480322 0.030678
2908.490468 0.047717
2910.500614 0.043960
2912.510761 0.064034
2914.520907 0.046033
2916.531054 0.047497
2918.541200 0.051702
2920.551347 0.039021
2922.561493 0.034461
2924.571639 0.045265
2926.581785 0.049675
2928.591932 0.045786
2930.602078 0.045968
2932.612225 0.034304
2934.622371 0.039644
2936.632518 0.067077
2938.642664 0.047392
2940.652811 0.041555
2942.662956 0.032707
2944.673103 0.039889
2946.683249 0.035519
2948.693396 0.046150
2950.703542 0.054943
2952.713689 0.035909
2954.723835 0.040259
2956.733982 0.048742
2958.744128 0.057034
2960.754274 0.053270
2962.764420 0.041608
2964.774567 0.045788
2966.784713 0.056893
2968.794860 0.048702
2970.805006 0.033542
2972.815153 0.046645
2974.825299 0.051919
2976.835446 0.025037
2978.845592 0.032587
2980.855738 0.059035
2982.865884 0.039868
2984.876031 0.037064
2986.886177 0.054675
2988.896324 0.045286
2990.906470 0.042617
2992.916617 0.036018
2994.926763 0.048340
2996.936910 0.032840
2998.947055 0.042311
3000.957202 0.061430
3002.967348 0.063037
3004.977495 0.042667
3006.987641 0.046466
3008.997788 0.053910
3011.007934 0.049374
3013.018081 0.037970
3015.028227 0.060370
3017.038373 0.045528
3019.048519 0.048396
3021.058666 0.039963
3023.068812 0.046996
3025.078959 0.039955
3027.089105 0.045833
3029.099252 0.047826
3031.109398 0.046916
3033.119544 0.047865
3035.129691 0.037642
3037.139837 0.037060
3039.149983 0.041119
3041.160130 0.048807
3043.170276 0.045560
3045.180423 0.042471
3047.190569 0.052847
3049.200716 0.053010
3051.210862 0.032827
3053.221008 0.038877
3055.231155 0.053788
3057.241301 0.052020
3059.251447 0.048369
3061.261594 0.049770
3063.271740 0.051149
3065.281887 0.046924
3067.292033 0.042504
3069.302179 0.042348
3071.312326 0.034040
3073.322472 0.028297
3075.332618 0.046816
3077.342765 0.053750
3079.352911 0.052075
3081.363058 0.039378
3083.373204 0.056128
3085.383350 0.044070
3087.393497 0.032302
3089.403643 0.038167
3091.413790 0.053603
3093.423936 0.044045
3095.434082 0.043391
3097.444229 0.062647
3099.454375 0.052293
3101.464522 0.037374
3103.474668 0.046086
3105.484814 0.056878
3107.494961 0.029820
3109.505107 0.037255
3111.515254 0.037602
3113.525400 0.062192
3115.535546 0.052382
3117.545693 0.063410
3119.555839 0.042513
3121.565985 0.039948
3123.576132 0.038354
3125.586278 0.043756
3127.596425 0.039285
3129.606571 0.046847
3131.616718 0.032397
3133.626864 0.042493
3135.637010 0.048802
3137.647156 0.050361
3139.657303 0.041852
3141.667449 0.035718
3143.677596 0.044460
3145.687742 0.050173
3147.697889 0.047924
3149.708035 0.030675
3151.718182 0.048012
3153.728328 0.051106
3155.738474 0.041170
3157.748620 0.033517
3159.758767 0.040494
3161.768913 0.055748
3163.779060 0.034632
3165.789206 0.055340
3167.799353 0.058414
3169.809499 0.033278
3171.819645 0.053311
3173.829791 0.050349
3175.839938 0.045007
3177.850084 0.034258
3179.860231 0.044466
3181.870377 0.033497
3183.880524 0.044235
3185.890670 0.040454
3187.900817 0.050102
3189.910963 0.052942
3191.921109 0.042572
3193.931255 0.056879
3195.941402 0.036106
3197.951548 0.047637
3199.961695 0.046583
3201.971841 0.034760
3203.981988 0.037587
3205.992134 0.053921
3208.002281 0.045116
3210.012426 0.036053
3212.022573 0.038285
3214.032719 0.029334
3216.042866 0.043037
3218.053012 0.040384
3220.063159 0.047820
3222.073305 0.063309
3224.083452 0.049255
3226.093598 0.051045
3228.103744 0.040612
3230.113890 0.050856
3232.124037 0.047719
3234.134183 0.044959
3236.144330 0.042512
3238.154476 0.039122
3240.164623 0.029133
3242.174769 0.041921
3244.184916 0.045388
3246.195062 0.052218
3248.205208 0.037633
3250.215354 0.052302
3252.225501 0.046248
3254.235647 0.048861
3256.245794 0.048190
3258.255940 0.055306
3260.266087 0.036913
3262.276233 0.044860
3264.286379 0.036667
3266.296526 0.049791
3268.306672 0.032541
3270.316818 0.047454
3272.326965 0.039220
3274.337111 0.033488
3276.347258 0.023428
3278.357404 0.049110
3280.367550 0.039385
3282.377697 0.032567
3284.387843 0.046331
3286.397989 0.036185
3288.408136 0.033032
3290.418282 0.040205
3292.428429 0.052748
3294.438575 0.043238
3296.448722 0.041961
3298.458868 0.037915
3300.469014 0.059387
3302.479161 0.047976
3304.489307 0.039941
3306.499453 0.032218
3308.509600 0.031015
3310.519746 0.048177
3312.529893 0.053293
3314.540039 0.029057
3316.550185 0.037515
3318.560332 0.059256
3320.570478 0.043844
3322.580625 0.048486
3324.590771 0.055546
3326.600917 0.056834
3328.611064 0.036789
3330.621210 0.043658
3342.682089 0.053263
3344.692235 0.048822
3346.702381 0.036125
3348.712528 0.054078
3350.722674 0.050999
3352.732820 0.057209
3354.742967 0.033171
3356.753113 0.034345
3358.763260 0.036627
3360.773406 0.044107
3362.783552 0.036335
3364.793699 0.039617
3366.803845 0.036868
3368.813991 0.057618
3370.824138 0.058457
3372.834284 0.050518
3374.844431 0.022728
3376.854577 0.057542
3378.864724 0.053225
3380.874870 0.049055
3382.885016 0.056861
3384.895162 0.041613
3386.905309 0.032823
3388.915455 0.046723
3390.925602 0.044601
3392.935748 0.043033
3394.945895 0.042091
3396.956041 0.052512
3398.966188 0.047015
3400.976334 0.046572
3402.986480 0.046607
3404.996626 0.050210
3407.006773 0.052896
3409.016919 0.051964
3411.027066 0.041918
3413.037212 0.017583
3415.047359 0.031601
3417.057505 0.058545
3419.067652 0.041479
3421.077797 0.033226
3423.087944 0.041610
3425.098090 0.037925
3427.108237 0.052921
3429.118383 0.061048
3431.128530 0.046675
3433.138676 0.041079
3435.148823 0.054012
3437.158969 0.041650
3439.169116 0.032868
3441.179261 0.038975
3443.189408 0.027911
3445.199554 0.046708
3447.209701 0.040310
3449.219847 0.035146
3451.229994 0.042401
3453.240140 0.052418
3455.250287 0.037646
3457.260433 0.037177
3459.270579 0.032091
3461.280725 0.034501
3463.290872 0.042527
3465.301018 0.049046
3467.311165 0.045184
3469.321311 0.052275
3471.331458 0.040883
3473.341604 0.033813
3475.351751 0.055871
3477.361897 0.040136
3479.372043 0.034900
3481.382189 0.036453
3483.392336 0.045894
3485.402482 0.029877
3487.412629 0.041521
3489.422775 0.048574
3491.432922 0.032409
3493.443068 0.039686
3495.453214 0.060089
3497.463360 0.046751
3499.473507 0.026877
3501.483653 0.035347
3503.493800 0.047594
3505.503946 0.028315
3507.514093 0.034352
3509.524239 0.037592
3511.534385 0.043247
3513.544532 0.044684
3515.554678 0.031473
3517.564824 0.052021
3519.574971 0.036152
3521.585117 0.020156
3523.595264 0.012065
3525.605410 0.049390
3527.615556 0.082066
3529.625703 0.061956
3531.635849 0.027685
3533.645996 0.048284
3535.656142 0.026240
3537.666288 0.038521
3539.676435 0.047947
3541.686581 0.036080
3543.696728 0.042166
3545.706874 0.065451
3547.717020 0.045758
3549.727167 0.042779
3551.737313 0.048325
3553.747460 0.036605
3555.757606 0.034914
3557.767752 0.052984
3559.777899 0.041269
3561.788045 0.033154
3563.798191 0.046806
3565.808338 0.052496
3567.818484 0.033098
3569.828631 0.035849
3571.838777 0.022431
3573.848923 0.042055
3575.859070 0.050890
3577.869216 0.040948
3579.879362 0.040343
3581.889509 0.045889
3583.899655 0.039504
3585.909802 0.043457
3587.919948 0.048422
3589.930095 0.033520
3591.940241 0.052109
3593.950387 0.037664
3595.960534 0.026521
3597.970680 0.047733
3599.980826 0.047925
3601.990973 0.047430
3604.001119 0.038244
3606.011266 0.056749
3608.021412 0.036081
3610.031559 0.048369
3612.041705 0.028160
3614.051851 0.044372
3616.061997 0.041364
3618.072144 0.032692
3620.082290 0.038643
3622.092437 0.043214
3624.102583 0.029292
3626.112730 0.058947
3628.122876 0.044029
3630.133023 0.032235
3632.143168 0.050361
3634.153315 0.050644
3636.163461 0.027002
3638.173608 0.031463
3640.183754 0.044629
3642.193901 0.051789
3644.204047 0.042926
3646.214194 0.041354
3648.224340 0.034920
3650.234486 0.038873
3652.244632 0.034114
3654.254779 0.039006
3656.264925 0.050199
3658.275072 0.046364
3660.285218 0.042108
3662.295365 0.035143
3664.305511 0.038847
3666.315658 0.038207
3668.325804 0.045010
3670.335950 0.039117
3672.346096 0.036597
3674.356243 0.039403
3676.366389 0.031428
3678.376536 0.042994
3680.386682 0.047466
3682.396829 0.034940
3684.406975 0.049061
3686.417122 0.040033
3688.427268 0.053003
3690.437414 0.036093
3692.447560 0.038067
3694.457707 0.039467
3696.467853 0.055490
3698.478000 0.035330
3700.488146 0.040578
3702.498293 0.037994
3704.508439 0.052149
3706.518585 0.048203
3708.528731 0.034883
3710.538878 0.044234
3712.549024 0.031424
3714.559171 0.052557
3716.569317 0.051984
3718.579464 0.063230
3720.589610 0.041270
3722.599757 0.052912
3724.609903 0.097922
3726.620049 0.203750
3728.630195 0.221696
3730.640342 0.157155
3732.650488 0.056256
3734.660635 0.023397
3736.670781 0.027514
3738.680928 0.029793
3740.691074 0.042425
3742.701220 0.062964
3744.711367 0.060772
3746.721513 0.060110
3748.731659 0.045604
3750.741806 0.038185
3752.751952 0.050276
3754.762099 0.031903
3756.772245 0.034310
3758.782391 0.068555
3760.792538 0.058150
3762.802684 0.069630
3764.812831 0.053646
3766.822977 0.061546
3768.833123 0.043369
3770.843270 0.029716
3772.853416 0.047676
3774.863563 0.053859
3776.873709 0.047670
3778.883855 0.054870
3780.894002 0.054277
3782.904148 0.076207
3784.914294 0.075438
3786.924441 0.060214
3788.934587 0.068003
3790.944734 0.058924
3792.954880 0.040091
3794.965026 0.050311
3796.975173 0.042366
3798.985319 0.057044
3800.995466 0.041763
3803.005612 0.076578
3805.015758 0.068475
3807.025905 0.058373
3809.036051 0.063047
3811.046197 0.073271
3813.056344 0.067668
3815.066490 0.057136
3817.076637 0.059328
3819.086783 0.077887
3821.096930 0.067380
3823.107076 0.065219
3825.117222 0.049260
3827.127369 0.060825
3829.137515 0.059682
3831.147661 0.036479
3833.157808 0.047810
3835.167954 0.056482
3837.178101 0.042891
3839.188247 0.052601
3841.198394 0.052504
3843.208540 0.068351
3845.218686 0.060163
3847.228832 0.063697
3849.238979 0.069024
3851.249125 0.075518
3853.259272 0.052323
3855.269418 0.058192
3857.279565 0.074163
3859.289711 0.073596
3861.299857 0.066492
3863.310003 0.076409
3865.320150 0.089330
3867.330296 0.055765
3869.340443 0.062970
3871.350589 0.058284
3873.360736 0.060880
3875.370882 0.056665
3877.381029 0.067594
3879.391175 0.077313
3881.401321 0.057043
3883.411467 0.060616
3885.421614 0.057890
3887.431760 0.026091
3889.441907 0.051561
3891.452053 0.044280
3893.462200 0.046370
3895.472346 0.052455
3897.482493 0.055158
3899.492638 0.073049
3901.502785 0.067897
3903.512931 0.066803
3905.523078 0.074847
3907.533224 0.058854
3909.543371 0.071907
3911.553517 0.068381
3913.563664 0.080369
3915.573810 0.077874
3917.583957 0.076620
3919.594102 0.076887
3921.604249 0.067927
3923.614395 0.064333
3925.624542 0.059108
3927.634688 0.057097
3929.644835 0.066947
3931.654981 0.065311
3933.665128 0.067138
3935.675274 0.056109
3937.685420 0.051399
3939.695566 0.061323
3941.705713 0.063117
3943.715859 0.069631
3945.726006 0.070176
3947.736152 0.076415
3949.746299 0.078258
3951.756445 0.075756
3953.766591 0.074819
3955.776738 0.074007
3957.786884 0.060076
3959.797030 0.060128
3961.807177 0.044147
3963.817323 0.054777
3965.827470 0.051357
3967.837616 0.049445
3969.847763 0.034768
3971.857909 0.056642
3973.868055 0.061597
3975.878202 0.054662
3977.888348 0.060812
3979.898494 0.069238
3981.908641 0.082117
3983.918787 0.077161
3985.928934 0.068390
3987.939080 0.071851
3989.949226 0.059600
3991.959373 0.065178
3993.969519 0.082750
3995.979665 0.072582
3997.989812 0.073384
3999.999958 0.070752
4002.010105 0.056650
4004.020251 0.088469
4006.030397 0.064296
4008.040544 0.066739
4010.050690 0.068357
4012.060837 0.065638
4014.070983 0.072528
4016.081129 0.086668
4018.091276 0.073695
4020.101422 0.087347
4022.111569 0.070527
4024.121715 0.062416
4026.131861 0.069504
4028.142008 0.062692
4030.152154 0.065381
4032.162301 0.070802
4034.172447 0.077964
4036.182593 0.072401
4038.192740 0.072383
4040.202886 0.085873
4042.213032 0.084960
4044.223179 0.068969
4046.233325 0.070167
4048.243472 0.069088
4050.253618 0.066574
4052.263765 0.073896
4054.273911 0.069243
4056.284057 0.071848
4058.294203 0.077051
4060.304350 0.070994
4062.314496 0.070437
4064.324643 0.085878
4066.334789 0.060354
4068.344936 0.075097
4070.355082 0.073401
4072.365228 0.072569
4074.375375 0.078675
4076.385521 0.066798
4078.395667 0.079656
4080.405814 0.076133
4082.415960 0.070705
4084.426107 0.058265
4086.436253 0.086466
4088.446400 0.080424
4090.456546 0.048462
4092.466692 0.076686
4094.476838 0.063147
4096.486985 0.072245
4098.497131 0.046203
4100.507278 0.048961
4102.517424 0.095637
4104.527571 0.074944
4106.537717 0.042266
4108.547864 0.042089
4110.558009 0.028957
4112.568156 0.042579
4114.578302 0.052930
4116.588449 0.052646
4118.598595 0.056313
4120.608742 0.049709
4122.618888 0.039051
4124.629035 0.059357
4126.639181 0.062651
4128.649328 0.064747
4130.659473 0.076188
4132.669620 0.070594
4134.679766 0.078790
4136.689913 0.067033
4138.700059 0.080739
4140.710206 0.071021
4142.720352 0.051276
4144.730499 0.041284
4146.740645 0.064380
4148.750791 0.067309
4150.760937 0.062057
4152.771084 0.039087
4154.781230 0.048012
4156.791377 0.070924
4158.801523 0.047230
4160.811670 0.060445
4162.821816 0.079742
4164.831963 0.075997
4166.842109 0.082781
4168.852255 0.067173
4170.862401 0.059133
4172.872548 0.061262
4174.882694 0.075990
4176.892841 0.064376
4178.902987 0.055807
4180.913134 0.070918
4182.923280 0.077398
4184.933426 0.069821
4186.943572 0.073199
4188.953719 0.075882
4190.963865 0.062838
4192.974012 0.049003
4194.984158 0.063214
4196.994305 0.071089
4199.004451 0.064070
4201.014597 0.053000
4203.024744 0.072429
4205.034890 0.078756
4207.045036 0.063387
4209.055183 0.072694
4211.065329 0.081443
4213.075476 0.077901
4215.085622 0.075954
4217.095769 0.060145
4219.105915 0.061811
4221.116061 0.071033
4223.126208 0.077740
4225.136354 0.082237
4227.146500 0.066280
4229.156647 0.064782
4231.166793 0.084729
4233.176940 0.079636
4235.187086 0.068936
4237.197232 0.055903
4239.207379 0.075032
4241.217525 0.066355
4243.227672 0.055988
4245.237818 0.068098
4247.247964 0.065900
4249.258111 0.060846
4251.268257 0.074998
4253.278403 0.084995
4255.288550 0.067165
4257.298696 0.067584
4259.308843 0.069491
4261.318989 0.062713
4263.329135 0.062121
4265.339282 0.071397
4267.349428 0.068017
4269.359575 0.078551
4271.369721 0.072245
4273.379867 0.075437
4275.390014 0.069066
4277.400160 0.066711
4279.410307 0.065910
4281.420453 0.069066
4283.430599 0.073435
4285.440746 0.063855
4287.450892 0.062835
4289.461038 0.059269
4291.471185 0.044262
4293.481331 0.063278
4295.491478 0.059650
4297.501624 0.064968
4299.511771 0.060694
4301.521917 0.044425
4303.532063 0.051176
4305.542209 0.049012
4307.552356 0.052052
4309.562502 0.053985
4311.572649 0.060100
4313.582795 0.064657
4315.592942 0.072678
4317.603088 0.057892
4319.613235 0.070707
4321.623381 0.052826
4323.633527 0.060109
4325.643673 0.046988
4327.653820 0.062062
4329.663966 0.058911
4331.674113 0.041443
4333.684259 0.017049
4335.694406 0.059579
4337.704552 0.065477
4339.714699 0.060059
4341.724844 0.072807
4343.734991 0.059070
4345.745137 0.048621
4347.755284 0.042023
4349.765430 0.031258
4351.775577 0.078191
4353.785723 0.041115
4355.795870 0.039046
4357.806016 0.065996
4359.816162 0.049633
4361.826308 0.065641
4363.836455 0.050659
4365.846601 0.082560
4367.856748 0.070028
4369.866894 0.069306
4371.877041 0.071675
4373.887187 0.079342
4375.897334 0.065004
4377.907480 0.069580
4379.917626 0.041964
4381.927772 0.066583
4383.937919 0.052893
4385.948065 0.047789
4387.958212 0.089891
4389.968358 0.053419
4391.978505 0.064502
4393.988651 0.062004
4395.998798 0.058335
4398.008943 0.059259
4400.019090 0.077750
4402.029236 0.073885
4404.039383 0.055232
4406.049529 0.065515
4408.059676 0.071116
4410.069822 0.069359
4412.079969 0.094727
4414.090115 0.074335
4416.100261 0.061766
4418.110407 0.064027
4420.120554 0.079997
4422.130700 0.069390
4424.140847 0.071805
4426.150993 0.059821
4428.161140 0.054580
4430.171286 0.066423
4432.181432 0.058903
4434.191579 0.048688
4436.201725 0.066610
4438.211871 0.072144
4440.222018 0.064602
4442.232164 0.059947
4444.242311 0.072761
4446.252457 0.050181
4448.262603 0.071523
4450.272750 0.057538
4452.282896 0.066498
4454.293043 0.069681
4456.303189 0.056481
4458.313335 0.063135
4460.323482 0.072559
4462.333628 0.069430
4464.343775 0.071339
4466.353921 0.059756
4468.364067 0.056886
4470.374214 0.073222
4472.384360 0.061805
4474.394506 0.089960
4476.404653 0.079655
4478.414799 0.063981
4480.424946 0.070667
4482.435092 0.059437
4484.445238 0.080840
4486.455385 0.066462
4488.465531 0.080905
4490.475678 0.065791
4492.485824 0.058460
4494.495970 0.070135
4496.506117 0.068384
4498.516263 0.071280
4500.526409 0.054754
4502.536556 0.051556
4504.546702 0.079350
4506.556849 0.058470
4508.566995 0.079686
4510.577142 0.087506
4512.587288 0.049585
4514.597434 0.058696
4516.607581 0.052086
4518.617727 0.065353
4520.627873 0.063929
4522.638020 0.072750
4524.648166 0.060230
4526.658313 0.062599
4528.668459 0.077544
4530.678606 0.049725
4532.688752 0.059436
4534.698898 0.066182
4536.709044 0.071706
4538.719191 0.054893
4540.729337 0.059892
4542.739484 0.095713
4544.749630 0.068114
4546.759777 0.087880
4548.769923 0.059941
4550.780069 0.055030
4552.790215 0.038185
4554.800362 0.077228
4556.810508 0.058919
4558.820655 0.060294
4560.830801 0.071874
4562.840948 0.053973
4564.851094 0.069829
4566.861241 0.070366
4568.871387 0.067941
4570.881533 0.062565
4572.891679 0.063932
4574.901826 0.059973
4576.911972 0.064921
4578.922119 0.067518
4580.932265 0.074703
4582.942412 0.083642
4584.952558 0.060337
4586.962705 0.048081
4588.972851 0.059617
4590.982997 0.053204
4592.993143 0.047687
4595.003290 0.056643
4597.013436 0.060713
4599.023583 0.057381
4601.033729 0.075649
4603.043876 0.063324
4605.054022 0.065359
4607.064169 0.058771
4609.074314 0.054573
4611.084461 0.019901
4613.094607 0.021288
4615.104754 0.078877
4617.114900 0.121312
4619.125047 0.067001
4621.135193 0.083629
4623.145340 0.059315
4625.155486 0.055171
4627.165632 0.058984
4629.175778 0.070191
4631.185925 0.061443
4633.196071 0.080407
4635.206218 0.097782
4637.216364 0.065350
4639.226511 0.081994
4641.236657 0.068094
4643.246804 0.058532
4645.256950 0.053257
4647.267096 0.062505
4649.277242 0.031322
4651.287389 0.053724
4653.297535 0.098644
4655.307682 0.077865
4657.317828 0.060733
4659.327975 0.016260
4661.338121 0.058720
4663.348267 0.082050
4665.358414 0.039506
4667.368560 0.065310
4669.378706 0.074012
4671.388853 0.062280
4673.398999 0.058483
4675.409146 0.041206
4677.419292 0.034842
4679.429438 0.086381
4681.439585 0.083611
4683.449731 0.062828
4685.459877 0.068268
4687.470024 0.075757
4689.480170 0.040399
4691.490317 0.056349
4693.500463 0.044851
4695.510610 0.061928
4697.520756 0.026332
4699.530902 0.029901
4701.541049 0.093710
4703.551195 0.040176
4705.561341 0.033137
4707.571488 0.055408
4709.581634 0.053120
4711.591781 0.068385
4713.601927 0.059871
4715.612073 0.035701
4717.622220 0.031345
4719.632366 0.042012
4721.642513 0.085283
4723.652659 0.077391
4725.662805 0.049995
4727.672952 0.055202
4729.683098 0.029267
4731.693244 0.033506
4733.703391 0.065274
4735.713537 0.106847
4737.723684 0.086448
4739.733830 0.069033
4741.743977 0.074766
4743.754123 0.062407
4745.764269 0.068974
4747.774416 0.071963
4749.784562 0.057453
4751.794708 0.050367
4753.804855 0.048269
4755.815001 0.059769
4757.825148 0.078871
4759.835294 0.059462
4761.845440 0.063386
4763.855587 0.077319
4765.865733 0.060447
4767.875879 0.070912
4769.886026 0.058087
4771.896172 0.053481
4773.906319 0.064001
4775.916465 0.060388
4777.926612 0.065259
4779.936758 0.044275
4781.946904 0.018736
4783.957050 0.057224
4785.967197 0.055256
4787.977343 0.058748
4789.987490 0.051848
4791.997636 0.079071
4794.007783 0.071587
4796.017929 0.070463
4798.028076 0.053425
4800.038221 0.033107
4802.048368 0.046486
4804.058514 0.089429
4806.068661 0.062561
4808.078807 0.062962
4810.088954 0.068711
4812.099100 0.080618
4814.109247 0.066741
4816.119393 0.078258
4818.129540 0.075440
4820.139685 0.052467
4822.149832 0.080386
4824.159978 0.059721
4826.170125 0.060185
4828.180271 0.064042
4830.190418 0.065494
4832.200564 0.059126
4834.210711 0.051996
4836.220857 0.045574
4838.231003 0.029834
4840.241149 0.062487
4842.251296 0.056234
4844.261442 0.059754
4846.271589 0.047439
4848.281735 0.049874
4850.291882 0.041555
4852.302028 0.065228
4854.312175 0.053319
4856.322321 0.046809
4858.332467 0.069720
4860.342613 0.118558
4862.352760 0.147505
4864.362906 0.093171
4866.373053 0.072606
4868.383199 0.066670
4870.393346 0.047823
4872.403492 0.039479
4874.413638 0.052129
4876.423785 0.040901
4878.433931 0.067811
4880.444077 0.050952
4882.454224 0.049347
4884.464370 0.046020
4886.474517 0.055517
4888.484663 0.041211
4890.494810 0.041587
4892.504956 0.055658
4894.515102 0.048423
4896.525248 0.055694
4898.535395 0.058768
4900.545541 0.057357
4902.555688 0.057060
4904.565834 0.052107
4906.575981 0.063620
4908.586127 0.060958
4910.596273 0.066081
4912.606420 0.058419
4914.616566 0.057342
4916.626712 0.068188
4918.636859 0.047267
4920.647005 0.037663
4922.657152 0.055993
4924.667298 0.055272
4926.677444 0.051830
4928.687591 0.064474
4930.697737 0.053669
4932.707884 0.065995
4934.718030 0.061386
4936.728176 0.060934
4938.738323 0.070595
4940.748469 0.058096
4942.758616 0.060515
4944.768762 0.069796
4946.778908 0.069592
4948.789055 0.039157
4950.799201 0.048155
4952.809348 0.060481
4954.819494 0.016052
4956.829640 0.046993
4958.839787 0.041747
4960.849933 0.050963
4962.860079 0.075240
4964.870226 0.089824
4966.880372 0.015259
4968.890519 0.046382
4970.900665 0.060389
4972.910811 0.071275
4974.920958 0.059120
4976.931104 0.041314
4978.941250 0.061455
4980.951397 0.065731
4982.961543 0.063403
4984.971690 0.055635
4986.981836 0.020991
4988.991983 0.005487
4991.002129 0.079268
4993.012275 0.011798
4995.022422 0.091239
4997.032568 0.056362
4999.042714 0.047352
5001.052861 0.037826
5003.063007 0.048309
5005.073154 0.096521
5007.083300 0.099802
5009.093447 0.094086
5011.103593 0.091126
5013.113739 0.075922
5015.123885 0.034843
5017.134032 0.098691
5019.144178 0.027536
5021.154325 0.050780
5023.164471 0.075623
5025.174618 0.046214
5027.184764 0.052771
5029.194911 0.052585
5031.205056 0.045086
5033.215203 0.040365
5035.225349 0.056798
5037.235496 0.054007
5039.245642 0.072717
5041.255789 0.070970
5043.265935 0.068584
5045.276082 0.076462
5047.286228 0.056863
5049.296374 0.041283
5051.306520 0.036717
5053.316667 0.044651
5055.326813 0.063703
5057.336960 0.050553
5059.347106 0.057625
5061.357253 0.050572
5063.367399 0.019840
5065.377546 0.015472
5067.387692 0.050340
5069.397838 0.039830
5071.407984 0.058663
5073.418131 0.053255
5075.428277 0.055400
5077.438424 0.067091
5079.448570 0.033350
5081.458717 0.033750
5083.468863 0.067469
5085.479010 0.026815
5087.489155 0.042752
5089.499302 0.063047
5091.509448 0.078153
5093.519595 0.064590
5095.529741 0.065643
5097.539888 0.044136
5099.550034 0.034185
5101.560181 0.043216
5103.570327 0.063770
5105.580473 0.053609
5107.590619 0.022102
5109.600766 0.059900
5111.610912 0.049340
5113.621059 0.051117
5115.631205 0.084522
5117.641352 0.072391
5119.651498 0.051046
5121.661644 0.046845
5123.671791 0.060484
5125.681937 0.059555
5127.692083 0.052389
5129.702230 0.050272
5131.712376 0.046033
5133.722523 0.056475
5135.732669 0.051141
5137.742816 0.057949
5139.752962 0.027830
5141.763108 0.055730
5143.773255 0.063264
5145.783401 0.053332
5147.793547 0.062617
5149.803694 0.066106
5151.813840 0.046528
5153.823987 0.053584
5155.834133 0.047477
5157.844279 0.056461
5159.854426 0.038824
5161.864572 0.046957
5163.874719 0.043866
5165.884865 0.051852
5167.895011 0.054011
5169.905158 0.050843
5171.915304 0.038288
5173.925450 0.046998
5175.935597 0.046369
5177.945743 0.059759
5179.955890 0.048404
5181.966036 0.056348
5183.976182 0.041719
5185.986329 0.045853
5187.996475 0.029080
5190.006622 0.030586
5192.016768 0.055983
5194.026914 0.048278
5196.037061 0.046231
5198.047207 0.036203
5200.057354 0.033871
5202.067500 0.055058
5204.077646 0.040459
5206.087793 0.034608
5208.097939 0.051365
5210.108085 0.049356
5212.118232 0.044711
5214.128378 0.044900
5216.138525 0.042190
5218.148671 0.056318
5220.158818 0.049299
5222.168964 0.052788
5224.179110 0.042670
5226.189256 0.035249
5228.199403 0.049364
5230.209549 0.053620
5232.219696 0.038395
5234.229842 0.045257
5236.239989 0.051750
5238.250135 0.052716
5240.260282 0.103906
5242.270428 0.107178
5244.280574 0.044046
5246.290720 0.054388
5248.300867 0.023903
5250.311013 0.021456
5252.321160 0.111404
5254.331306 0.039003
5256.341453 0.017005
5258.351599 0.013520
5260.361745 0.043327
5262.371891 0.011261
5264.382038 0.036690
5266.392184 0.050562
5268.402331 0.040920
5270.412477 0.041224
5272.422624 0.062104
5274.432770 0.083371
5276.442917 0.117129
5278.453063 0.060238
5280.463209 0.079899
5282.473355 0.008072
5284.483502 -0.081273
5286.493648 0.053093
5288.503795 0.028419
5290.513941 0.034460
5292.524088 0.066784
5294.534234 0.053502
5296.544381 0.036876
5298.554526 0.035690
5300.564673 0.097402
5302.574819 0.057154
5304.584966 0.050814
5306.595112 0.086257
5308.605259 0.008670
5310.615405 0.102535
5312.625552 0.134151
5314.635698 0.080496
5316.645845 0.048752
5318.655990 0.001604
5320.666137 0.047742
5322.676283 0.044453
5324.686430 0.054165
5326.696576 0.061872
5328.706723 -0.008706
5330.716869 0.072575
5332.727016 0.060677
5334.737162 0.083715
5336.747308 0.067652
5338.757454 0.034169
5340.767601 -0.021708
5342.777747 0.036038
5344.787894 0.071379
5346.798040 0.080797
5348.808187 0.017665
5350.818333 0.058334
5352.828479 0.049266
5354.838626 0.057404
5356.848772 0.063471
5358.858918 0.110934
5360.869065 0.071256
5362.879211 -0.019414
5364.889358 0.040466
5366.899504 0.080101
5368.909650 0.058788
5370.919797 0.047473
5372.929943 0.080846
5374.940089 0.098219
5376.950236 0.105037
5378.960382 0.041573
5380.970529 0.092919
5382.980675 0.084274
5384.990822 0.050759
5387.000968 0.016972
5389.011114 0.036402
5391.021261 0.053075
5393.031407 0.062238
5395.041553 0.060776
5397.051700 0.046123
5399.061846 0.022028
5401.071993 0.033408
5403.082139 0.042473
5405.092285 0.041612
5407.102432 0.060681
5409.112578 0.062466
5411.122725 0.054207
5413.132871 0.044839
5415.143017 0.017778
5417.153164 0.012426
5419.163310 0.053405
5421.173456 0.036430
5423.183603 0.057396
5425.193749 0.030177
5427.203896 0.058730
5429.214042 0.039650
5431.224189 0.019669
5433.234335 0.003961
5435.244481 0.034700
5437.254628 0.013202
5439.264774 0.032963
5441.274920 0.028294
5443.285067 0.034814
5445.295213 0.005302
5447.305360 0.025899
5449.315506 0.029971
5451.325653 0.012089
5453.335799 0.007925
5455.345945 0.022048
5457.356091 0.023721
5459.366238 0.010306
5461.376384 0.016569
5463.386531 0.011831
5465.396677 0.001496
5467.406824 0.002796
5469.416970 0.015887
5471.427116 0.026884
5473.437262 0.001229
5475.447409 0.012342
5477.457555 0.011769
5479.467702 0.021013
5481.477848 -0.000435
5483.487995 -0.004904
5485.498141 -0.004836
5487.508288 0.007680
5489.518434 -0.008961
5491.528580 -0.006801
