3121.147399 0.018457
3123.469846 0.034613
3125.792293 0.016061
3128.114740 0.021718
3130.437187 0.033551
3132.759634 0.020019
3135.082081 0.015886
3137.404527 0.039199
3139.726974 0.023850
3142.049421 0.018410
3144.371868 0.037416
3146.694315 0.032028
3149.016762 0.023433
3151.339209 0.014974
3153.661655 0.012583
3155.984102 0.024076
3158.306549 0.032629
3160.628996 0.005064
3162.951443 0.002899
3165.273890 0.033746
3167.596337 0.019737
3169.918783 0.023777
3172.241230 0.021040
3174.563677 0.010960
3176.886124 0.038180
3179.208571 0.018027
3181.531018 0.014827
3183.853465 0.026050
3186.175912 0.029083
3188.498358 0.020759
3190.820805 0.017806
3193.143252 0.017531
3195.465699 0.033966
3197.788146 0.037658
3200.110593 0.017555
3202.433040 0.015859
3204.755486 0.029803
3207.077933 0.018801
3209.400380 0.003529
3211.722827 0.007033
3214.045274 0.038916
3216.367721 0.018885
3218.690168 0.030164
3221.012614 0.025287
3223.335061 0.007546
3225.657508 0.019212
3227.979955 0.023829
3230.302402 0.018384
3232.624849 0.013916
3234.947296 0.013232
3237.269743 0.006994
3239.592189 0.010267
3241.914636 0.017215
3244.237083 0.026650
3246.559530 0.022529
3248.881977 0.029385
3251.204424 0.019119
3253.526871 0.009046
3255.849317 0.032035
3258.171764 0.034726
3260.494211 0.029420
3262.816658 0.029187
3265.139105 0.018091
3267.461552 0.017250
3269.783999 0.009247
3272.106445 0.021980
3274.428892 0.030125
3276.751339 0.019857
3279.073786 0.029449
3281.396233 0.018320
3283.718680 0.008334
3286.041127 0.026921
3288.363574 0.014129
3290.686020 0.017101
3293.008467 0.039100
3295.330914 0.021200
3297.653361 0.031537
3299.975808 0.037729
3302.298255 0.030254
3304.620702 0.034951
3306.943148 0.021655
3309.265595 0.015886
3311.588042 0.019573
3313.910489 0.037124
3316.232936 0.028725
3318.555383 0.028373
3320.877830 0.019365
3323.200276 0.019578
3325.522723 0.036171
3327.845170 0.026238
3330.167617 0.026241
3332.490064 0.027158
3334.812511 0.033827
3337.134958 0.029032
3339.457405 0.026002
3341.779851 0.028706
3344.102298 0.036482
3346.424745 0.036128
3348.747192 0.033852
3351.069639 0.026078
3353.392086 0.028379
3355.714533 0.031774
3358.036979 0.033052
3360.359426 0.034664
3362.681873 0.029489
3365.004320 0.030760
3367.326767 0.026753
3369.649214 0.015470
3371.971661 0.022616
3374.294107 0.024971
3376.616554 0.034775
3378.939001 0.027156
3381.261448 0.011951
3383.583895 0.025052
3385.906342 0.032282
3388.228789 0.020343
3390.551236 0.033115
3392.873682 0.023420
3395.196129 0.023169
3397.518576 0.021330
3399.841023 0.034160
3402.163470 0.039059
3404.485917 0.041582
3406.808364 0.045366
3409.130810 0.026567
3411.453257 0.031456
3413.775704 0.039131
3416.098151 0.040766
3418.420598 0.029954
3420.743045 0.031075
3423.065492 0.034230
3425.387938 0.035477
3427.710385 0.034479
3430.032832 0.041775
3432.355279 0.023248
3434.677726 0.023558
3437.000173 0.035404
3439.322620 0.018190
3441.645067 0.026226
3443.967513 0.034254
3446.289960 0.037921
3448.612407 0.032746
3450.934854 0.039701
3453.257301 0.033231
3455.579748 0.025269
3457.902195 0.039655
3460.224641 0.029741
3462.547088 0.028224
3464.869535 0.023486
3467.191982 0.021714
3469.514429 0.026750
3471.836876 0.030001
3474.159323 0.039441
3476.481769 0.039252
3478.804216 0.030954
3481.126663 0.040384
3483.449110 0.032057
3485.771557 0.040485
3488.094004 0.029205
3490.416451 0.038858
3492.738898 0.037498
3495.061344 0.037687
3497.383791 0.044907
3499.706238 0.039286
3502.028685 0.033856
3504.351132 0.038261
3506.673579 0.032406
3508.996026 0.042998
3511.318472 0.030076
3513.640919 0.021741
3515.963366 0.041640
3518.285813 0.035912
3520.608260 0.025115
3522.930707 0.023849
3525.253154 0.024605
3527.575600 0.043254
3529.898047 0.030996
3532.220494 0.028936
3534.542941 0.034158
3536.865388 0.036180
3539.187835 0.043226
3541.510282 0.054925
3543.832729 0.037792
3546.155175 0.031991
3548.477622 0.039066
3550.800069 0.040384
3553.122516 0.035663
3555.444963 0.041612
3557.767410 0.034533
3560.089857 0.039363
3562.412303 0.038039
3564.734750 0.022890
3567.057197 0.027558
3569.379644 0.036373
3571.702091 0.031979
3574.024538 0.036550
3576.346985 0.046216
3578.669431 0.019367
3580.991878 0.033287
3583.314325 0.030871
3585.636772 0.018062
3587.959219 0.022822
3590.281666 0.029333
3592.604113 0.038563
3594.926560 0.032814
3597.249006 0.031465
3599.571453 0.041919
3601.893900 0.041095
3604.216347 0.032876
3606.538794 0.027133
3608.861241 0.043597
3611.183688 0.038982
3613.506134 0.036507
3615.828581 0.033771
3618.151028 0.031391
3620.473475 0.046257
3622.795922 0.030472
3625.118369 0.038980
3627.440816 0.038646
3629.763262 0.038261
3632.085709 0.037422
3634.408156 0.035324
3636.730603 0.026071
3639.053050 0.037271
3641.375497 0.047503
3643.697944 0.040965
3646.020391 0.035472
3648.342837 0.028237
3650.665284 0.035426
3652.987731 0.034583
3655.310178 0.025006
3657.632625 0.032500
3659.955072 0.041592
3662.277519 0.039297
3664.599965 0.042882
3666.922412 0.041833
3669.244859 0.028818
3671.567306 0.034002
3673.889753 0.039981
3676.212200 0.041560
3678.534647 0.044098
3680.857093 0.041269
3683.179540 0.049918
3685.501987 0.034302
3687.824434 0.045894
3690.146881 0.030558
3692.469328 0.055484
3694.791775 0.045876
3697.114222 0.043338
3699.436668 0.048754
3701.759115 0.033358
3704.081562 0.030435
3706.404009 0.036548
3708.726456 0.040629
3711.048903 0.037752
3713.371350 0.041373
3715.693796 0.049548
3718.016243 0.052009
3720.338690 0.054872
3722.661137 0.054279
3724.983584 0.079356
3727.306031 0.096702
3729.628478 0.092618
3731.950924 0.065729
3734.273371 0.045611
3736.595818 0.036480
3738.918265 0.036830
3741.240712 0.046888
3743.563159 0.041097
3745.885606 0.029491
3748.208053 0.037210
3750.530499 0.042066
3752.852946 0.028347
3755.175393 0.027615
3757.497840 0.047137
3759.820287 0.046826
3762.142734 0.043461
3764.465181 0.048776
3766.787627 0.050644
3769.110074 0.038469
3771.432521 0.047734
3773.754968 0.054956
3776.077415 0.042103
3778.399862 0.059205
3780.722309 0.070592
3783.044755 0.051661
3785.367202 0.046940
3787.689649 0.039203
3790.012096 0.041312
3792.334543 0.043430
3794.656990 0.024910
3796.979437 0.038538
3799.301884 0.046116
3801.624330 0.031586
3803.946777 0.029362
3806.269224 0.037593
3808.591671 0.062780
3810.914118 0.047954
3813.236565 0.042497
3815.559012 0.040017
3817.881458 0.055440
3820.203905 0.042813
3822.526352 0.037892
3824.848799 0.038088
3827.171246 0.047281
3829.493693 0.038537
3831.816140 0.041145
3834.138586 0.029555
3836.461033 0.034246
3838.783480 0.030408
3841.105927 0.024548
3843.428374 0.043067
3871.297736 0.063407
3873.620183 0.059665
3875.942630 0.058711
3878.265077 0.058059
3880.587524 0.046078
3882.909971 0.052620
3885.232417 0.059097
3887.554864 0.045279
3889.877311 0.053608
3892.199758 0.040819
3894.522205 0.045354
3896.844652 0.054197
3899.167099 0.056300
3901.489546 0.054379
3903.811992 0.053718
3906.134439 0.065733
3908.456886 0.049261
3910.779333 0.058773
3913.101780 0.073308
3915.424227 0.052777
3917.746674 0.057792
3920.069120 0.059942
3922.391567 0.064926
3924.714014 0.045048
3927.036461 0.049679
3929.358908 0.042395
3931.681355 0.033695
3934.003802 0.015275
3936.326248 0.031999
3938.648695 0.027892
3940.971142 0.038020
3943.293589 0.045577
3945.616036 0.059030
3947.938483 0.066845
3950.260930 0.057700
3952.583377 0.069630
3954.905823 0.066697
3957.228270 0.059578
3959.550717 0.058453
3961.873164 0.041655
3964.195611 0.039950
3966.518058 0.042357
3968.840505 0.030052
3971.162951 0.025294
3973.485398 0.032492
3975.807845 0.046818
3978.130292 0.056547
3980.452739 0.047868
3982.775186 0.057304
3985.097633 0.071930
3987.420079 0.066496
3989.742526 0.052772
3992.064973 0.072407
3994.387420 0.077047
3996.709867 0.067029
3999.032314 0.067018
4001.354761 0.072542
4003.677208 0.101166
4005.999654 0.082652
4008.322101 0.074528
4010.644548 0.080767
4012.966995 0.080977
4015.289442 0.084240
4017.611889 0.073725
4019.934336 0.087253
4022.256782 0.080717
4024.579229 0.079497
4026.901676 0.085641
4029.224123 0.084092
4031.546570 0.085527
4033.869017 0.084851
4036.191464 0.089095
4038.513910 0.080798
4040.836357 0.076754
4043.158804 0.080527
4045.481251 0.088461
4047.803698 0.078855
4050.126145 0.067812
4052.448592 0.065640
4054.771039 0.072022
4057.093485 0.075392
4059.415932 0.077738
4061.738379 0.088812
4064.060826 0.084569
4066.383273 0.083874
4068.705720 0.076774
4071.028167 0.080182
4073.350613 0.092336
4075.673060 0.083853
4077.995507 0.079259
4080.317954 0.068734
4082.640401 0.070682
4084.962848 0.096039
4087.285295 0.079497
4089.607741 0.096393
4091.930188 0.088842
4094.252635 0.086700
4096.575082 0.086709
4098.897529 0.077576
4101.219976 0.073874
4103.542423 0.067391
4105.864870 0.070498
4108.187316 0.075333
4110.509763 0.072932
4112.832210 0.094692
4115.154657 0.067967
4117.477104 0.088666
4119.799551 0.085360
4122.121998 0.087081
4124.444444 0.084130
4126.766891 0.082521
4129.089338 0.067282
4131.411785 0.074657
4133.734232 0.081532
4136.056679 0.089879
4138.379126 0.093678
4140.701572 0.096695
4143.024019 0.071430
4145.346466 0.084504
4147.668913 0.072238
4149.991360 0.079244
4152.313807 0.072114
4154.636254 0.078340
4156.958701 0.079478
4159.281147 0.092276
4161.603594 0.080880
4163.926041 0.080583
4166.248488 0.086211
4168.570935 0.093075
4170.893382 0.086957
4173.215829 0.065957
4175.538275 0.074113
4177.860722 0.080576
4180.183169 0.066667
4182.505616 0.082625
4184.828063 0.080528
4187.150510 0.081012
4189.472957 0.086224
4191.795403 0.083764
4194.117850 0.091596
4196.440297 0.090805
4198.762744 0.076976
4201.085191 0.075013
4203.407638 0.088850
4205.730085 0.086111
4208.052532 0.084886
4210.374978 0.092539
4212.697425 0.082069
4215.019872 0.095054
4217.342319 0.095504
4219.664766 0.091441
4221.987213 0.096722
4224.309660 0.088362
4226.632106 0.084642
4228.954553 0.088384
4231.277000 0.093396
4233.599447 0.083370
4235.921894 0.093004
4238.244341 0.090197
4240.566788 0.083925
4242.889234 0.084633
4245.211681 0.087211
4247.534128 0.082211
4249.856575 0.085457
4252.179022 0.095996
4254.501469 0.093334
4256.823916 0.084490
4259.146363 0.083930
4261.468809 0.088104
4263.791256 0.090508
4266.113703 0.104403
4268.436150 0.097850
4270.758597 0.102737
4273.081044 0.074718
4275.403491 0.086364
4277.725937 0.091567
4280.048384 0.087255
4282.370831 0.103829
4284.693278 0.101090
4287.015725 0.078968
4289.338172 0.071260
4291.660619 0.089037
4293.983065 0.068038
4296.305512 0.066542
4298.627959 0.075886
4300.950406 0.051746
4303.272853 0.056291
4305.595300 0.055841
4307.917747 0.047740
4310.240194 0.040814
4312.562640 0.067427
4314.885087 0.092033
4317.207534 0.085910
4319.529981 0.094335
4321.852428 0.093931
4324.174875 0.083505
4326.497322 0.079109
4328.819768 0.091932
4331.142215 0.088637
4333.464662 0.106672
4335.787109 0.091025
4338.109556 0.077493
4340.432003 0.089555
4342.754450 0.090026
4345.076896 0.073412
4347.399343 0.079668
4349.721790 0.083484
4352.044237 0.090647
4354.366684 0.088113
4356.689131 0.092249
4359.011578 0.088232
4361.334025 0.095659
4363.656471 0.099801
4365.978918 0.111223
4368.301365 0.097592
4370.623812 0.077046
4372.946259 0.092344
4375.268706 0.103010
4377.591153 0.106802
4379.913599 0.097663
4382.236046 0.074757
4384.558493 0.083248
4386.880940 0.093154
4389.203387 0.101478
4391.525834 0.097663
4393.848281 0.092540
4396.170727 0.097863
4398.493174 0.083957
4400.815621 0.087387
4403.138068 0.103556
4405.460515 0.103169
4407.782962 0.094948
4410.105409 0.090562
4412.427856 0.106682
4414.750302 0.106742
4417.072749 0.112743
4419.395196 0.098593
4421.717643 0.088168
4424.040090 0.092874
4426.362537 0.107548
4428.684984 0.104847
4431.007430 0.104219
4433.329877 0.108364
4435.652324 0.103792
4437.974771 0.100540
4440.297218 0.096598
4442.619665 0.102857
4444.942112 0.115122
4447.264558 0.098269
4449.587005 0.102345
4451.909452 0.108288
4454.231899 0.097929
4456.554346 0.086320
4458.876793 0.099077
4461.199240 0.084571
4463.521687 0.096821
4465.844133 0.108739
4468.166580 0.112518
4470.489027 0.111008
4472.811474 0.107265
4475.133921 0.112523
4477.456368 0.122219
4479.778815 0.115457
4482.101261 0.092373
4484.423708 0.085876
4486.746155 0.101635
4489.068602 0.098053
4491.391049 0.106886
4493.713496 0.101966
4496.035943 0.107101
4498.358389 0.111764
4500.680836 0.102070
4503.003283 0.094484
4505.325730 0.106691
4507.648177 0.113072
4509.970624 0.115485
4512.293071 0.121768
4514.615518 0.126389
4516.937964 0.118168
4519.260411 0.091560
4521.582858 0.097908
4523.905305 0.089986
4526.227752 0.088884
4528.550199 0.105601
4530.872646 0.101907
4533.195092 0.104766
4535.517539 0.109374
4537.839986 0.110085
4540.162433 0.090123
4542.484880 0.100850
4544.807327 0.121899
4547.129774 0.103121
4549.452220 0.112865
4551.774667 0.104890
4554.097114 0.081591
4556.419561 0.107758
4558.742008 0.114254
4561.064455 0.102448
4563.386902 0.103683
4565.709349 0.102053
4568.031795 0.122375
4570.354242 0.112594
4572.676689 0.123951
4574.999136 0.123732
4577.321583 0.108957
4579.644030 0.103567
4581.966477 0.095154
4584.288923 0.103670
4586.611370 0.116050
4588.933817 0.109645
4591.256264 0.105036
4593.578711 0.096524
4595.901158 0.102964
4598.223605 0.098511
4600.546051 0.097630
4602.868498 0.108851
4605.190945 0.108603
4607.513392 0.106103
4609.835839 0.113229
4612.158286 0.131438
4614.480733 0.121241
4616.803180 0.106209
4619.125626 0.124349
4621.448073 0.125907
4623.770520 0.109636
4626.092967 0.124877
4628.415414 0.125860
4630.737861 0.119222
4633.060308 0.113402
4635.382754 0.106611
4637.705201 0.112250
4640.027648 0.107997
4642.350095 0.127553
4644.672542 0.107460
4646.994989 0.114316
4649.317436 0.107379
4651.639882 0.114951
4653.962329 0.104531
4656.284776 0.110037
4658.607223 0.109290
4660.929670 0.122177
4663.252117 0.114697
4665.574564 0.107362
4667.897011 0.111580
4670.219457 0.121529
4672.541904 0.102250
4674.864351 0.105687
4677.186798 0.118567
4679.509245 0.118588
4681.831692 0.122479
4684.154139 0.101759
4686.476585 0.112700
4688.799032 0.115212
4691.121479 0.112582
4693.443926 0.113777
4695.766373 0.110482
4698.088820 0.127082
4700.411267 0.099603
4702.733713 0.100004
4705.056160 0.112613
4707.378607 0.073259
4709.701054 0.110762
4712.023501 0.111298
4714.345948 0.131168
4716.668395 0.138915
4718.990842 0.129916
4721.313288 0.097649
4723.635735 0.130171
4725.958182 0.127111
4728.280629 0.124417
4730.603076 0.120760
4732.925523 0.125518
4735.247970 0.128203
4737.570416 0.115502
4739.892863 0.121679
4742.215310 0.118319
4744.537757 0.097756
4746.860204 0.086561
4749.182651 0.078026
4751.505098 0.101552
4753.827544 0.089535
4756.149991 0.118790
4758.472438 0.129942
4760.794885 0.102046
4763.117332 0.091961
4765.439779 0.091302
4767.762226 0.080932
4770.084673 0.101489
4772.407119 0.102009
4774.729566 0.095286
4777.052013 0.094721
4779.374460 0.124470
4781.696907 0.128909
4784.019354 0.121901
4786.341801 0.118031
4788.664247 0.112097
4790.986694 0.106511
4793.309141 0.119039
4795.631588 0.120392
4797.954035 0.089689
4800.276482 0.115329
4802.598929 0.121123
4804.921375 0.089437
4807.243822 0.090000
4809.566269 0.094393
4811.888716 0.082163
4814.211163 0.103663
4816.533610 0.111972
4818.856057 0.127732
4821.178504 0.137343
4823.500950 0.117085
4825.823397 0.117804
4828.145844 0.097518
4830.468291 0.100373
4832.790738 0.110375
4835.113185 0.115205
4837.435632 0.108217
4839.758078 0.111877
4842.080525 0.105203
4844.402972 0.111714
4846.725419 0.108444
4849.047866 0.099290
4851.370313 0.102654
4853.692760 0.108258
4856.015206 0.105093
4858.337653 0.112652
4860.660100 0.117341
4862.982547 0.096350
4865.304994 0.088901
4867.627441 0.101497
4869.949888 0.104109
4872.272335 0.109061
4874.594781 0.120385
4876.917228 0.120958
4879.239675 0.108650
4881.562122 0.096415
4883.884569 0.105959
4886.207016 0.100328
4888.529463 0.119306
4890.851909 0.124385
4893.174356 0.122843
4895.496803 0.122433
4897.819250 0.134969
4900.141697 0.132714
4902.464144 0.125660
4904.786591 0.132354
4907.109037 0.130879
4909.431484 0.121783
4911.753931 0.102978
4914.076378 0.109089
4916.398825 0.115695
4918.721272 0.122253
4921.043719 0.122748
4923.366166 0.091488
4925.688612 0.095995
4928.011059 0.099185
4930.333506 0.096828
4932.655953 0.122602
4934.978400 0.121005
4937.300847 0.121779
4939.623294 0.127589
4941.945740 0.116722
4944.268187 0.115603
4946.590634 0.115077
4948.913081 0.109346
4951.235528 0.126134
4953.557975 0.133608
4955.880422 0.145072
4958.202868 0.143031
4960.525315 0.132111
4962.847762 0.114679
4965.170209 0.085384
4967.492656 0.086355
4969.815103 0.094215
4972.137550 0.096621
4974.459997 0.104811
4976.782443 0.101829
4979.104890 0.104911
4981.427337 0.121211
4983.749784 0.127758
4986.072231 0.117707
4988.394678 0.088215
4990.717125 0.077351
4993.039571 0.101044
4995.362018 0.110731
4997.684465 0.119563
5000.006912 0.141344
5002.329359 0.158218
5004.651806 0.185875
5006.974253 0.208774
5009.296699 0.183640
5011.619146 0.153500
5013.941593 0.121939
5016.264040 0.108035
5018.586487 0.095595
5020.908934 0.103778
5023.231381 0.114356
5025.553828 0.101586
5027.876274 0.098470
5030.198721 0.113691
5032.521168 0.117562
5034.843615 0.127504
5037.166062 0.134393
5039.488509 0.101300
5041.810956 0.131295
5044.133402 0.136983
5046.455849 0.120085
5048.778296 0.114719
5051.100743 0.126552
5053.423190 0.137342
5055.745637 0.110633
5058.068084 0.114022
5060.390530 0.144483
5062.712977 0.110067
5065.035424 0.122054
5067.357871 0.153347
5069.680318 0.139065
5072.002765 0.123176
5074.325212 0.133742
5076.647659 0.126627
5078.970105 0.117610
5081.292552 0.128381
5083.614999 0.115236
5085.937446 0.116519
5088.259893 0.131488
5090.582340 0.121556
5092.904787 0.115739
5095.227233 0.128551
5097.549680 0.114239
5099.872127 0.117818
5102.194574 0.123327
5104.517021 0.123669
5106.839468 0.110080
5109.161915 0.143385
5111.484361 0.139869
5113.806808 0.133429
5116.129255 0.126191
5118.451702 0.138867
5120.774149 0.133039
5123.096596 0.132371
5125.419043 0.122719
5127.741490 0.111022
5130.063936 0.128121
5132.386383 0.124299
5134.708830 0.104533
5137.031277 0.103980
5139.353724 0.111433
5141.676171 0.127035
5143.998618 0.133931
5146.321064 0.136506
5148.643511 0.111720
5150.965958 0.112705
5153.288405 0.125760
5155.610852 0.128010
5157.933299 0.117575
5160.255746 0.126023
5162.578193 0.146177
5164.900639 0.139930
5167.223086 0.129264
5169.545533 0.118203
5171.867980 0.097696
5174.190427 0.105391
5176.512874 0.089978
5178.835321 0.086387
5181.157767 0.088529
5183.480214 0.094104
5185.802661 0.107320
5188.125108 0.094565
5190.447555 0.103253
5192.770002 0.118875
5195.092449 0.116663
5197.414895 0.105488
5199.737342 0.120997
5202.059789 0.125627
5204.382236 0.145541
5206.704683 0.133493
5209.027130 0.120388
5211.349577 0.123087
5213.672024 0.113565
5215.994470 0.104143
5218.316917 0.125592
5220.639364 0.128467
5222.961811 0.114816
5225.284258 0.124821
5227.606705 0.140480
5229.929152 0.134054
5232.251598 0.117883
5234.574045 0.135105
5236.896492 0.127285
5239.218939 0.109028
5241.541386 0.115498
5243.863833 0.125421
5246.186280 0.115650
5248.508726 0.094714
5250.831173 0.109547
5253.153620 0.086130
5255.476067 0.057879
5257.798514 0.081440
5260.120961 0.081395
5262.443408 0.103339
5264.765855 0.126511
5267.088301 0.141509
5269.410748 0.131195
5271.733195 0.101202
5274.055642 0.102805
5276.378089 0.106592
5278.700536 0.078326
5281.022983 0.094220
5283.345429 0.138270
5285.667876 0.135529
5287.990323 0.143639
5290.312770 0.166987
5292.635217 0.161530
5294.957664 0.148819
5297.280111 0.153354
5299.602557 0.123030
5301.925004 0.132138
5304.247451 0.125843
5306.569898 0.122235
5308.892345 0.150115
5311.214792 0.156318
5313.537239 0.142938
5315.859686 0.140932
5318.182132 0.147679
5320.504579 0.126887
5322.827026 0.148137
5325.149473 0.127177
5327.471920 0.121389
5329.794367 0.115574
5332.116814 0.099491
5334.439260 0.106475
5336.761707 0.130603
5339.084154 0.136207
5341.406601 0.151322
5343.729048 0.133934
5346.051495 0.143779
5348.373942 0.145517
5350.696388 0.138087
5353.018835 0.140020
5355.341282 0.147692
5357.663729 0.162113
5359.986176 0.126444
5362.308623 0.125969
5364.631070 0.136765
5366.953517 0.158381
5369.275963 0.129476
5371.598410 0.136649
5373.920857 0.150455
5376.243304 0.145567
5378.565751 0.139405
5380.888198 0.136499
5383.210645 0.170967
5385.533091 0.148939
5387.855538 0.155570
5390.177985 0.136562
5392.500432 0.121653
5394.822879 0.133059
5397.145326 0.140119
5399.467773 0.133514
5401.790219 0.151638
5404.112666 0.117733
5406.435113 0.121456
5408.757560 0.146591
5411.080007 0.148379
5413.402454 0.141818
5415.724901 0.160132
5418.047348 0.155901
5420.369794 0.120157
5422.692241 0.142982
5425.014688 0.156039
5427.337135 0.143877
5429.659582 0.146685
5431.982029 0.140184
5434.304476 0.132213
5436.626922 0.146675
5438.949369 0.149887
5441.271816 0.136002
5443.594263 0.151446
5445.916710 0.153111
5448.239157 0.136836
5450.561604 0.155312
5452.884050 0.145211
5455.206497 0.141152
5457.528944 0.120748
5459.851391 0.083879
5462.173838 0.111740
5464.496285 0.107050
5466.818732 0.148642
5469.141179 0.170732
5471.463625 0.143897
5473.786072 0.167099
5476.108519 0.134445
5478.430966 0.144185
5480.753413 0.096036
5483.075860 0.086744
5485.398307 0.111989
5487.720753 0.087680
5490.043200 0.096234
5492.365647 0.102228
5494.688094 0.119746
5497.010541 0.139235
5499.332988 0.135224
5501.655435 0.154059
5503.977881 0.135788
5506.300328 0.139222
5508.622775 0.166627
5510.945222 0.118588
5513.267669 0.105304
5515.590116 0.107354
5517.912563 0.095350
5520.235010 0.146332
5522.557456 0.139424
5524.879903 0.142906
5527.202350 0.119329
5529.524797 0.128189
5531.847244 0.122466
5534.169691 0.097136
5536.492138 0.134941
5538.814584 0.141919
5541.137031 0.155561
5543.459478 0.159436
5545.781925 0.166548
5548.104372 0.141376
5550.426819 0.158949
5552.749266 0.118482
5555.071712 0.106664
5557.394159 0.134406
5559.716606 0.147698
5562.039053 0.148178
5564.361500 0.156800
5566.683947 0.134741
5569.006394 0.135029
5571.328841 0.098054
5573.651287 0.105917
5575.973734 0.125427
5578.296181 0.122805
5580.618628 0.133739
5582.941075 0.143973
5585.263522 0.137017
5587.585969 0.130467
5589.908415 0.140302
5592.230862 0.133119
5594.553309 0.118806
5596.875756 0.126569
5599.198203 0.123687
5601.520650 0.129536
5603.843097 0.145086
5606.165543 0.144165
5608.487990 0.139958
5610.810437 0.118675
5613.132884 0.131927
5615.455331 0.133617
5617.777778 0.119234
5620.100225 0.129653
5622.422672 0.121676
5624.745118 0.098406
5627.067565 0.112965
5629.390012 0.093883
5631.712459 0.103965
5634.034906 0.104166
5636.357353 0.098485
5638.679800 0.107493
5641.002246 0.103857
5643.324693 0.113182
5645.647140 0.129660
5647.969587 0.132219
5650.292034 0.118887
5652.614481 0.103975
5654.936928 0.100893
5657.259374 0.105556
5659.581821 0.103612
5661.904268 0.109927
5664.226715 0.100783
5666.549162 0.096713
5668.871609 0.124445
5671.194056 0.137748
5673.516503 0.168411
5675.838949 0.138064
5678.161396 0.126648
5680.483843 0.106498
5682.806290 0.102477
5685.128737 0.099128
5687.451184 0.092924
5689.773631 0.092327
5692.096077 0.083659
5694.418524 0.117174
5696.740971 0.095223
5699.063418 0.115382
5701.385865 0.127220
5703.708312 0.122220
5706.030759 0.113793
5708.353205 0.121204
5710.675652 0.140265
5712.998099 0.150393
5715.320546 0.158790
5717.642993 0.137710
5719.965440 0.139995
5722.287887 0.137743
5724.610334 0.159000
5726.932780 0.135319
5729.255227 0.148633
5731.577674 0.177566
5733.900121 0.122545
5736.222568 0.130456
5738.545015 0.150306
5740.867462 0.160403
5743.189908 0.153631
5745.512355 0.137492
5747.834802 0.118374
5750.157249 0.118472
5752.479696 0.129644
5754.802143 0.119415
5757.124590 0.131739
5759.447036 0.152021
5761.769483 0.151334
5764.091930 0.112009
5766.414377 0.159585
5768.736824 0.177558
5771.059271 0.198925
5773.381718 0.174235
5775.704165 0.151450
5778.026611 0.157353
5780.349058 0.165301
5782.671505 0.133389
5784.993952 0.123715
5787.316399 0.134457
5789.638846 0.124950
5791.961293 0.097431
5794.283739 0.092920
5796.606186 0.101306
5798.928633 0.142911
5801.251080 0.191629
5803.573527 0.167972
5805.895974 0.145179
5808.218421 0.198532
5810.540867 0.161353
5812.863314 0.095412
5815.185761 0.084781
5817.508208 0.100160
5819.830655 0.107951
5822.153102 0.172804
5824.475549 0.193429
5826.797996 0.136860
5829.120442 0.128431
5831.442889 0.189779
5833.765336 0.116288
5836.087783 0.105577
5838.410230 0.165093
5840.732677 0.124635
5843.055124 0.048396
5845.377570 0.085796
5847.700017 0.130228
5850.022464 0.173667
5852.344911 0.158201
5854.667358 0.176202
5856.989805 0.121726
5859.312252 0.128611
5861.634698 0.095152
5863.957145 0.109370
5866.279592 0.110270
5868.602039 0.138047
5870.924486 0.142624
5873.246933 0.178837
5875.569380 0.149581
5877.891827 0.180911
5880.214273 0.175879
5882.536720 0.116259
5884.859167 0.104200
5887.181614 0.053800
5889.504061 0.071359
5891.826508 0.089371
5894.148955 0.091667
5896.471401 0.100212
5898.793848 0.103999
5901.116295 0.091546
5903.438742 0.098809
5905.761189 0.126335
5908.083636 0.100035
5910.406083 0.104799
5912.728529 0.084371
5915.050976 0.044155
5917.373423 0.103409
5919.695870 0.133305
5922.018317 0.131351
5924.340764 0.107679
5926.663211 0.083505
5928.985658 0.077661
5931.308104 0.073505
5933.630551 0.078928
5935.952998 0.121983
5938.275445 0.103237
5940.597892 0.123918
5942.920339 0.136596
5945.242786 0.134577
5947.565232 0.136086
5949.887679 0.102777
5952.210126 0.119724
5954.532573 0.131635
5956.855020 0.154631
5959.177467 0.144649
5961.499914 0.141674
5963.822360 0.122764
5966.144807 0.146275
5968.467254 0.191398
5970.789701 0.158682
5973.112148 0.124388
5975.434595 0.157647
5977.757042 0.122109
5980.079489 0.111581
5982.401935 0.120175
5984.724382 0.124547
5987.046829 0.160744
5989.369276 0.140503
5991.691723 0.169573
5994.014170 0.197852
5996.336617 0.147138
5998.659063 0.149974
6000.981510 0.111764
6003.303957 0.093758
6005.626404 0.114076
6007.948851 0.106642
6010.271298 0.110759
6012.593745 0.152345
6014.916191 0.164429
6017.238638 0.151492
6019.561085 0.134708
6021.883532 0.121779
6024.205979 0.099772
6026.528426 0.119147
6028.850873 0.099119
6031.173320 0.122361
6033.495766 0.153316
6035.818213 0.159491
6038.140660 0.171344
6040.463107 0.171974
6042.785554 0.163139
6045.108001 0.163231
6047.430448 0.148848
6049.752894 0.178557
6052.075341 0.171755
6054.397788 0.144416
6056.720235 0.137115
6059.042682 0.150361
6061.365129 0.171183
6063.687576 0.190771
6066.010022 0.211501
6068.332469 0.223808
6070.654916 0.174127
6072.977363 0.134917
6075.299810 0.154135
6077.622257 0.166583
6079.944704 0.182061
6082.267151 0.170339
6084.589597 0.159991
6086.912044 0.163981
6089.234491 0.167973
6091.556938 0.139376
6093.879385 0.172777
6096.201832 0.222840
6098.524279 0.218331
6100.846725 0.165639
6103.169172 0.165728
6105.491619 0.242735
6107.814066 0.191060
6110.136513 0.171333
6112.458960 0.181554
6114.781407 0.217319
6117.103853 0.209447
6119.426300 0.137825
6121.748747 0.169731
6124.071194 0.146180
6126.393641 0.143561
6128.716088 0.162314
6131.038535 0.138675
6133.360982 0.139452
6135.683428 0.179316
6138.005875 0.153184
6140.328322 0.112331
6142.650769 0.179325
6144.973216 0.207840
6147.295663 0.170792
6149.618110 0.167717
6151.940556 0.196215
6154.263003 0.146402
6156.585450 0.188528
6158.907897 0.188157
6161.230344 0.140380
6163.552791 0.145326
6165.875238 0.121859
6168.197684 0.133175
6170.520131 0.164659
6172.842578 0.162087
6175.165025 0.161128
6177.487472 0.168781
6179.809919 0.112237
6182.132366 0.085697
6184.454813 0.088169
6186.777259 0.074821
6189.099706 0.127069
6191.422153 0.167227
6193.744600 0.119124
6196.067047 0.081962
6198.389494 0.072618
6200.711941 0.075330
6203.034387 0.099466
6205.356834 0.092688
6207.679281 0.135983
6210.001728 0.160243
6212.324175 0.145512
6214.646622 0.141963
6216.969069 0.146453
6219.291515 0.125655
6221.613962 0.055219
6223.936409 0.084443
6226.258856 0.069331
6228.581303 0.110872
6230.903750 0.095918
6233.226197 0.077047
6235.548644 0.131993
6237.871090 0.130983
6240.193537 0.094921
6242.515984 0.115449
6244.838431 0.141298
6247.160878 0.138343
6249.483325 0.117260
6251.805772 0.108362
6254.128218 0.075762
6256.450665 0.158309
6258.773112 0.128877
6261.095559 0.110962
6263.418006 0.116849
6265.740453 0.131281
6268.062900 0.120898
6270.385346 0.086375
6272.707793 0.106083
6275.030240 0.113974
6277.352687 0.102506
6279.675134 0.112577
6281.997581 0.133901
6284.320028 0.103016
6286.642475 0.063832
6288.964921 0.088080
6291.287368 0.100210
6293.609815 0.134506
6295.932262 0.157888
6298.254709 0.123573
6300.577156 0.107891
6302.899603 0.109505
6305.222049 0.095561
6307.544496 0.127255
6309.866943 0.106885
6312.189390 0.114387
6314.511837 0.117874
6316.834284 0.079118
6319.156731 0.109669
6321.479177 0.121921
6323.801624 0.105547
6326.124071 0.128968
6328.446518 0.134121
6330.768965 0.097427
6333.091412 0.077300
6335.413859 0.124232
6337.736306 0.119855
6340.058752 0.100510
6342.381199 0.083979
6344.703646 0.099980
6347.026093 0.136284
6349.348540 0.120241
6351.670987 0.110368
6353.993434 0.105116
6356.315880 0.123493
6358.638327 0.113800
6360.960774 0.122480
6363.283221 0.110130
6365.605668 0.122674
6367.928115 0.113705
6370.250562 0.105365
6372.573008 0.117921
6374.895455 0.164071
6377.217902 0.167361
6379.540349 0.125233
6381.862796 0.117946
6384.185243 0.106978
6386.507690 0.118800
6388.830137 0.099351
6391.152583 0.123814
6393.475030 0.154640
