2810.832376 -0.020408
2812.927035 0.010519
2815.021693 0.004087
2817.116352 0.021053
2819.211011 0.019690
2821.305669 0.031963
2823.400328 0.036143
2825.494986 0.027620
2827.589645 0.010558
2829.684303 0.021588
2831.778962 0.017919
2833.873620 -0.001991
2835.968279 0.011943
2838.062938 0.046539
2840.157596 0.060901
2842.252255 0.014054
2844.346913 0.041706
2846.441571 0.051217
2848.536230 0.033148
2850.630889 0.022119
2852.725547 0.020853
2854.820206 0.021368
2856.914865 -0.013527
2859.009523 0.023997
2861.104182 0.025640
2863.198840 0.023637
2865.293498 0.035228
2867.388157 0.036576
2869.482816 0.044291
2871.577474 0.029473
2873.672133 0.010530
2875.766792 0.026170
2877.861450 0.027439
2879.956109 0.015247
2882.050767 0.026107
2884.145426 0.028193
2886.240084 0.039669
2888.334743 0.035621
2890.429401 0.033194
2892.524060 0.042823
2894.618719 0.031942
2896.713377 0.025952
2898.808036 0.041247
2900.902694 0.054277
2902.997353 0.030008
2905.092011 0.038285
2907.186670 0.040999
2909.281328 0.044225
2911.375987 0.046461
2913.470645 0.041719
2915.565304 0.046891
2917.659963 0.041213
2919.754621 0.053131
2921.849280 0.048245
2923.943939 0.031243
2926.038597 0.047083
2928.133255 0.038100
2930.227914 0.044466
2932.322572 0.068111
2934.417231 0.055946
2936.511890 0.036967
2938.606548 0.048016
2940.701207 0.058498
2942.795866 0.067565
2944.890524 0.047740
2946.985182 0.041064
2949.079841 0.072133
2951.174499 0.049106
2953.269158 0.048272
2955.363817 0.056536
2957.458475 0.045980
2959.553134 0.057323
2961.647793 0.064699
2963.742451 0.053570
2965.837109 0.054953
2967.931768 0.062498
2970.026426 0.036475
2972.121085 0.032252
2974.215744 0.051981
2976.310402 0.045482
2978.405061 0.032808
2980.499719 0.057192
2982.594378 0.042351
2984.689037 0.050868
2986.783695 0.033302
2988.878353 0.045961
2990.973012 0.028203
2993.067671 0.037356
2995.162329 0.050961
2997.256988 0.047516
2999.351646 0.043686
3001.446305 0.052161
3003.540964 0.044672
3005.635622 0.050040
3007.730280 0.055981
3009.824939 0.041097
3011.919598 0.042067
3014.014256 0.048205
3016.108915 0.053958
3018.203573 0.042109
3020.298232 0.038610
3022.392891 0.044502
3024.487549 0.030095
3026.582207 0.054951
3028.676866 0.048442
3030.771524 0.057164
3032.866183 0.051205
3034.960842 0.052771
3037.055500 0.049140
3039.150159 0.028949
3041.244818 0.041073
3043.339476 0.052918
3045.434134 0.048929
3047.528793 0.049699
3049.623451 0.046871
3051.718110 0.054754
3053.812769 0.055037
3055.907427 0.061607
3058.002086 0.044203
3060.096745 0.048688
3062.191403 0.038984
3064.286062 0.041592
3066.380720 0.053154
3068.475378 0.052053
3070.570037 0.049769
3072.664696 0.058009
3074.759354 0.057427
3076.854013 0.055231
3078.948672 0.051346
3081.043330 0.075917
3083.137989 0.039933
3085.232647 0.040397
3087.327305 0.062870
3089.421964 0.057657
3091.516623 0.053658
3093.611281 0.055054
3095.705940 0.039873
3097.800598 0.044469
3099.895257 0.041902
3101.989916 0.056014
3104.084574 0.067622
3106.179232 0.063669
3108.273891 0.063657
3110.368550 0.046072
3112.463208 0.055493
3114.557867 0.052625
3116.652525 0.064686
3118.747184 0.071948
3120.841843 0.055703
3122.936501 0.058810
3125.031159 0.062308
3127.125818 0.062923
3129.220477 0.062536
3131.315135 0.071110
3133.409794 0.057905
3135.504452 0.035511
3137.599111 0.057008
3139.693770 0.065785
3141.788428 0.068111
3143.883087 0.060597
3145.977745 0.058355
3148.072403 0.063839
3150.167062 0.054402
3152.261721 0.057699
3154.356379 0.070452
3156.451038 0.061110
3158.545697 0.056722
3160.640355 0.045951
3162.735014 0.059092
3164.829672 0.054572
3166.924330 0.046398
3169.018989 0.078925
3171.113648 0.073561
3173.208306 0.064711
3175.302965 0.077477
3177.397624 0.059260
3179.492282 0.057023
3181.586941 0.048018
3183.681599 0.046617
3185.776257 0.047934
3187.870916 0.049854
3189.965575 0.065521
3192.060233 0.065776
3194.154892 0.075551
3196.249551 0.065835
3198.344209 0.057843
3200.438868 0.088586
3202.533526 0.088514
3204.628184 0.069967
3206.722843 0.080449
3208.817502 0.066343
3210.912160 0.081132
3213.006819 0.063814
3215.101477 0.058641
3217.196136 0.066007
3219.290795 0.064256
3221.385453 0.081173
3223.480112 0.080300
3225.574770 0.066605
3227.669429 0.057778
3229.764087 0.050620
3231.858746 0.049961
3233.953404 0.070259
3236.048063 0.045895
3238.142722 0.054355
3240.237380 0.073397
3242.332039 0.077867
3244.426698 0.060949
3246.521356 0.060919
3248.616014 0.059950
3250.710673 0.054688
3252.805331 0.066265
3254.899990 0.076223
3256.994649 0.093831
3259.089307 0.081710
3261.183966 0.081266
3263.278625 0.076575
3265.373283 0.089284
3267.467941 0.101072
3269.562600 0.085725
3271.657258 0.074072
3273.751917 0.075792
3275.846576 0.081175
3277.941234 0.063775
3280.035893 0.101826
3282.130551 0.087961
3284.225210 0.069403
3286.319868 0.071948
3288.414527 0.075918
3290.509185 0.082356
3292.603844 0.085484
3294.698503 0.102466
3296.793161 0.102589
3298.887820 0.084142
3300.982478 0.083879
3303.077137 0.086449
3305.171795 0.086434
3307.266454 0.091246
3309.361112 0.097477
3311.455771 0.079947
3313.550430 0.089630
3315.645088 0.072673
3317.739747 0.085865
3319.834405 0.085925
3321.929064 0.085611
3324.023723 0.081973
3326.118381 0.077765
3328.213039 0.093347
3330.307698 0.084647
3332.402356 0.081357
3334.497015 0.088300
3336.591674 0.075437
3338.686332 0.069823
3340.780991 0.091874
3342.875650 0.093903
3344.970308 0.094571
3347.064966 0.097280
3349.159625 0.079498
3351.254283 0.090733
3353.348942 0.114406
3355.443601 0.098482
3357.538259 0.075215
3359.632918 0.081640
3361.727577 0.076651
3363.822235 0.075485
3365.916893 0.070647
3368.011552 0.082263
3370.106210 0.066824
3372.200869 0.076401
3374.295528 0.089076
3376.390186 0.057599
3378.484845 0.087808
3380.579504 0.088524
3382.674162 0.076322
3384.768820 0.104261
3386.863479 0.077296
3388.958137 0.084257
3391.052796 0.074683
3393.147455 0.089771
3395.242113 0.083823
3397.336772 0.107031
3399.431430 0.093307
3401.526089 0.110350
3403.620748 0.103551
3405.715406 0.080148
3407.810064 0.092697
3409.904723 0.077263
3411.999382 0.074701
3414.094040 0.068736
3416.188699 0.071532
3418.283357 0.084896
3420.378016 0.095630
3422.472675 0.089476
3424.567333 0.100885
3426.661991 0.095573
3428.756650 0.089233
3430.851309 0.088291
3432.945967 0.094826
3435.040626 0.093085
3437.135284 0.104856
3439.229943 0.085971
3441.324602 0.072458
3443.419260 0.059875
3445.513918 0.071525
3447.608577 0.085933
3449.703235 0.087146
3451.797894 0.096804
3453.892553 0.096586
3455.987211 0.078266
3458.081870 0.076713
3460.176529 0.097373
3462.271187 0.076824
3464.365845 0.085879
3466.460504 0.097838
3468.555162 0.085211
3470.649821 0.089265
3483.217773 0.072651
3485.312431 0.069323
3487.407089 0.074273
3489.501748 0.091776
3491.596407 0.082803
3493.691065 0.078498
3495.785724 0.070172
3497.880383 0.086389
3499.975041 0.096733
3502.069700 0.096135
3504.164358 0.105030
3506.259016 0.114585
3508.353675 0.099914
3510.448334 0.087146
3512.542992 0.081917
3514.637651 0.087142
3516.732309 0.089741
3518.826968 0.082625
3520.921627 0.084691
3523.016285 0.078751
3525.110943 0.052687
3527.205602 0.072399
3529.300261 0.093898
3531.394919 0.081601
3533.489578 0.096303
3535.584236 0.095375
3537.678895 0.091300
3539.773554 0.097553
3541.868212 0.084468
3543.962871 0.092513
3546.057529 0.084674
3548.152188 0.092899
3550.246846 0.111579
3552.341505 0.089214
3554.436163 0.090893
3556.530822 0.095579
3558.625481 0.091324
3560.720139 0.105610
3562.814798 0.087391
3564.909456 0.081027
3567.004115 0.088422
3569.098773 0.090085
3571.193432 0.091305
3573.288090 0.067902
3575.382749 0.077553
3577.477408 0.068800
3579.572066 0.077682
3581.666725 0.056423
3583.761383 0.033243
3585.856041 0.086096
3587.950700 0.055640
3590.045359 0.072295
3592.140017 0.098351
3594.234676 0.094753
3596.329335 0.118976
3598.423993 0.107947
3600.518652 0.081628
3602.613310 0.092691
3604.707968 0.096748
3606.802627 0.094429
3608.897286 0.092519
3610.991944 0.091012
3613.086603 0.102986
3615.181262 0.095527
3617.275920 0.106437
3619.370579 0.090531
3621.465237 0.081338
3623.559896 0.093231
3625.654554 0.081853
3627.749213 0.114583
3629.843871 0.106193
3631.938530 0.104025
3634.033188 0.109492
3636.127847 0.104292
3638.222506 0.112454
3640.317164 0.088113
3642.411823 0.117746
3644.506481 0.125304
3646.601140 0.100274
3648.695798 0.099532
3650.790457 0.130412
3652.885115 0.126176
3654.979774 0.105464
3657.074433 0.122892
3659.169091 0.131706
3661.263750 0.120805
3663.358409 0.111607
3665.453067 0.124001
3667.547725 0.120672
3669.642384 0.125858
3671.737042 0.153920
3673.831701 0.156247
3675.926360 0.106025
3678.021018 0.095166
3680.115677 0.086634
3682.210336 0.103878
3684.304994 0.098511
3686.399652 0.096835
3688.494311 0.101007
3690.588969 0.108353
3692.683628 0.129816
3694.778287 0.124695
3696.872945 0.128198
3698.967604 0.142830
3701.062262 0.139892
3703.156921 0.098653
3705.251579 0.099598
3707.346238 0.113470
3709.440896 0.110565
3711.535555 0.137401
3713.630214 0.131474
3715.724872 0.113802
3717.819531 0.126560
3719.914189 0.104383
3722.008848 0.102562
3724.103506 0.103978
3726.198165 0.104305
3728.292823 0.103880
3730.387482 0.114931
3732.482141 0.118961
3734.576799 0.112248
3736.671458 0.080239
3738.766116 0.080948
3740.860775 0.107147
3742.955434 0.097683
3745.050092 0.098379
3747.144750 0.083512
3749.239409 0.109995
3751.334068 0.100806
3753.428726 0.116606
3755.523385 0.117490
3757.618043 0.124586
3759.712702 0.108221
3761.807361 0.134893
3763.902019 0.106045
3765.996677 0.110622
3768.091336 0.109941
3770.185994 0.109738
3772.280653 0.112804
3774.375312 0.127553
3776.469970 0.125971
3778.564629 0.135383
3780.659288 0.118712
3782.753946 0.142874
3784.848604 0.122326
3786.943263 0.109940
3789.037921 0.112396
3791.132580 0.123358
3793.227239 0.092959
3795.321897 0.112579
3797.416556 0.088668
3799.511215 0.112268
3801.605873 0.107517
3803.700531 0.104362
3805.795190 0.112184
3807.889848 0.125199
3809.984507 0.121891
3812.079166 0.134785
3814.173824 0.124766
3816.268483 0.110468
3818.363141 0.086201
3820.457800 0.088695
3822.552459 0.103385
3824.647117 0.090343
3826.741775 0.072548
3828.836434 0.081840
3830.931093 0.062353
3833.025751 0.067674
3835.120410 0.079189
3837.215068 0.069609
3839.309727 0.065838
3841.404386 0.071437
3843.499044 0.082136
3845.593702 0.080766
3847.688361 0.104146
3849.783020 0.115048
3851.877678 0.108359
3853.972337 0.113285
3856.066995 0.103595
3858.161654 0.098660
3860.256313 0.088614
3862.350971 0.119223
3864.445629 0.105813
3866.540288 0.110365
3868.634947 0.109491
3870.729605 0.108138
3872.824264 0.100488
3874.918922 0.113005
3877.013581 0.113428
3879.108240 0.102907
3881.202898 0.092400
3883.297557 0.106541
3885.392215 0.083395
3887.486873 0.091213
3889.581532 0.099954
3891.676191 0.103269
3893.770849 0.130625
3895.865508 0.140418
3897.960167 0.154853
3900.054825 0.142564
3902.149484 0.122353
3904.244142 0.134398
3906.338800 0.130277
3908.433459 0.127023
3910.528118 0.142988
3912.622776 0.137106
3914.717435 0.149003
3916.812094 0.168954
3918.906752 0.145036
3921.001411 0.148719
3923.096069 0.139110
3925.190727 0.130331
3927.285386 0.100715
3929.380045 0.070859
3931.474703 0.071590
3933.569362 0.062599
3935.664020 0.075158
3937.758679 0.076623
3939.853338 0.081355
3941.947996 0.129194
3944.042654 0.132641
3946.137313 0.138014
3948.231972 0.121930
3950.326630 0.142843
3952.421289 0.155874
3954.515947 0.147077
3956.610606 0.147621
3958.705265 0.138564
3960.799923 0.129990
3962.894582 0.110813
3964.989240 0.092551
3967.083899 0.074697
3969.178557 0.068959
3971.273216 0.075667
3973.367874 0.082480
3975.462533 0.102621
3977.557192 0.121130
3979.651850 0.159313
3981.746509 0.172897
3983.841167 0.180359
3985.935826 0.170609
3988.030484 0.166355
3990.125143 0.180431
3992.219801 0.184069
3994.314460 0.174621
3996.409119 0.190848
3998.503777 0.185081
4000.598436 0.205040
4002.693094 0.215467
4004.787752 0.203300
4006.882411 0.202129
4008.977070 0.213210
4011.071728 0.199204
4013.166387 0.187479
4015.261046 0.200188
4017.355704 0.215657
4019.450363 0.210746
4021.545021 0.206239
4023.639679 0.206916
4025.734338 0.212428
4027.828997 0.228684
4029.923655 0.202061
4032.018314 0.195724
4034.112973 0.191585
4036.207631 0.207039
4038.302290 0.212790
4040.396948 0.199847
4042.491607 0.191730
4044.586265 0.198273
4046.680924 0.211282
4048.775582 0.201976
4050.870241 0.208443
4052.964900 0.187618
4055.059558 0.185082
4057.154217 0.208576
4059.248875 0.192973
4061.343534 0.193844
4063.438192 0.191492
4065.532851 0.201057
4067.627509 0.197814
4069.722168 0.177710
4071.816826 0.178059
4073.911485 0.212205
4076.006144 0.210337
4078.100802 0.192901
4080.195461 0.194951
4082.290120 0.195654
4084.384778 0.201717
4086.479436 0.206068
4088.574095 0.204352
4090.668753 0.209331
4092.763412 0.203101
4094.858071 0.208242
4096.952729 0.188999
4099.047388 0.199276
4101.142047 0.168483
4103.236705 0.173099
4105.331363 0.178828
4107.426022 0.187859
4109.520680 0.181777
4111.615339 0.194901
4113.709998 0.187357
4115.804656 0.199232
4117.899315 0.202763
4119.993973 0.195228
4122.088632 0.199785
4124.183290 0.180719
4126.277949 0.175296
4128.372607 0.183299
4130.467266 0.187332
4132.561925 0.198891
4134.656583 0.201048
4136.751242 0.199954
4138.845900 0.207010
4140.940559 0.203270
4143.035218 0.190490
4145.129876 0.175129
4147.224534 0.183920
4149.319193 0.182042
4151.413852 0.181626
4153.508510 0.175704
4155.603169 0.204754
4157.697827 0.206112
4159.792486 0.196130
4161.887145 0.196775
4163.981803 0.189499
4166.076461 0.185152
4168.171120 0.182078
4170.265779 0.179343
4172.360437 0.160739
4174.455096 0.188412
4176.549754 0.192811
4178.644413 0.180459
4180.739072 0.194019
4182.833730 0.191607
4184.928388 0.213021
4187.023047 0.203893
4189.117705 0.190510
4191.212364 0.187928
4193.307023 0.191829
4195.401681 0.181205
4197.496340 0.194895
4199.590999 0.198794
4201.685657 0.194768
4203.780315 0.190396
4205.874974 0.198326
4207.969632 0.218016
4210.064291 0.214599
4212.158950 0.219584
4214.253608 0.210031
4216.348267 0.211689
4218.442926 0.209945
4220.537584 0.208878
4222.632243 0.228207
4224.726901 0.205258
4226.821559 0.195264
4228.916218 0.195988
4231.010877 0.191734
4233.105535 0.204948
4235.200194 0.209844
4237.294853 0.214728
4239.389511 0.212912
4241.484170 0.207219
4243.578828 0.213685
4245.673486 0.208134
4247.768145 0.237448
4249.862804 0.213017
4251.957462 0.195717
4254.052121 0.196315
4256.146779 0.216225
4258.241438 0.166623
4260.336097 0.197706
4262.430755 0.219518
4264.525413 0.203930
4266.620072 0.215920
4268.714731 0.222341
4270.809389 0.202934
4272.904048 0.178414
4274.998706 0.206777
4277.093365 0.216346
4279.188024 0.186117
4281.282682 0.160729
4283.377340 0.149246
4285.471999 0.172820
4287.566658 0.204710
4289.661316 0.193013
4291.755975 0.182673
4293.850633 0.160295
4295.945292 0.181945
4298.039951 0.152542
4300.134609 0.157041
4302.229268 0.158839
4304.323926 0.137731
4306.418584 0.143764
4308.513243 0.153735
4310.607902 0.136253
4312.702560 0.178084
4314.797219 0.195186
4316.891878 0.202474
4318.986536 0.196325
4321.081195 0.215837
4323.175853 0.187373
4325.270511 0.218142
4327.365170 0.213971
4329.459829 0.217185
4331.554487 0.219105
4333.649146 0.237665
4335.743805 0.222699
4337.838463 0.228480
4339.933122 0.205476
4342.027780 0.183320
4344.122438 0.184179
4346.217097 0.204529
4348.311756 0.250655
4350.406414 0.233274
4352.501073 0.223564
4354.595732 0.240007
4356.690390 0.228938
4358.785049 0.237199
4360.879707 0.236013
4362.974365 0.257176
4365.069024 0.262648
4367.163683 0.246234
4369.258341 0.245501
4371.353000 0.247131
4373.447658 0.229268
4375.542317 0.231663
4377.636976 0.210281
4379.731634 0.219205
4381.826293 0.235746
4383.920951 0.207512
4386.015610 0.208138
4388.110268 0.206359
4390.204927 0.228532
4392.299585 0.212358
4394.394244 0.224640
4396.488903 0.232891
4398.583561 0.250706
4400.678220 0.237484
4402.772878 0.220351
4404.867537 0.216096
4406.962195 0.206898
4409.056854 0.235952
4411.151512 0.254895
4413.246171 0.223397
4415.340830 0.236746
4417.435488 0.242246
4419.530147 0.227502
4421.624805 0.245065
4423.719463 0.249640
4425.814122 0.254158
4427.908781 0.258472
4430.003439 0.246752
4432.098098 0.261896
4434.192757 0.253850
4436.287415 0.223728
4438.382074 0.256857
4440.476732 0.240794
4442.571390 0.247926
4444.666049 0.260995
4446.760708 0.242027
4448.855366 0.245256
4450.950025 0.256652
4453.044684 0.240681
4455.139342 0.243471
4457.234001 0.258536
4459.328659 0.224822
4461.423318 0.218863
4463.517976 0.228235
4465.612635 0.247675
4467.707293 0.234899
4469.801952 0.223010
4471.896611 0.234703
4473.991269 0.247319
4476.085928 0.247934
4478.180586 0.247473
4480.275245 0.250903
4482.369904 0.257332
4484.464562 0.244107
4486.559220 0.250369
4488.653879 0.259944
4490.748537 0.244024
4492.843196 0.281256
4494.937855 0.264701
4497.032513 0.242185
4499.127172 0.253944
4501.221831 0.272841
4503.316489 0.267880
4505.411147 0.280215
4507.505806 0.284726
4509.600464 0.275443
4511.695123 0.263739
4513.789782 0.237300
4515.884440 0.235831
4517.979099 0.278934
4520.073758 0.287217
4522.168416 0.252187
4524.263074 0.255702
4526.357733 0.266075
4528.452391 0.236914
4530.547050 0.221980
4532.641709 0.221859
4534.736367 0.228717
4536.831026 0.278134
4538.925685 0.283046
4541.020343 0.291859
4543.115001 0.260755
4545.209660 0.252700
4547.304318 0.244437
4549.398977 0.244862
4551.493636 0.242884
4553.588294 0.226906
4555.682953 0.273244
4557.777611 0.303123
4559.872270 0.286184
4561.966929 0.323844
4564.061587 0.303143
4566.156245 0.312389
4568.250904 0.277200
4570.345563 0.266278
4572.440221 0.283089
4574.534880 0.276757
4576.629538 0.274218
4578.724197 0.283410
4580.818856 0.272167
4582.913514 0.254516
4585.008172 0.262127
4587.102831 0.283303
4589.197490 0.287187
4591.292148 0.291169
4593.386807 0.266168
4595.481465 0.284053
4597.576124 0.255252
4599.670783 0.270715
4601.765441 0.280658
4603.860099 0.274277
4605.954758 0.271259
4608.049416 0.308529
4610.144075 0.303129
4612.238734 0.316971
4614.333392 0.299471
4616.428051 0.328224
4618.522710 0.317100
4620.617368 0.287706
4622.712026 0.291910
4624.806685 0.303608
4626.901343 0.306055
4628.996002 0.281197
4631.090661 0.287740
4633.185319 0.283915
4635.279978 0.269518
4637.374637 0.268538
4639.469295 0.278871
4641.563954 0.260182
4643.658612 0.259361
4645.753270 0.263667
4647.847929 0.272044
4649.942588 0.252830
4652.037246 0.265439
4654.131905 0.288364
4656.226564 0.286302
4658.321222 0.256253
4660.415881 0.299073
4662.510539 0.294647
4664.605197 0.244705
4666.699856 0.246987
4668.794515 0.252432
4670.889173 0.271988
4672.983832 0.280580
4675.078490 0.274746
4677.173149 0.273040
4679.267808 0.272620
4681.362466 0.274319
4683.457124 0.249649
4685.551783 0.236898
4687.646442 0.278710
4689.741100 0.294865
4691.835759 0.263930
4693.930417 0.231520
4696.025076 0.249218
4698.119735 0.275678
4700.214393 0.244005
4702.309051 0.268400
4704.403710 0.241738
4706.498369 0.281309
4708.593027 0.264004
4710.687686 0.261829
4712.782344 0.286042
4714.877003 0.274505
4716.971662 0.274304
4719.066320 0.273467
4721.160979 0.269842
4723.255637 0.284208
4725.350295 0.272922
4727.444954 0.305706
4729.539613 0.287647
4731.634271 0.274314
4733.728930 0.270447
4735.823589 0.206000
4737.918247 0.227152
4740.012906 0.233071
4742.107564 0.333252
4744.202222 0.327313
4746.296881 0.366185
4748.391540 0.368242
4750.486198 0.336216
4752.580857 0.308286
4754.675516 0.324117
4756.770174 0.317351
4758.864833 0.307451
4760.959491 0.318930
4763.054149 0.291607
4765.148808 0.289265
4767.243467 0.323844
4769.338125 0.322228
4771.432784 0.304656
4773.527443 0.281058
4775.622101 0.288362
4777.716760 0.304757
4779.811418 0.300954
4781.906077 0.273416
4784.000735 0.263366
4786.095394 0.264838
4788.190052 0.283679
4790.284711 0.272385
4792.379369 0.270364
4794.474028 0.274717
4796.568687 0.283764
4798.663345 0.304523
4800.758004 0.285657
4802.852662 0.273783
4804.947321 0.272084
4807.041979 0.300826
4809.136638 0.267053
4811.231296 0.301041
4813.325955 0.277044
4815.420614 0.259889
4817.515272 0.304581
4819.609931 0.284414
4821.704590 0.286039
4823.799248 0.278851
4825.893906 0.241119
4827.988565 0.251478
4830.083223 0.320454
4832.177882 0.249225
4834.272541 0.280606
4836.367199 0.254311
4838.461858 0.279029
4840.556517 0.262824
4842.651175 0.267009
4844.745833 0.283926
4846.840492 0.256917
4848.935150 0.290735
4851.029809 0.265854
4853.124468 0.251362
4855.219126 0.255306
4857.313785 0.229158
4859.408443 0.264750
4861.503102 0.281696
4863.597760 0.269234
4865.692419 0.238965
4867.787077 0.232157
4869.881736 0.238667
4871.976395 0.216452
4874.071053 0.221365
4876.165712 0.284762
4878.260370 0.305320
4880.355029 0.273030
4882.449687 0.281096
4884.544346 0.267076
4886.639004 0.269328
4888.733663 0.245981
4890.828322 0.253379
4892.922980 0.272531
4895.017639 0.303136
4897.112297 0.281134
4899.206956 0.282576
4901.301615 0.292121
4903.396273 0.283007
4905.490931 0.278013
4907.585590 0.263870
4909.680248 0.284857
4911.774907 0.281482
4913.869566 0.296056
4915.964224 0.275372
4918.058883 0.279914
4920.153542 0.279095
4922.248200 0.266814
4924.342858 0.273017
4926.437517 0.274471
4928.532175 0.265725
4930.626834 0.329621
4932.721493 0.306083
4934.816151 0.280220
4936.910810 0.321134
4939.005469 0.331342
4941.100127 0.299201
4943.194785 0.315993
4945.289444 0.298062
4947.384102 0.295550
4949.478761 0.291810
4951.573420 0.292283
4953.668078 0.292423
4955.762737 0.279380
4957.857396 0.274261
4959.952054 0.291254
4962.046712 0.279693
4964.141371 0.240210
4966.236029 0.280585
4968.330688 0.295111
4970.425347 0.303723
4972.520005 0.314942
4974.614664 0.281789
4976.709322 0.303022
4978.803981 0.253226
4980.898640 0.237777
4982.993298 0.304765
4985.087956 0.263066
4987.182615 0.235748
4989.277274 0.279429
4991.371932 0.287486
4993.466591 0.311310
4995.561249 0.276873
4997.655908 0.311247
4999.750567 0.284869
5001.845225 0.265654
5003.939883 0.303272
5006.034542 0.251143
5008.129201 0.274368
5010.223859 0.274702
5012.318518 0.266527
5014.413176 0.254596
5016.507835 0.257308
5018.602494 0.259258
5020.697152 0.266186
5022.791810 0.221814
5024.886469 0.263925
5026.981127 0.260387
5029.075786 0.249070
5031.170445 0.246343
5033.265103 0.258041
5035.359762 0.282910
5037.454421 0.292536
5039.549079 0.258080
5041.643737 0.276449
5043.738396 0.273654
5045.833054 0.268766
5047.927713 0.271418
5050.022372 0.283089
5052.117030 0.276904
5054.211689 0.257058
5056.306348 0.297831
5058.401006 0.300284
5060.495665 0.290397
5062.590323 0.295416
5064.684981 0.276934
5066.779640 0.273637
5068.874299 0.264172
5070.968957 0.266933
5073.063616 0.277092
5075.158275 0.265554
5077.252933 0.263663
5079.347592 0.255305
5081.442250 0.260496
5083.536908 0.272938
5085.631567 0.249423
5087.726226 0.254093
5089.820884 0.271049
5091.915543 0.261940
5094.010201 0.265737
5096.104860 0.263165
5098.199519 0.259535
5100.294177 0.260213
5102.388835 0.243834
5104.483494 0.255051
5106.578153 0.270673
5108.672811 0.224031
5110.767470 0.264480
5112.862128 0.269493
5114.956787 0.296168
5117.051446 0.274898
5119.146104 0.271653
5121.240763 0.263769
5123.335421 0.263510
5125.430080 0.260297
5127.524738 0.240025
5129.619397 0.228389
5131.714055 0.222262
5133.808714 0.265321
5135.903373 0.286100
5137.998031 0.269807
5140.092690 0.268134
5142.187348 0.277808
5144.282007 0.272949
5146.376665 0.257808
5148.471324 0.257193
5150.565982 0.251019
5152.660641 0.240990
5154.755300 0.253532
5156.849958 0.264482
5158.944617 0.237085
5161.039275 0.246398
5163.133933 0.246763
5165.228592 0.269593
5167.323251 0.235552
5169.417909 0.201678
5171.512568 0.142445
5173.607227 0.165882
5175.701885 0.224340
5177.796544 0.212205
5179.891202 0.197025
5181.985860 0.202925
5184.080519 0.217427
5186.175178 0.223704
5188.269836 0.240103
5190.364495 0.230879
5192.459154 0.245582
5194.553812 0.250905
5196.648471 0.255392
5198.743129 0.330339
5200.837788 0.259951
5202.932446 0.227545
5205.027105 0.269530
5207.121763 0.260259
5209.216422 0.184142
5211.311080 0.245209
5213.405739 0.277476
5215.500398 0.242724
5217.595056 0.301494
5219.689715 0.272762
5221.784373 0.272306
5223.879032 0.292898
5225.973690 0.291910
5228.068349 0.253572
5230.163007 0.290822
5232.257666 0.336754
5234.352325 0.288040
5236.446983 0.261132
5238.541642 0.302118
5240.636301 0.296159
5242.730959 0.282903
5244.825617 0.257928
5246.920276 0.273365
5249.014934 0.326070
5251.109593 0.312665
5253.204252 0.294304
5255.298910 0.296073
5257.393569 0.272507
5259.488228 0.255129
5261.582886 0.292396
5263.677544 0.277288
5265.772203 0.263249
5267.866861 0.217833
5269.961520 0.249081
5272.056179 0.290017
5274.150837 0.299197
5276.245496 0.298557
5278.340154 0.271141
5280.434813 0.246437
5282.529471 0.282172
5284.624130 0.277735
5286.718788 0.294459
5288.813447 0.304002
5290.908106 0.313848
5293.002764 0.293744
5295.097423 0.317576
5297.192081 0.342850
5299.286740 0.288043
5301.381398 0.283571
5303.476057 0.325161
5305.570715 0.270238
5307.665374 0.291478
5309.760033 0.295126
5311.854691 0.297173
5313.949350 0.303040
5316.044008 0.295987
5318.138667 0.298562
5320.233326 0.313622
5322.327984 0.299811
5324.422642 0.287824
5326.517301 0.292810
5328.611960 0.296354
5330.706618 0.268296
5332.801277 0.307443
5334.895935 0.285375
5336.990594 0.284621
5339.085253 0.282420
5341.179911 0.280647
5343.274569 0.266531
5345.369228 0.279062
5347.463886 0.299698
5349.558545 0.306459
5351.653204 0.302428
5353.747862 0.283700
5355.842521 0.300551
5357.937180 0.297459
5360.031838 0.310256
5362.126496 0.314650
5364.221155 0.303536
5366.315813 0.305248
5368.410472 0.310310
5370.505131 0.299755
5372.599789 0.300361
5374.694448 0.285325
5376.789107 0.286555
5378.883765 0.313447
5380.978424 0.294176
5383.073082 0.294422
5385.167740 0.304084
5387.262399 0.291426
5389.357058 0.306182
5391.451716 0.304780
5393.546375 0.303614
5395.641033 0.258800
5397.735692 0.259955
5399.830351 0.274392
5401.925009 0.277452
5404.019667 0.266867
5406.114326 0.271032
5408.208985 0.296030
5410.303643 0.275202
5412.398302 0.280836
5414.492960 0.292967
5416.587619 0.302587
5418.682278 0.302193
5420.776936 0.313696
5422.871594 0.297183
5424.966253 0.298762
5427.060912 0.299347
5429.155570 0.295759
5431.250229 0.301210
5433.344887 0.292117
5435.439546 0.302600
5437.534205 0.320583
5439.628863 0.304379
5441.723521 0.311377
5443.818180 0.309848
5445.912839 0.272734
5448.007497 0.284646
5450.102156 0.308393
5452.196814 0.294376
5454.291473 0.321470
5456.386132 0.326863
5458.480790 0.380786
5460.575449 0.285982
5462.670107 0.285664
5464.764765 0.316669
5466.859424 0.358273
5468.954083 0.320603
5471.048741 0.233711
5473.143400 0.299061
5475.238059 0.321951
5477.332717 0.263888
5479.427376 0.299811
5481.522034 0.255103
5483.616692 0.270444
5485.711351 0.299139
5487.806010 0.277426
5489.900668 0.272344
5491.995327 0.302286
5494.089986 0.295580
5496.184644 0.322422
5498.279303 0.402803
5500.373961 0.314267
5502.468619 0.332808
5504.563278 0.343116
5506.657937 0.236286
5508.752595 0.288816
5510.847254 0.269087
5512.941912 0.277684
5515.036571 0.270545
5517.131230 0.295453
5519.225888 0.300740
5521.320546 0.311142
5523.415205 0.342876
5525.509864 0.343741
5527.604522 0.342731
5529.699181 0.272186
5531.793839 0.286861
5533.888498 0.354807
5535.983157 0.380351
5538.077815 0.329894
5540.172474 0.383103
5542.267132 0.271288
5544.361791 0.305303
5546.456449 0.346416
5548.551108 0.338061
5550.645766 0.316518
5552.740425 0.295471
5554.835084 0.374638
5556.929742 0.414154
5559.024401 0.398627
5561.119059 0.281031
5563.213718 0.296506
5565.308376 0.254563
5567.403035 0.293240
5569.497693 0.308120
5571.592352 0.363466
5573.687011 0.313326
5575.781669 0.302496
5577.876328 0.277872
5579.970986 0.387498
5582.065644 0.386907
5584.160303 0.262570
5586.254962 0.221446
5588.349620 0.291550
5590.444279 0.283734
5592.538938 0.280059
5594.633596 0.296718
5596.728255 0.298426
5598.822913 0.294688
5600.917571 0.283351
5603.012230 0.266695
5605.106889 0.302751
5607.201547 0.325621
5609.296206 0.326053
5611.390865 0.316894
5613.485523 0.292219
5615.580182 0.290459
5617.674840 0.276316
5619.769499 0.270048
5621.864157 0.275777
5623.958816 0.279167
5626.053474 0.282494
5628.148133 0.307113
5630.242792 0.319854
5632.337450 0.314262
5634.432109 0.318936
5636.526767 0.351143
5638.621426 0.364746
5640.716084 0.325150
5642.810743 0.314404
5644.905401 0.336218
5647.000060 0.309326
5649.094718 0.320288
5651.189377 0.281713
5653.284036 0.289138
5655.378694 0.293308
5657.473353 0.299059
5659.568012 0.304490
5661.662670 0.318863
5663.757328 0.320615
5665.851987 0.310462
5667.946645 0.254877
5670.041304 0.298613
5672.135963 0.276909
5674.230621 0.302863
5676.325280 0.312133
5678.419939 0.302267
5680.514597 0.298773
5682.609255 0.313849
5684.703914 0.320297
5686.798572 0.297692
5688.893231 0.303470
5690.987890 0.254159
5693.082548 0.288244
5695.177207 0.286435
5697.271865 0.307106
5699.366524 0.332887
5701.461182 0.336736
5703.555841 0.299124
5705.650499 0.245235
5707.745158 0.261661
5709.839817 0.294436
5711.934475 0.287430
5714.029134 0.307413
5716.123792 0.309014
5718.218451 0.316517
5720.313110 0.314876
5722.407768 0.323770
5724.502426 0.324207
5726.597085 0.320398
5728.691744 0.336992
5730.786402 0.328608
5732.881061 0.329109
5734.975719 0.349834
5737.070378 0.340957
5739.165037 0.340497
5741.259695 0.358810
5743.354353 0.353486
5745.449012 0.333328
5747.543671 0.321116
5749.638329 0.353932
5751.732988 0.325851
5753.827646 0.308963
5755.922305 0.315184
5758.016964 0.324140
5760.111622 0.308848
5762.206280 0.307754
5764.300939 0.358515
5766.395597 0.335349
