2806.270096 -0.000321
2808.380224 0.067062
2810.490353 0.061446
2812.600482 0.039719
2814.710610 0.065596
2816.820739 0.074077
2818.930868 0.055714
2821.040996 0.056068
2823.151125 0.038313
2825.261253 0.051833
2827.371381 0.061195
2829.481510 0.060493
2831.591639 0.064058
2833.701767 0.058292
2835.811896 0.070502
2837.922024 0.065602
2840.032153 0.060430
2842.142282 0.061331
2844.252410 0.052839
2846.362538 0.041830
2848.472667 0.035598
2850.582796 0.042993
2852.692924 0.063495
2854.803053 0.059088
2856.913181 0.060320
2859.023310 0.039493
2861.133439 0.079027
2863.243567 0.062404
2865.353696 0.053485
2867.463824 0.066852
2869.573952 0.071486
2871.684081 0.078436
2873.794210 0.053026
2875.904338 0.063509
2878.014467 0.062631
2880.124596 0.081617
2882.234724 0.060593
2884.344853 0.068097
2886.454981 0.055642
2888.565109 0.073647
2890.675238 0.065376
2892.785367 0.066424
2894.895495 0.067590
2897.005624 0.043091
2899.115752 0.054810
2901.225881 0.070128
2903.336010 0.038345
2905.446138 0.065926
2907.556266 0.067915
2909.666395 0.084364
2911.776524 0.063851
2913.886652 0.052180
2915.996781 0.053314
2918.106909 0.082315
2920.217038 0.081136
2922.327167 0.094314
2924.437295 0.068021
2926.547423 0.061826
2928.657552 0.075385
2930.767680 0.056727
2932.877809 0.060981
2934.987938 0.074807
2937.098066 0.073159
2939.208195 0.062335
2941.318324 0.050410
2943.428452 0.064202
2945.538581 0.054302
2947.648709 0.060782
2949.758837 0.045449
2951.868966 0.059373
2953.979095 0.055291
2956.089223 0.054363
2958.199352 0.071892
2960.309481 0.067658
2962.419609 0.060039
2964.529738 0.051651
2966.639866 0.045972
2968.749994 0.051397
2970.860123 0.068951
2972.970252 0.071968
2975.080380 0.065296
2977.190509 0.057960
2979.300637 0.041781
2981.410766 0.073020
2983.520895 0.054643
2985.631023 0.071416
2987.741151 0.050083
2989.851280 0.061301
2991.961409 0.064255
2994.071537 0.080897
2996.181666 0.082687
2998.291794 0.051565
3000.401923 0.059189
3002.512052 0.074359
3004.622180 0.061170
3006.732309 0.067762
3008.842437 0.059983
3010.952565 0.065402
3013.062694 0.071080
3015.172823 0.063659
3017.282951 0.048860
3019.393080 0.063806
3021.503209 0.064875
3023.613337 0.051017
3025.723466 0.069022
3027.833594 0.063957
3029.943722 0.054666
3032.053851 0.070731
3034.163980 0.083242
3036.274108 0.069918
3038.384237 0.074030
3040.494365 0.063002
3042.604494 0.063300
3044.714623 0.056042
3046.824751 0.069359
3048.934879 0.058871
3051.045008 0.074589
3053.155137 0.064021
3055.265265 0.048807
3057.375394 0.045290
3059.485522 0.062059
3061.595651 0.063076
3063.705780 0.060648
3065.815908 0.062759
3067.926036 0.073538
3070.036165 0.079163
3072.146293 0.078195
3074.256422 0.079849
3076.366551 0.073074
3078.476679 0.062869
3080.586808 0.045711
3082.696937 0.078498
3084.807065 0.073051
3086.917194 0.071713
3089.027322 0.088265
3091.137450 0.078647
3093.247579 0.049545
3095.357708 0.052649
3097.467836 0.073974
3099.577965 0.070767
3101.688093 0.059475
3103.798222 0.057808
3105.908351 0.063384
3108.018479 0.057047
3110.128607 0.077710
3112.238736 0.068287
3114.348865 0.062589
3116.458993 0.061226
3118.569122 0.064462
3120.679250 0.067880
3122.789379 0.058648
3124.899508 0.053176
3127.009636 0.058072
3129.119764 0.061958
3131.229893 0.062667
3133.340021 0.062217
3135.450150 0.053830
3137.560279 0.060088
3139.670407 0.073791
3141.780536 0.061495
3143.890665 0.062143
3146.000793 0.078244
3148.110921 0.059730
3150.221050 0.066490
3152.331178 0.069044
3154.441307 0.070256
3156.551436 0.065735
3158.661564 0.054595
3160.771693 0.053180
3162.881821 0.063092
3164.991950 0.059350
3167.102079 0.060092
3169.212207 0.075957
3171.322335 0.069716
3173.432464 0.066636
3175.542593 0.072765
3177.652721 0.069468
3179.762850 0.091974
3181.872978 0.094313
3183.983107 0.073083
3186.093236 0.077077
3188.203364 0.063809
3190.313492 0.060730
3192.423621 0.067515
3194.533749 0.052779
3196.643878 0.061234
3198.754007 0.062200
3200.864135 0.067648
3202.974264 0.064137
3205.084393 0.064531
3207.194521 0.072524
3209.304649 0.072952
3211.414778 0.078473
3213.524906 0.064387
3215.635035 0.061933
3217.745164 0.081050
3219.855292 0.052292
3221.965421 0.067750
3224.075550 0.085964
3226.185678 0.067321
3228.295806 0.075604
3230.405935 0.052605
3232.516063 0.059151
3234.626192 0.051785
3236.736321 0.060048
3238.846449 0.059640
3240.956578 0.069178
3243.066706 0.058430
3245.176835 0.056931
3247.286964 0.053975
3249.397092 0.069058
3251.507220 0.073718
3253.617349 0.059881
3255.727478 0.067958
3257.837606 0.067356
3259.947735 0.075374
3262.057863 0.063371
3264.167992 0.073506
3266.278121 0.055737
3268.388249 0.057461
3270.498377 0.060728
3272.608506 0.044980
3274.718634 0.047019
3276.828763 0.059034
3278.938892 0.065816
3281.049020 0.054340
3283.159149 0.071159
3285.269278 0.065148
3287.379406 0.056794
3289.489534 0.059109
3291.599663 0.073043
3293.709791 0.065989
3295.819920 0.058382
3297.930049 0.051587
3300.040177 0.064560
3302.150306 0.078454
3304.260434 0.076845
3306.370563 0.085424
3308.480692 0.072448
3310.590820 0.058750
3312.700948 0.064185
3314.811077 0.062316
3316.921206 0.059621
3319.031334 0.068880
3321.141463 0.062773
3323.251591 0.064521
3325.361720 0.072557
3327.471849 0.074215
3329.581977 0.067145
3331.692105 0.052154
3333.802234 0.044257
3335.912362 0.060776
3338.022491 0.069959
3340.132620 0.073394
3342.242748 0.063687
3344.352877 0.063671
3346.463006 0.088028
3348.573134 0.083596
3350.683262 0.057603
3352.793391 0.057891
3354.903519 0.069993
3357.013648 0.058938
3359.123777 0.073139
3361.233905 0.061700
3363.344034 0.069866
3365.454162 0.075254
3367.564291 0.060580
3369.674419 0.057181
3371.784548 0.060327
3373.894676 0.071631
3376.004805 0.063458
3378.114934 0.066131
3380.225062 0.061387
3382.335191 0.094339
3384.445319 0.056301
3386.555448 0.089039
3388.665577 0.066721
3390.775705 0.059743
3392.885833 0.066824
3394.995962 0.070838
3397.106090 0.081127
3399.216219 0.072576
3401.326348 0.076789
3403.436476 0.075738
3405.546605 0.073458
3407.656734 0.031108
3409.766862 0.059421
3411.876990 0.066339
3413.987119 0.063522
3416.097247 0.072178
3418.207376 0.062788
3420.317505 0.061072
3422.427633 0.071827
3424.537762 0.080335
3426.647890 0.097675
3428.758019 0.093954
3430.868147 0.072638
3432.978276 0.066912
3435.088404 0.071839
3437.198533 0.065542
3439.308662 0.068046
3441.418790 0.065426
3443.528919 0.063558
3445.639047 0.071367
3447.749176 0.055986
3449.859304 0.053156
3451.969433 0.071764
3454.079561 0.080730
3456.189690 0.058576
3458.299819 0.056492
3460.409947 0.064943
3462.520076 0.080174
3464.630204 0.075232
3466.740333 0.077737
3468.850462 0.065052
3470.960590 0.067169
3473.070718 0.077467
3475.180847 0.063394
3477.290975 0.077961
3479.401104 0.064101
3481.511233 0.041070
3483.621361 0.048281
3485.731490 0.077165
3487.841619 0.075449
3489.951747 0.076558
3492.061875 0.053499
3494.172004 0.060026
3496.282132 0.076880
3508.942904 0.074845
3511.053032 0.060281
3513.163161 0.055738
3515.273289 0.065170
3517.383418 0.067862
3519.493547 0.081110
3521.603675 0.075392
3523.713804 0.058923
3525.823932 0.069525
3527.934061 0.060515
3530.044189 0.068761
3532.154318 0.068081
3534.264446 0.063719
3536.374575 0.068892
3538.484703 0.063816
3540.594832 0.066001
3542.704961 0.076171
3544.815089 0.082165
3546.925218 0.055450
3549.035347 0.055045
3551.145475 0.069420
3553.255603 0.074788
3555.365732 0.059579
3557.475860 0.080249
3559.585989 0.085207
3561.696118 0.076828
3563.806246 0.068042
3565.916375 0.055242
3568.026503 0.070046
3570.136632 0.070988
3572.246760 0.060526
3574.356889 0.055626
3576.467017 0.070398
3578.577146 0.051907
3580.687275 0.048502
3582.797403 0.058209
3584.907532 0.068418
3587.017660 0.076674
3589.127789 0.075156
3591.237917 0.061038
3593.348046 0.067272
3595.458174 0.075657
3597.568303 0.080768
3599.678431 0.062077
3601.788560 0.066653
3603.898689 0.082466
3606.008817 0.081474
3608.118946 0.082082
3610.229075 0.079986
3612.339203 0.068997
3614.449331 0.070087
3616.559460 0.072803
3618.669588 0.071459
3620.779717 0.072620
3622.889846 0.071198
3624.999974 0.058169
3627.110103 0.079981
3629.220231 0.066806
3631.330359 0.048831
3633.440488 0.059528
3635.550617 0.070531
3637.660745 0.089079
3639.770874 0.064223
3641.881003 0.063369
3643.991131 0.072330
3646.101260 0.068575
3648.211388 0.068146
3650.321517 0.082370
3652.431645 0.075081
3654.541774 0.070886
3656.651902 0.068779
3658.762031 0.071089
3660.872159 0.079479
3662.982288 0.075981
3665.092417 0.095010
3667.202545 0.070031
3669.312674 0.061746
3671.422802 0.074652
3673.532931 0.072145
3675.643059 0.070223
3677.753188 0.067614
3679.863316 0.078436
3681.973445 0.077064
3684.083574 0.067577
3686.193702 0.058928
3688.303831 0.076289
3690.413960 0.083182
3692.524087 0.072229
3694.634216 0.066531
3696.744345 0.076788
3698.854473 0.059911
3700.964602 0.081714
3703.074731 0.081013
3705.184859 0.045334
3707.294988 0.074008
3709.405116 0.097196
3711.515244 0.078641
3713.625373 0.058167
3715.735502 0.062930
3717.845630 0.078835
3719.955759 0.081096
3722.065888 0.119045
3724.176016 0.184148
3726.286145 0.285675
3728.396273 0.328157
3730.506402 0.298056
3732.616530 0.159320
3734.726659 0.063624
3736.836787 0.057058
3738.946916 0.089560
3741.057044 0.081192
3743.167173 0.090287
3745.277302 0.080396
3747.387430 0.061276
3749.497559 0.065789
3751.607687 0.075820
3753.717816 0.070744
3755.827944 0.087184
3757.938073 0.080556
3760.048201 0.081415
3762.158330 0.086971
3764.268459 0.093864
3766.378587 0.058657
3768.488716 0.077569
3770.598844 0.075742
3772.708972 0.085721
3774.819101 0.066892
3776.929230 0.067302
3779.039358 0.096139
3781.149487 0.086286
3783.259616 0.098162
3785.369744 0.070503
3787.479873 0.095545
3789.590001 0.093498
3791.700129 0.097097
3793.810258 0.089288
3795.920387 0.071497
3798.030515 0.059768
3800.140644 0.057974
3802.250772 0.066530
3804.360901 0.077574
3806.471030 0.085136
3808.581158 0.107797
3810.691287 0.087192
3812.801415 0.091225
3814.911544 0.097502
3817.021672 0.093108
3819.131801 0.088433
3821.241929 0.093734
3823.352058 0.080841
3825.462187 0.102100
3827.572315 0.099425
3829.682444 0.078579
3831.792572 0.081403
3833.902700 0.077310
3836.012829 0.089592
3838.122958 0.076041
3840.233086 0.073395
3842.343215 0.091414
3844.453344 0.080834
3846.563472 0.101628
3848.673601 0.092860
3850.783729 0.083597
3852.893857 0.091674
3855.003986 0.094591
3857.114115 0.073953
3859.224243 0.092591
3861.334372 0.118290
3863.444500 0.117845
3865.554629 0.114851
3867.664758 0.135310
3869.774886 0.141950
3871.885015 0.131126
3873.995143 0.103004
3876.105272 0.093306
3878.215400 0.110149
3880.325529 0.085689
3882.435657 0.084399
3884.545786 0.095269
3886.655915 0.084678
3888.766043 0.099640
3890.876172 0.117079
3892.986300 0.081817
3895.096428 0.095628
3897.206557 0.094996
3899.316686 0.104642
3901.426814 0.100912
3903.536943 0.088641
3905.647072 0.109733
3907.757200 0.102193
3909.867329 0.103362
3911.977457 0.098527
3914.087585 0.112612
3916.197714 0.111201
3918.307843 0.099159
3920.417971 0.118670
3922.528100 0.122225
3924.638228 0.098743
3926.748357 0.086512
3928.858486 0.099397
3930.968614 0.068430
3933.078742 0.080332
3935.188871 0.075626
3937.299000 0.062899
3939.409128 0.087089
3941.519257 0.089939
3943.629385 0.078848
3945.739514 0.109217
3947.849643 0.092465
3949.959771 0.089963
3952.069900 0.092490
3954.180028 0.082601
3956.290157 0.102968
3958.400285 0.114703
3960.510414 0.055890
3962.620542 0.087049
3964.730671 0.093811
3966.840800 0.096498
3968.950928 0.092963
3971.061057 0.094842
3973.171185 0.082246
3975.281313 0.076343
3977.391442 0.098004
3979.501571 0.095122
3981.611699 0.086091
3983.721828 0.118608
3985.831957 0.112831
3987.942085 0.098920
3990.052214 0.095355
3992.162342 0.093350
3994.272470 0.123592
3996.382599 0.117817
3998.492728 0.108059
4000.602856 0.119963
4002.712985 0.115088
4004.823113 0.113701
4006.933242 0.093845
4009.043371 0.109630
4011.153499 0.095936
4013.263627 0.094755
4015.373756 0.098548
4017.483885 0.098673
4019.594013 0.108665
4021.704142 0.112945
4023.814270 0.118581
4025.924399 0.094650
4028.034528 0.093420
4030.144656 0.092272
4032.254785 0.080559
4034.364913 0.091128
4036.475041 0.096125
4038.585170 0.102229
4040.695299 0.101905
4042.805427 0.109352
4044.915556 0.116357
4047.025685 0.113292
4049.135813 0.106982
4051.245942 0.113269
4053.356070 0.114802
4055.466198 0.101969
4057.576327 0.112478
4059.686456 0.113076
4061.796584 0.099498
4063.906713 0.080604
4066.016841 0.117635
4068.126970 0.103996
4070.237099 0.121407
4072.347227 0.116397
4074.457355 0.111480
4076.567484 0.104278
4078.677613 0.112892
4080.787741 0.111976
4082.897870 0.089340
4085.007998 0.096717
4087.118127 0.113436
4089.228256 0.101538
4091.338384 0.123001
4093.448512 0.094985
4095.558641 0.092162
4097.668769 0.078265
4099.778898 0.097566
4101.889027 0.104426
4103.999155 0.106255
4106.109284 0.094318
4108.219413 0.092304
4110.329541 0.078697
4112.439670 0.108993
4114.549798 0.116045
4116.659926 0.082029
4118.770055 0.088250
4120.880184 0.114788
4122.990312 0.103898
4125.100441 0.111316
4127.210569 0.121402
4129.320698 0.104592
4131.430827 0.132681
4133.540955 0.089973
4135.651083 0.101696
4137.761212 0.116067
4139.871341 0.122121
4141.981469 0.103437
4144.091598 0.095102
4146.201726 0.124050
4148.311855 0.085256
4150.421984 0.106253
4152.532112 0.115677
4154.642240 0.108487
4156.752369 0.104642
4158.862497 0.082316
4160.972626 0.105195
4163.082755 0.092599
4165.192883 0.100305
4167.303012 0.110157
4169.413141 0.087661
4171.523269 0.089313
4173.633398 0.120465
4175.743526 0.098563
4177.853654 0.112398
4179.963783 0.117885
4182.073912 0.102004
4184.184040 0.100530
4186.294169 0.113498
4188.404298 0.095334
4190.514426 0.098666
4192.624555 0.105717
4194.734683 0.106321
4196.844811 0.113818
4198.954940 0.117018
4201.065069 0.098471
4203.175197 0.102724
4205.285326 0.097770
4207.395454 0.100984
4209.505583 0.099449
4211.615712 0.113591
4213.725840 0.120692
4215.835968 0.092435
4217.946097 0.097848
4220.056226 0.093365
4222.166354 0.098754
4224.276483 0.099615
4226.386611 0.101844
4228.496740 0.107599
4230.606869 0.104687
4232.716997 0.109758
4234.827125 0.112277
4236.937254 0.113780
4239.047382 0.118684
4241.157511 0.107601
4243.267640 0.114856
4245.377768 0.118208
4247.487897 0.093699
4249.598026 0.104708
4251.708154 0.103846
4253.818283 0.107971
4255.928411 0.099362
4258.038539 0.111006
4260.148668 0.100431
4262.258797 0.102547
4264.368925 0.119783
4266.479054 0.107194
4268.589182 0.103714
4270.699311 0.108801
4272.809440 0.113647
4274.919568 0.090987
4277.029696 0.102047
4279.139825 0.113534
4281.249954 0.103136
4283.360082 0.089568
4285.470211 0.093184
4287.580339 0.089943
4289.690468 0.108415
4291.800597 0.113828
4293.910725 0.096637
4296.020853 0.100600
4298.130982 0.106510
4300.241110 0.104376
4302.351239 0.103608
4304.461368 0.102992
4306.571496 0.088493
4308.681625 0.094914
4310.791754 0.113992
4312.901882 0.112501
4315.012010 0.080583
4317.122139 0.085978
4319.232267 0.086227
4321.342396 0.082720
4323.452525 0.092893
4325.562653 0.087494
4327.672782 0.064925
4329.782910 0.076328
4331.893039 0.077556
4334.003168 0.097451
4336.113296 0.107073
4338.223424 0.128987
4340.333553 0.146666
4342.443682 0.119374
4344.553810 0.087934
4346.663939 0.103643
4348.774067 0.093654
4350.884196 0.108425
4352.994325 0.093934
4355.104453 0.085713
4357.214581 0.097174
4359.324710 0.105905
4361.434838 0.099666
4363.544967 0.110503
4365.655096 0.122148
4367.765224 0.113309
4369.875353 0.105319
4371.985482 0.112266
4374.095610 0.094585
4376.205738 0.101636
4378.315867 0.105714
4380.425995 0.108818
4382.536124 0.091333
4384.646253 0.095666
4386.756381 0.088841
4388.866510 0.102436
4390.976638 0.102890
4393.086767 0.078188
4395.196895 0.109218
4397.307024 0.117960
4399.417152 0.116380
4401.527281 0.118309
4403.637410 0.099947
4405.747538 0.102031
4407.857667 0.099063
4409.967795 0.097233
4412.077924 0.081004
4414.188053 0.100879
4416.298181 0.116574
4418.408309 0.105106
4420.518438 0.088578
4422.628566 0.107805
4424.738695 0.099204
4426.848824 0.111082
4428.958952 0.093848
4431.069081 0.115142
4433.179210 0.088464
4435.289338 0.104899
4437.399466 0.114077
4439.509595 0.103256
4441.619723 0.110675
4443.729852 0.121969
4445.839981 0.107755
4447.950109 0.101392
4450.060238 0.104694
4452.170367 0.101539
4454.280495 0.105427
4456.390623 0.119845
4458.500752 0.105150
4460.610880 0.091292
4462.721009 0.101251
4464.831138 0.116244
4466.941266 0.113762
4469.051395 0.107629
4471.161523 0.121764
4473.271652 0.105318
4475.381780 0.122030
4477.491909 0.104662
4479.602037 0.100646
4481.712166 0.113199
4483.822295 0.104136
4485.932423 0.103754
4488.042552 0.089139
4490.152680 0.107470
4492.262809 0.112335
4494.372938 0.109892
4496.483066 0.116820
4498.593194 0.111473
4500.703323 0.096465
4502.813451 0.107011
4504.923580 0.116340
4507.033709 0.113601
4509.143837 0.112900
4511.253966 0.115321
4513.364095 0.106673
4515.474223 0.098469
4517.584351 0.098198
4519.694480 0.103820
4521.804608 0.111515
4523.914737 0.105191
4526.024866 0.103454
4528.134994 0.102585
4530.245123 0.109472
4532.355251 0.112254
4534.465380 0.120629
4536.575508 0.110779
4538.685637 0.112272
4540.795765 0.117252
4542.905894 0.125738
4545.016023 0.081480
4547.126151 0.100872
4549.236280 0.148565
4551.346408 0.132056
4553.456537 0.102597
4555.566666 0.081961
4557.676794 0.132525
4559.786922 0.112922
4561.897051 0.106750
4564.007179 0.081754
4566.117308 0.078478
4568.227437 0.112789
4570.337565 0.088735
4572.447694 0.117652
4574.557823 0.088277
4576.667951 0.127070
4578.778079 0.121288
4580.888208 0.109598
4582.998336 0.109476
4585.108465 0.091400
4587.218594 0.096386
4589.328722 0.121115
4591.438851 0.114854
4593.548979 0.111482
4595.659108 0.143229
4597.769236 0.099079
4599.879365 0.136800
4601.989493 0.125484
4604.099622 0.125449
4606.209751 0.110883
4608.319879 0.063930
4610.430008 0.110814
4612.540136 0.131558
4614.650265 0.115418
4616.760393 0.104447
4618.870522 0.133195
4620.980650 0.095760
4623.090779 0.083997
4625.200907 0.110019
4627.311036 0.128393
4629.421165 0.123508
4631.531293 0.157384
4633.641422 0.122142
4635.751551 0.116421
4637.861679 0.120430
4639.971807 0.118967
4642.081936 0.108394
4644.192064 0.090129
4646.302193 0.111473
4648.412322 0.107915
4650.522450 0.114921
4652.632579 0.114432
4654.742707 0.120961
4656.852835 0.124420
4658.962964 0.104666
4661.073093 0.116711
4663.183221 0.124793
4665.293350 0.098638
4667.403479 0.091339
4669.513607 0.125789
4671.623736 0.117983
4673.733864 0.108913
4675.843993 0.125456
4677.954121 0.120974
4680.064250 0.116253
4682.174378 0.097848
4684.284507 0.106051
4686.394636 0.103599
4688.504764 0.137819
4690.614893 0.128284
4692.725021 0.075627
4694.835150 0.114458
4696.945278 0.111672
4699.055407 0.081825
4701.165535 0.115414
4703.275664 0.109524
4705.385792 0.127904
4707.495921 0.097897
4709.606050 0.098486
4711.716178 0.125078
4713.826307 0.103387
4715.936436 0.126043
4718.046564 0.112862
4720.156692 0.090978
4722.266821 0.145421
4724.376949 0.099529
4726.487078 0.091045
4728.597207 0.128555
4730.707335 0.112395
4732.817464 0.082610
4734.927592 0.088555
4737.037720 0.105736
4739.147849 0.110922
4741.257978 0.108889
4743.368106 0.125957
4745.478235 0.117134
4747.588364 0.102352
4749.698492 0.094069
4751.808621 0.097475
4753.918749 0.107716
4756.028878 0.102486
4758.139006 0.097250
4760.249135 0.124080
4762.359263 0.122209
4764.469392 0.124632
4766.579520 0.112867
4768.689649 0.109999
4770.799778 0.113039
4772.909906 0.120215
4775.020035 0.098072
4777.130163 0.113364
4779.240292 0.126240
4781.350420 0.160333
4783.460549 0.122900
4785.570677 0.087939
4787.680806 0.103130
4789.790935 0.120639
4791.901063 0.095693
4794.011192 0.114026
4796.121320 0.111684
4798.231448 0.119872
4800.341577 0.115898
4802.451706 0.143494
4804.561834 0.113285
