3905.165414 0.035619
3906.413534 0.036785
3907.661654 0.044679
3908.909774 0.036736
3910.157895 0.020994
3911.406015 0.027537
3912.654135 0.006728
3913.902256 0.037820
3915.150376 0.042223
3916.398496 0.027114
3917.646617 0.042150
3918.894737 0.048142
3920.142857 0.034431
3921.390977 0.022004
3922.639098 0.029112
3923.887218 0.033078
3925.135338 0.046195
3926.383459 0.031334
3927.631579 0.012437
3928.879699 0.033073
3930.127820 0.024201
3931.375940 0.026178
3932.624060 0.036378
3933.872180 0.022742
3935.120301 0.030914
3936.368421 0.019887
3937.616541 0.047715
3938.864662 0.004483
3940.112782 0.027048
3941.360902 0.033774
3942.609023 0.023852
3943.857143 0.026283
3945.105263 0.034314
3946.353383 0.037114
3947.601504 0.019860
3948.849624 0.024930
3950.097744 0.023068
3951.345865 0.055132
3952.593985 0.044949
3953.842105 0.035123
3955.090226 0.030820
3956.338346 0.031992
3957.586466 0.021854
3958.834586 0.032627
3960.082707 0.044299
3961.330827 0.038731
3962.578947 0.020937
3963.827068 0.031123
3965.075188 0.034114
3966.323308 0.022697
3967.571429 0.035432
3968.819549 0.027193
3970.067669 0.026164
3971.315789 0.020501
3972.563910 0.041536
3973.812030 0.021824
3975.060150 0.007239
3976.308271 0.001457
3977.556391 0.017349
3978.804511 0.021638
3980.052632 0.039348
3981.300752 0.031076
3982.548872 0.039982
3983.796992 0.061450
3985.045113 0.024559
3986.293233 0.032973
3987.541353 0.062159
3988.789474 0.048079
3990.037594 0.014776
3991.285714 0.013120
3992.533835 0.046698
3993.781955 0.037220
3995.030075 0.042402
3996.278195 0.017577
3997.526316 0.043613
3998.774436 0.018051
4000.022556 0.018241
4001.270677 0.013166
4002.518797 0.030673
4003.766917 0.044454
4005.015038 0.040416
4006.263158 0.049662
4007.511278 0.030658
4008.759398 0.014521
4010.007519 0.020461
4011.255639 0.026703
4012.503759 0.021717
4013.751880 0.023410
4015.000000 0.049000
4016.248120 0.039010
4017.496241 0.043341
4018.744361 0.064699
4019.992481 0.024378
4021.240602 0.043659
4022.488722 0.040010
4023.736842 0.025371
4024.984962 0.018260
4026.233083 0.023543
4027.481203 0.041960
4028.729323 0.009459
4029.977444 0.039100
4031.225564 0.051338
4032.473684 0.056314
4033.721805 0.047445
4034.969925 0.033707
4036.218045 0.029528
4037.466165 0.044250
4038.714286 0.031507
4039.962406 0.023563
4041.210526 0.027596
4042.458647 0.032428
4043.706767 0.034997
4044.954887 0.038920
4046.203008 0.035023
4047.451128 0.055470
4048.699248 0.035238
4049.947368 0.022685
4051.195489 0.023196
4052.443609 0.031080
4053.691729 0.015582
4054.939850 0.031333
4056.187970 0.048136
4057.436090 0.014680
4058.684211 0.023604
4059.932331 0.025328
4061.180451 0.007090
4062.428571 0.021426
4063.676692 0.029131
4064.924812 0.025454
4066.172932 0.047601
4067.421053 0.020367
4068.669173 0.035242
4069.917293 0.039127
4071.165414 0.018377
4072.413534 0.024948
4073.661654 0.047543
4074.909774 0.025908
4076.157895 -0.001570
4077.406015 0.037089
4078.654135 0.052950
4079.902256 0.051473
4081.150376 0.027606
4082.398496 0.031156
4083.646617 0.046891
4084.894737 0.058130
4086.142857 0.043074
4087.390977 0.013230
4088.639098 0.027661
4089.887218 0.031055
4091.135338 0.018784
4092.383459 0.027949
4093.631579 0.016546
4094.879699 0.032689
4096.127820 0.029396
4097.375940 0.028373
4098.624060 0.056356
4099.872180 0.040774
4101.120301 0.028730
4102.368421 0.043142
4103.616541 0.043007
4104.864662 0.044679
4106.112782 0.019374
4107.360902 0.022613
4108.609023 0.021834
4109.857143 0.026292
4111.105263 0.042540
4112.353383 0.033507
4113.601504 0.019997
4114.849624 0.021134
4116.097744 0.017560
4117.345865 0.013051
4118.593985 0.041502
4119.842105 0.030209
4121.090226 0.047870
4122.338346 0.052704
4123.586466 0.034944
4124.834586 0.039437
4126.082707 0.019082
4127.330827 0.037837
4128.578947 0.017688
4129.827068 0.033437
4131.075188 0.038351
4132.323308 0.029950
4133.571429 0.004534
4134.819549 0.035929
4136.067669 0.048900
4137.315789 0.019830
4138.563910 0.036335
4139.812030 0.021311
4141.060150 0.044117
4142.308271 0.031109
4143.556391 0.024663
4144.804511 0.016605
4146.052632 0.010998
4147.300752 0.052218
4148.548872 0.016374
4149.796992 0.015995
4151.045113 0.032092
4152.293233 0.032824
4153.541353 0.014453
4154.789474 0.027399
4156.037594 0.048545
4157.285714 0.041018
4158.533835 0.023851
4159.781955 0.062268
4161.030075 0.021384
4162.278195 0.033872
4163.526316 0.041130
4164.774436 0.026161
4166.022556 0.048902
4167.270677 0.018220
4168.518797 0.053088
4169.766917 0.010870
4171.015038 0.035094
4172.263158 0.058884
4173.511278 0.035640
4174.759398 0.038730
4176.007519 0.018538
4177.255639 0.032085
4178.503759 0.026309
4179.751880 0.023789
4181.000000 0.010732
4182.248120 0.023598
4183.496241 0.047885
4184.744361 0.034915
4185.992481 0.015799
4187.240602 0.012533
4188.488722 0.036209
4199.721805 0.016241
4200.969925 0.027025
4202.218045 0.032327
4203.466165 0.023555
4204.714286 0.042824
4205.962406 0.034122
4207.210526 0.034844
4208.458647 0.034103
4209.706767 0.019637
4210.954887 0.018085
4212.203008 0.030702
4213.451128 0.023797
4214.699248 0.013687
4215.947368 0.032857
4217.195489 0.050806
4218.443609 0.032955
4219.691729 0.030730
4220.939850 0.022517
4222.187970 0.014619
4223.436090 0.034054
4224.684211 0.026819
4225.932331 0.023938
4227.180451 0.035483
4228.428571 0.029255
4229.676692 0.035688
4230.924812 0.034165
4232.172932 0.032127
4233.421053 0.024831
4234.669173 0.017963
4235.917293 0.025436
4237.165414 0.008213
4238.413534 0.043598
4239.661654 0.052582
4240.909774 0.045414
4242.157895 0.037968
4243.406015 0.027033
4244.654135 0.035111
4245.902256 0.035590
4247.150376 0.032524
4248.398496 0.016908
4249.646617 0.029149
4250.894737 0.030819
4252.142857 0.037522
4253.390977 0.017356
4254.639098 0.037058
4255.887218 0.042101
4257.135338 0.028892
4258.383459 0.012437
4259.631579 0.009042
4260.879699 0.024071
4262.127820 0.025667
4263.375940 0.040609
4264.624060 0.030677
4265.872180 0.042711
4267.120301 0.025843
4268.368421 0.028897
4269.616541 0.051752
4270.864662 0.035584
4272.112782 0.032613
4273.360902 0.005316
4274.609023 0.021415
4275.857143 0.025260
4277.105263 0.051269
4278.353383 0.028898
4279.601504 0.030845
4280.849624 0.027634
4282.097744 0.048063
4283.345865 0.023652
4284.593985 0.034926
4285.842105 0.021695
4287.090226 0.024514
4288.338346 0.022588
4289.586466 0.031778
4290.834586 0.035538
4292.082707 0.041506
4293.330827 0.012921
4294.578947 0.043310
4295.827068 0.033987
4297.075188 0.031312
4298.323308 0.025555
4299.571429 0.027308
4300.819549 0.036835
4302.067669 0.051030
4303.315789 0.043891
4304.563910 0.030931
4305.812030 0.023388
4307.060150 0.034746
4308.308271 0.032329
4309.556391 0.010381
4310.804511 0.027565
4312.052632 0.017092
4313.300752 0.018127
4314.548872 0.034240
4315.796992 0.028937
4317.045113 0.037436
4318.293233 0.013736
4319.541353 0.028225
4320.789474 0.025568
4322.037594 0.032747
4323.285714 0.025628
4324.533835 0.030237
4325.781955 0.044668
4327.030075 0.041781
4328.278195 0.033544
4329.526316 0.048664
4330.774436 0.039424
4332.022556 0.028177
4333.270677 0.028332
4334.518797 0.039276
4335.766917 0.043295
4337.015038 0.037205
4338.263158 0.031070
4339.511278 0.030733
4340.759398 0.039071
4342.007519 0.025305
4343.255639 0.030244
4344.503759 0.032287
4345.751880 0.046488
4347.000000 0.031909
4348.248120 0.036869
4349.496241 0.018949
4350.744361 0.029389
4351.992481 0.021951
4353.240602 0.016294
4354.488722 0.025453
4355.736842 0.031058
4356.984962 0.019022
4358.233083 0.026669
4359.481203 0.039313
4360.729323 0.032300
4361.977444 0.044468
4363.225564 0.035845
4364.473684 0.026362
4365.721805 0.011611
4366.969925 0.022340
4368.218045 0.046360
4369.466165 0.053510
4370.714286 0.024456
4371.962406 0.019249
4373.210526 0.019318
4374.458647 0.044095
4375.706767 0.033642
4376.954887 0.005484
4378.203008 0.017008
4379.451128 0.036190
4380.699248 0.052908
4381.947368 0.041531
4383.195489 0.030961
4384.443609 0.026444
4385.691729 0.024486
4386.939850 0.034123
4388.187970 0.023888
4389.436090 0.046704
4390.684211 0.013477
4391.932331 0.039692
4393.180451 0.036181
4394.428571 0.010827
4395.676692 0.028328
4396.924812 0.033899
4398.172932 0.025188
4399.421053 0.018173
4400.669173 0.031175
4401.917293 0.040302
4403.165414 0.062194
4404.413534 0.044466
4405.661654 0.022782
4406.909774 0.013606
4408.157895 0.017293
4409.406015 0.038967
4410.654135 0.033570
4411.902256 0.032756
4413.150376 0.009351
4414.398496 0.041183
4415.646617 0.023895
4416.894737 0.029367
4418.142857 0.032414
4419.390977 0.034671
4420.639098 0.049369
4421.887218 0.025046
4423.135338 0.041781
4424.383459 0.032035
4425.631579 0.052002
4426.879699 0.044625
4428.127820 0.043437
4429.375940 0.038158
4430.624060 0.002892
4431.872180 0.042411
4433.120301 0.005784
4434.368421 0.039398
4435.616541 0.030890
4436.864662 0.033305
4438.112782 0.034135
4439.360902 0.039872
4440.609023 0.033432
4441.857143 -0.000518
4443.105263 0.034967
4444.353383 0.028983
4445.601504 0.009166
4446.849624 0.021750
4448.097744 0.025759
4449.345865 0.033817
4450.593985 0.052557
4451.842105 0.027419
4453.090226 0.010237
4454.338346 0.007401
4455.586466 0.049714
4456.834586 0.044665
4458.082707 0.027429
4459.330827 0.014776
4460.578947 0.040645
4461.827068 0.037293
4463.075188 0.004678
4464.323308 0.030106
4465.571429 0.033280
4466.819549 0.019370
4468.067669 0.033224
4469.315789 0.025752
4470.563910 0.029243
4471.812030 0.013224
4473.060150 0.034293
4474.308271 0.038809
4475.556391 0.024727
4476.804511 0.045202
4478.052632 0.030470
4479.300752 0.019445
4480.548872 0.023690
4481.796992 0.034090
4483.045113 0.030501
4484.293233 0.017988
4485.541353 0.035695
4486.789474 0.032515
4488.037594 -0.008438
4489.285714 0.015825
4490.533835 0.034465
4491.781955 0.046063
4493.030075 0.031931
4494.278195 0.044334
4495.526316 0.021417
4496.774436 0.018268
4498.022556 0.049911
4499.270677 0.045883
4500.518797 0.022392
4501.766917 0.031079
4503.015038 0.040448
4504.263158 0.047401
4505.511278 0.024124
4506.759398 0.031199
4508.007519 0.031237
4509.255639 0.014961
4510.503759 0.013288
4511.751880 0.028167
4513.000000 0.026547
4514.248120 0.044095
4515.496241 0.026480
4516.744361 0.021610
4517.992481 0.033887
4519.240602 0.036975
4520.488722 0.033736
4521.736842 0.031107
4522.984962 0.015845
4524.233083 0.002715
4525.481203 0.026019
4526.729323 0.028036
4527.977444 0.024454
4529.225564 0.037213
4530.473684 0.048284
4531.721805 0.029111
4532.969925 0.032182
4534.218045 0.026416
4535.466165 0.012897
4536.714286 0.022894
4537.962406 0.027653
4539.210526 0.039947
4540.458647 0.042395
4541.706767 0.030096
4542.954887 0.022146
4544.203008 0.019516
4545.451128 0.035303
4546.699248 0.029360
4547.947368 0.020592
4549.195489 0.034272
4550.443609 0.030558
4551.691729 0.017444
4552.939850 0.044922
4554.187970 0.042846
4555.436090 0.025604
4556.684211 0.023046
4557.932331 0.024005
4559.180451 0.041523
4560.428571 0.040724
4561.676692 0.026026
4562.924812 0.029616
4564.172932 0.028196
4565.421053 0.040373
4566.669173 0.036135
4567.917293 0.037334
4569.165414 0.028913
4570.413534 0.036862
4571.661654 0.030327
4572.909774 0.022471
4574.157895 0.025148
4575.406015 0.036964
4576.654135 0.040085
4577.902256 0.026015
4579.150376 0.031268
4580.398496 0.029926
4581.646617 0.034748
4582.894737 0.033130
4584.142857 0.029934
4585.390977 0.040350
4586.639098 0.036464
4587.887218 0.041976
4589.135338 0.026764
4590.383459 0.021998
4591.631579 0.033720
4592.879699 0.030159
4594.127820 0.028996
4595.375940 0.031837
4596.624060 0.021940
4597.872180 0.027144
4599.120301 0.033313
4600.368421 0.026966
4601.616541 0.018861
4602.864662 0.021270
4604.112782 0.029828
4605.360902 0.030646
4606.609023 0.036235
4607.857143 0.034313
4609.105263 0.039212
4610.353383 0.041007
4611.601504 0.021668
4612.849624 0.031828
4614.097744 0.035945
4615.345865 0.017882
4616.593985 0.010103
4617.842105 0.023167
4619.090226 0.021437
4620.338346 0.042872
4621.586466 0.036740
4622.834586 0.026742
4624.082707 0.035962
4625.330827 0.012132
4626.578947 0.027888
4627.827068 0.017779
4629.075188 0.030520
4630.323308 0.018162
4631.571429 0.028153
4632.819549 0.034741
4634.067669 0.027586
4635.315789 0.042083
4636.563910 0.038994
4637.812030 0.025552
4639.060150 0.023911
4640.308271 0.038439
4641.556391 0.028859
4642.804511 0.011185
4644.052632 0.029711
4645.300752 0.033488
4646.548872 0.024245
4647.796992 0.031873
4649.045113 0.024499
4650.293233 0.030386
4651.541353 0.026262
4652.789474 0.026766
4654.037594 0.021508
4655.285714 0.039186
4656.533835 0.019420
4657.781955 0.032576
4659.030075 0.037809
4660.278195 0.036401
4661.526316 0.029913
4662.774436 0.029798
4664.022556 0.026505
4665.270677 0.021504
4666.518797 0.019544
4667.766917 0.021827
4669.015038 0.024913
4670.263158 0.025816
4671.511278 0.032496
4672.759398 0.031108
4674.007519 0.036639
4675.255639 0.022722
4676.503759 0.017364
4677.751880 0.031070
4679.000000 0.039370
4680.248120 0.035370
4681.496241 0.034148
4682.744361 0.029923
4683.992481 0.035786
4685.240602 0.029962
4686.488722 0.016399
4687.736842 0.027630
4688.984962 0.023555
4690.233083 0.046142
4691.481203 0.037797
4692.729323 0.018357
4693.977444 0.027177
4695.225564 0.025285
4696.473684 0.011540
4697.721805 0.018685
4698.969925 0.030208
4700.218045 0.026540
4701.466165 0.027766
4702.714286 0.023002
4703.962406 0.032749
4705.210526 0.047845
4706.458647 0.046216
4707.706767 0.022779
4708.954887 0.019870
4710.203008 0.026600
4711.451128 0.026157
4712.699248 0.022359
4713.947368 0.026760
4715.195489 0.046170
4716.443609 0.020409
4717.691729 0.022285
4718.939850 0.027206
4720.187970 0.023899
4721.436090 0.040423
4722.684211 0.032732
4723.932331 0.026573
4725.180451 0.024743
4726.428571 0.031035
4727.676692 0.018076
4728.924812 0.026794
4746.398496 0.023112
4747.646617 0.047833
4748.894737 0.032923
4750.142857 0.023706
4751.390977 0.022296
4752.639098 0.022161
4753.887218 0.025371
4755.135338 0.043560
4756.383459 0.035946
4757.631579 0.026964
4758.879699 0.027150
4760.127820 0.040472
4761.375940 0.016550
4762.624060 0.016938
4763.872180 0.022961
4765.120301 0.017990
4766.368421 0.031120
4767.616541 0.032988
4768.864662 0.030646
4770.112782 0.032241
4771.360902 0.028182
4772.609023 0.030448
4773.857143 0.015780
4775.105263 0.031787
4776.353383 0.023471
4777.601504 0.025789
4778.849624 0.041147
4790.082707 0.022109
4791.330827 0.038652
4792.578947 0.025894
4793.827068 0.031824
4795.075188 0.011000
4796.323308 0.029113
4797.571429 0.035364
4798.819549 0.016839
4800.067669 0.024147
4801.315789 0.019286
4802.563910 0.027322
4803.812030 0.021931
4805.060150 0.015161
4806.308271 0.035388
4807.556391 0.024213
4808.804511 0.026550
4810.052632 0.025119
4811.300752 0.034726
4812.548872 0.023212
4813.796992 0.026378
4815.045113 0.030433
4816.293233 0.035905
4817.541353 0.032974
4818.789474 0.028420
4820.037594 0.032511
4821.285714 0.028830
4822.533835 0.032463
4823.781955 0.025387
4825.030075 0.034153
4826.278195 0.021081
4827.526316 0.020053
4828.774436 0.022930
4830.022556 0.034123
4831.270677 0.017737
4832.518797 0.024954
4833.766917 0.036272
4835.015038 0.028002
4836.263158 0.027212
4837.511278 0.032249
4838.759398 0.026224
4840.007519 0.003876
4841.255639 0.018284
4842.503759 0.011294
4843.751880 0.025186
4845.000000 0.030740
4846.248120 0.022581
4847.496241 0.028974
4848.744361 0.031644
4849.992481 0.026333
4851.240602 0.013538
4852.488722 0.014210
4853.736842 0.028083
4854.984962 0.019207
4856.233083 0.020240
4857.481203 0.025202
4858.729323 0.048204
4859.977444 0.053785
4861.225564 0.052937
4862.473684 0.058296
4863.721805 0.056971
4864.969925 0.041166
4866.218045 0.038035
4867.466165 0.026013
4868.714286 0.022520
4869.962406 0.020996
4871.210526 0.032168
4872.458647 0.025170
4873.706767 0.015846
4874.954887 0.032348
4876.203008 0.022114
4877.451128 0.022287
4878.699248 0.036340
4879.947368 0.032807
4881.195489 0.015675
4882.443609 0.024309
4883.691729 0.039185
4884.939850 0.012712
4886.187970 0.009031
4887.436090 0.026662
4888.684211 0.013604
4889.932331 0.024579
4891.180451 0.030207
4892.428571 0.013799
4893.676692 0.020548
4894.924812 0.020894
4896.172932 0.037205
4897.421053 0.022272
4898.669173 0.019738
4899.917293 0.030617
4901.165414 0.035711
4902.413534 0.014496
4903.661654 0.028202
4904.909774 0.034836
4906.157895 0.035210
4907.406015 0.034273
4908.654135 0.038996
4909.902256 0.032831
4911.150376 0.014485
4912.398496 0.025757
4913.646617 0.047496
4914.894737 0.026442
4916.142857 0.036438
4917.390977 0.045064
4918.639098 0.025539
4919.887218 0.019634
4921.135338 0.031065
4922.383459 0.033513
4923.631579 0.030897
4924.879699 0.038607
4926.127820 0.039556
4927.375940 0.035475
4928.624060 0.027092
4929.872180 0.019041
4931.120301 0.025733
4932.368421 0.041348
4933.616541 0.026926
4934.864662 0.018535
4936.112782 0.031715
4937.360902 0.029371
4938.609023 0.031004
4939.857143 0.023208
4941.105263 0.026443
4942.353383 0.018517
4943.601504 0.039682
4944.849624 0.050054
4946.097744 0.034289
4947.345865 0.014605
4948.593985 0.030683
4949.842105 0.030406
4951.090226 0.028524
4952.338346 0.031284
4953.586466 0.032174
4954.834586 0.022144
4956.082707 0.028955
4957.330827 0.045641
4958.578947 0.036593
4959.827068 0.048986
4961.075188 0.050201
4962.323308 0.058336
4963.571429 0.034936
4964.819549 0.045622
4966.067669 0.021857
4967.315789 0.016648
4968.563910 0.022337
4969.812030 0.023747
4971.060150 0.016594
4972.308271 0.034295
4973.556391 0.034367
4974.804511 0.038973
4976.052632 0.028752
4977.300752 0.021563
4978.548872 0.028167
4979.796992 0.033392
4981.045113 0.025116
4982.293233 0.024851
4983.541353 0.034536
4984.789474 0.023694
4986.037594 0.009051
4987.285714 0.016392
4988.533835 0.030115
4989.781955 0.022525
4991.030075 0.025220
4992.278195 0.016281
4993.526316 0.023742
4994.774436 0.025737
4996.022556 0.029483
4997.270677 0.032575
4998.518797 0.025534
4999.766917 0.025517
5001.015038 0.033670
5002.263158 0.022796
5003.511278 0.024988
5004.759398 0.072871
5006.007519 0.085382
5007.255639 0.081470
5008.503759 0.080525
5009.751880 0.102541
5011.000000 0.072257
5012.248120 0.026661
5013.496241 0.017821
5014.744361 0.022824
5015.992481 0.037900
5017.240602 0.032819
5018.488722 0.030999
5019.736842 0.026447
5020.984962 0.033805
5022.233083 0.028419
5023.481203 0.018803
5024.729323 0.025206
5025.977444 0.026786
5027.225564 0.016005
5028.473684 0.020650
5029.721805 0.035413
5030.969925 0.017417
5032.218045 0.035511
5033.466165 0.035304
5034.714286 0.023257
5035.962406 0.023097
5037.210526 0.032624
5038.458647 0.030361
5039.706767 0.030281
5040.954887 0.022335
5042.203008 0.029823
5043.451128 0.043233
5044.699248 0.019516
5045.947368 0.030642
5047.195489 0.033468
5048.443609 0.020512
5049.691729 0.022302
5050.939850 0.032638
5052.187970 0.028011
5053.436090 0.023837
5054.684211 0.020643
5055.932331 0.030901
5057.180451 0.020499
5058.428571 0.014628
5059.676692 0.019296
5060.924812 0.028431
5062.172932 0.043714
5063.421053 0.038212
5064.669173 0.021096
5065.917293 0.018874
5067.165414 0.027412
5068.413534 0.033962
5069.661654 0.026936
5070.909774 0.027349
5072.157895 0.029641
5073.406015 0.022231
5074.654135 0.028999
5075.902256 0.025704
5077.150376 0.026134
5078.398496 0.027971
5079.646617 0.022945
5080.894737 0.029982
5082.142857 0.036461
5083.390977 0.023181
5084.639098 0.021631
5085.887218 0.034647
5087.135338 0.022477
5088.383459 0.023816
5089.631579 0.023394
5090.879699 0.022353
5092.127820 0.025596
5093.375940 0.015521
5094.624060 0.018550
5095.872180 0.029039
5097.120301 0.022608
5098.368421 0.029679
5099.616541 0.029244
5100.864662 0.032702
5102.112782 0.028570
5103.360902 0.028760
5104.609023 0.019102
5105.857143 0.025173
5107.105263 0.023048
5108.353383 0.030652
5109.601504 0.018369
5110.849624 0.020826
5112.097744 0.026478
5113.345865 0.026872
5114.593985 0.030820
5115.842105 0.037627
5117.090226 0.022375
5118.338346 0.025986
5119.586466 0.024277
5120.834586 0.028498
5122.082707 0.023640
5123.330827 0.024721
5124.578947 0.024249
5125.827068 0.016197
5127.075188 0.020516
5128.323308 0.019591
5129.571429 0.019726
5130.819549 0.024023
5132.067669 0.039325
5133.315789 0.011810
5134.563910 0.025061
5135.812030 0.030873
5137.060150 -0.004060
5138.308271 0.013105
5139.556391 0.027429
5140.804511 0.029022
5142.052632 0.020232
5143.300752 0.027934
5144.548872 0.016412
5145.796992 0.008974
5147.045113 0.030536
5148.293233 0.028298
5149.541353 0.022087
5150.789474 0.022592
5152.037594 0.012857
5153.285714 0.019146
5154.533835 0.029838
5155.781955 0.027564
5157.030075 0.021157
5158.278195 0.036045
5159.526316 0.018321
5160.774436 0.038320
5162.022556 0.017242
5163.270677 -0.007894
5164.518797 0.017447
5165.766917 0.012248
5167.015038 0.010688
5168.263158 0.027401
5169.511278 0.031321
5170.759398 0.023306
5172.007519 0.012792
5173.255639 0.021615
5174.503759 0.019481
5175.751880 0.027960
5177.000000 0.028392
5178.248120 0.027741
5179.496241 0.026599
5180.744361 0.025942
5181.992481 0.015928
5183.240602 0.014617
5184.488722 0.023419
5185.736842 0.016450
5186.984962 0.023262
5188.233083 0.020667
5189.481203 0.014147
5190.729323 0.023259
5191.977444 0.026152
5193.225564 0.018819
5194.473684 0.014621
5195.721805 0.021807
5196.969925 0.010735
5198.218045 0.024474
5199.466165 0.029370
5200.714286 0.030806
5201.962406 0.023520
5203.210526 0.027593
5204.458647 0.013380
5205.706767 0.016661
5206.954887 0.023735
5208.203008 -0.002425
5209.451128 0.012892
5210.699248 0.022656
5211.947368 0.028213
5213.195489 0.022294
5214.443609 0.023553
5215.691729 0.025585
5216.939850 0.028013
5218.187970 0.014042
5219.436090 0.002434
5220.684211 0.021429
5221.932331 0.029526
5223.180451 0.020067
5224.428571 0.013777
5225.676692 0.015600
5226.924812 0.020734
5228.172932 0.018728
5229.421053 0.017164
5230.669173 0.019445
5231.917293 0.025273
5233.165414 0.026435
5234.413534 0.022691
5235.661654 0.024845
5236.909774 0.028368
5238.157895 0.015206
5239.406015 0.024952
5240.654135 0.045105
5241.902256 0.018393
5243.150376 0.032500
5244.398496 0.032885
5245.646617 0.025826
5246.894737 0.035901
5248.142857 0.035411
5249.390977 0.020089
5250.639098 0.026683
5251.887218 0.018407
5253.135338 0.027288
5254.383459 0.017380
5255.631579 0.024095
5256.879699 0.016185
5258.127820 0.021468
5259.375940 0.027746
5260.624060 0.024698
5261.872180 0.019501
5263.120301 0.020024
5264.368421 0.014949
5265.616541 0.019064
5266.864662 0.026696
5268.112782 0.023305
5269.360902 0.019841
5270.609023 0.027158
5271.857143 0.019329
5273.105263 0.019151
5274.353383 0.011769
5275.601504 0.015505
5276.849624 0.020178
5278.097744 0.021740
5279.345865 0.013533
5280.593985 0.029807
5281.842105 0.030991
5283.090226 0.029201
5284.338346 0.019303
5285.586466 0.029839
5286.834586 0.022676
5288.082707 0.023144
5289.330827 0.034584
5290.578947 0.025996
5291.827068 0.023851
5293.075188 0.024962
5294.323308 0.029149
5295.571429 0.029244
5296.819549 0.033262
5298.067669 0.025513
5299.315789 0.014863
5300.563910 0.028266
5301.812030 0.034271
5303.060150 0.031607
5304.308271 0.029009
5305.556391 0.025498
5306.804511 0.023010
5308.052632 0.014291
5309.300752 0.032213
5310.548872 0.030938
5311.796992 0.024213
5313.045113 0.025636
5314.293233 0.029989
5315.541353 0.037344
5316.789474 0.034871
5318.037594 0.019668
5319.285714 0.028629
5320.533835 0.026579
5321.781955 0.027188
5323.030075 0.026568
5324.278195 0.025823
5325.526316 0.026536
5326.774436 0.016553
5328.022556 0.017377
5329.270677 0.019620
5330.518797 0.018843
5331.766917 0.032022
5333.015038 0.027464
5334.263158 0.023983
5335.511278 0.025671
5336.759398 0.020344
5338.007519 0.019279
5339.255639 0.016645
5340.503759 0.015596
5341.751880 0.023158
5343.000000 0.027329
5344.248120 0.025958
5345.496241 0.032060
5346.744361 0.028575
5347.992481 0.023054
5349.240602 0.026236
5350.488722 0.029124
5351.736842 0.024575
5352.984962 0.025116
5354.233083 0.021985
5355.481203 0.035221
5356.729323 0.031490
5357.977444 0.024188
5359.225564 0.023234
5360.473684 0.025401
5361.721805 0.027213
5362.969925 0.030791
5364.218045 0.015397
5365.466165 0.021581
5366.714286 0.024552
5367.962406 0.023579
5369.210526 0.021487
5370.458647 0.034390
5371.706767 0.020724
5372.954887 0.025557
5374.203008 0.020877
5375.451128 0.023805
5376.699248 0.022095
5377.947368 0.025419
5379.195489 0.023083
5380.443609 0.032176
5381.691729 0.028650
5382.939850 0.015609
5384.187970 0.027311
5385.436090 0.026708
5386.684211 0.015963
5387.932331 0.023686
5389.180451 0.025505
5390.428571 0.022521
5391.676692 0.025140
5392.924812 0.031617
5394.172932 0.021519
5395.421053 0.025979
5396.669173 0.027278
5397.917293 0.020061
5399.165414 0.020719
5400.413534 0.024169
5401.661654 0.016505
5402.909774 0.012144
5404.157895 0.022318
5405.406015 0.027688
5406.654135 0.020820
5407.902256 0.021611
5409.150376 0.034147
5410.398496 0.022180
5411.646617 0.016163
5412.894737 0.016342
5414.142857 0.022475
5415.390977 0.005401
5416.639098 0.017736
5417.887218 0.015180
5419.135338 0.018205
5420.383459 0.024474
5421.631579 0.024917
5422.879699 0.024394
5424.127820 0.029901
5425.375940 0.023758
5426.624060 0.025153
5427.872180 0.019073
5429.120301 0.013369
5430.368421 0.028179
5431.616541 0.022533
5432.864662 0.022029
5434.112782 0.022076
5435.360902 0.021009
5436.609023 0.031022
5437.857143 0.023653
5439.105263 0.021927
5440.353383 0.007901
5441.601504 0.027914
5442.849624 0.030130
5444.097744 0.020597
5445.345865 0.048300
5446.593985 0.020492
5447.842105 0.032899
5449.090226 0.028295
5450.338346 0.025952
5451.586466 0.023808
5452.834586 0.011816
5454.082707 0.028402
5455.330827 0.029328
5456.578947 0.036387
5457.827068 0.032448
5459.075188 0.036876
5460.323308 0.025647
5461.571429 0.023025
5462.819549 0.017968
5464.067669 0.025048
5465.315789 0.029569
5466.563910 0.020340
5467.812030 0.014865
5469.060150 0.033523
5470.308271 0.016366
5471.556391 0.010604
5472.804511 0.028556
5474.052632 0.022110
5475.300752 0.012086
5476.548872 0.028067
5477.796992 0.034832
5479.045113 0.019930
5480.293233 0.014096
5481.541353 0.024851
5482.789474 0.021928
5484.037594 0.016962
5485.285714 0.028015
5486.533835 0.019051
5487.781955 0.025323
5489.030075 0.032531
5490.278195 0.018648
5491.526316 0.023537
5492.774436 0.028900
5494.022556 0.022289
5495.270677 0.026812
5496.518797 0.010774
5497.766917 -0.005852
5499.015038 0.035141
5500.263158 0.037426
5501.511278 0.021487
5502.759398 0.009566
5504.007519 0.030991
5505.255639 0.032377
5506.503759 0.022807
5507.751880 0.021986
5509.000000 0.028362
5510.248120 0.025375
5511.496241 0.004499
5512.744361 0.013908
5513.992481 0.030676
5515.240602 0.019321
5516.488722 0.005950
5517.736842 0.018895
5518.984962 0.051064
5520.233083 0.009126
5521.481203 0.010441
5522.729323 0.048017
5523.977444 0.018058
5525.225564 0.024263
5526.473684 0.024568
5527.721805 0.018485
5528.969925 0.016926
5530.218045 0.022609
5531.466165 0.018363
5532.714286 0.024259
5533.962406 0.028329
5535.210526 0.038070
5536.458647 0.022458
5537.706767 0.002868
5538.954887 0.019709
5540.203008 -0.007018
5541.451128 0.013980
5542.699248 0.022744
5543.947368 0.009810
5545.195489 0.018939
5546.443609 0.014205
5547.691729 0.024437
5548.939850 0.024073
5550.187970 0.019573
5551.436090 0.010018
5552.684211 0.013989
5553.932331 0.033830
5555.180451 0.021541
5556.428571 0.020019
5557.676692 0.017921
5558.924812 0.018970
5560.172932 0.016403
5561.421053 0.027451
5562.669173 0.020000
5563.917293 0.021011
5565.165414 0.018437
5566.413534 0.043114
5567.661654 0.038998
5568.909774 0.024216
5570.157895 0.026451
5571.406015 0.027701
5572.654135 0.021931
5573.902256 0.023510
5575.150376 0.026756
5576.398496 0.024135
5577.646617 0.028279
5578.894737 0.016027
5580.142857 0.024119
5581.390977 0.012407
5582.639098 0.026076
5583.887218 0.021298
5585.135338 0.037794
5586.383459 0.010672
5587.631579 0.023247
5588.879699 0.033916
5590.127820 0.021544
5591.375940 0.024979
5592.624060 0.016641
5593.872180 0.040655
5595.120301 0.026582
5596.368421 0.029725
5597.616541 0.016745
5598.864662 0.019941
5600.112782 0.016753
5601.360902 0.016556
5602.609023 0.017729
5603.857143 0.020684
5605.105263 0.024054
5606.353383 0.028394
5607.601504 0.019045
5608.849624 0.017782
5610.097744 0.021359
5611.345865 0.009112
5612.593985 0.005729
5613.842105 0.020350
5615.090226 0.016631
5616.338346 0.013003
5617.586466 0.024363
5618.834586 0.042427
5620.082707 0.026970
5621.330827 0.015017
5622.578947 0.024109
5623.827068 0.008682
5625.075188 0.009504
5626.323308 0.017776
5627.571429 0.016540
5628.819549 0.018976
5630.067669 0.025533
5631.315789 0.025783
5632.563910 0.028377
5633.812030 0.018279
5635.060150 0.035026
5636.308271 0.014072
5637.556391 0.028047
5638.804511 0.017964
5640.052632 0.030455
5641.300752 0.019702
5642.548872 0.028926
5643.796992 0.026063
5645.045113 0.023162
5646.293233 0.024585
5647.541353 0.021907
5648.789474 0.031805
5650.037594 0.012485
5651.285714 0.025127
5652.533835 0.029076
5653.781955 0.021192
5655.030075 0.019879
5656.278195 0.035964
5657.526316 0.043860
5658.774436 0.022819
5660.022556 0.024463
5661.270677 0.022789
5662.518797 0.024203
5663.766917 0.038659
5665.015038 0.026923
5666.263158 0.028732
5667.511278 0.014035
5668.759398 0.026241
5670.007519 0.021484
5671.255639 0.014171
5672.503759 0.034739
5673.751880 0.024913
5675.000000 0.022011
5676.248120 0.023622
5677.496241 0.026723
5678.744361 0.016337
5679.992481 0.020158
5681.240602 0.023058
5682.488722 0.019946
5683.736842 0.022480
5684.984962 0.023464
5686.233083 0.020028
5687.481203 0.023257
5688.729323 0.016290
5689.977444 0.018229
5691.225564 0.019793
5692.473684 0.040504
5693.721805 0.014386
5694.969925 0.028044
5696.218045 0.023958
5697.466165 0.016659
5698.714286 0.027394
5699.962406 0.022888
5701.210526 0.018358
5702.458647 0.015270
5703.706767 0.020733
5704.954887 0.019480
5706.203008 0.026206
5707.451128 0.032759
5708.699248 0.029980
5709.947368 0.024837
5711.195489 0.022220
5712.443609 0.004616
5713.691729 0.033663
5714.939850 0.044780
5716.187970 0.046428
5717.436090 0.022711
5718.684211 0.034231
5719.932331 0.017979
5721.180451 0.019712
5722.428571 0.023125
5723.676692 0.021796
5724.924812 0.021490
5726.172932 0.003478
5727.421053 0.020074
5728.669173 0.028313
5729.917293 0.032168
5731.165414 0.025859
5732.413534 0.014677
5733.661654 0.012041
5734.909774 0.040673
5736.157895 0.027572
5737.406015 0.010190
5738.654135 0.039481
5739.902256 0.010897
5741.150376 0.026729
5742.398496 0.031480
5743.646617 0.022912
5744.894737 0.025168
5746.142857 0.040225
5747.390977 0.028851
5748.639098 0.021617
5749.887218 0.014736
5751.135338 0.013172
5752.383459 0.020192
5753.631579 0.022345
5754.879699 0.038061
5756.127820 0.034545
5757.375940 0.030911
5758.624060 0.021286
5759.872180 0.022611
5761.120301 0.026357
5762.368421 0.030961
5763.616541 0.036984
5764.864662 0.036409
5766.112782 0.021050
5767.360902 0.016198
5768.609023 0.021384
5769.857143 0.018408
5771.105263 0.031316
5772.353383 0.037103
5773.601504 0.025350
5774.849624 0.025449
5776.097744 0.030350
5777.345865 0.027441
5778.593985 0.017757
5779.842105 0.019407
5781.090226 0.039793
5782.338346 0.028533
5783.586466 0.024965
5784.834586 0.025280
5786.082707 0.030319
5787.330827 0.020287
5788.578947 0.018424
5789.827068 0.019789
5791.075188 0.024460
5792.323308 0.030717
5793.571429 0.023085
5794.819549 0.015699
5796.067669 0.013433
5797.315789 0.006293
5798.563910 -0.011335
5799.812030 -0.052285
5801.060150 -0.002327
5802.308271 0.034045
5803.556391 0.048977
5804.804511 0.057841
5806.052632 0.026134
5807.300752 0.009874
5808.548872 0.018189
5809.796992 0.011343
5811.045113 0.028396
5812.293233 0.031145
5813.541353 0.020890
5814.789474 0.022484
5816.037594 0.026982
5817.285714 0.029989
5818.533835 0.019846
5819.781955 0.023240
5821.030075 0.019011
5822.278195 0.035990
5823.526316 0.036468
5824.774436 -0.028789
5826.022556 0.008015
5827.270677 0.048719
5828.518797 0.057224
5829.766917 0.039266
5831.015038 0.034785
5832.263158 0.023839
5833.511278 0.014928
5834.759398 0.024573
5836.007519 0.041694
5837.255639 0.043050
5838.503759 0.017388
5839.751880 0.028513
5841.000000 0.024297
5842.248120 0.002313
5843.496241 0.022394
5844.744361 0.031995
5845.992481 0.025880
5847.240602 0.011634
5848.488722 0.020563
5849.736842 0.030720
5850.984962 0.030217
5852.233083 0.038794
5853.481203 0.015286
5854.729323 0.010831
5855.977444 0.017696
5857.225564 0.001796
5858.473684 -0.009801
5859.721805 0.035678
5860.969925 0.039628
5862.218045 0.043609
5863.466165 0.044707
5864.714286 0.014701
5865.962406 0.020414
5867.210526 0.026313
5868.458647 0.011271
5869.706767 0.020002
5870.954887 0.026607
5872.203008 0.029278
5873.451128 0.027762
5874.699248 0.016055
5875.947368 0.013623
5877.195489 0.018638
5878.443609 -0.038471
5879.691729 -0.007570
5880.939850 0.037594
5882.187970 0.021395
5883.436090 0.038193
5884.684211 0.042152
5885.932331 0.036325
5887.180451 0.023722
5888.428571 0.020847
5889.676692 0.013394
5890.924812 0.017609
5892.172932 0.025251
5893.421053 0.031996
5894.669173 0.029773
5895.917293 -0.002845
5897.165414 0.022806
5898.413534 0.037924
5899.661654 0.024288
5900.909774 0.018910
5902.157895 -0.042196
5903.406015 -0.037387
5904.654135 0.021386
5905.902256 0.035330
5907.150376 0.029632
5908.398496 0.036537
5909.646617 0.016901
5910.894737 0.028220
5912.142857 0.031142
5913.390977 0.029312
5914.639098 -0.005236
5915.887218 0.008074
5917.135338 0.029991
5918.383459 0.033602
5919.631579 0.045382
5920.879699 0.022978
5922.127820 -0.005144
5923.375940 0.008887
5924.624060 0.029485
5925.872180 0.032895
5927.120301 0.019978
5928.368421 0.033524
5929.616541 0.005747
5930.864662 0.014181
5932.112782 0.023290
5933.360902 0.030907
5934.609023 0.057088
5935.857143 0.036766
5937.105263 0.032599
5938.353383 0.030106
5939.601504 0.017486
5940.849624 0.021829
5942.097744 0.029115
5943.345865 0.022505
5944.593985 0.029766
5945.842105 0.023997
5947.090226 -0.041753
5948.338346 0.000116
5949.586466 -0.002417
5950.834586 0.023659
5952.082707 0.099478
5953.330827 0.005785
5954.578947 0.035478
5955.827068 0.037157
5957.075188 0.031137
5958.323308 0.033921
5959.571429 0.034874
5960.819549 -0.001374
5962.067669 0.023270
5963.315789 0.042826
5964.563910 0.036228
5965.812030 0.036542
5967.060150 0.027813
5968.308271 0.026575
5969.556391 0.012714
5970.804511 0.030370
5972.052632 0.023534
5973.300752 0.024430
5974.548872 -0.010986
5975.796992 0.041133
5977.045113 0.025078
5978.293233 0.015347
5979.541353 0.032479
5980.789474 0.026214
5982.037594 0.017291
5983.285714 0.034570
5984.533835 0.017191
5985.781955 -0.034277
5987.030075 0.009603
5988.278195 0.048297
5989.526316 0.031379
5990.774436 0.096993
5992.022556 0.034596
5993.270677 0.031343
5994.518797 0.019003
5995.766917 0.019414
5997.015038 0.013163
5998.263158 0.009107
5999.511278 0.012630
6000.759398 0.027518
6002.007519 0.058440
6003.255639 0.034923
6004.503759 0.020458
6005.751880 0.018193
6007.000000 -0.018333
6008.248120 -0.029605
6009.496241 -0.014813
6010.744361 0.023881
6011.992481 0.047518
6013.240602 0.062219
6014.488722 0.024433
6015.736842 0.024598
6016.984962 0.014577
6018.233083 0.028612
6019.481203 0.024344
6020.729323 0.022112
6021.977444 0.009559
6023.225564 -0.007097
6024.473684 0.015692
6025.721805 0.012867
6026.969925 0.005235
6028.218045 0.028049
6029.466165 0.028632
6030.714286 0.025288
6031.962406 -0.019390
6033.210526 0.039428
6034.458647 0.028457
6035.706767 0.034801
6036.954887 0.075658
6038.203008 0.025427
6039.451128 0.030813
6040.699248 0.025363
6041.947368 0.027486
6043.195489 0.019095
6044.443609 0.023490
6045.691729 0.020135
6046.939850 0.022837
6048.187970 0.011778
6049.436090 0.020000
6050.684211 0.018061
6051.932331 0.009072
6053.180451 0.020615
6054.428571 0.021198
6055.676692 0.025629
6056.924812 0.034908
6058.172932 0.010464
6059.421053 0.004709
6060.669173 0.035039
6061.917293 0.033655
6063.165414 0.038627
6064.413534 0.045065
6065.661654 0.028209
6066.909774 0.019357
6068.157895 0.015066
6069.406015 0.019564
6070.654135 0.025296
6071.902256 0.028465
6073.150376 0.025081
6074.398496 0.026018
6075.646617 0.023017
6076.894737 0.016622
6078.142857 0.023820
6079.390977 0.016555
6080.639098 0.014772
6081.887218 0.018873
6083.135338 0.007040
6084.383459 0.013454
6085.631579 0.015638
6086.879699 0.020611
6088.127820 0.015985
6089.375940 0.015502
6090.624060 0.019385
6091.872180 0.012960
6093.120301 0.013393
6094.368421 0.014177
6095.616541 0.019267
6096.864662 0.028491
6098.112782 0.035947
6099.360902 0.008767
6100.609023 0.008768
6101.857143 0.012451
6103.105263 0.025039
6104.353383 0.022768
6105.601504 0.015481
6106.849624 0.019362
6108.097744 0.022359
6109.345865 0.024794
6110.593985 0.022117
6111.842105 0.024100
6113.090226 0.017005
6114.338346 0.028065
6115.586466 0.015022
6116.834586 0.005734
6118.082707 0.019921
6119.330827 0.023944
6120.578947 0.008103
6121.827068 0.024712
6123.075188 0.022102
6124.323308 0.018976
6125.571429 0.016432
6126.819549 0.021456
6128.067669 0.018722
6129.315789 0.017227
6130.563910 0.015795
6131.812030 0.015477
6133.060150 0.019907
6134.308271 0.015161
6135.556391 0.007029
6136.804511 0.027131
6138.052632 0.022447
6139.300752 0.002640
6140.548872 0.010151
6141.796992 0.021605
6143.045113 0.018759
6144.293233 0.024645
6145.541353 0.019320
6146.789474 0.011624
6148.037594 0.014764
6149.285714 0.016050
6150.533835 0.010791
6151.781955 0.017985
6153.030075 0.016251
6154.278195 0.009319
6155.526316 0.026125
6156.774436 0.021224
6158.022556 0.023039
6159.270677 0.017504
6160.518797 0.014923
6161.766917 0.013791
6163.015038 0.008067
6164.263158 0.022810
6165.511278 0.017923
6166.759398 0.013732
6168.007519 0.023813
6169.255639 0.021239
6170.503759 0.017980
6171.751880 0.023530
6173.000000 0.017545
6174.248120 0.014209
6175.496241 0.023127
6176.744361 0.014572
6177.992481 0.009058
6179.240602 0.020969
6180.488722 0.024520
6181.736842 0.013297
6182.984962 0.027029
6184.233083 0.026350
6185.481203 0.022171
6186.729323 0.021463
6187.977444 0.011853
6189.225564 0.014758
6190.473684 0.020425
6191.721805 0.025390
6192.969925 0.013792
6194.218045 0.006907
6195.466165 0.020016
6196.714286 0.012281
6197.962406 0.017130
6199.210526 0.019315
6200.458647 0.024938
6201.706767 0.026043
6202.954887 0.025878
6204.203008 0.019922
6205.451128 0.016673
6206.699248 0.013407
6207.947368 0.004599
6209.195489 0.023211
6210.443609 0.019081
6211.691729 0.020989
6212.939850 0.020200
6214.187970 0.028906
6215.436090 0.023235
6216.684211 0.007881
6217.932331 0.022036
6219.180451 0.019864
6220.428571 0.016009
6221.676692 0.007589
6222.924812 0.013697
6224.172932 -0.011301
6225.421053 0.030068
6226.669173 0.009297
6227.917293 0.025542
6229.165414 -0.004188
6230.413534 -0.010415
6231.661654 0.023172
6232.909774 0.037727
6234.157895 0.036414
6235.406015 0.039862
6236.654135 -0.008995
6237.902256 -0.009998
6239.150376 0.016146
6240.398496 0.085405
6241.646617 0.018480
6242.894737 0.012075
6244.142857 0.002867
6245.390977 0.012348
6246.639098 0.012022
6247.887218 0.039904
6249.135338 0.008317
6250.383459 0.018072
6251.631579 0.005976
6252.879699 0.016001
6254.127820 0.018209
6255.375940 0.025022
6256.624060 0.021605
6257.872180 0.023753
6259.120301 0.018399
6260.368421 0.034650
6261.616541 0.007496
6262.864662 0.007675
6264.112782 0.024367
6265.360902 0.012783
6266.609023 0.024247
6267.857143 0.015552
6269.105263 -0.000103
6270.353383 0.007074
6271.601504 0.003192
6272.849624 -0.004932
6274.097744 0.052895
6275.345865 0.071664
6276.593985 0.026740
6277.842105 0.040276
6279.090226 0.005622
6280.338346 0.004772
6281.586466 -0.005444
6282.834586 0.031673
6284.082707 0.026415
6285.330827 0.033123
6286.578947 0.016738
6287.827068 0.026301
6289.075188 0.028747
6290.323308 0.031166
6291.571429 0.038065
6292.819549 0.020108
6294.067669 0.016644
6295.315789 0.015899
6296.563910 0.016960
6297.812030 0.014967
6299.060150 0.021493
6300.308271 0.036282
6301.556391 0.025032
6302.804511 0.003398
6304.052632 0.029520
6305.300752 0.025139
6306.548872 0.017193
6307.796992 0.025808
6309.045113 0.024655
6310.293233 0.017898
6311.541353 0.018879
6312.789474 0.038363
6314.037594 0.001962
6315.285714 0.039637
6316.533835 0.024744
6317.781955 -0.003328
6319.030075 0.009761
6320.278195 0.020093
6321.526316 0.014933
6322.774436 0.016238
6324.022556 0.020840
6325.270677 0.017304
6326.518797 0.008363
6327.766917 0.017148
6329.015038 0.002296
6330.263158 0.017016
6331.511278 0.008650
6332.759398 0.007314
6334.007519 0.010195
6335.255639 0.030818
6336.503759 0.020135
6337.751880 0.021654
6339.000000 0.029022
6340.248120 0.019063
6341.496241 -0.030500
6342.744361 0.012637
6343.992481 0.013909
6345.240602 0.012191
6346.488722 0.016243
6347.736842 0.025259
6348.984962 0.020979
6350.233083 0.015834
6351.481203 -0.001936
6352.729323 0.010137
6353.977444 0.012078
6355.225564 0.001049
6356.473684 0.004683
6357.721805 0.019549
6358.969925 0.004904
