3494.308375 0.046304
3496.908491 0.041259
3499.508607 0.029427
3502.108724 0.031506
3504.708840 0.035583
3507.308955 0.044230
3509.909071 0.038987
3512.509187 0.032725
3515.109303 0.057208
3517.709419 0.009922
3520.309535 0.023582
3522.909651 0.061962
3525.509767 0.055760
3528.109884 0.027421
3530.710000 0.027747
3533.310115 0.044832
3535.910231 0.035338
3538.510347 0.018785
3541.110463 0.031246
3543.710579 0.037904
3546.310695 0.041307
3548.910811 0.039118
3551.510927 0.037007
3554.111044 0.044244
3556.711159 0.042485
3559.311275 0.025543
3561.911391 0.018837
3564.511507 0.020736
3567.111623 0.028242
3569.711739 0.034448
3572.311855 0.023619
3574.911971 0.040325
3577.512087 0.042603
3580.112204 0.050050
3582.712319 0.021618
3585.312435 0.023155
3587.912551 0.047065
3590.512667 0.033924
3593.112783 0.021311
3595.712899 0.006460
3598.313015 0.019790
3600.913131 0.036154
3603.513247 0.030257
3606.113363 0.053879
3608.713479 0.010101
3611.313595 0.015418
3613.913711 0.037977
3616.513827 0.045721
3619.113943 0.034675
3621.714059 0.024689
3624.314175 0.024038
3626.914291 0.035151
3629.514407 0.034951
3632.114523 0.040223
3634.714639 0.027636
3637.314755 0.005356
3639.914871 0.034398
3642.514987 0.024657
3645.115103 0.037882
3647.715219 0.023655
3650.315335 0.035147
3652.915451 0.009326
3655.515567 0.014983
3658.115683 0.046206
3660.715799 0.030734
3663.315915 0.013328
3665.916031 0.047139
3668.516147 0.023203
3671.116263 0.016935
3673.716379 0.017729
3676.316495 0.033972
3678.916611 0.015023
3681.516727 0.012771
3684.116843 0.021011
3686.716959 0.044321
3689.317075 0.022970
3691.917191 0.031123
3694.517307 0.047014
3697.117423 0.029762
3699.717539 0.025535
3702.317655 0.035396
3704.917771 0.034557
3707.517887 0.042606
3710.118003 0.029806
3712.718119 0.024500
3715.318235 0.023921
3717.918351 0.035824
3720.518467 0.050178
3723.118583 0.095793
3725.718699 0.155610
3728.318815 0.198837
3730.918931 0.153913
3733.519047 0.069393
3736.119163 0.032608
3738.719279 0.028395
3741.319395 0.044559
3743.919511 0.040423
3746.519627 0.038309
3749.119743 0.034820
3751.719859 0.034209
3754.319975 0.031066
3756.920091 0.049485
3759.520207 0.052326
3762.120323 0.031977
3764.720439 0.046423
3767.320555 0.044539
3769.920671 0.045194
3772.520787 0.045145
3775.120903 0.034015
3777.721019 0.022272
3780.321134 0.034753
3782.921251 0.064375
3785.521367 0.042739
3788.121483 0.022491
3790.721599 0.046388
3793.321715 0.019216
3795.921831 0.024999
3798.521947 0.021416
3801.122063 0.027092
3803.722179 0.035920
3806.322294 0.051631
3808.922411 0.048943
3811.522527 0.041913
3814.122643 0.054601
3816.722759 0.043323
3819.322875 0.029431
3821.922991 0.037478
3824.523107 0.032387
3827.123223 0.048739
3829.723338 0.050934
3832.323454 0.034871
3834.923571 0.019143
3837.523687 0.019751
3840.123803 0.021702
3842.723919 0.025424
3845.324035 0.039086
3847.924151 0.040405
3850.524267 0.061170
3853.124383 0.075934
3855.724498 0.058312
3858.324614 0.062753
3860.924731 0.050728
3863.524847 0.052083
3866.124963 0.062659
3868.725079 0.064815
3871.325195 0.059048
3873.925311 0.043160
3876.525427 0.055557
3879.125542 0.045001
3881.725658 0.037811
3884.325774 0.033989
3886.925891 0.039636
3889.526007 0.024448
3892.126123 0.030703
3894.726239 0.013521
3897.326355 0.028836
3899.926471 0.053815
3902.526587 0.057979
3905.126702 0.048509
3907.726818 0.046687
3910.326934 0.056009
3912.927050 0.036239
3915.527167 0.052890
3918.127283 0.056315
3920.727399 0.058223
3923.327515 0.071389
3925.927631 0.068542
3928.527746 0.052467
3931.127862 0.045951
3933.727978 0.038843
3936.328094 0.040216
3938.928210 0.063855
3941.528327 0.046312
3944.128443 0.049755
3946.728559 0.048276
3949.328675 0.041086
3951.928791 0.047746
3954.528906 0.045935
3957.129022 0.042147
3959.729138 0.046371
3962.329254 0.030975
3964.929370 0.027393
3967.529487 0.032491
3970.129603 0.036984
3972.729719 0.027965
3975.329835 0.035658
3977.929950 0.037977
3980.530066 0.033803
3983.130182 0.050503
3985.730298 0.027898
3988.330414 0.045166
3990.930530 0.057882
3993.530647 0.053457
3996.130763 0.050019
3998.730879 0.045922
4001.330995 0.044659
4003.931110 0.054898
4006.531226 0.058641
4009.131342 0.034115
4011.731458 0.064705
4014.331574 0.057245
4016.931690 0.034471
4019.531807 0.058746
4022.131923 0.054541
4024.732039 0.043634
4027.332155 0.050648
4029.932270 0.057269
4032.532386 0.060904
4035.132502 0.061038
4037.732618 0.051887
4040.332734 0.061078
4042.932850 0.059893
4045.532967 0.054627
4048.133083 0.059676
4050.733199 0.061594
4053.333314 0.061824
4055.933430 0.026151
4058.533546 0.040786
4061.133662 0.054058
4063.733778 0.052937
4066.333894 0.047015
4068.934010 0.046712
4071.534127 0.056625
4074.134243 0.036632
4076.734359 0.051569
4079.334474 0.065503
4081.934590 0.054642
4084.534706 0.059596
4087.134822 0.048461
4089.734938 0.039273
4092.335054 0.055548
4094.935170 0.045789
4097.535287 0.031045
4100.135403 0.048840
4102.735518 0.023695
4105.335634 0.049909
4107.935750 0.035206
4110.535866 0.035774
4113.135982 0.039106
4115.736098 0.020845
4118.336214 0.041783
4120.936330 0.046857
4123.536447 0.041138
4126.136563 0.054320
4128.736678 0.052508
4131.336794 0.047124
4133.936910 0.061667
4136.537026 0.037035
4139.137142 0.055502
4141.737258 0.052821
4144.337374 0.037812
4146.937490 0.057579
4149.537607 0.051407
4152.137722 0.057493
4154.737838 0.049227
4157.337954 0.045526
4159.938070 0.056360
4162.538186 0.069110
4165.138302 0.058146
4167.738418 0.056451
4170.338534 0.042051
4172.938650 0.048717
4175.538766 0.040938
4178.138882 0.044417
4180.738998 0.055451
4183.339114 0.053974
4185.939230 0.063613
4188.539346 0.059111
4191.139462 0.041390
4193.739578 0.056479
4196.339694 0.071005
4198.939810 0.051120
4201.539926 0.041624
4204.140042 0.043126
4206.740158 0.044719
4209.340274 0.047557
4211.940390 0.048047
4214.540506 0.043912
4217.140622 0.055628
4219.740738 0.059396
4222.340854 0.064941
4224.940970 0.061766
4227.541086 0.055120
4230.141202 0.039920
4232.741318 0.044861
4235.341434 0.043616
4237.941550 0.034917
4240.541666 0.065189
4243.141782 0.044450
4245.741898 0.050064
4248.342014 0.049273
4250.942130 0.054581
4253.542246 0.049362
4256.142362 0.052905
4258.742478 0.059374
4261.342594 0.041890
4263.942710 0.054030
4266.542826 0.037967
4269.142942 0.051664
4271.743058 0.067506
4274.343174 0.060198
4276.943290 0.065835
4279.543406 0.055921
4282.143522 0.049372
4284.743638 0.035371
4287.343754 0.053508
4289.943870 0.047497
4292.543986 0.041149
4295.144102 0.039138
4297.744218 0.027050
4300.344334 0.033147
4302.944450 0.047470
4331.545726 0.057700
4334.145842 0.048228
4336.745958 0.075487
4339.346074 0.070616
4341.946190 0.045676
4344.546306 0.052833
4347.146422 0.036469
4349.746537 0.040168
4352.346654 0.044003
4354.946770 0.056515
4357.546886 0.036004
4360.147002 0.053791
4362.747118 0.051978
4365.347234 0.047274
4367.947350 0.065441
4370.547466 0.052113
4373.147582 0.027280
4375.747697 0.041785
4378.347814 0.049323
4380.947930 0.059887
4383.548046 0.049941
4386.148162 0.028169
4388.748278 0.035193
4391.348394 0.032456
4393.948510 0.058514
4396.548626 0.039453
4399.148742 0.042379
4401.748857 0.054871
4404.348973 0.032759
4406.949090 0.063527
4409.549206 0.053954
4412.149322 0.044690
4414.749438 0.039745
4417.349554 0.051831
4419.949670 0.022702
4422.549786 0.040496
4425.149901 0.059784
4427.750017 0.061883
4430.350133 0.054049
4432.950250 0.048543
4435.550366 0.064162
4438.150482 0.063587
4440.750598 0.053575
4443.350714 0.061842
4445.950830 0.065635
4448.550946 0.052965
4451.151061 0.059067
4453.751177 0.049670
4456.351293 0.040248
4458.951410 0.058976
4461.551526 0.059918
4464.151642 0.067219
4466.751758 0.047551
4469.351874 0.025145
4471.951990 0.042280
4474.552105 0.040649
4477.152221 0.052433
4518.754078 0.059774
4521.354194 0.041182
4523.954309 0.066195
4526.554425 0.057621
4529.154541 0.036940
4531.754657 0.039067
4534.354773 0.052426
4536.954890 0.053285
4539.555006 0.022370
4542.155122 0.050815
4544.755238 0.055310
4547.355354 0.038760
4549.955469 0.049360
4552.555585 0.048387
4555.155701 0.023469
4557.755817 0.031810
4560.355933 0.047576
4562.956050 0.088135
4565.556166 0.073679
4568.156282 0.027151
4570.756398 0.049549
4573.356513 0.055108
4575.956629 0.040295
4578.556745 0.054492
4581.156861 0.034370
4583.756977 0.028043
4586.357093 0.046039
4588.957210 0.056106
4591.557326 0.046071
4594.157442 0.053636
4596.757558 0.038427
4599.357673 0.041715
4601.957789 0.052578
4604.557905 0.059421
4607.158021 0.038372
4609.758137 0.049059
4612.358253 0.034449
4614.958370 0.051601
4617.558486 0.063850
4620.158602 0.043405
4622.758717 0.041195
4625.358833 0.030322
4627.958949 0.060335
4630.559065 0.058066
4633.159181 0.038679
4635.759297 0.041312
4638.359413 0.061270
4640.959530 0.049966
4643.559646 0.042891
4646.159762 0.027571
4648.759877 0.048528
4651.359993 0.051519
4653.960109 0.036064
4656.560225 0.044078
4659.160341 0.049864
4661.760457 0.036406
4664.360573 0.056612
4666.960689 0.055710
4669.560806 0.048591
4672.160921 0.054130
4674.761037 0.037967
4677.361153 0.050409
4679.961269 0.059832
4682.561385 0.042220
4685.161501 0.040992
4687.761617 0.051440
4690.361733 0.057581
4692.961849 0.045023
4695.561966 0.044732
4698.162081 0.043500
4700.762197 0.066707
4703.362313 0.041262
4705.962429 0.042091
4708.562545 0.044566
4711.162661 0.036038
4713.762777 0.057231
4716.362893 0.055718
4718.963009 0.046120
4721.563125 0.044275
4724.163241 0.055457
4726.763357 0.061496
4729.363473 0.045256
4731.963589 0.056779
4734.563705 0.033436
4737.163821 0.052874
4739.763937 0.047543
4742.364053 0.042843
4744.964169 0.048494
4747.564285 0.054456
4750.164401 0.040808
4752.764517 0.045420
4755.364633 0.060888
4757.964749 0.071302
4760.564865 0.058296
4763.164981 0.060816
4765.765097 0.035792
4768.365213 0.024753
4770.965329 0.037417
4773.565445 0.037545
4776.165561 0.042268
4778.765677 0.053066
4781.365793 0.041571
4783.965909 0.038375
4786.566025 0.034721
4789.166141 0.042589
4791.766257 0.037630
4794.366373 0.057651
4796.966489 0.041320
4799.566605 0.046397
4802.166721 0.042364
4804.766837 0.031103
4807.366953 0.039156
4809.967069 0.040088
4812.567185 0.029783
4815.167301 0.042168
4817.767417 0.046630
4820.367533 0.059000
4822.967649 0.051851
4825.567765 0.043113
4828.167881 0.059053
4830.767997 0.067048
4833.368113 0.029159
4835.968229 0.043581
4838.568345 0.044382
4841.168461 0.062504
4843.768577 0.049648
4846.368693 0.042167
4848.968809 0.051326
4851.568925 0.043102
4854.169041 0.022103
4856.769157 0.045799
4859.369273 0.063004
4861.969389 0.084113
4864.569505 0.080201
4867.169621 0.044230
4869.769737 0.026371
4872.369853 0.065560
4874.969969 0.045145
4877.570085 0.071151
4880.170201 0.013525
4882.770317 0.064582
4885.370433 0.059620
4887.970549 0.050230
4890.570665 0.040043
4893.170781 0.023131
4895.770896 0.022829
4898.371013 0.057053
4900.971129 0.031124
4903.571245 0.029640
4906.171361 0.039869
4908.771477 0.048749
4911.371593 0.045455
4913.971709 0.022194
4916.571825 0.025618
4919.171941 0.039338
4921.772056 0.040122
4924.372173 0.029366
4926.972289 -0.003471
4929.572405 0.038380
4932.172521 0.040291
4934.772637 0.045528
4937.372753 0.037835
4939.972869 0.047053
4942.572985 0.030151
4945.173100 0.050223
4947.773216 0.034551
4950.373333 0.044755
4952.973449 0.070455
4955.573565 0.069258
4958.173681 0.077227
4960.773797 0.065039
4963.373913 0.061443
4965.974029 0.043330
4968.574145 0.034403
4971.174260 0.051272
4973.774376 0.035587
4976.374493 0.031643
4978.974609 0.033381
4981.574725 0.034540
4984.174841 0.042020
4986.774957 0.039487
4989.375073 0.038738
4991.975189 0.043348
4994.575304 0.038514
4997.175420 0.019495
4999.775536 0.054958
5002.375653 0.047354
5004.975769 0.107294
5007.575885 0.154877
5010.176001 0.145411
5012.776117 0.039939
5015.376233 0.031436
5017.976349 0.042745
5020.576464 0.041175
5023.176580 0.026727
5025.776696 0.027763
5028.376813 0.026648
5030.976929 0.041978
5033.577045 0.035798
5036.177161 0.026329
5038.777277 0.048769
5041.377393 0.018433
5043.977508 0.036923
5046.577624 0.047800
5049.177740 0.051461
5051.777856 0.039884
5054.377973 0.032756
5056.978089 0.051301
5059.578205 0.052913
5062.178321 0.037705
5064.778437 0.041816
5067.378553 0.037207
5069.978668 0.045972
5072.578784 0.053824
5075.178900 0.067769
5077.779016 0.036414
5080.379133 0.055004
5082.979249 0.040560
5085.579365 0.052608
5088.179481 0.044516
5090.779597 0.049841
5093.379712 0.067009
5095.979828 0.046196
5098.579944 0.035236
5101.180060 0.027383
5103.780176 0.031187
5106.380293 0.022061
5108.980409 0.029076
5111.580525 0.032657
5114.180641 0.018987
5116.780757 0.054103
5119.380872 0.039224
5121.980988 0.051120
5124.581104 0.050064
5127.181220 0.052261
5129.781336 0.043272
5132.381453 0.036093
5134.981569 0.045747
5137.581685 0.039399
5140.181801 0.039518
5142.781917 0.043347
5145.382032 0.041304
5147.982148 0.040411
5150.582264 0.040491
5153.182380 0.046174
5155.782496 0.038467
5158.382612 0.029199
5160.982729 0.049062
5163.582845 0.053615
5166.182961 0.040004
5168.783076 0.031799
5171.383192 0.024473
5173.983308 0.047961
5176.583424 0.045628
5179.183540 0.035655
5181.783656 0.043467
5184.383772 0.060434
5186.983889 0.040949
5189.584005 0.044616
5192.184121 0.032863
5194.784236 0.031952
5197.384352 0.035395
5199.984468 0.034923
5202.584584 0.043285
5205.184700 0.055633
5207.784816 0.042180
5210.384932 0.031203
5212.985049 0.034515
5215.585165 0.034785
5218.185280 0.026727
5220.785396 0.038344
5223.385512 0.042388
5225.985628 0.044329
5228.585744 0.036366
5231.185860 0.039107
5233.785976 0.041479
5236.386092 0.031410
5238.986209 0.036980
5241.586325 0.049100
5244.186440 0.042355
5246.786556 0.043332
5249.386672 0.043595
5251.986788 0.045976
5254.586904 0.043336
5257.187020 0.050359
5259.787136 0.046475
5262.387252 0.044928
5264.987369 0.031780
5267.587484 0.034618
5270.187600 0.036933
5272.787716 0.042114
5275.387832 0.051084
5277.987948 0.038374
5280.588064 0.014771
5283.188180 0.015707
5285.788296 0.038005
5288.388412 0.075371
5290.988529 0.035522
5293.588644 0.041485
5296.188760 0.031227
5298.788876 0.043126
5301.388992 0.054671
5303.989108 0.058711
5306.589224 0.016832
5309.189340 0.028187
5311.789456 0.054049
5314.389572 0.054549
5316.989688 0.032184
5319.589804 0.012697
5322.189920 0.032138
5324.790036 0.016612
5327.390152 0.032537
5329.990268 0.050252
5332.590384 0.027534
5335.190500 0.042744
5337.790616 0.042573
5340.390732 0.035888
5342.990848 0.032816
5345.590964 0.032221
5348.191080 0.039229
5350.791196 0.025357
5353.391312 0.042503
5355.991428 0.071985
5358.591544 0.061642
5361.191660 0.055848
5363.791776 0.043245
5366.391892 0.032325
5368.992008 0.010529
5371.592124 0.029410
5374.192240 0.059173
5376.792356 0.034325
5379.392472 0.023630
5381.992588 0.049586
5384.592704 0.021385
5387.192820 0.030108
5389.792936 0.034844
5392.393052 0.037846
5394.993168 0.038795
5397.593284 0.037434
5400.193400 0.043103
5402.793516 0.039429
5405.393632 0.047952
5407.993748 0.042859
5410.593864 0.015290
5413.193980 0.052241
5415.794096 0.043396
5418.394212 0.036625
5420.994328 0.023872
5423.594444 0.040330
5426.194560 0.047530
5428.794676 0.045490
5431.394792 0.050398
5433.994908 0.031713
5436.595024 0.047245
5439.195140 0.037176
5441.795256 0.042859
5444.395372 0.027793
5446.995488 0.035674
5449.595604 0.029019
5452.195720 0.033097
5454.795836 0.028626
5457.395952 0.038133
5459.996068 0.053072
5462.596184 0.044392
5465.196299 0.031730
5467.796416 0.047531
5470.396532 0.042482
5472.996648 0.040631
5475.596764 0.043977
5478.196880 0.050745
5480.796996 0.051391
5483.397112 0.057364
5485.997228 0.048611
5488.597344 0.023402
5491.197459 0.040523
5493.797576 0.036087
5496.397692 0.039667
5498.997808 0.045500
5501.597924 0.037371
5504.198040 0.049041
5506.798156 0.053978
5509.398272 0.062118
5511.998388 0.046834
5514.598503 0.055791
5517.198619 0.046665
5519.798736 0.030348
5522.398852 0.042199
5524.998968 0.047923
5527.599084 0.037833
5530.199200 0.034409
5532.799316 0.051766
5535.399432 0.041177
5537.999548 0.050820
5540.599663 0.045216
5543.199779 0.037934
5545.799896 0.045021
5548.400012 0.058470
5551.000128 0.058162
5553.600244 0.054903
5556.200360 0.027554
5558.800476 0.034245
5561.400592 0.045969
5564.000708 0.042634
5566.600823 0.053268
5569.200939 0.047647
5571.801056 0.052163
5574.401172 0.049444
5577.001288 0.047063
5579.601404 0.053312
5582.201520 0.038614
5584.801636 0.036227
5587.401752 0.065466
5590.001867 0.059867
5592.601983 0.041644
5595.202099 0.069162
5597.802216 0.075204
5600.402332 0.072411
5603.002448 0.033199
5605.602564 0.070169
5608.202680 0.099931
5610.802796 0.065840
5613.402912 0.027719
5616.003027 0.026653
5618.603143 0.020245
5621.203259 0.042806
5623.803376 0.035714
5626.403492 0.012600
5629.003608 0.060743
5631.603724 0.011416
5634.203840 0.003028
5636.803956 0.032095
5639.404071 0.043690
5642.004187 0.030356
5644.604303 0.041151
5647.204419 0.013557
5649.804536 0.049360
5652.404652 0.062703
5655.004768 0.031348
5657.604884 0.028668
5660.205000 0.034577
5662.805116 0.040449
5665.405231 -0.001211
5668.005347 0.050770
5670.605463 0.058861
5673.205579 0.039088
5675.805695 0.051702
5678.405812 0.021575
5681.005928 0.021148
5683.606044 0.023483
5686.206160 0.027593
5688.806275 0.047770
5691.406391 0.070669
5694.006507 0.046245
5696.606623 0.043080
5699.206739 0.050377
5701.806855 0.042880
5704.406972 0.035049
5707.007088 0.054559
5709.607204 0.049668
5712.207320 0.026038
5714.807435 0.048272
5717.407551 0.051617
5720.007667 0.054992
5722.607783 0.070974
5725.207899 0.085918
5727.808015 0.046398
5730.408132 0.049455
5733.008248 0.054553
5735.608364 0.047155
5738.208479 0.048807
5740.808595 0.044593
5743.408711 0.034349
5746.008827 0.024860
5748.608943 0.040569
5751.209059 0.038533
5753.809175 0.039261
5756.409292 0.040829
5759.009408 0.033019
5761.609524 0.037642
5764.209639 0.037984
5766.809755 0.037928
5769.409871 0.059264
5772.009987 0.064197
5774.610103 0.059266
5777.210219 0.041695
5779.810335 0.027415
5782.410452 0.022379
5785.010568 0.045743
5787.610683 0.043639
5790.210799 0.030587
5792.810915 0.063163
5795.411031 0.057790
