3551.426382 0.037734
3554.080851 0.043612
3556.735319 0.025589
3559.389788 0.044875
3562.044257 0.048070
3564.698726 0.014479
3567.353194 0.049997
3570.007663 0.043525
3572.662132 0.033004
3575.316601 0.039255
3577.971069 0.053532
3580.625538 0.052460
3583.280007 0.015545
3585.934476 -0.001310
3588.588944 0.029670
3591.243413 0.053324
3593.897882 0.044623
3596.552351 0.052726
3599.206819 0.036903
3601.861288 0.049479
3604.515757 0.040934
3607.170226 0.060088
3609.824694 0.030246
3612.479163 0.006139
3615.133632 0.056379
3617.788101 0.035681
3620.442569 0.029030
3623.097038 0.021417
3625.751507 0.035139
3628.405976 0.051366
3631.060444 0.027755
3633.714913 0.036208
3636.369382 0.034088
3639.023851 0.036857
3641.678319 0.023466
3644.332788 0.022837
3646.987257 0.038269
3649.641726 0.028528
3652.296194 0.041036
3654.950663 0.026774
3657.605132 0.020661
3660.259601 0.029666
3662.914069 0.052017
3665.568538 0.039303
3668.223007 0.049628
3670.877476 0.014751
3673.531944 0.046305
3676.186413 0.018502
3678.840882 0.029369
3681.495351 0.033867
3684.149819 0.052927
3686.804288 0.043427
3689.458757 0.028030
3692.113226 0.042824
3694.767694 0.045206
3697.422163 0.029500
3700.076632 0.020176
3702.731101 0.050032
3705.385569 0.038926
3708.040038 0.027544
3710.694507 0.042675
3713.348976 0.058724
3716.003444 0.036225
3718.657913 0.036300
3721.312382 0.032444
3723.966851 0.059954
3726.621319 0.135452
3729.275788 0.179260
3731.930257 0.125503
3734.584726 0.041717
3737.239194 0.039271
3739.893663 0.027455
3742.548132 0.060173
3745.202601 0.036429
3747.857069 0.018997
3750.511538 0.047952
3753.166007 0.055446
3755.820476 0.040064
3758.474945 0.056359
3761.129413 0.050708
3763.783882 0.039681
3766.438351 0.033719
3769.092820 0.049179
3771.747288 0.047251
3774.401757 0.034695
3777.056226 0.042735
3779.710695 0.026587
3782.365163 0.048531
3785.019632 0.059976
3787.674101 0.054572
3790.328570 0.050112
3792.983038 0.026101
3795.637507 0.016688
3798.291976 0.026772
3800.946445 0.009576
3803.600913 0.021217
3806.255382 0.025348
3808.909851 0.055782
3811.564320 0.049787
3814.218788 0.055691
3816.873257 0.043407
3819.527726 0.037738
3822.182195 0.058275
3824.836663 0.054715
3827.491132 0.028896
3830.145601 0.048701
3832.800070 0.027148
3835.454538 0.017613
3838.109007 0.042220
3840.763476 0.038780
3843.417945 0.038843
3846.072413 0.043871
3848.726882 0.043841
3851.381351 0.033631
3854.035820 0.051329
3856.690288 0.058626
3859.344757 0.062085
3861.999226 0.052539
3864.653695 0.059690
3867.308163 0.077672
3869.962632 0.068408
3872.617101 0.049352
3875.271570 0.054596
3877.926038 0.037430
3880.580507 0.060885
3883.234976 0.044308
3885.889445 0.028853
3888.543913 0.031277
3891.198382 0.036598
3893.852851 0.042574
3896.507320 0.069051
3899.161788 0.038521
3901.816257 0.038159
3904.470726 0.040875
3907.125195 0.053478
3909.779663 0.052279
3912.434132 0.032179
3915.088601 0.056887
3917.743070 0.053988
3920.397538 0.034091
3923.052007 0.049179
3925.706476 0.053635
3928.360945 0.050273
3931.015413 0.054840
3933.669882 0.042005
3936.324351 0.034852
3938.978820 0.041459
3941.633288 0.058295
3944.287757 0.045201
3946.942226 0.051220
3949.596695 0.061237
3952.251163 0.050358
3954.905632 0.054003
3957.560101 0.051831
3960.214570 0.055981
3962.869038 0.039967
3965.523507 0.055063
3968.177976 0.055317
3970.832445 0.021039
3973.486913 0.037519
3976.141382 0.029277
3978.795851 0.046243
3981.450320 0.042911
3984.104788 0.034523
3986.759257 0.064356
3989.413726 0.059716
3992.068195 0.044209
3994.722663 0.059030
3997.377132 0.056226
4000.031601 0.059720
4002.686070 0.079890
4005.340538 0.057235
4007.995007 0.044315
4010.649476 0.038895
4013.303945 0.040314
4015.958413 0.074993
4018.612882 0.062790
4021.267351 0.045099
4023.921820 0.052360
4026.576288 0.065841
4029.230757 0.056636
4031.885226 0.051475
4034.539695 0.058711
4037.194163 0.050653
4039.848632 0.044873
4042.503101 0.042192
4045.157570 0.064430
4047.812038 0.059492
4050.466507 0.058222
4053.120976 0.050629
4055.775445 0.032754
4058.429913 0.048187
4061.084382 0.045403
4063.738851 0.040303
4066.393320 0.044012
4069.047788 0.058988
4071.702257 0.060182
4074.356726 0.071811
4077.011195 0.059346
4079.665663 0.053748
4082.320132 0.048175
4084.974601 0.052007
4087.629070 0.064589
4090.283538 0.062953
4092.938007 0.053523
4095.592476 0.054452
4098.246945 0.052577
4100.901413 0.028394
4103.555882 0.038590
4106.210351 0.034847
4108.864820 0.044890
4111.519288 0.050081
4114.173757 0.068884
4116.828226 0.069320
4119.482695 0.036160
4122.137163 0.053017
4124.791632 0.059463
4127.446101 0.058967
4130.100570 0.052302
4132.755038 0.058162
4135.409507 0.046064
4138.063976 0.051629
4140.718445 0.051789
4143.372913 0.059335
4146.027382 0.053801
4148.681851 0.043478
4151.336320 0.059790
4153.990788 0.056693
4156.645257 0.051797
4159.299726 0.074731
4161.954195 0.053591
4164.608663 0.040735
4167.263132 0.058522
4169.917601 0.053200
4172.572070 0.076567
4175.226538 0.039206
4177.881007 0.069030
4180.535476 0.040683
4183.189945 0.048255
4185.844413 0.051902
4188.498882 0.065261
4191.153351 0.067576
4193.807820 0.046821
4196.462288 0.067685
4199.116757 0.065330
4201.771226 0.072374
4204.425695 0.054097
4207.080163 0.037781
4209.734632 0.056149
4212.389101 0.049825
4215.043570 0.050080
4217.698038 0.063449
4220.352507 0.050278
4223.006976 0.051209
4225.661445 0.071419
4228.315913 0.065312
4230.970382 0.053279
4233.624851 0.056202
4236.279320 0.053744
4238.933788 0.062054
4241.588257 0.060160
4244.242726 0.046716
4246.897195 0.055526
4249.551663 0.047249
4252.206132 0.035148
4254.860601 0.045321
4257.515070 0.059310
4260.169538 0.066284
4262.824007 0.059223
4265.478476 0.044901
4268.132945 0.057646
4270.787413 0.071910
4273.441882 0.055439
4276.096351 0.035857
4278.750820 0.072894
4281.405288 0.047042
4284.059757 0.065986
4286.714226 0.047576
4289.368695 0.031316
4292.023163 0.038425
4294.677632 0.060049
4297.332101 0.053274
4299.986570 0.041476
4302.641038 0.051776
4305.295507 0.055239
4307.949976 0.042562
4310.604445 0.049093
4313.258913 0.033399
4315.913382 0.052004
4318.567851 0.048099
4321.222320 0.042465
4323.876788 0.044874
4326.531257 0.024135
4329.185726 0.039264
4331.840195 0.041205
4334.494663 0.055382
4337.149132 0.048392
4339.803601 0.052935
4342.458070 0.039025
4345.112538 0.057035
4347.767007 0.048382
4350.421476 0.040551
4353.075945 0.043577
4355.730413 0.048775
4358.384882 0.052960
4361.039351 0.050560
4363.693820 0.036947
4366.348288 0.043999
4369.002757 0.050468
4371.657226 0.043520
4374.311695 0.052059
4376.966163 0.043867
4379.620632 0.049984
4382.275101 0.042781
4384.929570 0.053316
4387.584038 0.047363
4390.238507 0.054644
4392.892976 0.067909
4427.401070 0.056941
4430.055538 0.028227
4432.710007 0.056662
4435.364476 0.043963
4438.018945 0.045166
4440.673413 0.045033
4443.327882 0.055145
4445.982351 0.051844
4448.636820 0.055510
4451.291288 0.058435
4453.945757 0.051003
4456.600226 0.065342
4459.254695 0.051869
4461.909163 0.064560
4464.563632 0.044530
4467.218101 0.042150
4469.872570 0.071811
4472.527038 0.038932
4475.181507 0.045785
4477.835976 0.049400
4480.490445 0.047939
4483.144913 0.062526
4485.799382 0.045846
4488.453851 0.045257
4491.108320 0.069355
4493.762788 0.038457
4496.417257 0.043849
4499.071726 0.061988
4501.726195 0.037117
4504.380663 0.042863
4507.035132 0.064557
4509.689601 0.064147
4512.344070 0.056481
4514.998538 0.063114
4517.653007 0.051200
4520.307476 0.061821
4522.961945 0.076534
4525.616413 0.055791
4528.270882 0.062417
4530.925351 0.043132
4533.579820 0.046221
4536.234288 0.054077
4538.888757 0.050451
4541.543226 0.043291
4544.197695 0.052343
4546.852163 0.040361
4549.506632 0.050650
4552.161101 0.049379
4554.815570 0.037936
4557.470038 0.049632
4560.124507 0.053882
4562.778976 0.055802
4565.433445 0.051003
4568.087913 0.045928
4570.742382 0.050070
4573.396851 0.045789
4576.051320 0.044010
4578.705788 0.034687
4581.360257 0.052029
4584.014726 0.066509
4586.669195 0.072573
4589.323663 0.042760
4591.978132 0.054518
4594.632601 0.052150
4597.287070 0.038782
4599.941538 0.032588
4602.596007 0.049614
4605.250476 0.054679
4607.904945 0.054695
4610.559413 0.061194
4613.213882 0.044708
4615.868351 0.058776
4618.522820 0.048482
4621.177288 0.059673
4623.831757 0.038260
4626.486226 0.047461
4629.140695 0.057236
4631.795163 0.045008
4634.449632 0.068255
4637.104101 0.044860
4639.758570 0.059351
4642.413038 0.052390
4645.067507 0.063576
4647.721976 0.103675
4650.376445 0.112861
4653.030914 0.038549
4655.685382 0.039334
4658.339851 0.045611
4660.994320 0.041845
4663.648789 0.005625
4666.303257 0.038362
4668.957726 0.073313
4671.612195 0.043613
4674.266664 0.037567
4676.921132 0.045954
4679.575601 0.042136
4682.230070 0.056611
4684.884539 0.042761
4687.539007 0.038801
4690.193476 0.055637
4692.847945 0.037129
4695.502414 0.073619
4698.156882 0.079878
4700.811351 0.058018
4703.465820 0.027905
4706.120289 0.020295
4708.774757 0.051166
4711.429226 0.041612
4714.083695 0.037760
4716.738164 0.057232
4719.392632 0.044981
4722.047101 0.043412
4724.701570 0.062849
4727.356039 0.044096
4730.010507 0.021515
4732.664976 0.052010
4735.319445 0.054924
4737.973914 0.048181
4740.628382 0.059069
4743.282851 0.065442
4745.937320 0.050483
4748.591789 0.056056
4751.246257 0.042962
4753.900726 0.020083
4756.555195 0.056648
4759.209664 0.058721
4761.864132 0.070882
4764.518601 0.062784
4767.173070 0.037328
4769.827539 0.060275
4772.482007 0.056208
4775.136476 0.046112
4777.790945 0.051478
4780.445414 0.051110
4783.099882 0.061712
4785.754351 0.062643
4788.408820 0.042182
4791.063289 0.031127
4793.717757 0.064280
4796.372226 0.056344
4799.026695 0.040618
4801.681164 0.042543
4804.335632 0.050213
4806.990101 0.056661
4809.644570 0.062208
4812.299039 0.024576
4814.953507 0.037244
4817.607976 0.070538
4820.262445 0.064117
4822.916914 0.055205
4825.571382 0.061193
4828.225851 0.055912
4830.880320 0.060530
4833.534789 0.069233
4836.189257 0.048049
4838.843726 0.052363
4841.498195 0.053797
4844.152664 0.045243
4846.807132 0.066549
4849.461601 0.040127
4852.116070 0.012884
4854.770539 0.047580
4857.425007 0.042371
4860.079476 0.054657
4862.733945 0.072200
4865.388414 0.041516
4868.042882 0.043693
4870.697351 0.045028
4873.351820 0.056345
4876.006289 0.037372
4878.660757 0.035547
4881.315226 0.047267
4883.969695 0.038571
4886.624164 0.042043
4889.278632 0.045340
4891.933101 0.038225
4894.587570 0.043735
4897.242039 0.065812
4899.896507 0.052842
4902.550976 0.044484
4905.205445 0.054493
4907.859914 0.046705
4910.514382 0.055119
4913.168851 0.036148
4915.823320 0.047302
4918.477789 0.059178
4921.132257 0.055833
4923.786726 0.045282
4926.441195 0.084774
4929.095664 0.056993
4931.750132 0.015901
4934.404601 0.040053
4937.059070 0.045274
4939.713539 0.083656
4942.368007 0.064707
4945.022476 0.045450
4947.676945 0.015650
4950.331414 0.024999
4952.985882 0.041937
4955.640351 0.059542
4958.294820 0.077008
4960.949289 0.072645
4963.603757 0.055898
4966.258226 0.048865
4968.912695 0.061927
4971.567164 0.055251
4974.221632 0.036799
4976.876101 0.047615
4979.530570 0.014012
4982.185039 -0.010106
4984.839507 0.054178
4987.493976 0.044357
4990.148445 0.047036
4992.802914 0.037909
4995.457382 0.065511
4998.111851 0.057139
5000.766320 0.054559
5003.420789 0.060875
5006.075257 0.115707
5008.729726 0.098168
5011.384195 0.085650
5014.038664 0.061786
5016.693132 0.073816
5019.347601 0.056293
5022.002070 0.059756
5024.656539 0.046932
5027.311007 0.071677
5029.965476 0.070930
5032.619945 0.055845
5035.274414 0.039239
5037.928882 0.056166
5040.583351 0.040126
5043.237820 0.042880
5045.892289 0.045882
5048.546757 0.038852
5051.201226 0.036686
5053.855695 0.035023
5056.510164 0.053868
5059.164632 0.053703
5061.819101 0.047156
5064.473570 0.048524
5067.128039 0.059491
5069.782507 0.071217
5072.436976 0.038952
5075.091445 0.034577
5077.745914 0.055645
5080.400382 0.049829
5083.054851 0.049961
5085.709320 0.045693
5088.363789 0.033650
5091.018257 0.057341
5093.672726 0.044669
5096.327195 0.065555
5098.981664 0.042292
5101.636132 0.056385
5104.290601 0.039048
5106.945070 0.046405
5109.599539 0.055817
5112.254007 0.028808
5114.908476 0.052836
5117.562945 0.042286
5120.217414 0.038667
5122.871882 0.046371
5125.526351 0.047954
5128.180820 0.062388
5130.835289 0.071054
5133.489757 0.080604
5136.144226 0.031808
5138.798695 -0.002582
5141.453164 0.052374
5144.107632 0.052023
5146.762101 0.064198
5149.416570 0.070042
5152.071039 0.041792
5154.725507 0.037162
5157.379976 0.054262
5160.034445 0.053166
5162.688914 0.045375
5165.343382 0.031116
5167.997851 0.040093
5170.652320 0.048297
5173.306789 0.068052
5175.961257 0.042327
5178.615726 0.056104
5181.270195 0.049152
5183.924664 0.028720
5186.579132 0.043495
5189.233601 0.036432
5191.888070 0.077639
5194.542539 0.035483
5197.197007 0.029245
5199.851476 0.041940
5202.505945 0.027401
5205.160414 0.041721
5207.814882 0.058104
5210.469351 0.050404
5213.123820 0.041774
5215.778289 0.034480
5218.432757 0.024186
5221.087226 0.031016
5223.741695 0.045658
5226.396164 0.061991
5229.050632 0.049982
5231.705101 0.050107
5234.359570 0.043376
5237.014039 0.062855
5239.668507 0.045990
5242.322976 0.047577
5244.977445 0.047315
5247.631914 0.038089
5250.286382 0.031550
5252.940851 0.041563
5255.595320 0.046844
5258.249789 0.045936
5260.904257 0.018153
5263.558726 0.041004
5266.213195 0.057125
5268.867664 0.047806
5271.522132 0.044562
5274.176601 0.053372
5276.831070 0.059282
5279.485539 0.046337
5282.140007 0.051260
5284.794476 0.055300
5287.448945 0.055514
5290.103414 0.054907
5292.757882 0.061733
5295.412351 0.055244
5298.066820 0.038654
5300.721289 0.046284
5303.375757 0.047992
5306.030226 0.047945
5308.684695 0.040420
5311.339164 0.047141
5313.993632 0.055075
5316.648101 0.053323
5319.302570 0.054953
5321.957039 0.062889
5324.611507 0.047519
5327.265976 0.028549
5329.920445 0.044134
5332.574914 0.045307
5335.229382 0.042958
5337.883851 0.041948
5340.538320 0.052537
5343.192789 0.046464
5345.847257 0.028664
5348.501726 0.052748
5351.156195 0.054345
5353.810664 0.059459
5356.465132 0.053691
5359.119601 0.042341
5361.774070 0.041932
5364.428539 0.051514
5367.083007 0.038669
5369.737476 0.036103
5372.391945 0.043163
5375.046414 0.035798
5377.700882 0.046305
5380.355351 0.072533
5383.009820 0.045465
5385.664289 0.035459
5388.318757 0.064037
5390.973226 0.056784
5393.627695 0.047241
5396.282164 0.039111
5398.936632 0.048424
5401.591101 0.046659
5404.245570 0.045467
5406.900039 0.052756
5409.554507 0.045844
5412.208976 0.044470
5414.863445 0.059530
5417.517914 0.062727
5420.172382 0.067703
5422.826851 0.061766
5425.481320 -0.006927
5428.135789 0.047287
5430.790257 0.031976
5433.444726 0.028004
5436.099195 0.026047
5438.753664 0.031675
5441.408132 0.056284
5444.062601 0.035094
5446.717070 0.031250
5449.371539 0.030218
5452.026007 0.050661
5454.680476 0.047197
5457.334945 0.055625
5459.989414 0.023557
5462.643882 0.045774
5465.298351 0.055091
5467.952820 0.058348
5470.607289 0.034820
5473.261757 0.000759
5475.916226 0.020529
5478.570695 0.036051
5481.225164 0.031858
5483.879632 0.056001
5486.534101 0.041698
5489.188570 0.085259
5491.843039 0.058787
5494.497507 0.046124
5497.151976 0.036689
5499.806445 0.060988
5502.460914 0.047231
5505.115382 0.037470
5507.769851 0.027775
5510.424320 0.051432
5513.078789 0.068660
5515.733257 0.054478
5518.387726 0.025166
5521.042195 0.039877
5523.696664 0.051402
5526.351132 0.030843
5529.005601 0.046372
5531.660070 0.042876
5534.314539 0.047721
5536.969007 0.052109
5539.623476 0.039070
5542.277945 0.025238
5544.932414 0.039554
5547.586883 0.050964
5550.241351 0.035391
5552.895820 0.047237
5555.550289 0.034496
5558.204758 0.047631
5560.859226 0.055769
5563.513695 0.041883
5566.168164 0.045528
5568.822633 0.057922
5571.477101 0.039848
5574.131570 0.046895
5576.786039 0.058498
5579.440508 0.046542
5582.094976 0.046703
5584.749445 0.045566
5587.403914 0.046268
5590.058383 0.044535
5592.712851 0.044514
5595.367320 0.040207
5598.021789 0.049816
5600.676258 0.027981
5603.330726 0.029990
5605.985195 0.058779
5608.639664 0.041873
5611.294133 0.036671
5613.948601 0.046254
5616.603070 0.042311
5619.257539 0.039348
5621.912008 0.031208
5624.566476 0.030888
5627.220945 0.043291
5629.875414 0.067600
5632.529883 0.052116
5635.184351 0.045863
5637.838820 0.044991
5640.493289 0.028199
5643.147758 0.044635
5645.802226 0.057056
5648.456695 0.049111
5651.111164 0.044905
5653.765633 0.033466
5656.420101 0.048100
5659.074570 0.042659
5661.729039 0.034338
5664.383508 0.039499
5667.037976 0.031943
5669.692445 0.039778
5672.346914 0.038897
5675.001383 0.049335
5677.655851 0.035066
5680.310320 0.047754
5682.964789 0.056879
5685.619258 0.058687
5688.273726 0.030590
5690.928195 0.034473
5693.582664 0.039174
5696.237133 0.038889
5698.891601 0.039113
5701.546070 0.051861
5704.200539 0.043131
5706.855008 0.028607
5709.509476 0.032683
5712.163945 0.044659
5714.818414 0.039479
5717.472883 0.071307
5720.127351 0.077058
5722.781820 0.023788
5725.436289 0.068216
5728.090758 0.084758
5730.745226 0.016646
5733.399695 0.045434
5736.054164 0.049312
5738.708633 0.033044
5741.363101 0.045214
5744.017570 0.022900
5746.672039 0.091147
5749.326508 0.061952
5751.980976 0.026254
5754.635445 0.022581
5757.289914 0.058111
5759.944383 0.052909
5762.598851 0.041982
5765.253320 0.001809
5767.907789 0.024876
5770.562258 0.050957
5773.216726 0.031254
5775.871195 0.040149
5778.525664 0.038628
5781.180133 0.037752
5783.834601 0.040251
5786.489070 0.015032
5789.143539 0.020638
5791.798008 0.042204
5794.452476 0.056067
5797.106945 0.076521
5799.761414 0.056828
5802.415883 0.051851
5805.070351 0.025474
5807.724820 0.018253
5810.379289 0.058230
5813.033758 0.071031
5815.688226 0.042205
5818.342695 0.058062
5820.997164 0.053099
5823.651633 0.036833
5826.306101 0.045218
5828.960570 0.045497
5831.615039 0.053814
5834.269508 0.030618
5836.923976 0.055962
5839.578445 0.048122
5842.232914 0.030740
5844.887383 0.039111
5847.541851 0.050520
5850.196320 0.060573
5852.850789 0.059305
5855.505258 0.038662
5858.159726 0.036284
5860.814195 0.013534
5863.468664 0.048409
5866.123133 0.066336
5868.777601 0.042988
5871.432070 0.038897
5874.086539 0.027702
5876.741008 0.065832
5879.395476 0.052334
5882.049945 0.063041
5884.704414 0.039934
5887.358883 0.033684
5890.013351 0.038329
5892.667820 0.030992
5895.322289 0.003465
5897.976758 0.018500
5900.631226 0.037642
5903.285695 0.060913
5905.940164 0.054679
5908.594633 0.074282
5911.249101 0.064832
5913.903570 0.039546
5916.558039 0.054573
5919.212508 0.046039
5921.866976 0.049945
5924.521445 0.057326
5927.175914 0.028780
5929.830383 0.025678
5932.484851 0.012556
5935.139320 0.029413
5937.793789 0.032245
5940.448258 0.032523
5943.102726 0.020504
5945.757195 0.007737
5948.411664 0.055936
5951.066133 0.060956
5953.720601 0.035314
5956.375070 0.032232
5959.029539 0.043989
5961.684008 0.037355
5964.338476 0.011140
5966.992945 0.042945
5969.647414 0.043505
5972.301883 0.036155
5974.956351 0.027088
5977.610820 0.022053
5980.265289 0.046500
5982.919758 0.056273
5985.574226 0.012419
5988.228695 0.036423
5990.883164 0.056706
5993.537633 0.049023
5996.192101 0.029331
5998.846570 0.080913
6001.501039 0.069908
6004.155508 0.030928
6006.809976 0.023036
6009.464445 0.054630
6012.118914 0.016726
6014.773383 0.047101
6017.427851 0.034074
6020.082320 0.065804
6022.736789 0.067330
6025.391258 0.104826
6028.045726 0.091377
6030.700195 0.084595
6033.354664 0.030114
6036.009133 0.032940
6038.663601 0.046916
6041.318070 0.030655
6043.972539 0.020057
6046.627008 0.067730
6049.281476 0.044957
6051.935945 0.028624
6054.590414 0.037445
6057.244883 0.057367
6059.899351 0.025859
6062.553820 0.033618
6065.208289 0.041460
6067.862758 0.040783
6070.517226 0.042064
6073.171695 0.043683
6075.826164 0.026505
6078.480633 0.031386
6081.135101 0.055660
6083.789570 0.047898
6086.444039 0.007122
6089.098508 -0.002240
6091.752976 0.020125
6094.407445 0.048454
6097.061914 0.075817
6099.716383 0.086243
6102.370851 0.063631
6105.025320 0.063643
6107.679789 0.043662
6110.334258 0.043643
6112.988726 0.030879
6115.643195 0.007801
6118.297664 -0.004650
6120.952133 0.048725
6123.606601 0.015001
6126.261070 0.044324
6128.915539 0.081272
6131.570008 0.027031
6134.224476 0.009166
6136.878945 0.017993
6139.533414 0.041571
6142.187883 0.053656
6144.842351 0.040940
6147.496820 0.052090
6150.151289 0.063436
6152.805758 0.010400
6155.460226 0.035938
6158.114695 0.052748
6160.769164 0.093888
6163.423633 0.054839
6166.078101 0.031780
6168.732570 0.036880
6171.387039 0.007321
6174.041508 0.010102
6176.695976 0.004875
6179.350445 0.067433
6182.004914 0.007389
6184.659383 0.036010
6187.313851 0.029434
6189.968320 0.031138
6192.622789 0.023138
6195.277258 0.067360
6197.931726 -0.009651
6200.586195 -0.018944
6203.240664 0.022926
6205.895133 -0.016368
6208.549601 0.016059
6211.204070 -0.024688
6213.858539 0.016617
6216.513008 0.008126
6219.167476 0.053125
6221.821945 0.030113
6224.476414 0.015484
6227.130883 0.029253
6229.785351 0.053797
6232.439820 0.065927
6235.094289 0.018598
6237.748758 0.010128
6240.403226 0.032628
6243.057695 0.034948
6245.712164 -0.028356
6248.366633 -0.014878
6251.021101 0.018977
6253.675570 0.069050
6256.330039 0.090516
6258.984508 0.077873
6261.638976 0.030469
6264.293445 0.022440
6266.947914 0.030190
6269.602383 0.033147
6272.256851 0.035505
6274.911320 0.048085
6277.565789 0.029115
6280.220258 0.019909
6282.874726 0.045145
6285.529195 0.035940
6288.183664 0.019250
6290.838133 0.078978
6293.492601 0.033653
6296.147070 0.054303
6298.801539 0.046363
6301.456008 0.035223
6304.110476 0.036454
6306.764945 0.041909
6309.419414 0.036196
6312.073883 0.083816
6314.728351 0.063241
6317.382820 0.026961
6320.037289 0.053648
6322.691758 0.041948
6325.346226 0.031897
6328.000695 0.043338
6330.655164 0.046516
6333.309633 0.019893
6335.964101 0.042759
6338.618570 0.101722
6341.273039 0.084279
6343.927508 0.039062
6346.581976 0.084413
6349.236445 0.064002
6351.890914 0.016497
6354.545383 0.040090
6357.199851 0.020097
6359.854320 -0.004608
6362.508789 0.069756
6365.163258 0.044591
6367.817726 0.062982
6370.472195 0.043950
6373.126664 0.068858
6375.781133 0.066960
6378.435601 0.033680
6381.090070 0.037703
6383.744539 0.037435
6386.399008 0.040848
6389.053476 0.029476
6391.707945 0.045271
6394.362414 0.039705
6397.016883 0.023911
6399.671351 0.055946
6402.325820 0.047388
6404.980289 0.071221
6407.634758 0.031870
6410.289226 0.014159
6412.943695 0.040330
6415.598164 0.036468
6418.252633 0.015023
6420.907101 0.047253
6423.561570 0.040004
6426.216039 0.030705
6428.870508 0.025924
6431.524976 0.015643
6434.179445 0.036990
6436.833914 0.070947
6439.488383 0.044744
6442.142851 0.044142
6444.797320 0.041263
6447.451789 0.045208
6450.106258 0.039808
6452.760727 0.025725
6455.415195 0.029308
6458.069664 0.042259
6460.724133 0.037020
6463.378602 0.029773
6466.033070 0.024951
6468.687539 0.051087
6471.342008 0.022859
6473.996477 0.028701
6476.650945 0.046739
6479.305414 0.050370
6481.959883 0.033128
6484.614352 0.038707
6487.268820 0.025839
6489.923289 0.029780
6492.577758 0.027955
6495.232227 0.046633
6497.886695 0.044680
6500.541164 0.029177
6503.195633 0.038579
6505.850102 0.043605
6508.504570 0.043595
6511.159039 0.053817
6513.813508 0.008442
6516.467977 -0.007460
6519.122445 0.058579
6521.776914 0.034454
6524.431383 0.047317
6527.085852 0.032531
6529.740320 0.019294
6532.394789 0.036695
6535.049258 0.001728
6537.703727 0.003753
6540.358195 0.029588
6543.012664 0.033813
6545.667133 0.086338
6548.321602 0.007946
6550.976070 -0.044560
6553.630539 0.086190
6556.285008 0.001840
6558.939477 0.058403
6561.593945 0.137576
6564.248414 0.195683
6566.902883 0.126980
6569.557352 0.073880
6572.211820 0.037623
6574.866289 0.029363
6577.520758 0.020610
6580.175227 0.037998
6582.829695 0.060988
6585.484164 0.017119
6588.138633 0.031722
6590.793102 0.041768
6593.447570 0.062429
6596.102039 -0.006729
6598.756508 -0.044711
6601.410977 0.058160
6604.065445 0.030649
6606.719914 0.058803
6609.374383 0.013653
6612.028852 0.029788
6614.683320 0.018717
6617.337789 0.026792
6619.992258 0.018320
6622.646727 0.052108
6625.301195 0.093643
6627.955664 0.023797
6630.610133 0.071405
6633.264602 0.059805
6635.919070 0.058081
6638.573539 0.055603
6641.228008 0.045453
6643.882477 0.068215
6646.536945 0.050748
6649.191414 0.042536
6651.845883 0.025797
6654.500352 0.044840
6657.154820 0.045318
6659.809289 0.109617
6662.463758 0.071021
6665.118227 0.037502
6667.772695 0.025468
6670.427164 0.037079
6673.081633 0.050674
6675.736102 0.033774
6678.390570 0.017078
6681.045039 0.038360
6683.699508 0.078350
6686.353977 0.052964
6689.008445 0.079321
6691.662914 0.003335
6694.317383 0.006755
6696.971852 0.023437
6699.626320 0.032804
6702.280789 0.040201
6704.935258 0.061561
6707.589727 0.018091
6710.244195 0.042169
6712.898664 0.065692
6715.553133 0.110506
6718.207602 0.068468
6720.862070 0.075738
6723.516539 0.006733
6726.171008 0.016377
6728.825477 0.031190
6731.479945 0.069717
6734.134414 0.055832
6736.788883 0.025380
6739.443352 0.038838
6742.097820 0.048472
6744.752289 0.053031
6747.406758 0.046442
6750.061227 0.101166
6752.715695 0.024331
6755.370164 0.008120
6758.024633 0.011761
6760.679102 0.028049
6763.333570 0.057805
6765.988039 0.038506
6768.642508 0.022467
6771.296977 0.045895
6773.951445 0.028192
6776.605914 0.026137
6779.260383 0.014594
6781.914852 0.049084
6784.569320 0.055810
6787.223789 0.045233
6789.878258 0.036561
6792.532727 0.038868
6795.187195 0.060502
6797.841664 0.029913
6800.496133 0.041251
6803.150602 0.049764
6805.805070 0.072186
6808.459539 0.076553
6811.114008 -0.002903
6813.768477 -0.030628
6816.422945 -0.003638
6819.077414 0.020092
6821.731883 0.009994
6824.386352 0.002394
6827.040820 0.019037
6829.695289 -0.026981
6832.349758 0.009060
6835.004227 0.071774
6837.658695 0.035187
6840.313164 -0.011432
6842.967633 -0.022601
6845.622102 -0.022199
6848.276570 0.053095
6850.931039 0.013387
6853.585508 0.028847
6856.239977 0.047613
6858.894445 0.043713
6861.548914 0.029262
6864.203383 0.074639
6866.857852 0.030521
6869.512320 0.001566
6872.166789 0.035652
6874.821258 0.027081
6877.475727 0.025542
6880.130195 0.003532
6882.784664 0.011725
6885.439133 0.021200
6888.093602 0.036814
6890.748070 0.011886
6893.402539 0.052617
6896.057008 0.033781
6898.711477 0.028644
6901.365945 0.013837
6904.020414 0.027603
6906.674883 0.047155
6909.329352 0.042655
6911.983820 0.033566
6914.638289 0.073148
6917.292758 -0.013614
6919.947227 0.217642
6922.601695 0.042155
6925.256164 -0.154157
6927.910633 0.011198
6930.565102 -0.016347
6933.219570 0.051954
6935.874039 -0.042612
6938.528508 -0.023045
6941.182977 0.041904
6943.837445 0.036373
6946.491914 -0.005665
6949.146383 0.010551
6951.800852 0.033677
6954.455320 0.042630
6957.109789 0.046690
6959.764258 0.024803
6962.418727 0.052803
6965.073195 0.059341
6967.727664 0.139563
6970.382133 0.235593
6973.036602 0.101967
6975.691070 0.115745
6978.345539 0.023726
6981.000008 -0.035272
6983.654477 0.031952
6986.308945 -0.007804
6988.963414 0.030212
6991.617883 0.012454
6994.272352 0.018182
6996.926820 -0.000475
6999.581289 0.045986
7002.235758 0.056489
7004.890227 0.012166
7007.544695 0.010050
7010.199164 0.006285
7012.853633 0.049180
7015.508102 0.082458
7018.162570 0.011474
7020.817039 0.039243
7023.471508 0.062564
7026.125977 0.032938
7028.780445 0.076852
7031.434914 0.061153
7034.089383 0.019002
7036.743852 0.053465
7039.398320 0.089281
7042.052789 0.091052
7044.707258 0.015941
7047.361727 0.084253
7050.016195 0.085128
7052.670664 -0.042424
7055.325133 0.039820
7057.979602 0.035090
7060.634070 0.044786
7063.288539 0.016083
7065.943008 0.000547
7068.597477 0.064727
7071.251945 0.089278
7073.906414 0.099632
7076.560883 0.053798
7079.215352 0.046823
7081.869820 -0.062742
7084.524289 -0.024362
7087.178758 0.021579
7089.833227 0.025226
7092.487695 0.036016
7095.142164 0.066589
7097.796633 0.047159
7100.451102 0.036608
7103.105570 0.017210
7105.760039 0.008117
7108.414508 0.010218
7111.068977 -0.016348
7113.723445 0.004285
7116.377914 0.030224
7119.032383 0.006016
7121.686852 -0.000322
7124.341320 0.036703
7126.995789 0.027265
7129.650258 0.027199
7132.304727 0.031576
7134.959195 -0.000134
7137.613664 -0.014378
7140.268133 0.076911
7142.922602 0.017103
7145.577070 0.049857
7148.231539 0.011095
7150.886008 -0.033302
7153.540477 0.032437
7156.194945 0.052392
7158.849414 0.019124
7161.503883 0.019664
7164.158352 0.013280
7166.812820 -0.012942
7169.467289 0.014224
7172.121758 0.037133
7174.776227 0.020927
7177.430695 0.047553
7180.085164 0.015354
7182.739633 -0.023637
7185.394102 0.052736
7188.048570 0.014194
7190.703039 0.025157
7193.357508 0.022777
7196.011977 0.018041
7198.666445 0.019319
7201.320914 0.011653
7203.975383 0.025068
7206.629852 0.034999
7209.284320 0.020578
7211.938789 0.056434
7214.593258 0.033505
7217.247727 0.032735
7219.902195 0.033487
7222.556664 0.028964
7225.211133 0.022812
7227.865602 0.026377
7230.520070 0.016429
7233.174539 0.020083
7235.829008 0.055702
7238.483477 0.051410
7241.137945 0.029026
7243.792414 0.044350
7246.446883 0.028004
7249.101352 0.024469
7251.755820 0.043638
7254.410289 0.038227
7257.064758 0.025985
7259.719227 0.031464
7262.373695 0.054017
7265.028164 0.025271
7267.682633 0.025022
7270.337102 0.003927
7272.991570 0.014455
7275.646039 0.042394
7278.300508 0.039548
7280.954977 0.050803
7283.609445 0.080938
