3561.260684 0.081214
3562.404006 0.021090
3563.547327 0.017825
3564.690649 0.032101
3565.833970 0.025010
3566.977292 0.005471
3568.120614 0.011971
3569.263935 0.027760
3570.407257 0.015833
3571.550578 0.009260
3572.693900 0.046055
3573.837221 0.011441
3574.980543 0.013249
3576.123864 0.039388
3577.267186 0.014187
3578.410508 0.052035
3579.553829 0.020749
3580.697151 0.036565
3581.840472 0.014541
3582.983794 0.018961
3584.127115 0.032344
3585.270437 0.032034
3586.413758 0.026096
3587.557080 0.007273
3588.700402 -0.007837
3589.843723 0.030229
3590.987045 0.018617
3592.130366 0.000393
3593.273688 0.030986
3594.417009 0.017526
3595.560331 -0.003372
3596.703652 -0.002134
3597.846974 0.009650
3598.990296 0.026951
3600.133617 0.030982
3601.276939 0.029065
3602.420260 0.033027
3603.563582 0.038861
3604.706903 0.015023
3605.850225 0.011329
3606.993546 0.042498
3608.136868 0.050698
3609.280190 0.017014
3610.423511 -0.004151
3611.566833 0.028513
3612.710154 0.019837
3613.853476 0.007170
3614.996797 0.020578
3616.140119 0.015627
3617.283440 0.012614
3618.426762 0.032377
3619.570084 0.024150
3620.713405 0.021939
3621.856727 0.046989
3623.000048 0.027681
3624.143370 0.002966
3625.286691 0.012651
3626.430013 0.009166
3627.573334 0.037761
3628.716656 0.057975
3629.859978 0.040080
3631.003299 0.023346
3632.146621 0.035014
3633.289942 0.008411
3634.433264 0.022581
3635.576585 0.026298
3636.719907 0.003476
3637.863228 0.017127
3639.006550 0.023928
3640.149872 0.041952
3641.293193 0.030506
3642.436515 0.035269
3643.579836 0.018159
3644.723158 0.010035
3645.866479 0.014067
3647.009801 0.023257
3648.153122 0.004543
3649.296444 0.004889
3650.439766 0.027609
3651.583087 0.044832
3652.726409 0.031254
3653.869730 0.012805
3655.013052 0.038491
3656.156373 0.014911
3657.299695 0.029961
3658.443016 0.007138
3659.586338 0.018162
3660.729660 0.029193
3661.872981 0.044895
3663.016303 0.006066
3664.159624 0.015239
3665.302946 0.024635
3666.446267 0.022400
3667.589589 0.022327
3668.732910 0.043034
3669.876232 0.026364
3671.019554 0.028378
3672.162875 0.026431
3673.306197 0.043224
3674.449518 0.011394
3675.592840 0.028845
3676.736161 0.008663
3677.879483 0.019617
3679.022804 0.033122
3680.166126 0.008851
3681.309448 0.023416
3682.452769 0.031505
3683.596091 0.022670
3684.739412 0.020055
3685.882734 0.036806
3687.026055 0.015537
3688.169377 0.026087
3689.312698 0.038154
3690.456020 0.036951
3691.599342 0.015823
3692.742663 0.001313
3693.885985 0.045744
3695.029306 0.034725
3696.172628 0.021112
3697.315949 0.009927
3698.459271 0.013313
3699.602592 0.010496
3700.745914 0.027418
3701.889236 0.045162
3703.032557 0.015333
3704.175879 0.042964
3705.319200 0.025077
3706.462522 0.010944
3707.605843 0.033054
3708.749165 0.030653
3709.892486 0.023084
3711.035808 0.034446
3712.179130 0.039432
3713.322451 0.039008
3714.465773 0.021460
3715.609094 0.016061
3716.752416 0.018228
3717.895737 0.039175
3719.039059 0.021947
3720.182380 0.032742
3721.325702 0.008346
3722.469024 0.013472
3723.612345 0.033820
3724.755667 0.038103
3725.898988 0.056365
3727.042310 0.063431
3728.185631 0.066116
3729.328953 0.035380
3730.472274 0.049747
3731.615596 0.042283
3732.758918 0.025401
3733.902239 0.027872
3735.045561 0.037314
3736.188882 0.015382
3737.332204 0.015682
3738.475525 0.002611
3739.618847 0.010197
3740.762168 0.042431
3741.905490 0.031808
3743.048812 0.014373
3744.192133 0.038635
3745.335455 0.019684
3746.478776 0.029905
3747.622098 0.022024
3748.765419 0.045777
3749.908741 0.036202
3751.052062 0.028834
3752.195384 0.024402
3753.338706 0.011793
3754.482027 0.019211
3755.625349 0.029951
3756.768670 0.030517
3757.911992 0.054531
3759.055313 0.031821
3760.198635 0.038925
3761.341956 0.034857
3762.485278 0.036085
3763.628600 0.035329
3764.771921 0.026512
3765.915243 0.029901
3767.058564 0.040513
3768.201886 0.026673
3769.345207 0.032428
3770.488529 0.011189
3771.631850 0.022524
3772.775172 0.037128
3773.918494 0.000191
3775.061815 0.023663
3776.205137 0.019040
3777.348458 0.031812
3778.491780 0.059456
3779.635101 0.056304
3780.778423 0.044517
3781.921744 0.036470
3783.065066 0.039481
3784.208388 0.042713
3785.351709 0.028735
3786.495031 0.020608
3787.638352 0.037403
3788.781674 0.009819
3789.924995 0.036119
3791.068317 0.044335
3792.211638 0.034722
3793.354960 0.017829
3794.498282 0.032670
3795.641603 0.039594
3796.784925 0.021368
3797.928246 0.020323
3799.071568 0.029243
3800.214889 0.048872
3801.358211 0.016727
3802.501532 0.007417
3803.644854 0.006651
3804.788176 0.002680
3805.931497 0.036537
3807.074819 0.038471
3808.218140 0.019258
3809.361462 0.040103
3810.504783 0.049262
3811.648105 0.037290
3812.791426 0.013769
3813.934748 0.032012
3815.078070 0.030782
3816.221391 0.050233
3817.364713 0.057669
3818.508034 0.031638
3819.651356 0.021357
3820.794677 0.037019
3821.937999 0.029794
3823.081320 0.012454
3824.224642 0.029058
3825.367964 0.024646
3826.511285 0.022150
3827.654607 0.024109
3828.797928 0.008169
3829.941250 0.024203
3831.084571 0.029211
3832.227893 0.016471
3833.371214 0.026972
3834.514536 0.037768
3835.657858 0.018235
3836.801179 0.020754
3847.091073 0.041934
3848.234395 0.031699
3849.377716 0.032486
3850.521038 0.032031
3851.664359 0.030212
3852.807681 0.032412
3853.951002 0.035158
3855.094324 0.044545
3856.237646 0.049356
3857.380967 0.012465
3858.524289 0.042452
3859.667610 0.063778
3860.810932 0.032005
3861.954253 0.012309
3863.097575 0.043623
3864.240896 0.040567
3865.384218 0.025379
3866.527540 0.018269
3867.670861 0.033700
3868.814183 0.033533
3869.957504 0.017057
3871.100826 0.034243
3872.244147 0.039746
3873.387469 0.008059
3874.530790 0.023293
3875.674112 0.027089
3876.817434 0.037783
3877.960755 0.041443
3879.104077 0.023179
3880.247398 0.027414
3881.390720 0.049154
3882.534041 0.035544
3883.677363 0.036710
3884.820684 0.029741
3885.964006 0.023343
3887.107328 0.032184
3888.250649 0.015115
3889.393971 0.030219
3890.537292 0.037117
3891.680614 0.001726
3892.823935 0.025192
3893.967257 0.029549
3895.110578 0.018247
3896.253900 0.021242
3897.397222 0.033729
3898.540543 0.020866
3899.683865 0.045378
3900.827186 0.054470
3901.970508 0.036469
3903.113829 0.046260
3904.257151 0.041238
3905.400472 0.043287
3906.543794 0.035389
3907.687116 0.035067
3908.830437 0.050921
3909.973759 0.028013
3911.117080 0.044981
3912.260402 0.052847
3913.403723 0.021423
3914.547045 0.046682
3915.690366 0.014797
3916.833688 0.042786
3917.977010 0.057147
3919.120331 0.053033
3920.263653 0.047016
3921.406974 0.024864
3922.550296 0.027637
3923.693617 0.037668
3924.836939 0.038278
3925.980260 0.019723
3927.123582 0.017019
3928.266904 0.013202
3929.410225 0.031057
3930.553547 0.032959
3931.696868 0.014625
3932.840190 0.022920
3933.983511 0.017223
3935.126833 0.028609
3936.270154 0.016942
3937.413476 0.020068
3938.556798 0.009561
3939.700119 0.030941
3940.843441 0.024786
3941.986762 0.025301
3943.130084 0.019079
3944.273405 0.033734
3945.416727 0.020504
3946.560048 0.009599
3947.703370 0.045427
3948.846692 0.038825
3949.990013 0.024813
3951.133335 0.047220
3952.276656 0.027420
3953.419978 0.043137
3954.563299 0.055917
3955.706621 0.049004
3956.849942 0.042255
3957.993264 0.029539
3959.136586 0.024676
3960.279907 0.058250
3961.423229 0.043745
3962.566550 0.018456
3963.709872 0.032094
3964.853193 0.021707
3965.996515 0.020520
3967.139836 0.039881
3968.283158 0.019113
3969.426480 0.019736
3970.569801 0.044136
3971.713123 0.017902
3972.856444 0.030167
3973.999766 0.023307
3975.143087 0.047317
3976.286409 0.051827
3977.429730 0.033930
3978.573052 0.044724
3979.716374 0.020530
3980.859695 0.034136
3982.003017 0.011884
3983.146338 0.053430
3984.289660 0.041808
3985.432981 0.044101
3986.576303 0.040412
3987.719624 0.051866
3988.862946 0.035699
3990.006268 0.036255
3991.149589 0.039519
3992.292911 0.036901
3993.436232 0.049995
3994.579554 0.039944
3995.722875 0.027969
3996.866197 0.046381
3998.009518 0.050384
3999.152840 0.030799
4000.296162 0.037958
4001.439483 0.041507
4002.582805 0.027046
4003.726126 0.029390
4004.869448 0.055045
4006.012769 0.054113
4007.156091 0.044439
4008.299412 0.047907
4009.442734 0.061675
4010.586056 0.044307
4011.729377 0.068234
4012.872699 0.045293
4014.016020 0.046142
4015.159342 0.039949
4016.302663 0.053203
4017.445985 0.056902
4018.589306 0.038812
4019.732628 0.035894
4020.875950 0.051195
4022.019271 0.047642
4023.162593 0.055095
4024.305914 0.041797
4025.449236 0.028659
4026.592557 0.033172
4027.735879 0.039167
4028.879201 0.051507
4030.022522 0.048450
4031.165844 0.057999
4032.309165 0.062844
4033.452487 0.040454
4034.595808 0.034904
4035.739130 0.055339
4036.882451 0.052063
4038.025773 0.066970
4039.169095 0.065807
4040.312416 0.069921
4041.455738 0.054928
4042.599059 0.026622
4043.742381 0.038616
4044.885702 0.048872
4046.029024 0.039511
4047.172345 0.037177
4048.315667 0.060197
4049.458989 0.050573
4050.602310 0.028892
4051.745632 0.044000
4052.888953 0.034217
4054.032275 0.071205
4055.175596 0.044393
4056.318918 0.048143
4057.462239 0.032190
4058.605561 0.034623
4059.748883 0.046477
4060.892204 0.054439
4062.035526 0.046175
4063.178847 0.047001
4064.322169 0.036467
4065.465490 0.045434
4066.608812 0.037970
4067.752133 0.049375
4068.895455 0.038943
4070.038777 0.041566
4071.182098 0.038352
4072.325420 0.034367
4073.468741 0.038383
4074.612063 0.062210
4075.755384 0.028200
4076.898706 0.028644
4078.042027 0.068825
4079.185349 0.054880
4080.328671 0.057536
4081.471992 0.036374
4082.615314 0.043904
4083.758635 0.048860
4084.901957 0.074345
4086.045278 0.043389
4087.188600 0.038952
4088.331921 0.041835
4089.475243 0.038066
4090.618565 0.070800
4091.761886 0.039842
4092.905208 0.043028
4094.048529 0.047993
4095.191851 0.041903
4096.335172 0.054360
4097.478494 0.046540
4098.621815 0.030407
4099.765137 0.039965
4100.908459 0.031077
4102.051780 0.030119
4103.195102 0.043543
4104.338423 0.040892
4105.481745 0.043024
4106.625066 0.007539
4107.768388 0.037055
4108.911709 0.051569
4110.055031 0.040715
4111.198353 0.053563
4112.341674 0.051248
4113.484996 0.017272
4114.628317 0.027734
4115.771639 0.043792
4116.914960 0.044657
4118.058282 0.055230
4119.201603 0.033006
4120.344925 0.034990
4121.488247 0.037819
4122.631568 0.040469
4123.774890 0.053000
4124.918211 0.036084
4126.061533 0.041223
4127.204854 0.046282
4128.348176 0.047072
4129.491497 0.039054
4130.634819 0.033593
4131.778141 0.042745
4132.921462 0.027012
4134.064784 0.031915
4135.208105 0.045012
4136.351427 0.057470
4137.494748 0.044172
4138.638070 0.047918
4139.781391 0.055059
4140.924713 0.025834
4142.068035 0.056317
4143.211356 0.047678
4144.354678 0.038694
4145.497999 0.053148
4146.641321 0.044625
4147.784642 0.041522
4148.927964 0.046610
4150.071285 0.049880
4151.214607 0.037443
4152.357929 0.039342
4153.501250 0.053670
4154.644572 0.065760
4155.787893 0.032557
4156.931215 0.043656
4158.074536 0.046991
4159.217858 0.040382
4160.361179 0.047489
4161.504501 0.059219
4162.647823 0.050747
4163.791144 0.062019
4164.934466 0.047136
4166.077787 0.036872
4167.221109 0.037582
4168.364430 0.044988
4169.507752 0.050267
4170.651073 0.048080
4171.794395 0.029244
4172.937717 0.038886
4174.081038 0.031967
4175.224360 0.030290
4176.367681 0.048810
4177.511003 0.052637
4178.654324 0.051808
4179.797646 0.052674
4180.940967 0.040323
4182.084289 0.048339
4183.227611 0.067125
4184.370932 0.045780
4185.514254 0.034208
4186.657575 0.048715
4187.800897 0.043913
4188.944218 0.033614
4190.087540 0.029975
4191.230861 0.036615
4192.374183 0.043281
4193.517505 0.037738
4194.660826 0.044345
4195.804148 0.048731
4196.947469 0.035205
4198.090791 0.041227
4199.234112 0.052493
4200.377434 0.042615
4201.520755 0.037565
4202.664077 0.045443
4203.807399 0.048170
4204.950720 0.050366
4206.094042 0.043434
4207.237363 0.018946
4208.380685 0.051624
4209.524006 0.046027
4210.667328 0.030990
4211.810649 0.030583
4212.953971 0.041073
4214.097293 0.040351
4215.240614 0.046219
4216.383936 0.043211
4217.527257 0.043791
4218.670579 0.045720
4219.813900 0.051325
4220.957222 0.038941
4222.100543 0.050644
4223.243865 0.049327
4224.387187 0.041115
4225.530508 0.036351
4226.673830 0.042084
4227.817151 0.036149
4228.960473 0.030370
4230.103794 0.036022
4231.247116 0.030941
4232.390437 0.030711
4233.533759 0.044279
4234.677081 0.054060
4235.820402 0.044600
4236.963724 0.052534
4238.107045 0.047593
4239.250367 0.046518
4240.393688 0.045183
4241.537010 0.027900
4242.680331 0.055839
4243.823653 0.055860
4244.966975 0.045754
4246.110296 0.044765
4247.253618 0.054711
4248.396939 0.051017
4249.540261 0.046716
4250.683582 0.048370
4251.826904 0.044653
4252.970225 0.035473
4254.113547 0.046957
4255.256869 0.045559
4256.400190 0.047304
4257.543512 0.035526
4258.686833 0.047451
4259.830155 0.053709
4260.973476 0.033500
4262.116798 0.052371
4263.260119 0.051787
4264.403441 0.042438
4265.546763 0.045394
4266.690084 0.046100
4267.833406 0.044901
4268.976727 0.049956
4270.120049 0.056881
4271.263370 0.057875
4272.406692 0.038573
4273.550013 0.044309
4274.693335 0.056402
4275.836657 0.049073
4276.979978 0.033321
4278.123300 0.057702
4279.266621 0.027839
4280.409943 0.049246
4281.553264 0.054747
4282.696586 0.045639
4283.839907 0.042117
4284.983229 0.049052
4286.126551 0.043592
4287.269872 0.033534
4288.413194 0.049790
4289.556515 0.031300
4290.699837 0.039947
4291.843158 0.055082
4292.986480 0.039320
4294.129801 0.049309
4295.273123 0.039123
4296.416445 0.030865
4297.559766 0.040348
4298.703088 0.033826
4299.846409 0.027634
4300.989731 0.039160
4302.133052 0.035251
4303.276374 0.027405
4304.419695 0.025889
4305.563017 0.028413
4306.706339 0.047579
4307.849660 0.036161
4308.992982 0.052158
4310.136303 0.040684
4311.279625 0.015474
4312.422946 0.025047
4313.566268 0.035570
4314.709589 0.039043
4315.852911 0.035095
4316.996233 0.045496
4318.139554 0.068423
4319.282876 0.069877
4320.426197 0.060637
4321.569519 0.049465
4322.712840 0.040792
4323.856162 0.049766
4324.999483 0.038950
4326.142805 0.038114
4327.286127 0.043373
4328.429448 0.049515
4329.572770 0.056763
4330.716091 0.039749
4331.859413 0.042084
4347.865915 0.037150
4349.009236 0.043229
4350.152558 0.043651
4351.295879 0.032943
4352.439201 0.029216
4353.582522 0.046023
4354.725844 0.038179
4355.869165 0.046811
4357.012487 0.053998
4358.155809 0.055314
4359.299130 0.029288
4360.442452 0.038355
4361.585773 0.053898
4362.729095 0.063610
4363.872416 0.055951
4365.015738 0.058138
4366.159059 0.054415
4367.302381 0.042290
4368.445703 0.036148
4369.589024 0.046527
4370.732346 0.048128
4371.875667 0.050351
4373.018989 0.043833
4374.162310 0.043518
4375.305632 0.053424
4376.448953 0.044224
4377.592275 0.055361
4387.882169 0.043188
4389.025491 0.051618
4390.168812 0.060376
4391.312134 0.049903
4392.455455 0.048989
4393.598777 0.047156
4394.742098 0.051901
4395.885420 0.059451
4397.028741 0.067936
4398.172063 0.040823
4399.315385 0.037586
4400.458706 0.051817
4401.602028 0.051567
4402.745349 0.051524
4403.888671 0.040554
4405.031992 0.045533
4406.175314 0.040526
4407.318635 0.047567
4408.461957 0.048621
4409.605279 0.039461
4410.748600 0.056717
4411.891922 0.047135
4413.035243 0.052383
4414.178565 0.062966
4415.321886 0.056459
4416.465208 0.046249
4417.608529 0.056754
4418.751851 0.045857
4419.895173 0.041861
4421.038494 0.051365
4422.181816 0.049216
4423.325137 0.044427
4424.468459 0.053937
4425.611780 0.036825
4426.755102 0.049256
4427.898423 0.049558
4429.041745 0.046396
4430.185067 0.059029
4431.328388 0.054310
4432.471710 0.054127
4433.615031 0.053412
4434.758353 0.054595
4435.901674 0.056532
4437.044996 0.046625
4438.188317 0.050773
4439.331639 0.040079
4440.474961 0.040801
4441.618282 0.052997
4442.761604 0.051936
4443.904925 0.049626
4445.048247 0.056357
4446.191568 0.055671
4447.334890 0.054756
4448.478211 0.054546
4449.621533 0.048543
4450.764855 0.038706
4451.908176 0.050043
4453.051498 0.066428
4454.194819 0.056259
4455.338141 0.049490
4456.481462 0.060885
4457.624784 0.033951
4458.768105 0.038038
4459.911427 0.044639
4461.054749 0.058720
4462.198070 0.047419
4463.341392 0.044887
4464.484713 0.051848
4465.628035 0.035132
4466.771356 0.038703
4467.914678 0.060765
4469.057999 0.051933
4470.201321 0.044471
4471.344643 0.041835
4472.487964 0.050223
4473.631286 0.040845
4474.774607 0.043684
4475.917929 0.061736
4477.061250 0.053471
4478.204572 0.046862
4479.347893 0.047727
4480.491215 0.035548
4481.634537 0.057229
4482.777858 0.060277
4483.921180 0.042881
4485.064501 0.052276
4486.207823 0.047032
4487.351144 0.043310
4488.494466 0.048982
4489.637787 0.038138
4490.781109 0.059714
4491.924431 0.043242
4493.067752 0.034419
4494.211074 0.038013
4495.354395 0.044342
4496.497717 0.044726
4497.641038 0.049254
4498.784360 0.052965
4499.927681 0.058114
4501.071003 0.062319
4502.214325 0.054733
4503.357646 0.055348
4504.500968 0.045306
4505.644289 0.044133
4506.787611 0.056532
4507.930932 0.052837
4509.074254 0.052713
4510.217575 0.048483
4511.360897 0.051467
4512.504219 0.056822
4513.647540 0.060868
4514.790862 0.054124
4515.934183 0.052996
4517.077505 0.046823
4518.220826 0.062153
4519.364148 0.061146
4520.507469 0.061564
4521.650791 0.046721
4522.794113 0.050548
4523.937434 0.054827
4525.080756 0.049797
4526.224077 0.051418
4527.367399 0.060358
4528.510720 0.056748
4529.654042 0.045360
4530.797363 0.034032
4531.940685 0.037772
4533.084007 0.050785
4534.227328 0.045349
4535.370650 0.058574
4536.513971 0.051342
4537.657293 0.049317
4538.800614 0.053757
4539.943936 0.053470
4541.087257 0.059173
4542.230579 0.053176
4543.373901 0.060575
4544.517222 0.058427
4545.660544 0.044141
4546.803865 0.044947
4547.947187 0.032673
4549.090508 0.046400
4550.233830 0.063241
4551.377151 0.060938
4552.520473 0.054174
4553.663795 0.045011
4554.807116 0.054443
4555.950438 0.048938
4557.093759 0.053339
4558.237081 0.038841
4559.380402 0.029457
4560.523724 0.050297
4561.667045 0.050344
4562.810367 0.052004
4563.953689 0.043879
4565.097010 0.046850
4566.240332 0.057569
4567.383653 0.058948
4568.526975 0.037875
4569.670296 0.048119
4570.813618 0.047253
4571.956939 0.061297
4573.100261 0.043981
4574.243583 0.055134
4575.386904 0.064281
4576.530226 0.045213
4577.673547 0.045350
4578.816869 0.051042
4579.960190 0.041166
4581.103512 0.055832
4582.246833 0.060629
4583.390155 0.049096
4584.533477 0.054309
4585.676798 0.055294
4586.820120 0.050757
4587.963441 0.064690
4589.106763 0.056864
4590.250084 0.044378
4591.393406 0.050728
4592.536727 0.050990
4593.680049 0.051675
4594.823371 0.040732
4595.966692 0.036542
4597.110014 0.045214
4598.253335 0.042443
4599.396657 0.041452
4600.539978 0.044627
4601.683300 0.042189
4602.826621 0.045186
4603.969943 0.054108
4605.113265 0.056452
4606.256586 0.046579
4607.399908 0.048671
4608.543229 0.047405
4609.686551 0.051205
4610.829872 0.053062
4611.973194 0.042952
4613.116515 0.054733
4614.259837 0.052076
4615.403159 0.045760
4616.546480 0.048839
4617.689802 0.051365
4618.833123 0.053677
4619.976445 0.048246
4621.119766 0.045518
4622.263088 0.055788
4623.406409 0.057777
4624.549731 0.043451
4625.693053 0.046472
4626.836374 0.051943
4627.979696 0.050747
4629.123017 0.041564
4630.266339 0.054292
4631.409660 0.057718
4632.552982 0.054131
4633.696303 0.045432
4634.839625 0.046151
4635.982947 0.051007
4637.126268 0.049844
4638.269590 0.050744
4639.412911 0.050553
4640.556233 0.049046
4641.699554 0.056119
4642.842876 0.045806
4643.986197 0.057581
4645.129519 0.050545
4646.272841 0.057034
4647.416162 0.052967
4648.559484 0.044795
4649.702805 0.049129
4650.846127 0.043855
4651.989448 0.042117
4653.132770 0.046411
4654.276091 0.060573
4655.419413 0.050117
4656.562735 0.046840
4657.706056 0.046149
4658.849378 0.053167
4659.992699 0.047891
4661.136021 0.055347
4662.279342 0.039999
4663.422664 0.058644
4664.565985 0.048262
4665.709307 0.051689
4666.852629 0.040775
4667.995950 0.032946
4669.139272 0.037395
4670.282593 0.044948
4671.425915 0.053367
4672.569236 0.043756
4673.712558 0.041831
4674.855879 0.056780
4675.999201 0.052685
4677.142523 0.044002
4678.285844 0.044817
4679.429166 0.050387
4680.572487 0.045075
4681.715809 0.054694
4682.859130 0.048036
4684.002452 0.047619
4685.145773 0.045363
4686.289095 0.044632
4687.432417 0.050850
4688.575738 0.054059
4689.719060 0.048172
4690.862381 0.039751
4692.005703 0.039870
4693.149024 0.044661
4694.292346 0.045483
4695.435668 0.043553
4696.578989 0.044865
4697.722311 0.051954
4698.865632 0.043683
4700.008954 0.042720
4701.152275 0.043607
4702.295597 0.053095
4703.438918 0.058151
4704.582240 0.047519
4705.725562 0.058939
4706.868883 0.055305
4708.012205 0.041894
4709.155526 0.051654
4710.298848 0.048356
4711.442169 0.050843
4712.585491 0.048299
4713.728812 0.049402
4714.872134 0.043082
4716.015456 0.038087
4717.158777 0.049168
4718.302099 0.045261
4719.445420 0.050997
4720.588742 0.051045
4721.732063 0.046437
4722.875385 0.056533
4724.018706 0.063991
4725.162028 0.046464
4726.305350 0.048881
4727.448671 0.049491
4728.591993 0.028229
4729.735314 0.039806
4730.878636 0.029012
4732.021957 0.030484
4733.165279 0.044973
4734.308600 0.049138
4735.451922 0.040277
4736.595244 0.044152
4737.738565 0.045993
4738.881887 0.046064
4740.025208 0.036914
4741.168530 0.043142
4742.311851 0.044905
4743.455173 0.049200
4744.598494 0.046997
4745.741816 0.049844
4746.885138 0.051672
4748.028459 0.045384
4749.171781 0.043762
4750.315102 0.045237
4751.458424 0.047353
4752.601745 0.043382
4753.745067 0.052874
4754.888388 0.047077
4756.031710 0.050295
4757.175032 0.054690
4758.318353 0.047872
4759.461675 0.045589
4760.604996 0.043803
4761.748318 0.038335
4762.891639 0.041102
4764.034961 0.048640
4765.178282 0.045885
4766.321604 0.041682
4767.464926 0.048370
4768.608247 0.049883
4769.751569 0.054508
4770.894890 0.057392
4772.038212 0.054311
4773.181533 0.042581
4774.324855 0.044163
4775.468176 0.048154
4776.611498 0.054961
4777.754820 0.048166
4778.898141 0.055702
4780.041463 0.049020
4781.184784 0.051082
4782.328106 0.046240
4783.471427 0.043849
4784.614749 0.055243
4785.758070 0.053019
4786.901392 0.057507
4788.044714 0.074941
4789.188035 0.034982
4790.331357 0.050029
4791.474678 0.046558
4792.618000 0.047929
4793.761321 0.052171
4794.904643 0.031307
4796.047964 0.042556
4797.191286 0.052097
4798.334608 0.049515
4799.477929 0.056368
4800.621251 0.052495
4801.764572 0.056943
4802.907894 0.052678
4804.051215 0.050425
4805.194537 0.065532
4806.337858 0.056081
4807.481180 0.044105
4808.624502 0.045094
4809.767823 0.046753
4810.911145 0.048198
4812.054466 0.048558
4813.197788 0.052739
4814.341109 0.053442
4815.484431 0.054562
4816.627752 0.043023
4817.771074 0.049938
4818.914396 0.049740
4820.057717 0.040988
4821.201039 0.050300
4822.344360 0.045203
4823.487682 0.036337
4824.631003 0.061382
4825.774325 0.062049
4826.917646 0.045156
4828.060968 0.040947
4829.204290 0.040943
4830.347611 0.038057
4831.490933 0.048637
4832.634254 0.051730
4833.777576 0.047072
4834.920897 0.045880
4836.064219 0.051730
4837.207540 0.047373
4838.350862 0.042176
4839.494184 0.040134
4840.637505 0.050288
4841.780827 0.050294
4842.924148 0.039555
4844.067470 0.049390
4845.210791 0.047514
4846.354113 0.038182
4847.497434 0.036250
4848.640756 0.052232
4849.784078 0.049551
4850.927399 0.050947
4852.070721 0.040248
4853.214042 0.047498
4854.357364 0.040030
4855.500685 0.049887
4856.644007 0.039715
4857.787328 0.030422
4858.930650 0.045099
4860.073972 0.038681
4861.217293 0.037250
4862.360615 0.035897
4863.503936 0.048569
4864.647258 0.048333
4865.790579 0.044326
4866.933901 0.047404
4868.077222 0.046081
4869.220544 0.045951
4870.363866 0.046888
4871.507187 0.040063
4872.650509 0.043718
4873.793830 0.045004
4874.937152 0.040199
4876.080473 0.058319
4877.223795 0.054746
4878.367116 0.036892
4879.510438 0.043445
4880.653760 0.056950
4881.797081 0.044750
4882.940403 0.045236
4884.083724 0.043891
4885.227046 0.040705
4886.370367 0.044216
4887.513689 0.045197
4888.657010 0.052807
4889.800332 0.051703
4890.943654 0.045398
4892.086975 0.037287
4893.230297 0.040408
4894.373618 0.036955
4895.516940 0.042785
4896.660261 0.036458
4897.803583 0.046373
4898.946904 0.048908
4900.090226 0.055052
4901.233548 0.053225
4902.376869 0.049813
4903.520191 0.045334
4904.663512 0.045789
4905.806834 0.047698
4906.950155 0.058126
4908.093477 0.039320
4909.236798 0.051236
4910.380120 0.049313
4911.523442 0.050364
4912.666763 0.051979
4913.810085 0.044263
4914.953406 0.043293
4916.096728 0.031436
4917.240049 0.051093
4918.383371 0.047866
4919.526692 0.040368
4920.670014 0.045454
4921.813336 0.056049
4922.956657 0.044298
4924.099979 0.042450
4925.243300 0.040404
4926.386622 0.043947
4927.529943 0.039860
4928.673265 0.051760
4929.816586 0.041614
4930.959908 0.050401
4932.103230 0.041908
4933.246551 0.045902
4934.389873 0.046703
4935.533194 0.043277
4936.676516 0.042604
4937.819837 0.040080
4938.963159 0.035608
4940.106480 0.034700
4941.249802 0.049028
4942.393124 0.030516
4943.536445 0.044542
4944.679767 0.048735
4945.823088 0.039567
4946.966410 0.044521
4948.109731 0.037827
4949.253053 0.046735
4950.396374 0.037532
4951.539696 0.057926
4952.683018 0.045745
4953.826339 0.052743
4954.969661 0.046026
4956.112982 0.041850
4957.256304 0.042863
4958.399625 0.043303
4959.542947 0.047105
4960.686268 0.034093
4961.829590 0.045814
4962.972912 0.043612
4964.116233 0.036805
4965.259555 0.045092
4966.402876 0.049309
4967.546198 0.046114
4968.689519 0.045126
4969.832841 0.044588
4970.976162 0.048779
4972.119484 0.039221
4973.262806 0.045059
4974.406127 0.044538
4975.549449 0.050381
4976.692770 0.049555
4977.836092 0.035302
4978.979413 0.058965
4980.122735 0.053070
4981.266056 0.033698
4982.409378 0.041683
4983.552700 0.049167
4984.696021 0.039145
4985.839343 0.071927
4986.982664 0.038199
4988.125986 0.033581
4989.269307 0.038619
4990.412629 0.045457
4991.555950 0.048728
4992.699272 0.047872
4993.842594 0.040269
4994.985915 0.041266
4996.129237 0.027290
4997.272558 0.032760
4998.415880 0.039448
4999.559201 0.044887
5000.702523 0.044707
5001.845844 0.044690
5002.989166 0.046676
5004.132488 0.036658
5005.275809 0.034691
5006.419131 0.034720
5007.562452 0.041080
5008.705774 0.049481
5009.849095 0.043762
5010.992417 0.059341
5012.135738 0.066857
5013.279060 0.038393
5014.422382 0.036925
5015.565703 0.037917
5016.709025 0.037840
5017.852346 0.028967
5018.995668 0.035251
5020.138989 0.046554
5021.282311 0.041885
5022.425632 0.044792
5023.568954 0.043881
5024.712276 0.040731
5025.855597 0.029099
5026.998919 0.050698
5028.142240 0.034822
5029.285562 0.027847
5030.428883 0.034658
5031.572205 0.029627
5032.715526 0.041552
5033.858848 0.040215
5035.002170 0.039530
5036.145491 0.035951
5037.288813 0.050107
5038.432134 0.047547
5039.575456 0.053252
5040.718777 0.030386
5041.862099 0.021843
5043.005420 0.037211
5044.148742 0.037256
5045.292064 0.033425
5046.435385 0.040459
5047.578707 0.040635
5048.722028 0.038080
5049.865350 0.042062
5051.008671 0.038180
5052.151993 0.043170
5053.295314 0.049978
5054.438636 0.059783
5055.581958 0.045164
5056.725279 0.057216
5057.868601 0.054349
5059.011922 0.030493
5060.155244 0.044897
5061.298565 0.055101
5062.441887 0.041078
5063.585208 0.047873
5064.728530 0.037406
5065.871852 0.038009
5067.015173 0.052790
5068.158495 0.041981
5069.301816 0.032057
5070.445138 0.033327
5071.588459 0.046238
5072.731781 0.047586
5073.875102 0.047866
5075.018424 0.024933
5076.161746 0.029142
5077.305067 0.028589
5078.448389 0.035499
5079.591710 0.041277
5080.735032 0.032709
5081.878353 0.041859
5083.021675 0.038091
5084.164996 0.043775
5085.308318 0.038214
5086.451640 0.039672
5087.594961 0.043083
5088.738283 0.044653
5089.881604 0.039516
5091.024926 0.039103
5092.168247 0.050927
5093.311569 0.044197
5094.454890 0.049621
5095.598212 0.054312
5096.741534 0.047504
5097.884855 0.050840
5099.028177 0.043010
5100.171498 0.023067
5101.314820 0.026854
5102.458141 0.034901
5103.601463 0.044359
5104.744784 0.037346
5105.888106 0.045878
5107.031428 0.046197
5108.174749 0.038571
5109.318071 0.037759
5110.461392 0.045947
5111.604714 0.036654
5112.748035 0.037389
5113.891357 0.043108
5115.034678 0.045561
5116.178000 0.046446
5117.321322 0.049336
5118.464643 0.046367
5119.607965 0.041567
5120.751286 0.047484
5121.894608 0.045876
5123.037929 0.034290
5124.181251 0.041338
5125.324572 0.032333
5126.467894 0.040790
5127.611216 0.046498
5128.754537 0.045861
5129.897859 0.042080
5131.041180 0.045207
5132.184502 0.038634
5133.327823 0.049417
5134.471145 0.050475
5135.614466 0.048084
5136.757788 0.043189
5137.901110 0.050664
5139.044431 0.039596
5140.187753 0.030043
5141.331074 0.039395
5142.474396 0.042682
5143.617717 0.043525
5144.761039 0.040799
5145.904360 0.035904
5147.047682 0.038372
5148.191004 0.030610
5149.334325 0.035925
5150.477647 0.041938
5151.620968 0.028889
5152.764290 0.038089
5153.907611 0.031612
5155.050933 0.037505
5156.194254 0.041200
5157.337576 0.024503
5158.480898 0.032221
5159.624219 0.047635
5160.767541 0.044147
5161.910862 0.045020
5163.054184 0.034726
5164.197505 0.031955
5165.340827 0.039282
5166.484148 0.038370
5167.627470 0.037721
5168.770792 0.038458
5169.914113 0.031320
5171.057435 0.035846
5172.200756 0.034532
5173.344078 0.037142
5174.487399 0.038302
5175.630721 0.037340
5176.774042 0.035511
5177.917364 0.039463
5179.060686 0.052429
5180.204007 0.048899
5181.347329 0.045087
5182.490650 0.016380
5183.633972 0.000930
5184.777293 0.022056
5185.920615 0.029604
5187.063936 0.030119
5188.207258 0.013667
5189.350580 0.033827
5190.493901 0.042614
5191.637223 0.043624
5192.780544 0.036557
5193.923866 0.040376
5195.067187 0.040541
5196.210509 0.031223
5197.353830 0.033423
5198.497152 0.048805
5199.640474 0.052482
5200.783795 0.047574
5201.927117 0.045348
5203.070438 0.047572
5204.213760 0.040894
5205.357081 0.052964
5206.500403 0.044245
5207.643724 0.027570
5208.787046 0.041998
5209.930368 0.037820
5211.073689 0.039227
5212.217011 0.050829
5213.360332 0.044290
5214.503654 0.036685
5215.646975 0.039479
5216.790297 0.014654
5217.933618 0.038402
5219.076940 0.034772
5220.220262 0.031243
5221.363583 0.043632
5222.506905 0.040225
5223.650226 0.039246
5224.793548 0.031531
5225.936869 0.040731
5227.080191 0.037405
5228.223512 0.028144
5229.366834 0.031236
5230.510156 0.036517
5231.653477 0.035781
5232.796799 0.012225
5233.940120 0.043533
5235.083442 0.023131
5236.226763 0.029780
5237.370085 0.020676
5238.513406 0.028384
5239.656728 0.052509
5240.800050 0.041284
5241.943371 0.053943
5243.086693 0.038534
5244.230014 0.040652
5245.373336 0.057759
5246.516657 0.044147
5247.659979 0.045489
5248.803300 0.036756
5249.946622 0.026713
5251.089944 0.043394
5252.233265 0.067480
5253.376587 0.068020
5254.519908 0.050056
5255.663230 0.018973
