3240.990037 -0.000131
3243.399865 0.035602
3245.809694 0.034796
3248.219522 0.056594
3250.629350 0.050916
3253.039179 0.031721
3255.449008 0.036876
3257.858836 0.042886
3260.268665 0.056272
3262.678494 0.040043
3265.088322 0.034128
3267.498151 0.064352
3269.907980 0.049879
3272.317808 0.050176
3274.727636 0.047428
3277.137465 0.051656
3279.547294 0.056172
3281.957122 0.056054
3284.366951 0.042058
3286.776780 0.047218
3289.186608 0.045993
3291.596437 0.045930
3294.006266 0.033164
3296.416093 0.063478
3298.825922 0.050211
3301.235751 0.059599
3303.645579 0.055217
3306.055408 0.038362
3308.465237 0.048318
3310.875065 0.045415
3313.284894 0.039438
3315.694723 0.047608
3318.104551 0.053199
3320.514379 0.049591
3322.924208 0.045538
3325.334037 0.025963
3327.743865 0.040039
3330.153694 0.058734
3332.563523 0.062161
3334.973351 0.044671
3337.383180 0.058279
3339.793009 0.052207
3342.202837 0.015380
3344.612665 0.047862
3347.022494 0.047579
3349.432323 0.043933
3351.842151 0.048228
3354.251980 0.049607
3356.661809 0.046089
3359.071637 0.023945
3361.481466 0.049515
3363.891294 0.033388
3366.301122 0.024642
3368.710951 0.008752
3371.120780 0.030866
3373.530608 0.034168
3375.940437 0.060392
3378.350266 0.062342
3380.760094 0.057893
3383.169923 0.049315
3385.579752 0.050990
3387.989580 0.040443
3390.399408 0.056980
3392.809237 0.073789
3395.219066 0.053321
3397.628894 0.031666
3400.038723 0.060535
3402.448552 0.028934
3404.858380 0.053994
3407.268209 0.054419
3409.678038 0.038098
3412.087866 0.041677
3414.497694 0.053033
3416.907523 0.062403
3419.317351 0.052683
3421.727180 0.063984
3424.137009 0.060764
3426.546837 0.049298
3428.956666 0.056602
3431.366495 0.046601
3433.776323 0.041926
3436.186151 0.035168
3438.595980 0.043097
3441.005809 0.036441
3443.415637 0.036816
3445.825466 0.033333
3448.235295 0.053057
3450.645123 0.049628
3453.054952 0.061867
3455.464781 0.066206
3457.874609 0.052803
3460.284437 0.045774
3462.694266 0.054246
3465.104095 0.050865
3467.513923 0.057208
3469.923752 0.044512
3472.333581 0.053995
3474.743409 0.050730
3477.153238 0.044362
3479.563067 0.069850
3481.972894 0.042981
3484.382723 0.048250
3486.792552 0.048212
3489.202380 0.056050
3491.612209 0.044489
3494.022038 0.043843
3496.431866 0.048553
3498.841695 0.054691
3501.251524 0.060521
3503.661352 0.067688
3506.071180 0.057732
3508.481009 0.069557
3510.890838 0.045377
3513.300666 0.048594
3515.710495 0.051898
3518.120324 0.048705
3520.530152 0.065829
3522.939981 0.057942
3525.349810 0.034574
3527.759638 0.053853
3530.169466 0.062426
3532.579295 0.036238
3534.989123 0.065811
3537.398952 0.077779
3539.808781 0.082485
3542.218609 0.062974
3544.628438 0.053231
3547.038267 0.059867
3549.448095 0.077324
3551.857923 0.065689
3554.267752 0.045864
3556.677581 0.057828
3559.087409 0.073031
3561.497238 0.046609
3563.907067 0.045147
3566.316895 0.046884
3568.726724 0.059349
3571.136553 0.053029
3573.546381 0.061245
3575.956209 0.064360
3578.366038 0.052145
3580.775867 0.029711
3583.185695 0.044201
3585.595524 0.042077
3588.005353 0.049976
3590.415181 0.041553
3592.825010 0.047989
3595.234838 0.065055
3597.644666 0.058792
3600.054495 0.054673
3602.464324 0.063451
3604.874152 0.050123
3607.283981 0.050176
3609.693810 0.056957
3612.103638 0.073707
3614.513467 0.069456
3616.923296 0.040017
3619.333124 0.041539
3621.742952 0.066889
3624.152781 0.063415
3626.562610 0.068029
3628.972438 0.062982
3631.382267 0.063119
3633.792096 0.077637
3636.201924 0.065743
3638.611753 0.068242
3641.021581 0.071634
3643.431410 0.077075
3645.841238 0.057151
3648.251067 0.048671
3650.660896 0.062695
3653.070724 0.049256
3655.480553 0.077937
3657.890381 0.064723
3660.300210 0.086254
3662.710039 0.085853
3665.119867 0.100440
3667.529695 0.086996
3669.939524 0.067708
3672.349353 0.061968
3674.759181 0.066293
3677.169010 0.082981
3679.578839 0.068210
3681.988667 0.062899
3684.398496 0.071785
3686.808324 0.075091
3689.218153 0.061119
3691.627981 0.062617
3694.037810 0.044002
3696.447639 0.064662
3698.857467 0.079470
3701.267296 0.073866
3703.677125 0.060018
3706.086953 0.071130
3708.496782 0.064503
3710.906610 0.069507
3713.316438 0.083939
3715.726267 0.093575
3718.136096 0.071737
3720.545924 0.046278
3722.955753 0.063948
3725.365582 0.073616
3727.775410 0.055988
3730.185239 0.065662
3732.595068 0.061181
3735.004896 0.060143
3737.414724 0.058545
3739.824553 0.053820
3742.234382 0.061161
3744.644210 0.059424
3747.054039 0.041964
3749.463868 0.056946
3751.873696 0.076858
3754.283525 0.083068
3756.693353 0.075796
3759.103182 0.072873
3761.513010 0.051943
3763.922839 0.065036
3766.332668 0.063815
3768.742496 0.067394
3771.152325 0.059849
3773.562153 0.061270
3775.971982 0.088147
3778.381811 0.094862
3780.791639 0.091127
3783.201467 0.082078
3785.611296 0.078540
3788.021125 0.074780
3790.430953 0.070881
3792.840782 0.079196
3795.250611 0.051721
3797.660439 0.069298
3800.070268 0.069141
3802.480096 0.069755
3804.889925 0.083707
3807.299753 0.080079
3809.709582 0.099985
3812.119411 0.061474
3814.529239 0.061321
3816.939068 0.073709
3819.348897 0.063386
3821.758725 0.074915
3824.168554 0.082875
3826.578382 0.055543
3828.988210 0.049660
3831.398039 0.044974
3833.807868 0.033740
3836.217696 0.031729
3838.627525 0.055874
3841.037354 0.069501
3843.447182 0.053401
3845.857011 0.059538
3848.266839 0.079053
3850.676668 0.068795
3853.086496 0.073083
3855.496325 0.075602
3857.906154 0.072303
3860.315982 0.057212
3862.725811 0.063926
3865.135640 0.067826
3867.545468 0.058188
3869.955297 0.070838
3872.365125 0.065606
3874.774954 0.091061
3877.184782 0.082081
3879.594611 0.076461
3882.004440 0.058179
3884.414268 0.079894
3886.824097 0.065384
3889.233926 0.077075
3891.643754 0.078502
3894.053582 0.093797
3896.463411 0.092302
3898.873239 0.088154
3901.283068 0.081368
3903.692897 0.070437
3906.102725 0.085831
3908.512554 0.099213
3910.922383 0.109769
3913.332211 0.095892
3915.742040 0.097009
3918.151868 0.074678
3920.561697 0.075536
3922.971525 0.099418
3925.381354 0.058767
3927.791183 0.072247
3930.201011 0.045895
3932.610840 0.016027
3935.020669 0.018757
3937.430497 0.036025
3939.840325 0.051289
3942.250154 0.076681
3944.659983 0.080091
3947.069811 0.072750
3949.479640 0.093056
3951.889468 0.103875
3954.299297 0.097237
3956.709126 0.068309
3959.118954 0.063867
3961.528783 0.073116
3963.938611 0.052598
3966.348440 0.035470
3968.758268 0.034229
3971.168097 0.045580
3973.577926 0.063597
3975.987754 0.077119
3978.397583 0.088571
3980.807412 0.105203
3983.217240 0.115931
3985.627068 0.093565
4024.184326 0.135630
4026.594155 0.139785
4029.003983 0.149786
4031.413811 0.126922
4033.823640 0.124788
4036.233469 0.130919
4038.643297 0.122372
4041.053126 0.119234
4043.462955 0.124124
4045.872783 0.113430
4048.282612 0.134275
4050.692441 0.121387
4053.102269 0.127157
4055.512097 0.142490
4057.921926 0.121922
4060.331755 0.109269
4062.741583 0.144004
4065.151412 0.110211
4067.561240 0.113028
4069.971069 0.107126
4072.380898 0.119564
4074.790726 0.133979
4077.200555 0.108652
4079.610383 0.130450
4082.020212 0.139415
4084.430040 0.120058
4086.839869 0.127576
4089.249698 0.144035
4091.659526 0.146801
4094.069355 0.124349
4096.479184 0.128979
4098.889012 0.120631
4101.298840 0.098668
4103.708669 0.104511
4106.118498 0.125122
4108.528326 0.153510
4110.938155 0.138641
4113.347984 0.123795
4115.757812 0.120242
4118.167641 0.127888
4120.577470 0.137042
4122.987298 0.153280
4125.397126 0.141650
4127.806955 0.121586
4130.216783 0.134947
4132.626612 0.127878
4135.036441 0.131748
4137.446269 0.128526
4139.856098 0.129120
4142.265927 0.110639
4144.675755 0.124651
4147.085583 0.117665
4149.495412 0.139923
4151.905241 0.130233
4154.315069 0.146942
4156.724898 0.127337
4159.134727 0.122289
4161.544555 0.133154
4163.954384 0.130740
4166.364213 0.125715
4168.774041 0.108894
4171.183869 0.129395
4173.593698 0.115954
4176.003527 0.123557
4178.413355 0.133246
4180.823184 0.137925
4183.233013 0.113510
4185.642841 0.111526
4188.052670 0.130741
4190.462498 0.126702
4192.872326 0.122215
4195.282155 0.138174
4197.691984 0.123086
4200.101812 0.126260
4202.511641 0.112087
4204.921470 0.132592
4207.331298 0.135919
4209.741127 0.131400
4212.150956 0.145040
4214.560784 0.143214
4216.970612 0.135614
4219.380441 0.137551
4221.790270 0.132882
4224.200098 0.127141
4226.609927 0.154934
4229.019756 0.128674
4231.429584 0.131484
4233.839413 0.148890
4236.249242 0.118394
4238.659069 0.135292
4241.068898 0.148905
4243.478727 0.155484
4245.888555 0.171187
4248.298384 0.144033
4250.708213 0.142845
4253.118041 0.131517
4255.527870 0.120282
4257.937699 0.125021
4260.347527 0.132340
4262.757355 0.139380
4265.167184 0.173852
4267.577013 0.143505
4269.986841 0.139296
4272.396670 0.138269
4274.806499 0.119772
4277.216327 0.125354
4279.626156 0.143012
4282.035985 0.137839
4284.445813 0.143080
4286.855641 0.127524
4289.265470 0.116051
4291.675299 0.097261
4294.085127 0.112248
4296.494956 0.129736
4298.904785 0.112182
4301.314613 0.097713
4303.724442 0.101673
4306.134270 0.096385
4308.544098 0.092209
4310.953927 0.106083
4313.363756 0.139485
4315.773584 0.154289
4318.183413 0.166161
4320.593242 0.161526
4323.003070 0.130865
4325.412899 0.132064
4327.822728 0.149599
4330.232556 0.145898
4332.642384 0.150188
4335.052213 0.147041
4337.462042 0.132699
4339.871870 0.120659
4342.281699 0.130241
4344.691528 0.132769
4347.101356 0.144831
4349.511185 0.157638
4351.921014 0.162296
4354.330842 0.151462
4356.740670 0.140488
4359.150499 0.158323
4361.560327 0.166937
4363.970156 0.153370
4366.379985 0.167347
4368.789813 0.163066
4371.199642 0.162201
4373.609471 0.151828
4376.019299 0.172138
4378.429127 0.163886
4380.838956 0.149949
4383.248785 0.134492
4385.658613 0.115318
4388.068442 0.130097
4390.478271 0.155596
4392.888099 0.170100
4395.297928 0.144685
4397.707757 0.166674
4400.117585 0.154361
4402.527413 0.148940
4404.937242 0.142663
4407.347071 0.163018
4409.756899 0.164461
4412.166728 0.174182
4414.576557 0.161610
4416.986385 0.172187
4419.396214 0.193350
4421.806043 0.188819
4424.215870 0.148349
4426.625699 0.163640
4429.035528 0.185614
4431.445356 0.186933
4433.855185 0.152820
4436.265014 0.148662
4438.674842 0.156120
4441.084671 0.157685
4443.494500 0.162758
4445.904328 0.171082
4448.314156 0.150873
4450.723985 0.157025
4453.133814 0.167613
4455.543642 0.137123
4457.953471 0.150304
4460.363300 0.167188
4462.773128 0.167111
4465.182957 0.155544
4467.592786 0.174267
4470.002614 0.172435
4472.412442 0.174853
4474.822271 0.175219
4477.232099 0.178042
4479.641928 0.160904
4482.051757 0.152352
4484.461585 0.151071
4486.871414 0.181763
4489.281243 0.159178
4491.691071 0.167809
4494.100899 0.195988
4496.510728 0.169387
4498.920557 0.180540
4501.330385 0.190839
4503.740214 0.185319
4506.150043 0.184163
4508.559871 0.176816
4510.969700 0.170917
4513.379529 0.168389
4515.789357 0.165878
4518.199185 0.209834
4520.609014 0.213751
4523.018843 0.188703
4525.428671 0.138550
4527.838500 0.159135
4530.248329 0.180423
4532.658157 0.163949
4535.067986 0.170617
4537.477814 0.187104
4539.887642 0.181368
4542.297471 0.166520
4544.707300 0.180379
4547.117128 0.179069
4549.526957 0.174243
4551.936786 0.165442
4554.346614 0.175269
4556.756443 0.198134
4559.166272 0.193169
4561.576100 0.209288
4563.985928 0.190703
4566.395757 0.190606
4568.805586 0.194230
4571.215414 0.188283
4573.625243 0.196625
4576.035072 0.202540
4578.444900 0.171486
4580.854729 0.213069
4583.264557 0.171531
4585.674386 0.185380
4588.084214 0.202815
4590.494043 0.195071
4592.903872 0.187570
4595.313700 0.173039
4597.723529 0.170805
4600.133357 0.170808
4602.543186 0.167368
4604.953015 0.173597
4607.362843 0.200086
4609.772671 0.197679
4612.182500 0.185324
4614.592329 0.193467
4617.002157 0.220905
4619.411986 0.223263
4621.821815 0.218645
4624.231643 0.204499
4626.641472 0.204481
4629.051300 0.210058
4631.461129 0.224841
4633.870957 0.197080
4636.280786 0.202263
4638.690615 0.177918
4641.100443 0.167779
4643.510272 0.197686
4645.920101 0.171391
4648.329929 0.191312
4650.739758 0.174856
4653.149586 0.190488
4655.559414 0.199626
4657.969243 0.193420
4660.379072 0.203058
4662.788900 0.207729
4665.198729 0.175715
4667.608558 0.194955
4670.018386 0.164837
4672.428215 0.194383
4674.838043 0.183240
4677.247872 0.195681
4679.657700 0.164125
4682.067529 0.168650
4684.477358 0.176386
4686.887186 0.206174
4689.297015 0.195459
4691.706844 0.193602
4694.116672 0.191115
4696.526501 0.195976
4698.936329 0.185883
4701.346158 0.179958
4703.755986 0.176554
4706.165815 0.193782
4708.575644 0.187478
4710.985472 0.183595
4713.395301 0.165008
4715.805129 0.209441
4718.214958 0.183029
4720.624786 0.200698
4723.034615 0.212515
4725.444443 0.190097
4727.854272 0.178741
4730.264101 0.193732
4732.673929 0.193802
4735.083758 0.186827
4737.493587 0.208237
4739.903415 0.180589
4742.313244 0.192089
4744.723072 0.217268
4747.132901 0.200510
4749.542729 0.199885
4751.952558 0.243117
4754.362387 0.198173
4756.772215 0.191627
4759.182044 0.202639
4761.591873 0.219567
4764.001701 0.204919
4766.411530 0.193449
4768.821358 0.179270
4771.231186 0.186945
4773.641015 0.205223
4776.050844 0.200705
4778.460672 0.203174
4780.870501 0.219057
4783.280330 0.195297
4785.690158 0.182545
4788.099987 0.207184
4790.509815 0.214379
4792.919644 0.221939
4795.329472 0.216074
4797.739301 0.201541
4800.149130 0.210181
4802.558958 0.200831
4804.968787 0.210873
4807.378616 0.191503
4809.788444 0.182063
4812.198273 0.207444
4814.608101 0.210126
4817.017930 0.199862
4819.427758 0.214540
4821.837587 0.199151
4824.247416 0.189050
4826.657244 0.201379
4829.067073 0.200975
4831.476902 0.208488
4833.886730 0.218799
4836.296558 0.198851
4838.706387 0.177361
4841.116215 0.202641
4843.526044 0.212123
4845.935873 0.211390
4848.345701 0.197217
4850.755530 0.200096
4853.165359 0.206221
4855.575187 0.191755
4857.985016 0.188693
4860.394844 0.177021
4862.804673 0.163517
4865.214501 0.160800
4867.624330 0.167572
4870.034159 0.167359
4872.443987 0.168293
4874.853816 0.200695
4877.263645 0.203008
4879.673473 0.192029
4882.083301 0.211657
4884.493130 0.199545
4886.902958 0.182736
4889.312787 0.193113
4891.722616 0.188911
4894.132444 0.187727
4896.542273 0.188692
4898.952102 0.195584
4901.361930 0.211889
4903.771759 0.226960
4906.181587 0.234864
4908.591416 0.210190
4911.001244 0.200626
4913.411073 0.204774
4915.820902 0.201865
4918.230730 0.204240
4920.640559 0.170638
4923.050388 0.172412
4925.460216 0.180512
4927.870044 0.173772
4930.279873 0.170119
4932.689702 0.163708
4935.099530 0.176770
4937.509359 0.163929
4939.919188 0.171354
4942.329016 0.181669
4944.738845 0.182314
4947.148674 0.190778
4949.558502 0.184626
4951.968330 0.196258
4954.378159 0.192162
4956.787987 0.189110
4959.197816 0.200069
4961.607645 0.191764
4964.017473 0.186326
4966.427302 0.181001
4968.837131 0.195143
4971.246959 0.197662
4973.656787 0.189160
4976.066616 0.201704
4978.476445 0.197021
4980.886273 0.168761
4983.296102 0.199595
4985.705931 0.208324
4988.115759 0.208721
4990.525588 0.199410
4992.935417 0.198148
4995.345245 0.199798
4997.755073 0.191842
5000.164902 0.198448
5002.574731 0.190559
5004.984559 0.209213
5007.394388 0.197682
5009.804216 0.176351
5012.214045 0.188912
5014.623874 0.177126
5017.033702 0.192047
5019.443530 0.204845
5021.853359 0.181119
5024.263188 0.177776
5026.673016 0.200411
5029.082845 0.206110
5031.492674 0.201718
5033.902502 0.194858
5036.312331 0.194199
5038.722160 0.194509
5041.131988 0.187337
5043.541816 0.176456
5045.951645 0.199095
5048.361474 0.192911
5050.771302 0.190526
5053.181131 0.187088
5055.590960 0.194761
5058.000788 0.208356
5060.410617 0.223933
5062.820446 0.212253
5065.230273 0.211625
5067.640102 0.208964
5070.049931 0.197175
5072.459759 0.189830
5074.869588 0.188065
5077.279417 0.182523
5079.689245 0.180859
5082.099074 0.186354
5084.508903 0.197122
5086.918731 0.208443
5089.328559 0.202784
5091.738388 0.183108
5094.148217 0.216768
5096.558045 0.194422
5098.967874 0.197367
5101.377703 0.194242
5103.787531 0.182306
5106.197360 0.171030
5108.607189 0.182907
5111.017017 0.187798
5113.426845 0.208107
5115.836674 0.200583
5118.246503 0.204852
5120.656331 0.228235
5123.066160 0.201590
5125.475988 0.171801
5127.885817 0.180788
5130.295646 0.197394
5132.705474 0.169509
5135.115302 0.204217
5137.525131 0.200383
5139.934960 0.200259
5142.344788 0.198365
5144.754617 0.165750
5147.164446 0.168278
5149.574274 0.187716
5151.984103 0.195042
5154.393932 0.191424
5156.803760 0.180430
5159.213588 0.158939
5161.623417 0.188146
5164.033246 0.191694
5166.443074 0.166532
5168.852903 0.130529
5171.262732 0.146378
5173.672560 0.157867
5176.082389 0.166639
5178.492218 0.177600
5180.902045 0.159700
5183.311874 0.154314
5185.721703 0.169681
5188.131531 0.162091
5190.541360 0.179283
5192.951189 0.187257
5195.361017 0.175322
5197.770846 0.217398
5200.180675 0.221890
5202.590503 0.173733
5205.000331 0.175423
5207.410160 0.182880
5209.819989 0.190209
5212.229817 0.197518
5214.639646 0.160633
5217.049475 0.188645
5219.459303 0.196312
5221.869132 0.206257
5224.278961 0.180532
5226.688789 0.171740
5229.098617 0.199563
5231.508446 0.186449
5233.918275 0.189656
5236.328103 0.195477
5238.737932 0.210353
5241.147761 0.228862
5243.557589 0.188274
5245.967418 0.210666
5248.377246 0.204463
5250.787074 0.215126
5253.196903 0.208860
5255.606732 0.216023
5258.016560 0.191108
5260.426389 0.203126
5262.836218 0.210442
5265.246046 0.185225
5267.655875 0.172103
5270.065704 0.195210
5272.475532 0.178655
5274.885360 0.201316
5277.295189 0.220286
5279.705018 0.191121
5282.114846 0.219835
5284.524675 0.194694
5286.934504 0.189025
5289.344332 0.194758
5291.754161 0.245475
5294.163990 0.217854
5296.573817 0.194086
5298.983646 0.208148
5301.393475 0.208604
5303.803303 0.207620
5306.213132 0.202188
5308.622961 0.223154
5311.032789 0.230822
5313.442618 0.212464
5315.852447 0.237395
5318.262275 0.221932
5320.672103 0.220380
5323.081932 0.219338
5325.491761 0.189557
5327.901589 0.194795
5330.311418 0.204663
5332.721247 0.225616
5335.131075 0.228411
5337.540904 0.229505
5339.950733 0.211967
5342.360561 0.230087
5344.770389 0.211084
5347.180218 0.192114
5349.590047 0.189308
5351.999875 0.257099
5354.409704 0.192278
5356.819533 0.208587
5359.229361 0.205003
5361.639190 0.218769
5364.049018 0.241159
5366.458846 0.205094
5368.868675 0.230792
5371.278504 0.191203
5373.688332 0.194649
5376.098161 0.220993
5378.507990 0.224574
5380.917818 0.188240
5383.327647 0.202749
5385.737476 0.196396
5388.147304 0.198424
5390.557132 0.165076
5392.966961 0.168725
5395.376790 0.203759
5397.786618 0.202144
5400.196447 0.192296
5402.606276 0.201849
5405.016104 0.213650
5407.425933 0.200728
5409.835761 0.194824
5412.245590 0.198946
5414.655418 0.213686
5417.065247 0.208408
5419.475075 0.193240
5421.884904 0.199030
5424.294733 0.201058
5426.704561 0.212776
5429.114390 0.189623
5431.524219 0.185836
5433.934047 0.198455
5436.343875 0.198427
5438.753704 0.224207
5441.163533 0.236356
5443.573361 0.231939
5445.983190 0.187993
5448.393019 0.159744
5450.802847 0.194029
5453.212676 0.171680
5455.622504 0.223460
5458.032333 0.189823
5460.442161 0.238799
5462.851990 0.260244
5465.261819 0.251717
5467.671647 0.211566
5470.081476 0.221530
5472.491305 0.240620
5474.901133 0.155791
5477.310962 0.189722
5479.720790 0.214280
5482.130618 0.213834
5484.540447 0.186742
5486.950276 0.205861
5489.360104 0.235760
5491.769933 0.223153
5494.179762 0.200674
5496.589590 0.210716
5498.999419 0.196068
5501.409248 0.210479
5503.819076 0.191143
5506.228904 0.196830
5508.638733 0.184735
5511.048562 0.219324
5513.458390 0.196947
5515.868219 0.192581
5518.278048 0.189614
5520.687876 0.221075
5523.097705 0.203932
5525.507533 0.194700
5527.917362 0.205574
5530.327190 0.200743
5532.737019 0.147202
5535.146847 0.165329
5537.556676 0.183183
5539.966505 0.228899
5542.376333 0.217960
5544.786162 0.196267
5547.195991 0.172052
5549.605819 0.215684
5552.015647 0.200208
5554.425476 0.169282
5556.835305 0.210088
5559.245133 0.216725
5561.654962 0.202275
5564.064791 0.218989
5566.474619 0.186005
5568.884448 0.194720
5571.294276 0.202195
5573.704105 0.202558
5576.113933 0.188027
5578.523762 0.214201
5580.933591 0.227000
5583.343419 0.216442
5585.753248 0.185670
5588.163077 0.218951
5590.572905 0.188439
5592.982734 0.194253
5595.392562 0.196073
5597.802390 0.185164
5600.212219 0.169170
5602.622048 0.187056
5605.031876 0.178393
5607.441705 0.220471
5609.851534 0.184562
5612.261362 0.183006
5614.671191 0.230521
5617.081019 0.186353
5619.490848 0.193555
5621.900676 0.202710
5624.310505 0.189648
5626.720334 0.202933
5629.130162 0.208809
5631.539991 0.160961
5633.949820 0.164025
5636.359648 0.250460
5638.769477 0.219790
5641.179305 0.216213
5643.589134 0.207061
5645.998962 0.193930
5648.408791 0.210391
5650.818620 0.219582
5653.228448 0.219076
5655.638277 0.171048
5658.048105 0.195469
5660.457934 0.212771
5662.867762 0.203054
5665.277591 0.197456
5667.687419 0.191023
5670.097248 0.184775
5672.507077 0.195741
5674.916905 0.212148
5677.326734 0.205869
5679.736563 0.216262
5682.146391 0.215580
5684.556220 0.209597
5686.966048 0.194324
5689.375877 0.205479
5691.785705 0.225210
5694.195534 0.212823
5696.605363 0.204770
5699.015191 0.197506
5701.425020 0.214393
5703.834849 0.203274
5706.244677 0.158235
5708.654505 0.170954
5711.064334 0.183371
5713.474162 0.205740
5715.883991 0.179135
5718.293820 0.186819
5720.703648 0.234442
5723.113477 0.221155
5725.523306 0.230719
5727.933134 0.231421
5730.342963 0.193822
5732.752791 0.169236
5735.162620 0.194353
5737.572448 0.234723
5739.982277 0.236454
5742.392106 0.209976
5744.801934 0.193371
5747.211763 0.210851
5749.621592 0.221981
5752.031420 0.198262
5754.441248 0.221360
5756.851077 0.278472
5759.260906 0.181663
5761.670734 0.204561
5764.080563 0.197153
5766.490392 0.201931
5768.900220 0.220170
5771.310049 0.237817
5773.719878 0.200855
5776.129706 0.200936
5778.539534 0.230689
5780.949363 0.200303
5783.359191 0.201617
5785.769020 0.209011
5788.178849 0.213612
5790.588677 0.193094
5792.998506 0.201088
5795.408335 0.237872
5797.818163 0.226766
5800.227991 0.227700
5802.637820 0.241199
5805.047649 0.211317
5807.457477 0.213512
5809.867306 0.224801
5812.277135 0.204356
5814.686963 0.189886
5817.096792 0.216861
5819.506621 0.216292
5821.916449 0.215057
5824.326277 0.231945
5826.736106 0.212952
5829.145934 0.210236
5831.555763 0.211420
5833.965592 0.229292
5836.375420 0.219728
5838.785249 0.232101
5841.195078 0.212500
5843.604906 0.228413
5846.014735 0.223604
5848.424563 0.209581
5850.834392 0.191183
5853.244220 0.221052
5855.654049 0.227587
5858.063878 0.203329
5860.473706 0.213789
5862.883535 0.205019
5865.293364 0.189947
5867.703192 0.200904
5870.113020 0.229129
5872.522849 0.221825
5874.932678 0.224828
5877.342506 0.225384
5879.752335 0.224774
5882.162164 0.228750
5884.571992 0.195979
5886.981821 0.183441
5889.391650 0.187185
5891.801478 0.171087
5894.211306 0.159558
5896.621135 0.176108
5899.030963 0.174078
5901.440792 0.191725
5903.850621 0.200346
5906.260449 0.192549
5908.670278 0.226770
5911.080107 0.228305
5913.489935 0.211502
5915.899763 0.215705
5918.309592 0.187402
5920.719421 0.209661
5923.129249 0.189095
5925.539078 0.193200
5927.948907 0.199046
5930.358735 0.226613
5932.768564 0.200460
5935.178393 0.171904
5937.588221 0.179286
5939.998049 0.216458
5942.407878 0.209280
5944.817707 0.229979
5947.227535 0.165646
5949.637364 0.218061
5952.047192 0.192268
5954.457021 0.224632
5956.866850 0.238106
5959.276678 0.170552
5961.686506 0.210145
5964.096335 0.219201
5966.506164 0.227779
5968.915992 0.222179
5971.325821 0.223248
5973.735650 0.207979
5976.145478 0.202517
5978.555307 0.193517
5980.965136 0.175205
5983.374964 0.122818
5985.784792 0.251583
5988.194621 0.157909
5990.604450 0.190721
5993.014278 0.207753
5995.424107 0.198012
5997.833936 0.199419
6000.243764 0.178256
6002.653593 0.206395
6005.063422 0.226184
6007.473249 0.216427
6009.883078 0.227938
6012.292907 0.227834
6014.702735 0.201410
6017.112564 0.200108
6019.522393 0.172265
6021.932221 0.220169
6024.342050 0.223746
6026.751879 0.225187
6029.161707 0.233955
6031.571535 0.237987
6033.981364 0.212682
6036.391193 0.187234
6038.801021 0.204725
6041.210850 0.234700
6043.620679 0.213516
6046.030507 0.221080
6048.440336 0.235481
6050.850165 0.201235
6053.259993 0.195399
6055.669821 0.204436
6058.079650 0.197759
6060.489479 0.184020
6062.899307 0.222056
6065.309136 0.211875
6067.718964 0.228991
6070.128793 0.214183
6072.538622 0.191771
6074.948450 0.195002
6077.358278 0.210209
6079.768107 0.205031
6082.177936 0.191171
6084.587764 0.235314
6086.997593 0.229320
6089.407422 0.195382
6091.817250 0.217467
6094.227079 0.193864
6096.636908 0.173873
6099.046736 0.207998
6101.456564 0.225553
6103.866393 0.187307
6106.276222 0.194558
6108.686050 0.229912
6111.095879 0.199051
6113.505708 0.210154
6115.915536 0.211401
6118.325365 0.226235
6120.735194 0.215025
6123.145021 0.223817
6125.554850 0.215933
6127.964679 0.210746
6130.374507 0.193302
6132.784336 0.172202
6135.194165 0.170845
6137.603993 0.186844
6140.013822 0.182301
6142.423651 0.218626
6144.833479 0.203424
6147.243307 0.217714
6149.653136 0.225904
6152.062965 0.222738
6154.472793 0.216524
6156.882622 0.193357
6159.292451 0.183985
6161.702279 0.169558
6164.112108 0.173628
6166.521937 0.162674
6168.931765 0.160146
6171.341593 0.194549
6173.751422 0.197495
6176.161251 0.195613
6178.571079 0.226786
6180.980908 0.235624
6183.390737 0.205884
6185.800565 0.201162
6188.210394 0.199513
6190.620222 0.200312
6193.030050 0.170173
6195.439879 0.195403
6197.849708 0.201212
6200.259536 0.183322
6202.669365 0.218161
6205.079194 0.202221
6207.489022 0.200358
6209.898851 0.192347
6212.308680 0.170633
6214.718508 0.223064
6217.128336 0.163637
6219.538165 0.175976
6221.947994 0.188837
6224.357822 0.151420
6226.767651 0.163972
6229.177480 0.160730
6231.587308 0.204004
6233.997137 0.221530
6236.406966 0.187174
6238.816793 0.194081
6241.226622 0.201272
6243.636451 0.184337
6246.046279 0.182752
6248.456108 0.198920
6250.865937 0.219465
6253.275765 0.202799
6255.685594 0.197205
6258.095423 0.223383
6260.505251 0.201106
6262.915079 0.201617
6265.324908 0.191223
6267.734737 0.210776
6270.144565 0.213395
6272.554394 0.213590
6274.964223 0.214698
6277.374051 0.205235
6279.783880 0.193049
6282.193709 0.204994
6284.603537 0.240787
6287.013365 0.199814
6289.423194 0.189805
6291.833023 0.168982
6294.242851 0.123519
6296.652680 0.189025
6299.062509 0.203071
6301.472337 0.188244
6303.882166 0.186172
6306.291994 0.182313
6308.701822 0.216576
6311.111651 0.195491
6313.521480 0.192874
6315.931308 0.195591
6318.341137 0.199983
6320.750966 0.192772
6323.160794 0.193761
6325.570623 0.238613
6327.980452 0.194696
6330.390280 0.221141
6332.800108 0.271302
6335.209937 0.276274
6337.619766 0.194973
6340.029594 0.197331
6342.439423 0.211794
6344.849252 0.214200
6347.259080 0.205150
6349.668909 0.254218
6352.078737 0.206672
6354.488566 0.183371
6356.898394 0.209549
6359.308223 0.194778
6361.718051 0.184675
6364.127880 0.201989
6366.537709 0.212248
6368.947537 0.168448
6371.357366 0.185533
6373.767195 0.221274
6376.177023 0.269967
6378.586851 0.222032
6380.996680 0.227458
6383.406509 0.194899
6385.816337 0.243752
6388.226166 0.224432
6390.635995 0.180256
6393.045823 0.271577
6395.455652 0.254787
6397.865480 0.186281
6400.275309 0.192312
6402.685137 0.214612
6405.094966 0.235538
6407.504795 0.201060
6409.914623 0.189170
6412.324452 0.225735
6414.734281 0.223529
6417.144109 0.177773
6419.553938 0.208136
6421.963766 0.166184
6424.373594 0.242015
6426.783423 0.253164
6429.193252 0.192794
6431.603080 0.200229
6434.012909 0.214110
6436.422738 0.223281
6438.832566 0.229303
6441.242395 0.215252
6443.652223 0.189968
6446.062052 0.182837
6448.471880 0.224739
6450.881709 0.220151
6453.291538 0.168597
6455.701366 0.173452
6458.111195 0.159047
6460.521024 0.222596
6462.930852 0.215098
6465.340681 0.231321
6467.750509 0.222395
6470.160338 0.220116
6472.570166 0.204526
6474.979995 0.212745
6477.389823 0.230603
6479.799652 0.197874
6482.209481 0.207201
6484.619309 0.187459
6487.029138 0.211217
6489.438966 0.243209
6491.848795 0.213875
6494.258623 0.177814
6496.668452 0.192533
6499.078281 0.191238
6501.488109 0.190057
6503.897938 0.209235
6506.307767 0.225257
6508.717595 0.198748
6511.127424 0.202892
6513.537252 0.235450
6515.947081 0.220446
6518.356909 0.186448
6520.766738 0.177020
6523.176567 0.195401
6525.586395 0.185618
6527.996224 0.180950
6530.406053 0.247114
6532.815881 0.205960
6535.225710 0.207203
6537.635538 0.223007
6540.045366 0.226059
6542.455195 0.203929
6544.865024 0.215833
6547.274852 0.176321
6549.684681 0.220604
6552.094510 0.207068
6554.504338 0.215444
6556.914167 0.229005
6559.323995 0.210540
6561.733824 0.215614
6564.143652 0.149743
6566.553481 0.152663
6568.963310 0.203769
6571.373138 0.212395
6573.782967 0.236776
6576.192796 0.210042
6578.602624 0.204397
6581.012453 0.222736
6583.422281 0.192813
6585.832110 0.190227
6588.241938 0.207392
6590.651767 0.257942
6593.061596 0.214689
6595.471424 0.213530
6597.881253 0.237242
6600.291081 0.211040
6602.700910 0.197701
6605.110738 0.197799
6607.520567 0.238190
6609.930395 0.214855
6612.340224 0.206927
6614.750053 0.234236
6617.159881 0.232377
6619.569710 0.226827
6621.979539 0.220590
6624.389367 0.216439
6626.799196 0.233452
6629.209024 0.231094
6631.618853 0.253383
6634.028681 0.220327
