3156.864523 -0.020176
3159.210056 0.032331
3161.555590 0.033749
3163.901123 0.039364
3166.246656 0.016336
3168.592189 0.038358
3170.937723 0.015279
3173.283256 0.015801
3175.628789 0.026056
3177.974323 0.040430
3180.319856 0.021652
3182.665389 0.041930
3185.010923 0.068768
3187.356455 0.016617
3189.701989 0.022144
3192.047522 0.035678
3194.393056 0.051975
3196.738589 0.034755
3199.084122 0.040087
3201.429656 0.056940
3203.775189 0.038623
3206.120722 0.039176
3208.466255 0.036485
3210.811788 0.037370
3213.157322 0.043048
3215.502855 0.047396
3217.848388 0.028390
3220.193922 0.047521
3222.539455 0.046485
3224.884989 0.044983
3227.230522 0.040225
3229.576055 0.048488
3231.921588 0.033238
3234.267121 0.021633
3236.612655 0.029416
3238.958188 0.051042
3241.303721 0.020717
3243.649255 0.017891
3245.994788 0.049942
3248.340322 0.053454
3250.685855 0.050386
3253.031388 0.050759
3255.376921 0.049674
3257.722454 0.048199
3260.067988 0.053514
3262.413521 0.045224
3264.759054 0.030354
3267.104588 0.069605
3269.450121 0.054883
3271.795654 0.062701
3274.141188 0.070667
3276.486721 0.026558
3278.832254 0.038690
3281.177787 0.048695
3283.523321 0.043618
3285.868854 0.041120
3288.214387 0.069234
3290.559921 0.072407
3292.905454 0.068237
3295.250987 0.055122
3297.596521 0.055333
3299.942053 0.062241
3302.287587 0.064612
3304.633120 0.055184
3306.978654 0.038451
3309.324187 0.043578
3311.669720 0.055955
3314.015254 0.066611
3316.360787 0.023180
3318.706320 0.056016
3321.051853 0.051905
3323.397386 0.049165
3325.742920 0.077597
3328.088453 0.037141
3330.433986 0.035962
3332.779520 0.057183
3335.125053 0.046840
3337.470587 0.034567
3339.816120 0.059439
3342.161653 0.047745
3344.507186 0.040867
3346.852719 0.038837
3349.198253 0.048073
3351.543786 0.060054
3353.889319 0.042540
3356.234853 0.051715
3358.580386 0.045137
3360.925920 0.037057
3363.271453 0.028697
3365.616986 0.060664
3367.962519 0.044584
3370.308052 0.014497
3372.653586 0.029523
3374.999119 0.031755
3377.344652 0.064998
3379.690186 0.050912
3382.035719 0.056986
3384.381252 0.045630
3386.726786 0.041338
3389.072319 0.050370
3391.417852 0.061584
3393.763385 0.045166
3396.108919 0.052122
3398.454452 0.049719
3400.799985 0.076415
3403.145519 0.048690
3405.491052 0.059513
3407.836585 0.043081
3410.182118 0.041267
3412.527651 0.045838
3414.873185 0.061503
3417.218718 0.051247
3419.564252 0.058324
3421.909785 0.060841
3424.255318 0.047361
3426.600852 0.044453
3428.946385 0.040839
3431.291918 0.036358
3433.637451 0.055480
3435.982984 0.037553
3438.328518 0.039731
3440.674051 0.026173
3443.019585 0.042933
3445.365118 0.042578
3447.710651 0.059691
3450.056185 0.076161
3452.401718 0.058358
3454.747251 0.052432
3457.092784 0.056800
3459.438317 0.041725
3461.783851 0.053607
3464.129384 0.055593
3466.474917 0.054077
3468.820451 0.074511
3471.165984 0.059831
3473.511518 0.037661
3475.857051 0.047311
3478.202584 0.071081
3480.548117 0.083096
3482.893650 0.046614
3485.239184 0.050400
3487.584717 0.051730
3489.930250 0.055188
3492.275784 0.046515
3494.621317 0.042812
3496.966850 0.048210
3499.312383 0.056041
3501.657917 0.043564
3504.003450 0.081666
3506.348983 0.063659
3508.694517 0.045062
3511.040050 0.041853
3513.385583 0.051729
3515.731117 0.081798
3518.076650 0.071152
3520.422183 0.059687
3522.767716 0.061807
3525.113249 0.077603
3527.458783 0.057247
3529.804316 0.054210
3532.149850 0.067683
3534.495383 0.067174
3536.840916 0.061069
3539.186450 0.076342
3541.531983 0.055101
3543.877516 0.091904
3546.223049 0.080143
3548.568582 0.080774
3550.914116 0.077211
3553.259649 0.085816
3555.605183 0.086480
3557.950716 0.085365
3560.296249 0.083952
3562.641783 0.062175
3564.987316 0.047869
3567.332849 0.049009
3569.678382 0.042159
3572.023915 0.053117
3574.369449 0.033970
3576.714982 0.039501
3579.060515 0.044351
3581.406049 0.034241
3583.751582 0.035953
3586.097116 0.018330
3588.442648 0.021634
3590.788182 0.044426
3593.133715 0.051196
3595.479248 0.067549
3597.824782 0.067748
3600.170315 0.078596
3602.515848 0.040233
3604.861382 0.049682
3607.206915 0.054300
3609.552448 0.054219
3611.897981 0.070980
3614.243515 0.047363
3616.589048 0.054478
3618.934581 0.064057
3621.280115 0.060843
3623.625648 0.075348
3625.971181 0.068661
3628.316715 0.086679
3630.662248 0.065348
3633.007781 0.043004
3635.353314 0.054308
3637.698847 0.077715
3640.044381 0.061659
3642.389914 0.058784
3644.735448 0.054103
3647.080981 0.064028
3649.426514 0.057847
3651.772048 0.065059
3654.117581 0.051210
3656.463114 0.065844
3658.808647 0.076940
3661.154180 0.071427
3663.499714 0.076301
3665.845247 0.067676
3668.190781 0.077185
3670.536314 0.073431
3672.881847 0.082922
3675.227381 0.080276
3677.572914 0.064328
3679.918447 0.056641
3682.263980 0.080772
3684.609513 0.055280
3686.955047 0.062125
3689.300580 0.065820
3691.646113 0.072631
3693.991647 0.083607
3696.337180 0.076540
3698.682714 0.073922
3701.028246 0.074280
3703.373780 0.061205
3705.719313 0.068185
3708.064846 0.069924
3710.410380 0.069445
3712.755913 0.093142
3715.101446 0.066995
3717.446980 0.070349
3719.792513 0.069861
3722.138047 0.063202
3724.483579 0.092317
3726.829113 0.081943
3729.174646 0.076516
3731.520179 0.068499
3733.865713 0.063371
3736.211246 0.061842
3738.556779 0.058972
3740.902313 0.064126
3743.247846 0.062296
3745.593379 0.051621
3747.938912 0.064142
3750.284445 0.061191
3752.629979 0.058616
3754.975512 0.085021
3757.321046 0.062137
3759.666579 0.062031
3762.012112 0.082648
3764.357646 0.078420
3766.703179 0.078254
3769.048712 0.084736
3771.394245 0.054996
3773.739778 0.060870
3776.085312 0.069974
3778.430845 0.091061
3780.776379 0.100104
3783.121912 0.103751
3785.467445 0.088179
3787.812979 0.061182
3790.158511 0.059070
3792.504045 0.055110
3794.849578 0.045936
3797.195111 0.061046
3799.540645 0.064779
3801.886178 0.067558
3804.231711 0.055089
3806.577245 0.080665
3808.922778 0.088358
3811.268312 0.082118
3813.613844 0.057580
3815.959378 0.064327
3818.304911 0.069533
3820.650444 0.057062
3822.995978 0.063225
3825.341511 0.076381
3827.687044 0.068750
3830.032578 0.046605
3832.378111 0.039349
3834.723644 0.045676
3837.069177 0.056149
3839.414711 0.044046
3841.760244 0.066479
3844.105777 0.079909
3846.451311 0.078334
3848.796844 0.056542
3851.142377 0.052455
3853.487911 0.086609
3855.833444 0.065972
3858.178977 0.046391
3860.524510 0.052822
3862.870043 0.075545
3865.215577 0.076430
3867.561110 0.058277
3869.906644 0.061498
3872.252177 0.067838
3874.597710 0.080304
3876.943244 0.041445
3879.288776 0.047163
3916.817309 0.091180
3919.162843 0.085872
3921.508376 0.094782
3923.853909 0.075860
3926.199442 0.049897
3928.544976 0.035427
3930.890509 0.041858
3933.236042 0.037888
3935.581576 0.035383
3937.927109 0.046929
3940.272642 0.039548
3942.618176 0.051174
3944.963709 0.075123
3947.309242 0.085138
3949.654775 0.106698
3952.000309 0.087664
3954.345842 0.093422
3956.691375 0.098532
3959.036909 0.070380
3961.382442 0.079388
3963.727975 0.065879
3966.073509 0.046740
3968.419042 0.050598
3970.764575 0.051001
3973.110108 0.062319
3975.455641 0.080462
3977.801175 0.082392
3980.146708 0.115470
3982.492242 0.109005
3984.837775 0.114674
3987.183308 0.110385
3989.528842 0.115009
3991.874374 0.108081
3994.219908 0.119505
3996.565441 0.139479
3998.910974 0.120274
4001.256508 0.148108
4003.602041 0.116517
4005.947575 0.107786
4008.293108 0.123412
4010.638641 0.129474
4012.984175 0.137603
4015.329707 0.151374
4017.675241 0.130910
4020.020774 0.138908
4022.366307 0.116905
4024.711841 0.121544
4027.057374 0.123968
4029.402907 0.121371
4031.748441 0.106920
4034.093974 0.111618
4036.439507 0.126583
4038.785040 0.140253
4041.130574 0.142526
4043.476107 0.107413
4045.821640 0.130271
4048.167174 0.120936
4050.512707 0.107482
4052.858240 0.121098
4055.203774 0.114621
4057.549307 0.104562
4059.894840 0.116017
4062.240373 0.101168
4064.585907 0.103426
4066.931440 0.110513
4069.276973 0.117203
4071.622507 0.125553
4073.968040 0.146987
4076.313573 0.135086
4078.659107 0.120927
4081.004639 0.131632
4083.350173 0.115150
4085.695706 0.129999
4088.041240 0.147303
4090.386773 0.109056
4092.732306 0.124614
4095.077840 0.137682
4097.423373 0.110825
4099.768906 0.105493
4102.114440 0.107610
4104.459972 0.107107
4106.805506 0.102216
4109.151039 0.139335
4111.496572 0.133516
4113.842106 0.154103
4116.187639 0.098380
4118.533173 0.146193
4120.878706 0.112681
4123.224239 0.135755
4125.569772 0.133162
4127.915305 0.124774
4130.260839 0.120154
4132.606372 0.122138
4134.951905 0.106623
4137.297439 0.138468
4139.642972 0.140361
4141.988505 0.119735
4144.334039 0.128875
4146.679572 0.112633
4149.025105 0.145158
4151.370638 0.135172
4153.716172 0.120307
4156.061705 0.120106
4158.407238 0.127577
4160.752772 0.128303
4163.098305 0.122202
4165.443838 0.119662
4167.789372 0.117632
4170.134904 0.110465
4172.480438 0.132276
4174.825971 0.130217
4177.171505 0.093792
4179.517038 0.113188
4181.862571 0.145465
4184.208105 0.122173
4186.553638 0.125031
4188.899171 0.131626
4191.244705 0.155737
4193.590237 0.111465
4195.935771 0.129140
4198.281304 0.119275
4200.626838 0.100603
4202.972371 0.137833
4205.317904 0.133466
4207.663438 0.145541
4210.008971 0.135280
4212.354504 0.149500
4214.700037 0.135354
4217.045570 0.134318
4219.391104 0.127098
4221.736637 0.144569
4224.082170 0.141954
4226.427704 0.135809
4228.773237 0.114944
4231.118771 0.122809
4233.464304 0.155587
4235.809837 0.112574
4238.155370 0.124162
4240.500903 0.136961
4242.846437 0.137243
4245.191970 0.126641
4247.537503 0.128532
4249.883037 0.135627
4252.228570 0.115121
4254.574103 0.116195
4256.919637 0.125298
4259.265170 0.141362
4261.610703 0.138644
4263.956236 0.153615
4266.301770 0.159967
4268.647303 0.136148
4270.992836 0.137965
4273.338370 0.127046
4275.683903 0.141313
4278.029436 0.127338
4280.374970 0.127103
4282.720502 0.122063
4285.066036 0.139695
4287.411569 0.128928
4289.757103 0.146927
4292.102636 0.127309
4294.448169 0.115100
4296.793703 0.124813
4299.139236 0.110108
4301.484769 0.110669
4303.830303 0.082229
4306.175835 0.108715
4308.521369 0.092910
4310.866902 0.111277
4313.212436 0.117616
4315.557969 0.129462
4317.903502 0.138205
4320.249036 0.141653
4322.594569 0.139682
4324.940102 0.156651
4327.285635 0.157805
4329.631168 0.120986
4331.976702 0.154863
4334.322235 0.129330
4336.667768 0.128865
4339.013302 0.136292
4341.358835 0.110791
4343.704369 0.121296
4346.049902 0.153403
4348.395435 0.143292
4350.740968 0.146746
4353.086501 0.145007
4355.432035 0.153429
4357.777568 0.172061
4360.123101 0.145452
4362.468635 0.149922
4364.814168 0.176286
4367.159702 0.169177
4369.505235 0.139326
4371.850768 0.147995
4374.196301 0.149155
4376.541834 0.145216
4378.887368 0.153495
4381.232901 0.134437
4383.578434 0.120537
4385.923968 0.138963
4388.269501 0.137915
4390.615034 0.123908
4392.960568 0.108239
4395.306100 0.179863
4397.651634 0.160654
4399.997167 0.156607
4402.342701 0.151205
4404.688234 0.152492
4407.033767 0.164281
4409.379301 0.149841
4411.724834 0.142690
4414.070367 0.162379
4416.415900 0.162329
4418.761433 0.148974
4421.106967 0.169256
4423.452500 0.162375
4425.798034 0.168369
4428.143567 0.178417
4430.489100 0.170105
4432.834634 0.146674
4435.180167 0.147912
4437.525700 0.152716
4439.871233 0.142785
4442.216766 0.164053
4444.562300 0.166560
4446.907833 0.166029
4449.253366 0.178685
4451.598900 0.192573
4453.944433 0.180595
4456.289967 0.151578
4458.635500 0.143796
4460.981033 0.172416
4463.326566 0.161185
4465.672099 0.154519
4468.017633 0.163354
4470.363166 0.164033
4472.708699 0.167318
4475.054233 0.164713
4477.399766 0.198502
4479.745300 0.183496
4482.090833 0.169239
4484.436366 0.165337
4486.781899 0.169128
4489.127432 0.168699
4491.472966 0.171205
4493.818499 0.157694
4496.164032 0.194903
4498.509566 0.223722
4500.855099 0.170945
4503.200632 0.180781
4505.546165 0.159758
4507.891698 0.181543
4510.237232 0.165655
4512.582765 0.181309
4514.928299 0.184626
4517.273832 0.177559
4519.619365 0.189591
4521.964899 0.185731
4524.310432 0.178481
4526.655965 0.180285
4529.001498 0.173775
4531.347031 0.161255
4533.692565 0.186027
4536.038098 0.195506
4538.383632 0.180158
4540.729165 0.183025
4543.074698 0.162802
4545.420232 0.188388
4547.765765 0.203415
4550.111298 0.189660
4552.456831 0.182002
4554.802364 0.177308
4557.147898 0.185891
4559.493431 0.201484
4561.838964 0.187817
4564.184498 0.200126
4566.530031 0.214487
4568.875565 0.184296
4571.221098 0.195026
4573.566631 0.194985
4575.912164 0.186585
4578.257697 0.144887
4580.603231 0.160038
4582.948764 0.173875
4585.294297 0.176140
4587.639831 0.194172
4589.985364 0.190750
4592.330898 0.191477
4594.676430 0.186360
4597.021964 0.180835
4599.367497 0.179104
4601.713030 0.170882
4604.058564 0.168096
4606.404097 0.207549
4608.749630 0.210599
4611.095164 0.192922
4613.440697 0.189545
4615.786230 0.193818
4618.131763 0.184228
4620.477296 0.182152
4622.822830 0.173144
4625.168363 0.173173
4627.513897 0.200289
4629.859430 0.201748
4632.204963 0.195552
4634.550497 0.196919
4636.896030 0.183657
4639.241563 0.205401
4641.587096 0.198032
4643.932629 0.161946
4646.278163 0.171547
4648.623696 0.178517
4650.969230 0.196902
4653.314763 0.204694
4655.660296 0.198341
4658.005830 0.199955
4660.351363 0.193644
4662.696896 0.159721
4665.042429 0.145241
4667.387962 0.189721
4669.733496 0.161696
4672.079029 0.154214
4674.424562 0.181398
4676.770096 0.181024
4679.115629 0.174684
4681.461163 0.177856
4683.806696 0.180766
4686.152229 0.174400
4688.497762 0.179930
4690.843295 0.181366
4693.188829 0.196320
4695.534362 0.169649
4697.879895 0.174747
4700.225429 0.195432
4702.570962 0.173320
4704.916496 0.173977
4707.262028 0.171162
4709.607562 0.143811
4711.953095 0.172780
4714.298628 0.190816
4716.644162 0.186148
4718.989695 0.199885
4721.335228 0.184785
4723.680762 0.197411
4726.026295 0.198418
4728.371828 0.183510
4730.717361 0.173628
4733.062894 0.164974
4735.408428 0.157231
4737.753961 0.186739
4740.099495 0.185646
4742.445028 0.195587
4744.790561 0.214109
4747.136095 0.186654
4749.481628 0.184583
4751.827161 0.183655
4754.172694 0.178196
4756.518227 0.178722
4758.863761 0.196182
4761.209294 0.192395
4763.554828 0.189064
4765.900361 0.189937
4768.245894 0.190358
4770.591428 0.197917
4772.936961 0.203223
4775.282494 0.212071
4777.628027 0.186632
4779.973560 0.175937
4782.319094 0.218773
4784.664627 0.186970
4787.010160 0.183558
4789.355694 0.193062
4791.701227 0.175495
4794.046761 0.144341
4796.392293 0.171655
4798.737827 0.172032
4801.083360 0.160346
4803.428893 0.200152
4805.774427 0.173595
4808.119960 0.158240
4810.465493 0.165727
4812.811027 0.170124
4815.156560 0.185319
4817.502094 0.175545
4819.847626 0.185035
4822.193160 0.189450
4824.538693 0.186525
4826.884226 0.191888
4829.229760 0.192391
4831.575293 0.180366
4833.920826 0.210114
4836.266360 0.190365
4838.611893 0.209030
4840.957426 0.195992
4843.302959 0.193105
4845.648493 0.173241
4847.994026 0.194122
4850.339559 0.197777
4852.685093 0.192185
4855.030626 0.188350
4857.376159 0.181672
4859.721693 0.180772
4862.067226 0.174568
4864.412759 0.157768
4866.758292 0.151218
4869.103825 0.166815
4871.449359 0.166380
4873.794892 0.180251
4876.140426 0.198881
4878.485959 0.199152
4880.831492 0.198682
4883.177026 0.186856
4885.522558 0.182509
4887.868092 0.175623
4890.213625 0.182566
4892.559158 0.206487
4894.904692 0.214667
4897.250225 0.192880
4899.595758 0.198942
4901.941292 0.198837
4904.286825 0.194641
4906.632359 0.205735
4908.977891 0.212010
4911.323425 0.179766
4913.668958 0.170675
4916.014491 0.195309
4918.360025 0.194166
4920.705558 0.178848
4923.051091 0.182776
4925.396625 0.202239
4927.742158 0.192334
4930.087691 0.215551
4932.433224 0.198824
4934.778758 0.205069
4937.124291 0.202876
4939.469824 0.175502
4941.815358 0.188540
4944.160891 0.205925
4946.506424 0.233375
4948.851958 0.226680
4951.197491 0.220461
4953.543024 0.200023
4955.888557 0.211401
4958.234091 0.196412
4960.579624 0.192292
4962.925157 0.186288
4965.270691 0.198360
4967.616224 0.199314
4969.961757 0.213531
4972.307291 0.207015
4974.652823 0.203371
4976.998357 0.196832
4979.343890 0.199416
4981.689423 0.197923
4984.034957 0.184052
4986.380490 0.171440
4988.726024 0.174084
4991.071557 0.194747
4993.417090 0.202030
4995.762624 0.175002
4998.108156 0.178417
5000.453690 0.185680
5002.799223 0.155599
5005.144756 0.185051
5007.490290 0.201742
5009.835823 0.210936
5012.181357 0.179647
5014.526890 0.175853
5016.872423 0.176400
5019.217957 0.160422
5021.563489 0.174006
5023.909023 0.185269
5026.254556 0.168603
5028.600089 0.193204
5030.945623 0.195279
5033.291156 0.175140
5035.636689 0.181278
5037.982223 0.189824
5040.327756 0.192179
5042.673289 0.178195
5045.018822 0.176286
5047.364356 0.181213
5049.709889 0.198116
5052.055422 0.170410
5054.400956 0.179958
5056.746489 0.168229
5059.092022 0.176329
5061.437556 0.170528
5063.783089 0.227096
5066.128622 0.195290
5068.474155 0.166607
5070.819689 0.177364
5073.165222 0.197536
5075.510755 0.204955
5077.856289 0.170668
5080.201822 0.179542
5082.547355 0.207736
5084.892889 0.172783
5087.238421 0.192520
5089.583955 0.179118
5091.929488 0.202667
5094.275021 0.180307
5096.620555 0.183230
5098.966088 0.186887
5101.311622 0.214509
5103.657155 0.183021
5106.002688 0.215093
5108.348222 0.211381
5110.693754 0.181002
5113.039288 0.180890
5115.384821 0.183327
5117.730354 0.206304
5120.075888 0.205618
5122.421421 0.207202
5124.766955 0.199378
5127.112488 0.199975
5129.458021 0.217451
5131.803554 0.187536
5134.149087 0.194782
5136.494621 0.182255
5138.840154 0.173074
5141.185687 0.178280
5143.531221 0.192026
5145.876754 0.171635
5148.222287 0.186215
5150.567821 0.181109
5152.913354 0.181792
5155.258887 0.212073
5157.604420 0.175300
5159.949954 0.184855
5162.295487 0.195436
5164.641020 0.151056
5166.986554 0.172208
5169.332087 0.120978
5171.677620 0.148062
5174.023154 0.171821
5176.368686 0.150712
5178.714220 0.163043
5181.059753 0.162232
5183.405287 0.166631
5185.750820 0.172599
5188.096353 0.186145
5190.441887 0.185683
5192.787420 0.183900
5195.132953 0.169811
5197.478487 0.196648
5199.824019 0.182116
5202.169553 0.175084
5204.515086 0.181301
5206.860619 0.168487
5209.206153 0.168108
5211.551686 0.188332
5213.897220 0.188654
5216.242753 0.161910
5218.588286 0.183363
5220.933819 0.175502
5223.279352 0.185070
5225.624886 0.201012
5227.970419 0.172343
5230.315952 0.177924
5232.661486 0.180832
5235.007019 0.208760
5237.352553 0.219817
5239.698086 0.189583
5242.043619 0.182926
5244.389152 0.207902
5246.734685 0.179286
5249.080219 0.188987
5251.425752 0.169854
5253.771285 0.167483
5256.116819 0.176129
5258.462352 0.211082
5260.807885 0.192897
5263.153419 0.181331
5265.498951 0.163585
5267.844485 0.178438
5270.190018 0.184185
5272.535552 0.167545
5274.881085 0.175033
5277.226618 0.226258
5279.572152 0.208661
5281.917685 0.238700
5284.263218 0.196725
5286.608752 0.188057
5288.954284 0.200083
5291.299818 0.214073
5293.645351 0.232697
5295.990885 0.192720
5298.336418 0.182791
5300.681951 0.171977
5303.027485 0.153217
5305.373018 0.168783
5307.718551 0.189310
5310.064084 0.227909
5312.409617 0.259157
5314.755151 0.277430
5317.100684 0.250542
5319.446217 0.249406
5321.791751 0.192941
5324.137284 0.162976
5326.482818 0.228150
5328.828351 0.231647
5331.173884 0.177200
5333.519417 0.210880
5335.864950 0.227090
5338.210484 0.197110
5340.556017 0.200837
5342.901550 0.213457
5345.247084 0.219108
5347.592617 0.223695
5349.938151 0.204387
5352.283684 0.204381
5354.629217 0.205689
5356.974750 0.208990
5359.320283 0.216450
5361.665817 0.204244
5364.011350 0.205456
5366.356883 0.200227
5368.702417 0.177842
5371.047950 0.220758
5373.393483 0.191723
5375.739017 0.186563
5378.084549 0.183905
5380.430083 0.208461
5382.775616 0.217324
5385.121150 0.213391
5387.466683 0.205800
5389.812216 0.161152
5392.157750 0.170493
5394.503283 0.187373
5396.848816 0.210987
5399.194350 0.189397
5401.539882 0.198614
5403.885416 0.201827
5406.230949 0.195378
5408.576483 0.213006
5410.922016 0.197881
5413.267549 0.202141
5415.613083 0.186950
5417.958616 0.188260
5420.304149 0.196495
5422.649682 0.194936
5424.995215 0.193021
5427.340749 0.193104
5429.686282 0.188900
5432.031815 0.220028
5434.377349 0.241902
5436.722882 0.209036
5439.068416 0.192948
5441.413949 0.212356
5443.759482 0.171706
5446.105015 0.192611
5448.450548 0.218460
5450.796082 0.224676
5453.141615 0.209468
5455.487148 0.213723
5457.832682 0.180580
5460.178215 0.166997
5462.523749 0.172141
5464.869282 0.182639
5467.214815 0.200143
5469.560348 0.201686
5471.905881 0.178849
5474.251415 0.195002
5476.596948 0.197985
5478.942481 0.210143
5481.288015 0.256201
5483.633548 0.235169
5485.979081 0.195664
5488.324615 0.182089
5490.670148 0.168871
5493.015681 0.195927
5495.361214 0.212609
5497.706748 0.187406
5500.052281 0.191174
5502.397814 0.218532
5504.743348 0.232256
5507.088881 0.226246
5509.434414 0.217039
5511.779947 0.199173
5514.125480 0.195738
5516.471014 0.188336
5518.816547 0.222760
5521.162081 0.237389
5523.507614 0.262097
5525.853147 0.203729
5528.198681 0.196621
5530.544214 0.212505
5532.889747 0.201026
5535.235280 0.205356
5537.580813 0.206801
5539.926347 0.192518
5542.271880 0.193440
5544.617413 0.222502
5546.962947 0.233240
5549.308480 0.234678
5551.654014 0.218901
5553.999547 0.208601
5556.345080 0.224799
5558.690613 0.194426
5561.036146 0.203768
5563.381680 0.170181
5565.727213 0.217348
5568.072746 0.178168
5570.418280 0.209011
5572.763813 0.203269
5575.109347 0.242401
5577.454880 0.190155
5579.800413 0.234110
5582.145946 0.190031
5584.491479 0.170067
5586.837013 0.205234
5589.182546 0.212903
5591.528079 0.201160
5593.873613 0.250232
5596.219146 0.236203
5598.564679 0.212625
5600.910212 0.174923
5603.255746 0.215678
5605.601279 0.166877
5607.946812 0.194045
5610.292346 0.225034
5612.637879 0.205434
5614.983412 0.199477
5617.328946 0.202524
5619.674479 0.227908
5622.020012 0.208115
5624.365545 0.208880
5626.711078 0.209107
5629.056612 0.193301
5631.402145 0.180089
5633.747679 0.183561
5636.093212 0.203112
5638.438745 0.199306
5640.784279 0.202669
5643.129812 0.217705
5645.475345 0.197322
5647.820878 0.206673
5650.166411 0.211566
5652.511945 0.196058
5654.857478 0.208756
5657.203011 0.205813
5659.548545 0.180670
5661.894078 0.196239
5664.239612 0.189455
5666.585145 0.196658
5668.930678 0.224128
5671.276211 0.208793
5673.621744 0.210724
5675.967278 0.205552
5678.312811 0.213672
5680.658344 0.217533
5683.003878 0.202993
5685.349411 0.221171
5687.694945 0.218811
5690.040478 0.190218
5692.386011 0.199349
5694.731544 0.202718
5697.077077 0.211194
5699.422611 0.215358
5701.768144 0.200920
5704.113677 0.187809
5706.459211 0.183586
5708.804744 0.185011
5711.150277 0.183108
5713.495810 0.204054
5715.841344 0.192991
5718.186877 0.218211
5720.532410 0.206480
5722.877944 0.209849
5725.223477 0.205510
5727.569010 0.222709
5729.914544 0.212499
5732.260077 0.245076
5734.605610 0.225816
5736.951143 0.209990
5739.296676 0.229197
5741.642210 0.208324
5743.987743 0.195702
5746.333277 0.226690
5748.678810 0.220796
5751.024343 0.227512
5753.369877 0.214024
5755.715410 0.234967
5758.060943 0.203777
5760.406476 0.222994
5762.752009 0.224366
5765.097543 0.214000
5767.443076 0.257547
5769.788610 0.225045
5772.134143 0.227230
5774.479676 0.235542
5776.825210 0.232958
5779.170743 0.215383
5781.516276 0.233212
5783.861809 0.158894
5786.207342 0.176726
5788.552876 0.213968
5790.898409 0.173399
5793.243942 0.159679
5795.589476 0.179474
5797.935009 0.221831
5800.280543 0.206523
5802.626075 0.238475
5804.971609 0.212682
5807.317142 0.191917
5809.662675 0.194954
5812.008209 0.224356
5814.353742 0.221333
5816.699275 0.224519
5819.044809 0.286021
5821.390342 0.290932
5823.735875 0.208865
5826.081408 0.243626
5828.426942 0.083360
5830.772475 0.196929
5833.118008 0.190045
5835.463542 0.195121
5837.809075 0.204211
5840.154608 0.202279
5842.500142 0.236657
5844.845675 0.211448
5847.191208 0.235958
5849.536741 0.231691
5851.882274 0.226984
5854.227808 0.210153
5856.573341 0.236584
5858.918875 0.254718
5861.264408 0.224169
5863.609941 0.266018
5865.955475 0.217967
5868.301008 0.222702
5870.646541 0.231785
5872.992074 0.217348
5875.337607 0.211906
5877.683141 0.219227
5880.028674 0.231577
5882.374208 0.185942
5884.719741 0.232939
5887.065274 0.163348
5889.410808 0.104702
5891.756340 0.197203
5894.101874 0.173547
5896.447407 0.183995
5898.792940 0.194875
5901.138474 0.186593
5903.484007 0.219094
5905.829540 0.232630
5908.175074 0.230264
5910.520607 0.187593
5912.866141 0.150874
5915.211673 0.207873
5917.557207 0.186761
5919.902740 0.204137
5922.248273 0.218314
5924.593807 0.242940
5926.939340 0.224475
5929.284873 0.223746
5931.630407 0.222808
5933.975940 0.237774
5936.321473 0.183701
5938.667006 0.192428
5941.012540 0.188051
5943.358073 0.169819
5945.703606 0.237473
5948.049140 0.212125
5950.394673 0.189553
5952.740206 0.205564
5955.085740 0.223222
5957.431273 0.239074
5959.776806 0.227256
5962.122339 0.215184
5964.467872 0.214276
5966.813406 0.237525
5969.158939 0.203304
5971.504473 0.204986
5973.850006 0.193908
5976.195539 0.216120
5978.541073 0.209692
5980.886605 0.228099
5983.232139 0.207734
5985.577672 0.208910
5987.923205 0.194966
5990.268739 0.222456
5992.614272 0.219214
5994.959806 0.208952
5997.305339 0.184991
5999.650872 0.242967
6001.996406 0.212343
6004.341938 0.198954
6006.687472 0.203566
6009.033005 0.215067
6011.378538 0.215995
6013.724072 0.190688
6016.069605 0.174937
6018.415138 0.213833
6020.760672 0.218744
6023.106205 0.188360
6025.451739 0.195902
6027.797271 0.234293
6030.142805 0.238012
6032.488338 0.224981
6034.833871 0.228877
6037.179405 0.238298
6039.524938 0.221344
6041.870471 0.207959
6044.216005 0.159202
6046.561538 0.184802
6048.907071 0.237536
6051.252604 0.242914
6053.598138 0.220151
6055.943671 0.225093
6058.289204 0.205687
6060.634738 0.197153
6062.980271 0.237572
6065.325804 0.245792
6067.671338 0.225384
6070.016871 0.207274
6072.362404 0.222322
6074.707937 0.190074
6077.053470 0.222687
6079.399004 0.208425
6081.744537 0.199830
6084.090071 0.221462
6086.435604 0.182908
6088.781137 0.177010
6091.126671 0.202681
6093.472203 0.209074
6095.817737 0.197826
6098.163270 0.217435
6100.508803 0.201861
6102.854337 0.190911
6105.199870 0.198218
6107.545404 0.221517
6109.890937 0.243136
6112.236470 0.191264
6114.582004 0.273594
6116.927536 0.183209
6119.273070 0.161491
6121.618603 0.200615
6123.964136 0.197031
6126.309670 0.230496
6128.655203 0.150383
6131.000736 0.126086
6133.346270 0.203503
6135.691803 0.185880
6138.037336 0.168597
6140.382869 0.184343
6142.728403 0.184536
6145.073936 0.225095
6147.419469 0.218049
6149.765003 0.208959
6152.110536 0.206980
6154.456069 0.214554
6156.801603 0.273890
6159.147136 0.240132
6161.492669 0.177718
6163.838202 0.211405
6166.183736 0.125453
6168.529269 0.131357
6170.874802 0.185814
6173.220336 0.158811
6175.565869 0.196011
6177.911402 0.250236
6180.256936 0.203203
6182.602468 0.238104
6184.948002 0.255070
6187.293535 0.221723
6189.639068 0.201287
6191.984602 0.186354
6194.330135 0.207750
6196.675669 0.228982
6199.021202 0.227525
6201.366735 0.247304
6203.712269 0.200299
6206.057801 0.154748
6208.403335 0.178578
6210.748868 0.223836
6213.094401 0.231316
6215.439935 0.218807
6217.785468 0.157151
6220.131002 0.212722
6222.476535 0.299466
6224.822068 0.275352
6227.167601 0.207014
6229.513134 0.125939
6231.858668 0.172912
6234.204201 0.153143
6236.549734 0.176182
6238.895268 0.194411
6241.240801 0.222792
6243.586334 0.176956
6245.931868 0.178557
6248.277401 0.228320
6250.622934 0.166720
6252.968467 0.165975
6255.314001 0.196544
6257.659534 0.169297
6260.005067 0.227528
6262.350601 0.196100
6264.696134 0.207632
6267.041667 0.213022
6269.387201 0.222975
6271.732733 0.206838
6274.078267 0.164990
6276.423800 0.222771
6278.769334 0.239111
6281.114867 0.218626
6283.460400 0.180973
6285.805934 0.159157
6288.151467 0.231417
6290.497000 0.201451
6292.842534 0.185332
6295.188066 0.219869
6297.533600 0.224743
6299.879133 0.202577
6302.224666 0.183225
6304.570200 0.222755
6306.915733 0.198671
6309.261267 0.223776
6311.606800 0.258250
6313.952333 0.214117
6316.297866 0.217862
6318.643399 0.167994
6320.988933 0.200620
6323.334466 0.195236
6325.679999 0.199677
6328.025533 0.220949
6330.371066 0.208958
6332.716600 0.203118
6335.062133 0.195952
6337.407666 0.212346
6339.753199 0.228630
6342.098732 0.264282
6344.444266 0.233227
6346.789799 0.204746
6349.135332 0.218333
6351.480866 0.209107
6353.826399 0.204208
6356.171932 0.218715
6358.517466 0.198945
6360.862999 0.203989
6363.208532 0.194779
6365.554065 0.189477
6367.899599 0.232547
6370.245132 0.231199
6372.590665 0.205007
6374.936199 0.219408
6377.281732 0.212616
6379.627265 0.229376
6381.972799 0.241961
6384.318331 0.225365
6386.663865 0.240127
6389.009398 0.223887
6391.354932 0.199410
6393.700465 0.217506
6396.045998 0.250132
6398.391532 0.234093
6400.737065 0.213611
6403.082598 0.200520
6405.428132 0.220366
6407.773664 0.233732
6410.119198 0.236727
6412.464731 0.217013
6414.810265 0.243879
6417.155798 0.221322
6419.501331 0.230780
6421.846865 0.243211
6424.192398 0.233068
6426.537931 0.250945
6428.883464 0.223365
6431.228997 0.245848
6433.574531 0.208312
6435.920064 0.243074
6438.265597 0.236607
6440.611131 0.265953
6442.956664 0.233163
6445.302198 0.228124
6447.647731 0.247252
6449.993264 0.273879
6452.338797 0.217718
6454.684330 0.228562
6457.029864 0.223785
