4007.081879 0.015368
4008.366679 0.060177
4009.651479 0.073124
4010.936279 0.068718
4012.221078 0.094742
4013.505878 0.071532
4014.790678 0.060026
4016.075478 0.078994
4017.360278 0.076691
4018.645078 0.086127
4019.929878 0.048735
4021.214678 0.098792
4022.499478 0.080629
4023.784277 0.108170
4025.069077 0.085454
4026.353877 0.069834
4027.638677 0.094697
4028.923477 0.108935
4030.208277 0.098708
4031.493077 0.071925
4032.777877 0.072891
4034.062677 0.067021
4035.347476 0.080744
4036.632276 0.080690
4037.917076 0.091791
4039.201876 0.070604
4040.486676 0.089129
4041.771476 0.110626
4043.056276 0.095083
4044.341076 0.077801
4045.625876 0.069304
4046.910675 0.052133
4048.195475 0.071257
4049.480275 0.039091
4050.765075 0.095489
4052.049875 0.110463
4053.334675 0.079947
4054.619475 0.099410
4055.904275 0.066609
4057.189075 0.092630
4058.473874 0.062468
4059.758674 0.046295
4061.043474 0.099506
4062.328274 0.068399
4063.613074 0.060005
4064.897874 0.081371
4066.182674 0.080936
4067.467474 0.048897
4068.752274 0.075403
4070.037073 0.073642
4071.321873 0.084072
4072.606673 0.056476
4073.891473 0.078031
4075.176273 0.082066
4076.461073 0.068499
4077.745873 0.045846
4079.030673 0.035726
4080.315473 0.101465
4081.600272 0.114047
4082.885072 0.102848
4084.169872 0.098094
4085.454672 0.054919
4086.739472 0.052934
4088.024272 0.083528
4089.309072 0.090996
4090.593872 0.087675
4091.878672 0.076907
4093.163471 0.077806
4094.448271 0.077910
4095.733071 0.065150
4097.017871 0.076908
4098.302671 0.061844
4099.587471 0.048334
4100.872271 0.070466
4102.157071 0.047910
4103.441871 0.073736
4104.726670 0.076921
4106.011470 0.085455
4107.296270 0.071752
4108.581070 0.068248
4109.865870 0.060521
4111.150670 0.067397
4112.435470 0.077505
4113.720270 0.078123
4115.005070 0.089617
4116.289869 0.080124
4117.574669 0.075117
4118.859469 0.095673
4120.144269 0.091866
4121.429069 0.089830
4122.713869 0.096458
4123.998669 0.068093
4125.283469 0.084542
4126.568269 0.075570
4127.853068 0.098052
4129.137868 0.083144
4130.422668 0.071848
4131.707468 0.088745
4132.992268 0.085826
4134.277068 0.052312
4135.561868 0.070059
4136.846668 0.064163
4138.131468 0.079489
4139.416267 0.085767
4140.701067 0.054902
4141.985867 0.080357
4143.270667 0.070669
4144.555467 0.070222
4145.840267 0.061444
4147.125067 0.065118
4148.409867 0.063261
4149.694667 0.094380
4150.979466 0.095979
4152.264266 0.070372
4153.549066 0.072279
4154.833866 0.089820
4156.118666 0.084389
4157.403466 0.097173
4158.688266 0.100443
4159.973066 0.083945
4161.257866 0.086468
4162.542665 0.094206
4163.827465 0.085192
4165.112265 0.086375
4166.397065 0.065691
4167.681865 0.086538
4168.966665 0.078221
4170.251465 0.065811
4171.536265 0.062225
4172.821065 0.078252
4174.105864 0.049882
4175.390664 0.068517
4176.675464 0.052913
4177.960264 0.086454
4179.245064 0.083581
4180.529864 0.081691
4181.814664 0.082307
4183.099464 0.065243
4184.384264 0.051886
4185.669063 0.097180
4186.953863 0.078201
4188.238663 0.055993
4189.523463 0.066477
4190.808263 0.074934
4192.093063 0.085451
4193.377863 0.055943
4194.662663 0.065386
4195.947463 0.084894
4197.232262 0.067296
4198.517062 0.074628
4199.801862 0.061875
4201.086662 0.070731
4202.371462 0.101834
4203.656262 0.059877
4204.941062 0.095136
4206.225862 0.088092
4207.510662 0.091848
4208.795461 0.095812
4210.080261 0.081851
4211.365061 0.062132
4212.649861 0.075713
4213.934661 0.069947
4215.219461 0.053002
4216.504261 0.059065
4217.789061 0.065818
4219.073861 0.063707
4220.358660 0.064586
4221.643460 0.075562
4222.928260 0.077008
4224.213060 0.057587
4225.497860 0.070918
4226.782660 0.033297
4228.067460 0.060323
4229.352260 0.069518
4230.637060 0.072752
4231.921859 0.097191
4233.206659 0.104978
4234.491459 0.096235
4235.776259 0.094787
4237.061059 0.073500
4238.345859 0.068637
4239.630659 0.071191
4240.915459 0.073142
4242.200259 0.083636
4243.485058 0.076392
4244.769858 0.101539
4246.054658 0.080143
4247.339458 0.108908
4248.624258 0.076036
4249.909058 0.078060
4251.193858 0.074864
4252.478658 0.091624
4253.763458 0.079489
4255.048257 0.062826
4256.333057 0.092234
4257.617857 0.082849
4258.902657 0.055149
4260.187457 0.093901
4261.472257 0.076082
4262.757057 0.100540
4264.041857 0.077821
4265.326657 0.066676
4266.611456 0.090125
4267.896256 0.074598
4269.181056 0.089497
4270.465856 0.069350
4271.750656 0.057292
4273.035456 0.089464
4274.320256 0.036770
4275.605056 0.049657
4276.889855 0.078904
4278.174655 0.097336
4279.459455 0.095567
4280.744255 0.094176
4282.029055 0.076344
4283.313855 0.068351
4284.598655 0.086258
4285.883455 0.077846
4287.168255 0.079985
4288.453054 0.074530
4289.737854 0.063580
4291.022654 0.069257
4292.307454 0.062050
4293.592254 0.082442
4294.877054 0.114531
4296.161854 0.096075
4297.446654 0.070326
4298.731454 0.083224
4300.016253 0.094923
4301.301053 0.062950
4302.585853 0.059877
4303.870653 0.061928
4305.155453 0.065837
4306.440253 0.072519
4307.725053 0.044786
4309.009853 0.052656
4310.294653 0.058072
4326.997051 0.064968
4328.281851 0.071371
4329.566651 0.085864
4330.851451 0.100704
4332.136251 0.106503
4333.421051 0.105886
4334.705850 0.092544
4335.990650 0.105203
4337.275450 0.093683
4338.560250 0.064348
4339.845050 0.065976
4341.129850 0.053901
4342.414650 0.074999
4343.699450 0.068807
4344.984250 0.076596
4346.269049 0.107398
4347.553849 0.117338
4348.838649 0.106702
4350.123449 0.113149
4351.408249 0.096178
4352.693049 0.083930
4353.977849 0.066925
4355.262649 0.100599
4356.547449 0.096710
4357.832248 0.080876
4359.117048 0.094311
4360.401848 0.075181
4361.686648 0.112523
4362.971448 0.105205
4364.256248 0.099451
4365.541048 0.100208
4366.825848 0.098074
4368.110648 0.123385
4369.395447 0.097395
4370.680247 0.093963
4371.965047 0.087300
4373.249847 0.075191
4374.534647 0.071454
4375.819447 0.093750
4377.104247 0.103122
4378.389047 0.081182
4379.673847 0.100266
4380.958646 0.092831
4382.243446 0.077080
4383.528246 0.069482
4384.813046 0.070309
4386.097846 0.068140
4387.382646 0.053554
4388.667446 0.080239
4389.952246 0.082617
4391.237046 0.093767
4392.521845 0.091702
4393.806645 0.074177
4395.091445 0.098393
4396.376245 0.105769
4397.661045 0.093123
4398.945845 0.097296
4400.230645 0.098573
4401.515445 0.081184
4402.800245 0.074034
4404.085044 0.084621
4405.369844 0.088921
4406.654644 0.091296
4407.939444 0.112920
4409.224244 0.078360
4410.509044 0.066724
4411.793844 0.093259
4413.078644 0.085743
4414.363444 0.096957
4415.648243 0.081561
4416.933043 0.077718
4418.217843 0.114051
4419.502643 0.093021
4420.787443 0.089094
4422.072243 0.101631
4423.357043 0.083978
4424.641843 0.107221
4425.926643 0.093812
4427.211442 0.089503
4428.496242 0.087669
4429.781042 0.104486
4431.065842 0.094966
4432.350642 0.104177
4433.635442 0.120013
4434.920242 0.091763
4436.205042 0.086506
4437.489842 0.084314
4438.774641 0.088128
4440.059441 0.100146
4441.344241 0.095643
4442.629041 0.098537
4443.913841 0.106839
4445.198641 0.082800
4446.483441 0.089604
4447.768241 0.134422
4449.053041 0.117515
4450.337840 0.119136
4451.622640 0.088153
4452.907440 0.116381
4454.192240 0.112505
4455.477040 0.092313
4456.761840 0.084959
4458.046640 0.082670
4459.331440 0.086173
4460.616240 0.085494
4461.901039 0.071274
4463.185839 0.094724
4464.470639 0.091489
4465.755439 0.119947
4467.040239 0.100608
4468.325039 0.087953
4469.609839 0.078608
4470.894639 0.092963
4472.179439 0.080950
4473.464238 0.104066
4474.749038 0.122026
4476.033838 0.110015
4477.318638 0.088242
4478.603438 0.121166
4479.888238 0.082049
4481.173038 0.106448
4482.457838 0.079938
4483.742638 0.094520
4485.027437 0.097972
4486.312237 0.140854
4487.597037 0.123768
4488.881837 0.088783
4490.166637 0.096053
4491.451437 0.099230
4492.736237 0.097316
4494.021037 0.114833
4495.305837 0.097614
4496.590636 0.114509
4497.875436 0.098175
4499.160236 0.093196
4500.445036 0.106224
4501.729836 0.112170
4503.014636 0.114257
4504.299436 0.106276
4505.584236 0.108435
4506.869036 0.119907
4508.153835 0.112939
4509.438635 0.091447
4510.723435 0.129800
4512.008235 0.120502
4513.293035 0.100401
4514.577835 0.109417
4515.862635 0.090236
4517.147435 0.116937
4518.432235 0.149591
4519.717034 0.120985
4521.001834 0.110349
4522.286634 0.121469
4523.571434 0.114640
4524.856234 0.098357
4526.141034 0.106250
4527.425834 0.100995
4528.710634 0.092514
4529.995434 0.092554
4531.280233 0.085440
4532.565033 0.076743
4533.849833 0.105132
4535.134633 0.110838
4536.419433 0.096013
4537.704233 0.094099
4538.989033 0.092193
4540.273833 0.118801
4541.558633 0.101384
4542.843432 0.114754
4544.128232 0.088442
4545.413032 0.122517
4546.697832 0.119298
4547.982632 0.105914
4549.267432 0.131009
4550.552232 0.081605
4551.837032 0.100352
4553.121832 0.106114
4554.406631 0.092473
4555.691431 0.112131
4556.976231 0.098898
4558.261031 0.149249
4559.545831 0.148087
4560.830631 0.093517
4562.115431 0.104551
4563.400231 0.111377
4564.685031 0.123723
4565.969830 0.131409
4567.254630 0.113843
4568.539430 0.111125
4569.824230 0.119938
4571.109030 0.129857
4572.393830 0.116745
4573.678630 0.112169
4574.963430 0.123055
4576.248230 0.129649
4577.533029 0.108561
4578.817829 0.115918
4580.102629 0.104256
4581.387429 0.089831
4582.672229 0.082375
4583.957029 0.114740
4585.241829 0.113043
4586.526629 0.115554
4587.811429 0.113391
4589.096228 0.096925
4590.381028 0.102045
4591.665828 0.123837
4592.950628 0.104281
4594.235428 0.126973
4595.520228 0.105773
4596.805028 0.115961
4598.089828 0.111098
4599.374628 0.095322
4600.659427 0.107860
4601.944227 0.099941
4603.229027 0.100454
4604.513827 0.123950
4605.798627 0.123379
4607.083427 0.117133
4608.368227 0.095987
4609.653027 0.120372
4610.937827 0.140150
4612.222626 0.100931
4613.507426 0.111485
4614.792226 0.108961
4616.077026 0.121999
4617.361826 0.105129
4618.646626 0.123055
4619.931426 0.105800
4621.216226 0.123122
4622.501026 0.126998
4623.785825 0.115890
4625.070625 0.103514
4626.355425 0.108979
4627.640225 0.108862
4628.925025 0.102088
4630.209825 0.111994
4631.494625 0.111547
4632.779425 0.139892
4634.064225 0.089087
4635.349024 0.089283
4636.633824 0.095124
4637.918624 0.098707
4639.203424 0.112546
4640.488224 0.100917
4641.773024 0.093222
4643.057824 0.131525
4644.342624 0.123761
4645.627424 0.099193
4646.912223 0.092622
4648.197023 0.090671
4649.481823 0.109248
4650.766623 0.104321
4652.051423 0.110402
4653.336223 0.124710
4654.621023 0.112709
4655.905823 0.124855
4657.190623 0.101813
4658.475422 0.107525
4659.760222 0.130377
4661.045022 0.126545
4662.329822 0.125273
4663.614622 0.103342
4664.899422 0.122836
4666.184222 0.116561
4667.469022 0.090454
4668.753822 0.094317
4670.038621 0.111997
4671.323421 0.091660
4672.608221 0.125842
4673.893021 0.115199
4675.177821 0.105052
4676.462621 0.114487
4677.747421 0.114740
4679.032221 0.098147
4680.317021 0.106055
4681.601820 0.116555
4682.886620 0.101851
4684.171420 0.108652
4685.456220 0.113639
4686.741020 0.097955
4688.025820 0.095934
4689.310620 0.117138
4690.595420 0.127577
4691.880219 0.103590
4693.165019 0.098244
4694.449819 0.097076
4695.734619 0.107279
4697.019419 0.119350
4698.304219 0.084625
4699.589019 0.107954
4700.873819 0.092659
4702.158619 0.103301
4703.443418 0.121706
4704.728218 0.099780
4706.013018 0.115316
4707.297818 0.125488
4708.582618 0.124729
4709.867418 0.101809
4711.152218 0.116941
4712.437018 0.129368
4713.721818 0.114491
4715.006617 0.117256
4716.291417 0.108281
4717.576217 0.110248
4718.861017 0.114791
4720.145817 0.106404
4721.430617 0.123574
4722.715417 0.121754
4724.000217 0.106164
4725.285017 0.124674
4726.569816 0.113349
4727.854616 0.125157
4729.139416 0.117239
4730.424216 0.100347
4731.709016 0.098056
4732.993816 0.098818
4734.278616 0.101057
4735.563416 0.117246
4736.848216 0.111975
4738.133015 0.121372
4739.417815 0.111165
4740.702615 0.119794
4741.987415 0.113234
4743.272215 0.107365
4744.557015 0.121137
4745.841815 0.128004
4747.126615 0.113081
4748.411415 0.109151
4749.696214 0.128109
4750.981014 0.118554
4752.265814 0.102875
4753.550614 0.121358
4754.835414 0.130149
4756.120214 0.127691
4757.405014 0.122540
4758.689814 0.099993
4759.974614 0.113715
4761.259413 0.096293
4762.544213 0.124485
4763.829013 0.110921
4765.113813 0.113305
4766.398613 0.098281
4767.683413 0.114093
4768.968213 0.094874
4770.253013 0.100522
4771.537813 0.119532
4772.822612 0.126460
4774.107412 0.109381
4775.392212 0.114407
4776.677012 0.104555
4777.961812 0.114331
4779.246612 0.119866
4780.531412 0.138333
4781.816212 0.122080
4783.101012 0.107254
4784.385811 0.109421
4785.670611 0.106738
4786.955411 0.100106
4788.240211 0.115130
4789.525011 0.096949
4790.809811 0.108267
4792.094611 0.114844
4793.379411 0.119960
4794.664211 0.129131
4795.949010 0.124177
4797.233810 0.113322
4798.518610 0.121871
4799.803410 0.123226
4801.088210 0.116027
4802.373010 0.115922
4803.657810 0.112908
4804.942610 0.109862
4806.227410 0.107186
4807.512209 0.126246
4808.797009 0.119614
4810.081809 0.113640
4811.366609 0.120432
4812.651409 0.127209
4813.936209 0.127136
4815.221009 0.107455
4816.505809 0.117645
4817.790609 0.136694
4819.075408 0.130113
4820.360208 0.126595
4821.645008 0.111884
4822.929808 0.111851
4824.214608 0.122844
4825.499408 0.122881
4826.784208 0.125809
4828.069008 0.134579
4829.353808 0.108536
4830.638607 0.110418
4831.923407 0.118124
4833.208207 0.112666
4834.493007 0.114818
4835.777807 0.121774
4837.062607 0.104604
4838.347407 0.110777
4839.632207 0.100538
4840.917007 0.120904
4842.201806 0.111081
4843.486606 0.112764
4844.771406 0.118794
4846.056206 0.133151
4847.341006 0.124213
4848.625806 0.107757
4849.910606 0.114661
4851.195406 0.102715
4852.480206 0.092228
4853.765005 0.111173
4855.049805 0.113059
4856.334605 0.117911
4857.619405 0.102245
4858.904205 0.085738
4860.189005 0.089159
4861.473805 0.072452
4862.758605 0.091863
4864.043405 0.096513
4865.328204 0.091107
4866.613004 0.111177
4867.897804 0.096316
4869.182604 0.098271
4870.467404 0.113519
4871.752204 0.110030
4873.037004 0.109351
4874.321804 0.111759
4875.606604 0.118007
4876.891403 0.088030
4878.176203 0.102370
4879.461003 0.106418
4880.745803 0.107882
4882.030603 0.136584
4883.315403 0.129845
4884.600203 0.125605
4885.885003 0.097002
4887.169803 0.112542
4888.454602 0.113207
4889.739402 0.112608
4891.024202 0.116729
4892.309002 0.098010
4893.593802 0.111203
4894.878602 0.135743
4896.163402 0.136732
4897.448202 0.094984
4898.733002 0.118295
4900.017801 0.133801
4901.302601 0.125725
4902.587401 0.114855
4903.872201 0.111138
4905.157001 0.131549
4906.441801 0.122643
4907.726601 0.117451
4909.011401 0.114053
4910.296201 0.098909
4911.581000 0.103726
4912.865800 0.118643
4914.150600 0.114869
4915.435400 0.112040
4916.720200 0.109599
4918.005000 0.115993
4919.289800 0.113511
4920.574600 0.092949
4921.859400 0.088699
4923.144199 0.089014
4924.428999 0.097144
4925.713799 0.105176
4926.998599 0.130350
4928.283399 0.117163
4929.568199 0.111578
4930.852999 0.118433
4932.137799 0.125630
4933.422599 0.120274
4934.707398 0.114625
4935.992198 0.117447
4937.276998 0.114592
4938.561798 0.094210
4939.846598 0.097625
4941.131398 0.117072
4942.416198 0.104288
4943.700998 0.107509
4944.985798 0.121915
4946.270597 0.126758
4947.555397 0.114230
4948.840197 0.113092
4950.124997 0.128563
4951.409797 0.136336
4952.694597 0.112441
4953.979397 0.124836
4955.264197 0.100344
4956.548997 0.090449
4957.833796 0.096618
4959.118596 0.108184
4960.403396 0.125277
4961.688196 0.108608
4962.972996 0.123436
4964.257796 0.104993
4965.542596 0.120249
4966.827396 0.111029
4968.112196 0.124903
4969.396995 0.107493
4970.681795 0.106185
4971.966595 0.127809
4973.251395 0.117008
4974.536195 0.116720
4975.820995 0.112474
4977.105795 0.097677
4978.390595 0.126650
4979.675395 0.108960
4980.960194 0.097826
4982.244994 0.118135
4983.529794 0.103390
4984.814594 0.093500
4986.099394 0.110149
4987.384194 0.108019
4988.668994 0.112788
4989.953794 0.119748
4991.238594 0.126382
4992.523393 0.122011
4993.808193 0.109941
4995.092993 0.111453
4996.377793 0.113621
4997.662593 0.094320
4998.947393 0.132457
5000.232193 0.109844
5001.516993 0.101689
5002.801793 0.107238
5004.086592 0.099705
5005.371392 0.115771
5006.656192 0.128215
5007.940992 0.107280
5009.225792 0.099275
5010.510592 0.098489
5011.795392 0.106370
5013.080192 0.110222
5014.364992 0.130670
5015.649791 0.094679
5016.934591 0.088238
5018.219391 0.118152
5019.504191 0.113268
5020.788991 0.119660
5022.073791 0.104807
5023.358591 0.115564
5024.643391 0.098701
5025.928191 0.094008
5027.212990 0.111306
5028.497790 0.116346
5029.782590 0.101388
5031.067390 0.126774
5032.352190 0.108255
5033.636990 0.141357
5034.921790 0.095835
5036.206590 0.100852
5037.491390 0.115857
5038.776189 0.097711
5040.060989 0.100179
5041.345789 0.105543
5042.630589 0.105194
5043.915389 0.103826
5045.200189 0.113902
5046.484989 0.113673
5047.769789 0.103366
5049.054589 0.110696
5050.339388 0.096985
5051.624188 0.097891
5052.908988 0.117176
5054.193788 0.109912
5055.478588 0.110537
5056.763388 0.119616
5058.048188 0.106073
5059.332988 0.122165
5060.617788 0.124429
5061.902587 0.101991
5063.187387 0.109225
5064.472187 0.100200
5065.756987 0.109197
5067.041787 0.112767
5068.326587 0.119679
5069.611387 0.104641
5070.896187 0.111850
5072.180987 0.123169
5073.465786 0.092694
5074.750586 0.101104
5076.035386 0.103751
5077.320186 0.104079
5078.604986 0.105541
5079.889786 0.113647
5081.174586 0.119899
5082.459386 0.101724
5083.744186 0.103515
5085.028985 0.112344
5086.313785 0.124311
5087.598585 0.117697
5088.883385 0.105853
5090.168185 0.093437
5091.452985 0.118366
5092.737785 0.104062
5094.022585 0.109115
5095.307385 0.119528
5096.592184 0.119576
5097.876984 0.102139
5099.161784 0.101065
5100.446584 0.107205
5101.731384 0.119114
5103.016184 0.100826
5104.300984 0.116120
5105.585784 0.111155
5106.870584 0.097679
5108.155383 0.111133
5109.440183 0.103409
5110.724983 0.113825
5112.009783 0.113790
5113.294583 0.119178
5114.579383 0.097079
5115.864183 0.109813
5117.148983 0.112836
5118.433782 0.112117
5119.718582 0.116567
5121.003382 0.111617
5122.288182 0.098918
5123.572982 0.098061
5124.857782 0.108560
5126.142582 0.072854
5127.427382 0.107486
5128.712182 0.114694
5129.996981 0.081045
5131.281781 0.083586
5132.566581 0.105943
5133.851381 0.114845
5135.136181 0.112666
5136.420981 0.099963
5137.705781 0.108664
5138.990581 0.105947
5140.275381 0.085985
5141.560180 0.100171
5142.844980 0.117229
5144.129780 0.110719
5145.414580 0.095934
5146.699380 0.088406
5147.984180 0.107867
5149.268980 0.118539
5150.553780 0.097547
5151.838580 0.101654
5153.123379 0.098169
5154.408179 0.096049
5155.692979 0.109570
5156.977779 0.114537
5158.262579 0.106285
5159.547379 0.110504
5160.832179 0.115398
5162.116979 0.104474
5163.401779 0.096016
5164.686578 0.090235
5165.971378 0.085693
5167.256178 0.084267
5168.540978 0.082796
5169.825778 0.071715
5171.110578 0.073195
5172.395378 0.072929
5173.680178 0.081400
5174.964978 0.086179
5176.249777 0.094028
5177.534577 0.104872
5178.819377 0.094144
5180.104177 0.095399
5181.388977 0.088461
5182.673777 0.085630
5183.958577 0.085967
5185.243377 0.072837
5186.528177 0.082742
5187.812976 0.102641
5189.097776 0.097568
5190.382576 0.099428
5191.667376 0.113011
5192.952176 0.100487
5194.236976 0.091617
5195.521776 0.093156
5196.806576 0.095078
5198.091376 0.108423
5199.376175 0.110477
5200.660975 0.116414
5201.945775 0.113231
5203.230575 0.101036
5204.515375 0.105945
5205.800175 0.109046
5207.084975 0.094089
5208.369775 0.095007
5209.654575 0.085398
5210.939374 0.092464
5212.224174 0.117986
5213.508974 0.112716
5214.793774 0.089651
5216.078574 0.115167
5217.363374 0.107186
5218.648174 0.101655
5219.932974 0.118699
5221.217774 0.120699
5222.502573 0.130023
5223.787373 0.118178
5225.072173 0.096140
5226.356973 0.110269
5227.641773 0.113357
5228.926573 0.116227
5230.211373 0.111772
5231.496173 0.124146
5232.780973 0.103212
5234.065772 0.115431
5235.350572 0.109934
5236.635372 0.107716
5237.920172 0.113068
5239.204972 0.127352
5240.489772 0.111751
5241.774572 0.108933
5243.059372 0.130873
5244.344172 0.119357
5245.628971 0.109335
5246.913771 0.126167
5248.198571 0.110504
5249.483371 0.111182
5250.768171 0.108807
5252.052971 0.104978
5253.337771 0.121938
5254.622571 0.111775
5255.907371 0.114526
5257.192170 0.134671
5258.476970 0.094012
5259.761770 0.116948
5261.046570 0.122648
5262.331370 0.110511
5263.616170 0.098330
5264.900970 0.094937
5266.185770 0.103485
5267.470570 0.095934
5268.755369 0.092419
5270.040169 0.081831
5271.324969 0.080398
5272.609769 0.095376
5273.894569 0.103113
5275.179369 0.100592
5276.464169 0.116228
5277.748969 0.107637
5279.033769 0.110902
5280.318568 0.110323
5281.603368 0.088446
5282.888168 0.112617
5284.172968 0.116949
5285.457768 0.110118
5286.742568 0.109174
5288.027368 0.110485
5289.312168 0.089024
5290.596968 0.128004
5291.881767 0.114071
5293.166567 0.125252
5294.451367 0.130575
5295.736167 0.121552
5297.020967 0.097561
5298.305767 0.107886
5299.590567 0.111903
5300.875367 0.103801
5302.160167 0.116401
5303.444966 0.118451
5304.729766 0.115105
5306.014566 0.112702
5307.299366 0.116146
5308.584166 0.105301
5309.868966 0.115560
5311.153766 0.122117
5312.438566 0.119588
5313.723366 0.106461
5315.008165 0.093950
5316.292965 0.075981
5317.577765 0.084515
5318.862565 0.088855
5320.147365 0.082827
5321.432165 0.102231
5322.716965 0.099100
5324.001765 0.108220
5325.286565 0.096780
5326.571364 0.091129
5327.856164 0.093972
5329.140964 0.099942
5330.425764 0.091030
5331.710564 0.091302
5332.995364 0.101511
5334.280164 0.095917
5335.564964 0.104886
5336.849764 0.116170
5338.134563 0.097364
5339.419363 0.107170
5340.704163 0.117794
5341.988963 0.109530
5343.273763 0.099254
5344.558563 0.119396
5345.843363 0.125962
5347.128163 0.098256
5348.412963 0.108172
5349.697762 0.105663
5350.982562 0.103595
5352.267362 0.112113
5353.552162 0.109805
5354.836962 0.111611
5356.121762 0.142848
5357.406562 0.136905
5358.691362 0.123545
5359.976162 0.111707
5361.260961 0.125300
5362.545761 0.119940
5363.830561 0.113193
5365.115361 0.107568
5366.400161 0.102231
5367.684961 0.113304
5368.969761 0.122175
5370.254561 0.113204
5371.539361 0.097737
5372.824160 0.113889
5374.108960 0.126636
5375.393760 0.101181
5376.678560 0.116096
5377.963360 0.113285
5379.248160 0.076703
5380.532960 0.106842
5381.817760 0.125569
5383.102560 0.106318
5384.387359 0.123000
5385.672159 0.102223
5386.956959 0.099331
5388.241759 0.109671
5389.526559 0.110079
5390.811359 0.118166
5392.096159 0.094337
5393.380959 0.098702
5394.665759 0.110299
5395.950558 0.120129
5397.235358 0.096116
5398.520158 0.129967
5399.804958 0.095676
5401.089758 0.088911
5402.374558 0.101649
5403.659358 0.104441
5404.944158 0.113644
5406.228958 0.097701
5407.513757 0.102051
5408.798557 0.097863
5410.083357 0.093376
5411.368157 0.103298
5412.652957 0.110799
5413.937757 0.114985
5415.222557 0.134929
5416.507357 0.114150
5417.792157 0.116860
5419.076956 0.114644
5420.361756 0.103351
5421.646556 0.089187
5422.931356 0.110903
5424.216156 0.111936
5425.500956 0.111175
5426.785756 0.122263
5428.070556 0.124466
5429.355356 0.106866
5430.640155 0.105078
5431.924955 0.102348
5433.209755 0.103764
5434.494555 0.109013
5435.779355 0.107286
5437.064155 0.121708
5438.348955 0.124362
5439.633755 0.111444
5440.918555 0.125363
5442.203354 0.131676
5443.488154 0.131270
5444.772954 0.111918
5446.057754 0.105458
5447.342554 0.096837
5448.627354 0.107975
5449.912154 0.112595
5451.196954 0.107504
5452.481754 0.118152
5453.766553 0.114480
5455.051353 0.110039
5456.336153 0.127954
5457.620953 0.113075
5458.905753 0.112788
5460.190553 0.128418
5461.475353 0.122779
5462.760153 0.117569
5464.044953 0.110679
5465.329752 0.104447
5466.614552 0.107272
5467.899352 0.117773
5469.184152 0.106800
5470.468952 0.106761
5471.753752 0.117486
5473.038552 0.123891
5474.323352 0.116084
5475.608152 0.112450
5476.892951 0.101187
5478.177751 0.099814
5479.462551 0.102859
5480.747351 0.107371
5482.032151 0.112633
5483.316951 0.126495
5484.601751 0.099055
5485.886551 0.104041
5487.171351 0.106969
5488.456150 0.111380
5489.740950 0.112135
5491.025750 0.111229
5492.310550 0.098031
5493.595350 0.113480
5494.880150 0.117435
5496.164950 0.117815
5497.449750 0.118511
5498.734550 0.106608
5500.019349 0.104225
5501.304149 0.106893
5502.588949 0.122160
5503.873749 0.117122
5505.158549 0.109054
5506.443349 0.116953
5507.728149 0.120354
5509.012949 0.103004
5510.297749 0.105274
5511.582548 0.118502
5512.867348 0.107633
5514.152148 0.107415
5515.436948 0.106484
5516.721748 0.130750
5518.006548 0.112306
5519.291348 0.097295
5520.576148 0.112470
5521.860948 0.126184
5523.145747 0.123147
5524.430547 0.130146
5525.715347 0.114361
5527.000147 0.109973
5528.284947 0.109278
5529.569747 0.116659
5530.854547 0.103546
5532.139347 0.106246
5533.424146 0.104937
5534.708946 0.106584
5535.993746 0.121439
5537.278546 0.115896
5538.563346 0.115458
5539.848146 0.116266
5541.132946 0.114013
5542.417746 0.116576
5543.702546 0.114953
5544.987345 0.132382
5546.272145 0.107293
5547.556945 0.113942
5548.841745 0.122394
5550.126545 0.102961
5551.411345 0.115330
5552.696145 0.130600
5553.980945 0.118759
5555.265745 0.103620
5556.550544 0.108148
5557.835344 0.112120
5559.120144 0.109838
5560.404944 0.114660
5561.689744 0.093058
5562.974544 0.111516
5564.259344 0.104558
5565.544144 0.103852
5566.828944 0.107515
5568.113743 0.106034
5569.398543 0.109573
5570.683343 0.106486
5571.968143 0.111245
5573.252943 0.090790
5574.537743 0.098946
5575.822543 0.109292
5577.107343 0.093108
5578.392143 0.105653
5579.676942 0.120824
5580.961742 0.117454
5582.246542 0.107016
5583.531342 0.087080
5584.816142 0.109712
5586.100942 0.101508
5587.385742 0.102503
5588.670542 0.095565
5589.955342 0.096753
5591.240141 0.101161
5592.524941 0.102874
5593.809741 0.096653
5595.094541 0.124185
5596.379341 0.103255
5597.664141 0.109048
5598.948941 0.096986
5600.233741 0.099939
5601.518541 0.102783
5602.803340 0.114264
5604.088140 0.120899
5605.372940 0.102010
5606.657740 0.099119
5607.942540 0.110208
5609.227340 0.120374
5610.512140 0.101763
5611.796940 0.119361
5613.081740 0.111641
5614.366539 0.118830
5615.651339 0.108929
5616.936139 0.101345
5618.220939 0.107649
5619.505739 0.118709
5620.790539 0.116567
5622.075339 0.105376
5623.360139 0.103292
5624.644939 0.104771
5625.929738 0.114092
5627.214538 0.112297
5628.499338 0.105931
5629.784138 0.118436
5631.068938 0.076152
5632.353738 0.106270
5633.638538 0.086638
5634.923338 0.116859
5636.208138 0.109044
5637.492937 0.099960
5638.777737 0.100538
5640.062537 0.117362
5641.347337 0.101499
5642.632137 0.095988
5643.916937 0.095373
5645.201737 0.094907
5646.486537 0.100132
5647.771337 0.128474
5649.056136 0.109095
5650.340936 0.115443
5651.625736 0.139242
5652.910536 0.116946
5654.195336 0.108636
5655.480136 0.100751
5656.764936 0.101514
5658.049736 0.108076
5659.334536 0.100021
5660.619335 0.111750
5661.904135 0.125501
5663.188935 0.117132
5664.473735 0.116411
5665.758535 0.122710
5667.043335 0.124106
5668.328135 0.094264
5669.612935 0.097103
5670.897735 0.117588
5672.182534 0.100641
5673.467334 0.105625
5674.752134 0.109272
5676.036934 0.087577
5677.321734 0.102514
5678.606534 0.110601
5679.891334 0.113228
5681.176134 0.095368
5682.460934 0.085875
5683.745733 0.075242
5685.030533 0.097254
5686.315333 0.101692
5687.600133 0.109837
5688.884933 0.098879
5690.169733 0.096642
5691.454533 0.116842
5692.739333 0.120232
5694.024133 0.096713
5695.308932 0.100309
5696.593732 0.101840
5697.878532 0.110866
5699.163332 0.112350
5700.448132 0.111909
5701.732932 0.106555
5703.017732 0.110117
5704.302532 0.102826
5705.587332 0.097109
5706.872131 0.108432
5708.156931 0.101978
5709.441731 0.095435
5710.726531 0.095834
5712.011331 0.095405
5713.296131 0.116669
5714.580931 0.117359
5715.865731 0.106132
5717.150531 0.122928
5718.435330 0.098055
5719.720130 0.110770
5721.004930 0.122757
5722.289730 0.101847
5723.574530 0.105490
5724.859330 0.121936
5726.144130 0.106466
5727.428930 0.114705
5728.713730 0.112235
5729.998529 0.094344
5731.283329 0.113533
5732.568129 0.122337
5733.852929 0.104635
5735.137729 0.098253
5736.422529 0.108832
5737.707329 0.104474
5738.992129 0.099223
5740.276929 0.105512
5741.561728 0.111304
5742.846528 0.111593
5744.131328 0.116382
5745.416128 0.115631
5746.700928 0.096860
5747.985728 0.112820
5749.270528 0.114834
5750.555328 0.105665
5751.840128 0.097875
5753.124927 0.099300
5754.409727 0.103362
5755.694527 0.092875
5756.979327 0.097617
5758.264127 0.125371
5759.548927 0.119125
5760.833727 0.108957
5762.118527 0.095575
5763.403327 0.108605
5764.688126 0.116532
5765.972926 0.109184
5767.257726 0.124921
5768.542526 0.124736
5769.827326 0.099952
5771.112126 0.108034
5772.396926 0.108955
5773.681726 0.101094
5774.966526 0.107116
5776.251325 0.123406
5777.536125 0.112385
5778.820925 0.106199
5780.105725 0.108751
5781.390525 0.097566
5782.675325 0.111812
5783.960125 0.102860
5785.244925 0.098637
5786.529725 0.111165
5787.814524 0.120181
5789.099324 0.099339
5790.384124 0.120066
5791.668924 0.111071
5792.953724 0.114124
5794.238524 0.124892
5795.523324 0.118257
5796.808124 0.121722
5798.092924 0.114470
5799.377723 0.122927
5800.662523 0.119506
5801.947323 0.104959
5803.232123 0.116029
5804.516923 0.106324
5805.801723 0.105678
5807.086523 0.116791
5808.371323 0.122056
5809.656123 0.091819
5810.940922 0.123059
5812.225722 0.102202
5813.510522 0.115662
5814.795322 0.111005
5816.080122 0.129908
5817.364922 0.125296
5818.649722 0.101928
5819.934522 0.124150
5821.219322 0.114258
5822.504121 0.125598
5823.788921 0.123067
5825.073721 0.118037
5826.358521 0.120076
5827.643321 0.123273
5828.928121 0.103709
5830.212921 0.110501
5831.497721 0.118163
5832.782521 0.111789
5834.067320 0.104585
5835.352120 0.111375
5836.636920 0.107426
5837.921720 0.113034
5839.206520 0.126369
5840.491320 0.116131
5841.776120 0.102502
5843.060920 0.112830
5844.345720 0.123486
5845.630519 0.100237
5846.915319 0.111600
5848.200119 0.098977
5849.484919 0.101755
5850.769719 0.098187
5852.054519 0.109823
5853.339319 0.102561
5854.624119 0.110141
5855.908919 0.103595
5857.193718 0.107621
5858.478518 0.091832
5859.763318 0.090150
5861.048118 0.106824
5862.332918 0.096467
5863.617718 0.090278
5864.902518 0.103247
5866.187318 0.097305
5867.472118 0.101972
5868.756917 0.114747
5870.041717 0.089185
5871.326517 0.100759
5872.611317 0.112288
5873.896117 0.100131
5875.180917 0.115641
5876.465717 0.102276
5877.750517 0.080522
5879.035317 0.092151
5880.320116 0.092219
5881.604916 0.109271
5882.889716 0.116483
5884.174516 0.122021
5885.459316 0.111361
5886.744116 0.118664
5888.028916 0.091924
5889.313716 0.128907
5890.598516 0.093395
5891.883315 0.089641
5893.168115 0.112103
5894.452915 0.094746
5895.737715 0.098797
5897.022515 0.090884
5898.307315 0.070270
5899.592115 0.096699
5900.876915 0.106641
5902.161715 0.114230
5903.446514 0.122666
5904.731314 0.082137
5906.016114 0.082665
5907.300914 0.100776
5908.585714 0.115268
5909.870514 0.124268
5911.155314 0.095369
5912.440114 0.110635
5913.724914 0.119483
5915.009713 0.104491
5916.294513 0.100465
5917.579313 0.108990
5918.864113 0.113324
5920.148913 0.109044
5921.433713 0.106846
5922.718513 0.101874
5924.003313 0.115498
5925.288113 0.094629
5926.572912 0.107827
5927.857712 0.107520
5929.142512 0.089458
5930.427312 0.103485
5931.712112 0.098419
5932.996912 0.097667
5934.281712 0.104416
5935.566512 0.098549
5936.851312 0.099422
5938.136111 0.115250
5939.420911 0.110599
5940.705711 0.087564
5941.990511 0.107579
5943.275311 0.106096
5944.560111 0.096180
5945.844911 0.102280
5947.129711 0.095584
5948.414510 0.108011
5949.699310 0.098149
5950.984110 0.102195
5952.268910 0.096816
5953.553710 0.105333
5954.838510 0.107125
5956.123310 0.102042
5957.408110 0.095903
5958.692910 0.097439
5959.977709 0.100490
5961.262509 0.102250
5962.547309 0.118673
5963.832109 0.105069
5965.116909 0.104400
5966.401709 0.100979
5967.686509 0.113480
5968.971309 0.100272
5970.256109 0.127570
5971.540908 0.124511
5972.825708 0.099565
5974.110508 0.099486
5975.395308 0.111158
5976.680108 0.107255
5977.964908 0.095739
5979.249708 0.104863
5980.534508 0.079375
5981.819308 0.093384
5983.104107 0.099343
5984.388907 0.094306
5985.673707 0.098841
5986.958507 0.107614
5988.243307 0.082517
5989.528107 0.102223
5990.812907 0.102468
5992.097707 0.095314
5993.382507 0.098895
5994.667306 0.111557
5995.952106 0.110005
5997.236906 0.088034
5998.521706 0.076741
5999.806506 0.103285
6001.091306 0.099795
6002.376106 0.105350
6003.660906 0.100682
6004.945706 0.084808
6006.230505 0.127305
6007.515305 0.090054
6008.800105 0.110248
6010.084905 0.098656
6011.369705 0.107264
6012.654505 0.110115
6013.939305 0.106571
6015.224105 0.101689
6016.508905 0.090900
6017.793704 0.110487
6019.078504 0.119763
6020.363304 0.090845
6021.648104 0.103263
6022.932904 0.113161
6024.217704 0.096019
6025.502504 0.103497
6026.787304 0.121953
6028.072104 0.124238
6029.356903 0.100977
6030.641703 0.099572
6031.926503 0.089311
6033.211303 0.126687
6034.496103 0.110569
6035.780903 0.100459
6037.065703 0.107585
6038.350503 0.099479
6039.635303 0.130400
6040.920102 0.112044
6042.204902 0.106148
6043.489702 0.090870
6044.774502 0.104886
6046.059302 0.106502
6047.344102 0.117414
6048.628902 0.114730
6049.913702 0.111237
6051.198502 0.122992
6052.483301 0.107473
6053.768101 0.072602
6055.052901 0.097144
6056.337701 0.118011
6057.622501 0.095968
6058.907301 0.090154
6060.192101 0.104723
6061.476901 0.099307
6062.761701 0.103406
6064.046500 0.101450
6065.331300 0.106367
6066.616100 0.119052
6067.900900 0.104370
6069.185700 0.096348
6070.470500 0.115196
6071.755300 0.102124
6073.040100 0.096308
6074.324900 0.110709
6075.609699 0.095811
6076.894499 0.067491
6078.179299 0.078082
6079.464099 0.077942
6080.748899 0.077936
6082.033699 0.114171
6083.318499 0.115132
6084.603299 0.092906
6085.888099 0.099959
6087.172898 0.103082
6088.457698 0.105101
6089.742498 0.095219
6091.027298 0.073747
6092.312098 0.097676
6093.596898 0.101435
6094.881698 0.110155
6096.166498 0.099333
6097.451298 0.088530
6098.736097 0.131314
6100.020897 0.122961
6101.305697 0.106761
6102.590497 0.101131
6103.875297 0.090926
6105.160097 0.105472
6106.444897 0.112337
6107.729697 0.098226
6109.014497 0.099640
6110.299296 0.108736
6111.584096 0.110976
6112.868896 0.109233
6114.153696 0.096035
6115.438496 0.101459
6116.723296 0.094758
6118.008096 0.088328
6119.292896 0.088875
6120.577696 0.096688
6121.862495 0.090073
6123.147295 0.097776
6124.432095 0.092103
6125.716895 0.092058
6127.001695 0.102489
6128.286495 0.085434
6129.571295 0.100326
6130.856095 0.105984
6132.140895 0.105111
6133.425694 0.113303
6134.710494 0.107290
6135.995294 0.107022
6137.280094 0.072222
6138.564894 0.079247
6139.849694 0.091775
6141.134494 0.099487
6142.419294 0.096690
6143.704094 0.097747
6144.988893 0.098992
6146.273693 0.094459
6147.558493 0.094562
6148.843293 0.090581
6150.128093 0.089823
6151.412893 0.072222
6152.697693 0.087402
6153.982493 0.101325
6155.267293 0.101447
6156.552092 0.104214
6157.836892 0.097020
6159.121692 0.087253
6160.406492 0.072990
6161.691292 0.089421
6162.976092 0.089126
6164.260892 0.087875
6165.545692 0.080978
