2969.759946 0.024957
2971.969745 0.095535
2974.179545 0.014591
2976.389344 0.024195
2978.599144 0.055451
2980.808942 0.052183
2983.018742 0.033026
2985.228541 0.030129
2987.438341 0.033032
2989.648140 0.030710
2991.857939 0.064307
2994.067739 0.043350
2996.277538 0.024005
2998.487338 0.034763
3000.697137 0.042058
3002.906936 0.024484
3005.116735 0.027125
3007.326535 0.031189
3009.536334 0.055313
3011.746134 0.051084
3013.955933 0.035496
3016.165732 0.012321
3018.375532 0.031125
3020.585331 0.032772
3022.795130 0.033230
3025.004929 0.018028
3027.214729 0.036855
3029.424528 0.044550
3031.634328 0.035729
3033.844127 0.019915
3036.053926 0.020827
3038.263726 0.033924
3040.473525 0.031470
3042.683325 0.059494
3044.893123 0.034300
3047.102923 0.035059
3049.312722 0.040465
3051.522522 0.028867
3053.732321 0.051497
3055.942120 0.061907
3058.151920 0.039976
3060.361719 0.044092
3062.571519 0.022643
3064.781317 0.012485
3066.991117 0.029634
3069.200916 0.032083
3071.410716 0.038233
3073.620515 0.019508
3075.830314 0.033323
3078.040114 0.036313
3080.249913 0.040893
3082.459713 0.044946
3084.669512 0.036318
3086.879311 0.028595
3089.089110 0.029305
3091.298910 0.043228
3093.508709 0.047799
3095.718508 0.060468
3097.928308 0.023350
3100.138107 0.024743
3102.347907 0.026968
3104.557706 0.032241
3106.767505 0.032010
3108.977304 0.049067
3111.187104 0.046032
3113.396903 0.024668
3115.606702 0.042960
3117.816502 0.024678
3120.026301 0.033165
3122.236101 0.023147
3124.445900 0.032438
3126.655699 0.053313
3128.865498 0.039458
3131.075298 0.049691
3133.285097 0.052130
3135.494896 0.021153
3137.704696 0.032981
3139.914495 0.018622
3142.124295 0.035691
3144.334094 0.034012
3146.543893 0.039993
3148.753693 0.044265
3150.963492 0.033713
3153.173291 0.031003
3155.383090 0.033758
3157.592890 0.029025
3159.802689 0.042876
3162.012489 0.037961
3164.222288 0.036061
3166.432087 0.029149
3168.641887 0.024535
3170.851686 0.049860
3173.061485 0.032292
3175.271284 0.026291
3177.481084 0.038411
3179.690883 0.035119
3181.900683 0.027734
3184.110482 0.024432
3186.320281 0.028579
3188.530081 0.029124
3190.739880 0.024862
3192.949679 0.047893
3195.159478 0.039758
3197.369278 0.037976
3199.579077 0.069064
3201.788877 0.039413
3203.998676 0.037505
3206.208476 0.068558
3208.418275 0.042506
3210.628074 0.031412
3212.837873 0.043602
3215.047672 0.035121
3217.257472 0.032921
3219.467271 0.037115
3221.677071 0.051178
3223.886870 0.043366
3226.096670 0.045066
3228.306469 0.041555
3230.516268 0.041976
3232.726068 0.045190
3234.935866 0.016105
3237.145666 0.026933
3239.355465 0.046760
3241.565265 0.046232
3243.775064 0.038796
3245.984864 0.013480
3248.194663 0.014850
3250.404462 0.031940
3252.614262 0.053416
3254.824061 0.056790
3257.033860 0.009411
3259.243659 0.043347
3261.453459 0.037239
3263.663258 0.043659
3265.873058 0.028555
3268.082857 0.026348
3270.292656 0.049478
3272.502456 0.036486
3274.712255 0.021126
3276.922054 0.029151
3279.131853 0.060183
3281.341653 0.026119
3283.551452 0.030511
3285.761252 0.046155
3287.971051 0.040530
3290.180850 0.035270
3292.390650 0.021489
3294.600449 0.034181
3296.810248 0.030150
3299.020047 0.033750
3301.229847 0.012434
3303.439646 0.044138
3305.649446 0.045330
3307.859245 0.033150
3310.069044 0.027764
3312.278844 0.051155
3314.488643 0.019771
3316.698443 0.021167
3318.908241 0.046362
3321.118041 0.047991
3323.327840 0.041491
3325.537640 0.041115
3327.747439 0.043129
3329.957238 0.028641
3332.167038 0.056325
3334.376837 0.042074
3336.586637 0.028526
3338.796435 0.025850
3341.006235 0.019802
3343.216034 0.040430
3345.425834 0.032929
3347.635633 0.028812
3349.845432 0.020764
3352.055232 0.025438
3354.265031 0.036474
3356.474831 0.044810
3358.684630 0.045022
3360.894429 0.028685
3363.104228 0.039625
3365.314028 0.030164
3367.523827 0.049130
3369.733626 0.005326
3371.943426 0.027895
3374.153225 0.032534
3376.363025 0.035446
3378.572824 0.037483
3380.782623 0.046166
3382.992422 0.043839
3385.202222 0.037536
3387.412021 0.027152
3389.621820 0.026868
3391.831620 0.039313
3394.041419 0.042344
3396.251219 0.021870
3398.461018 0.034279
3400.670817 0.034957
3402.880616 0.026218
3405.090416 0.029764
3407.300215 0.031779
3409.510014 0.040926
3411.719814 0.032775
3413.929613 0.044306
3416.139413 0.038939
3418.349212 0.046295
3420.559012 0.059413
3422.768811 0.028596
3424.978610 0.035256
3427.188409 0.048421
3429.398208 0.030690
3431.608008 0.038749
3433.817807 0.026652
3436.027607 0.031966
3438.237406 0.032310
3440.447206 0.029372
3442.657005 0.031798
3444.866804 0.038454
3447.076603 0.036210
3449.286402 0.037917
3451.496202 0.026864
3453.706001 0.027363
3455.915801 0.017067
3458.125600 0.034210
3460.335400 0.020824
3462.545199 0.062566
3464.754998 0.038581
3466.964797 0.037791
3469.174597 0.065572
3471.384396 0.042704
3473.594195 0.045375
3475.803995 0.027475
3478.013794 0.015006
3480.223594 0.025131
3482.433393 0.039583
3484.643192 0.028819
3486.852991 0.027444
3489.062791 0.029410
3491.272590 0.036587
3493.482389 0.043162
3495.692189 0.024034
3497.901988 0.025084
3500.111788 0.041267
3502.321587 0.032595
3504.531386 0.034359
3506.741186 0.039191
3508.950985 0.045127
3511.160784 0.030494
3513.370583 0.022874
3515.580383 0.037621
3517.790182 0.016145
3519.999982 0.039726
3522.209781 0.042060
3524.419580 0.006031
3526.629380 0.029515
3528.839179 0.048076
3531.048978 0.037104
3533.258777 0.031899
3535.468577 0.027982
3537.678376 0.040042
3539.888176 0.055414
3542.097975 0.046127
3544.307774 0.033113
3546.517574 0.039705
3548.727373 0.049982
3550.937172 0.044162
3553.146971 0.034308
3555.356771 0.024669
3557.566570 0.033351
3559.776370 0.030509
3561.986169 0.038572
3564.195968 0.042368
3566.405768 0.035510
3568.615567 0.041170
3570.825366 0.041404
3573.035165 0.029871
3575.244965 0.029593
3577.454764 0.041500
3579.664564 0.023274
3581.874363 0.028447
3584.084162 0.024526
3586.293962 0.035535
3588.503761 0.035440
3590.713561 0.041326
3592.923359 0.026254
3595.133159 0.033048
3597.342958 0.042255
3599.552758 0.032920
3601.762557 0.038019
3603.972356 0.036430
3606.182156 0.020642
3608.391955 0.040837
3610.601755 0.031496
3612.811553 0.037546
3615.021353 0.044193
3617.231152 0.045199
3619.440952 0.016830
3621.650751 0.037251
3623.860550 0.028628
3626.070350 0.048406
3628.280149 0.042494
3630.489949 0.031847
3632.699748 0.038774
3634.909547 0.035613
3637.119346 0.039898
3639.329146 0.023176
3641.538945 0.029955
3643.748744 0.039100
3645.958544 0.040994
3648.168343 0.043441
3650.378143 0.030477
3652.587942 0.050563
3654.797741 0.036271
3657.007540 0.041705
3659.217340 0.040791
3674.685936 0.067998
3676.895734 0.041696
3679.105534 0.027008
3681.315333 0.022015
3683.525133 0.049659
3685.734932 0.032091
3687.944731 0.023176
3690.154531 0.032358
3692.364330 0.030807
3694.574130 0.030947
3696.783928 0.043229
3698.993728 0.047447
3701.203527 0.039699
3703.413327 0.050940
3705.623126 0.022777
3707.832925 0.022478
3710.042725 0.029046
3712.252524 0.045051
3714.462324 0.031896
3716.672123 0.044990
3718.881922 0.060656
3721.091721 0.088674
3723.301521 0.101756
3725.511320 0.126556
3727.721119 0.090057
3729.930919 0.064803
3732.140718 0.064987
3734.350518 0.050922
3736.560317 0.051901
3738.770116 0.031483
3740.979915 0.021178
3743.189715 0.047839
3745.399514 0.038892
3747.609313 0.021252
3749.819113 0.024789
3752.028912 0.039031
3754.238712 0.042284
3756.448511 0.051310
3758.658310 0.041509
3760.868109 0.047816
3763.077909 0.061444
3765.287708 0.029244
3767.497507 0.012004
3769.707307 0.042080
3771.917106 0.049089
3774.126906 0.051906
3776.336705 0.033827
3778.546504 0.058030
3780.756304 0.047765
3782.966103 0.042223
3785.175902 0.055507
3787.385701 0.041620
3789.595501 0.025421
3791.805300 0.042703
3794.015100 0.039827
3796.224899 0.033879
3798.434698 0.048222
3800.644498 0.046855
3802.854297 0.054700
3805.064096 0.039905
3807.273895 0.049116
3809.483695 0.065374
3811.693494 0.043125
3813.903294 0.059690
3816.113093 0.070005
3818.322892 0.045008
3820.532692 0.050820
3822.742491 0.046626
3824.952290 0.046758
3827.162089 0.052578
3829.371889 0.032938
3831.581688 0.019275
3833.791488 0.020339
3836.001287 0.044211
3838.211086 0.044070
3840.420886 0.041532
3842.630685 0.029153
3844.840484 0.053049
3847.050283 0.065943
3849.260083 0.052614
3851.469882 0.044458
3853.679682 0.056945
3855.889481 0.039385
3858.099280 0.043869
3860.309080 0.048782
3862.518879 0.059935
3864.728679 0.058639
3866.938477 0.059217
3869.148277 0.050806
3871.358076 0.056899
3873.567876 0.055289
3875.777675 0.001390
3877.987475 0.031715
3880.197274 0.054996
3882.407073 0.063631
3884.616873 0.056443
3886.826671 0.018916
3889.036471 0.029321
3891.246270 0.065685
3893.456070 0.051837
3895.665869 0.058789
3897.875669 0.064222
3900.085468 0.048131
3902.295267 0.052987
3904.505067 0.045915
3906.714866 0.061962
3908.924665 0.065450
3911.134464 0.072246
3913.344264 0.045615
3915.554063 0.055468
3917.763863 0.064491
3919.973662 0.071372
3922.183461 0.049753
3924.393261 0.042270
3926.603060 0.053543
3928.812859 0.046628
3931.022658 0.035507
3933.232458 0.028013
3935.442257 0.049797
3937.652057 0.061117
3939.861856 0.050557
3942.071655 0.042018
3944.281455 0.044250
3946.491254 0.046927
3948.701054 0.054420
3950.910852 0.042822
3953.120652 0.054413
3955.330451 0.052472
3957.540251 0.055863
3959.750050 0.060304
3961.959849 0.053461
3964.169649 0.049000
3966.379448 0.038555
3968.589248 0.004798
3970.799046 0.020286
3973.008846 0.044913
3975.218645 0.045217
3977.428445 0.043037
3979.638244 0.051807
3981.848043 0.065953
3984.057843 0.056621
3986.267642 0.063246
3988.477442 0.048985
3990.687241 0.059573
3992.897040 0.059345
3995.106839 0.062819
3997.316639 0.049364
3999.526438 0.063926
4001.736237 0.077160
4003.946037 0.054153
4006.155836 0.052117
4008.365636 0.061872
4010.575435 0.051475
4012.785234 0.069945
4014.995033 0.042224
4017.204833 0.063438
4019.414632 0.043684
4021.624431 0.066037
4023.834231 0.061648
4026.044030 0.054328
4028.253830 0.081545
4030.463629 0.049040
4032.673428 0.080948
4034.883227 0.052530
4037.093027 0.062106
4039.302826 0.041574
4041.512625 0.052785
4043.722425 0.076560
4045.932224 0.059716
4048.142024 0.056512
4050.351823 0.056296
4052.561622 0.045617
4054.771422 0.040445
4056.981221 0.065192
4059.191020 0.059774
4061.400819 0.045686
4063.610619 0.057636
4065.820418 0.058391
4068.030218 0.054244
4070.240017 0.067381
4072.449817 0.065838
4074.659616 0.061300
4076.869415 0.065726
4079.079214 0.064166
4081.289013 0.053787
4083.498813 0.062996
4085.708612 0.049343
4087.918412 0.038191
4090.128211 0.059683
4092.338011 0.069515
4094.547810 0.060974
4096.757609 0.043227
4098.967408 0.056313
4101.177207 0.049884
4103.387007 0.033328
4105.596806 0.039440
4107.806606 0.032481
4110.016405 0.040065
4112.226205 0.057945
4114.436004 0.080973
4116.645803 0.053172
4118.855602 0.056950
4121.065402 0.061781
4123.275201 0.072729
4125.485000 0.063734
4127.694800 0.052772
4129.904599 0.043340
4132.114399 0.040238
4134.324198 0.048818
4136.533997 0.062962
4156.422191 0.074770
4158.631991 0.068596
4160.841790 0.051975
4163.051589 0.065592
4165.261388 0.066959
4167.471188 0.055032
4169.680987 0.048303
4171.890787 0.062751
4174.100586 0.046157
4176.310385 0.028260
4178.520185 0.051676
4180.729984 0.086804
4182.939783 0.060509
4185.149582 0.043628
4187.359382 0.066671
4189.569181 0.070231
4191.778981 0.059338
4193.988780 0.053530
4196.198579 0.054855
4198.408379 0.048646
4200.618178 0.060147
4202.827977 0.054270
4205.037776 0.053461
4207.247576 0.060480
4209.457375 0.057196
4211.667175 0.059977
4213.876974 0.061581
4216.086773 0.042633
4218.296573 0.049642
4220.506372 0.048018
4222.716172 0.042488
4224.925970 0.059525
4227.135770 0.062009
4229.345569 0.038804
4231.555369 0.066782
4233.765168 0.050662
4235.974967 0.059096
4238.184767 0.066265
4240.394566 0.053595
4242.604366 0.062852
4244.814164 0.055963
4247.023964 0.059573
4249.233763 0.066200
4251.443563 0.054069
4253.653362 0.060088
4255.863161 0.049250
4258.072961 0.047843
4260.282760 0.065927
4262.492560 0.046946
4264.702359 0.064679
4266.912158 0.059800
4269.121957 0.067878
4271.331757 0.080549
4273.541556 0.061745
4275.751355 0.048245
4277.961155 0.039736
4280.170954 0.062676
4282.380754 0.054354
4284.590553 0.065239
4286.800352 0.054844
4289.010151 0.045116
4291.219951 0.039410
4293.429750 0.053790
4295.639549 0.047278
4297.849349 0.049788
4300.059148 0.040978
4302.268948 0.060173
4304.478747 0.058102
4306.688547 0.047312
4308.898345 0.038745
4311.108145 0.043436
4313.317944 0.049332
4315.527744 0.053077
4317.737543 0.053580
4319.947342 0.033916
4322.157142 0.054320
4324.366941 0.045680
4326.576741 0.044664
4328.786539 0.048469
4330.996339 0.056697
4333.206138 0.067587
4335.415938 0.065663
4337.625737 0.056147
4339.835536 0.058408
4342.045336 0.044395
4344.255135 0.047200
4346.464935 0.054800
4348.674734 0.047806
4350.884533 0.056314
4353.094332 0.060362
4355.304132 0.049684
4357.513931 0.062610
4359.723730 0.063542
4361.933530 0.063251
4364.143329 0.062802
4366.353129 0.066508
4368.562928 0.052042
4370.772727 0.052605
4372.982526 0.069486
4375.192326 0.068113
4377.402125 0.049633
4379.611924 0.049780
4381.821724 0.039199
4384.031523 0.047664
4386.241323 0.063696
4388.451122 0.063376
4390.660921 0.055514
4392.870720 0.054185
4395.080520 0.064364
4397.290319 0.054715
4399.500118 0.061626
4401.709918 0.054399
4403.919717 0.062851
4406.129517 0.071725
4408.339316 0.062555
4410.549115 0.063191
4412.758915 0.063335
4414.968714 0.039982
4417.178513 0.045918
4419.388312 0.048199
4421.598112 0.055703
4423.807911 0.072230
4426.017711 0.071900
4428.227510 0.071366
4430.437309 0.054395
4432.647109 0.041829
4434.856908 0.053494
4437.066707 0.050533
4439.276506 0.051727
4441.486306 0.058224
4443.696105 0.063259
4445.905905 0.048606
4448.115704 0.058603
4450.325503 0.065280
4452.535303 0.067754
4454.745102 0.066811
4456.954901 0.046161
4459.164700 0.050009
4461.374500 0.068472
4463.584299 0.063661
4465.794099 0.055746
4468.003898 0.038740
4470.213697 0.056113
4472.423497 0.056735
4474.633296 0.066338
4476.843095 0.061374
4479.052894 0.074260
4481.262694 0.053078
4483.472493 0.047946
4485.682293 0.059135
4487.892092 0.038274
4490.101891 0.048635
4492.311691 0.049920
4494.521490 0.066899
4496.731290 0.050151
4498.941088 0.053758
4501.150888 0.068773
4503.360687 0.076245
4505.570487 0.075732
4507.780286 0.069500
4509.990085 0.032110
4512.199885 0.045695
4514.409684 0.069600
4516.619484 0.069249
4518.829282 0.046279
4521.039082 0.042209
4523.248881 0.052042
4525.458681 0.052959
4527.668480 0.058964
4529.878280 0.045151
4532.088079 0.034757
4534.297878 0.040013
4536.507678 0.037854
4538.717477 0.063958
4540.927276 0.062271
4543.137075 0.059580
4545.346875 0.071249
4547.556674 0.071157
4549.766474 0.072264
4551.976273 0.045168
4554.186072 0.044404
4556.395872 0.055723
4558.605671 0.058042
4560.815470 0.055869
4563.025269 0.060617
4565.235069 0.075885
4567.444868 0.055918
4569.654668 0.041639
4571.864467 0.068264
4574.074266 0.062472
4576.284066 0.041859
4578.493865 0.049646
4580.703665 0.058023
4582.913463 0.050293
4585.123263 0.063179
4587.333062 0.068467
4589.542862 0.064470
4591.752661 0.083910
4593.962460 0.060994
4596.172260 0.050832
4598.382059 0.061315
4600.591859 0.067146
4602.801657 0.077210
4605.011457 0.082570
4607.221256 0.056197
4609.431056 0.057880
4611.640855 0.066117
4613.850654 0.061237
4616.060454 0.038821
4618.270253 0.066166
4620.480053 0.074610
4622.689852 0.076071
4624.899651 0.080280
4627.109450 0.057947
4629.319250 0.055227
4631.529049 0.052719
4633.738848 0.057944
4635.948648 0.060477
4638.158447 0.056186
4640.368247 0.054901
4642.578046 0.048666
4644.787845 0.066184
4646.997644 0.068950
4649.207444 0.054098
4651.417243 0.053849
4653.627042 0.071752
4655.836842 0.060966
4658.046641 0.047524
4660.256441 0.067126
4662.466240 0.071952
4664.676039 0.075964
4666.885838 0.052898
4669.095638 0.050037
4671.305437 0.057778
4673.515236 0.062941
4675.725036 0.065672
4677.934835 0.052252
4680.144635 0.066526
4682.354434 0.056852
4684.564233 0.062131
4686.774032 0.068083
4688.983832 0.063155
4691.193631 0.064530
4693.403430 0.073046
4695.613230 0.058587
4697.823029 0.062213
4700.032829 0.059419
4702.242628 0.050705
4704.452427 0.045886
4706.662227 0.052725
4708.872026 0.061049
4711.081825 0.054362
4713.291624 0.058851
4715.501424 0.046297
4717.711223 0.044082
4719.921023 0.075803
4722.130822 0.080645
4724.340622 0.057959
4726.550421 0.050872
4728.760220 0.055240
4730.970019 0.051709
4733.179818 0.039404
4735.389618 0.062903
4737.599417 0.066530
4739.809217 0.046305
4742.019016 0.048754
4744.228816 0.052973
4746.438615 0.050287
4748.648414 0.060252
4750.858213 0.055446
4753.068012 0.054343
4755.277812 0.051086
4757.487611 0.077690
4759.697411 0.067171
4761.907210 0.056743
4764.117010 0.039228
4766.326809 0.050695
4768.536608 0.057099
4770.746408 0.066235
4772.956207 0.060182
4775.166006 0.048005
4777.375805 0.043882
4779.585605 0.052240
4781.795404 0.074745
4784.005204 0.070481
4786.215003 0.054286
4788.424802 0.053702
4790.634602 0.069423
4792.844401 0.036064
4795.054200 0.056055
4797.263999 0.060350
4799.473799 0.048796
4801.683598 0.055862
4803.893398 0.070544
4806.103197 0.062595
4808.312996 0.055067
4810.522796 0.070669
4812.732595 0.070817
4814.942394 0.057816
4817.152193 0.058235
4819.361993 0.041670
4821.571792 0.051912
4823.781592 0.068168
4825.991391 0.040966
4828.201190 0.037675
4830.410990 0.037370
4832.620789 0.037642
4834.830588 0.060440
4837.040387 0.083020
4839.250187 0.049142
4841.459986 0.046676
4843.669786 0.050461
4845.879585 0.046631
4848.089384 0.024755
4850.299184 0.040727
4852.508983 0.058787
4854.718783 0.067913
4856.928581 0.073640
4859.138381 0.068436
4861.348180 0.080522
4863.557980 0.072004
4865.767779 0.035084
4867.977578 0.050836
4870.187378 0.073274
4872.397177 0.050810
4874.606977 0.068681
4876.816775 0.066504
4879.026575 0.051910
4881.236374 0.054298
4883.446174 0.063305
4885.655973 0.057208
4887.865772 0.060948
4890.075572 0.057813
4892.285371 0.036341
4894.495171 0.071098
4896.704970 0.044835
4898.914769 0.055622
4901.124568 0.067708
4903.334368 0.048124
4905.544167 0.038006
4907.753966 0.073801
4909.963766 0.069947
4912.173565 0.068206
4914.383365 0.059246
4916.593164 0.044974
4918.802963 0.070447
4921.012762 0.065047
4923.222562 0.045399
4925.432361 0.048373
4927.642160 0.060357
4929.851960 0.055235
4932.061759 0.039568
4934.271559 0.043996
4936.481358 0.050171
4938.691158 0.056292
4940.900956 0.051089
4943.110756 0.070742
4945.320555 0.070132
4947.530354 0.090118
4949.740154 0.050778
4951.949953 0.064375
4954.159753 0.078539
4956.369552 0.049416
4958.579352 0.061063
4960.789150 0.054577
4962.998950 0.053103
4965.208749 0.071831
4967.418549 0.063128
4969.628348 0.047324
4971.838147 0.044499
4974.047947 0.039070
4976.257746 0.049125
4978.467546 0.056070
4980.677345 0.048062
4982.887144 0.063649
4985.096943 0.064346
4987.306743 0.058100
4989.516542 0.053784
4991.726341 0.053180
4993.936141 0.038580
4996.145940 0.035276
4998.355740 0.037382
5000.565539 0.050694
5002.775338 0.095667
5004.985137 0.074856
5007.194937 0.055475
5009.404736 0.082101
5011.614535 0.079833
5013.824335 0.042267
5016.034134 0.034350
5018.243934 0.030295
5020.453733 0.039024
5022.663532 0.058477
5024.873331 0.052235
5027.083131 0.051702
5029.292930 0.060346
5031.502729 0.060615
5033.712529 0.043727
5035.922328 0.058215
5038.132128 0.080631
5040.341927 0.066609
5042.551726 0.038366
5044.761526 0.047143
5046.971325 0.048320
5049.181124 0.047041
5051.390923 0.063351
5053.600723 0.059026
5055.810522 0.036014
5058.020322 0.037036
5060.230121 0.043638
5062.439920 0.062651
5064.649720 0.042019
5066.859519 0.058177
5069.069318 0.061097
5071.279117 0.053774
5073.488917 0.030788
5075.698716 0.040746
5077.908516 0.014273
5080.118315 0.017864
5082.328114 0.058476
5084.537914 0.047778
5086.747713 0.061887
5088.957512 0.054591
5091.167311 0.052883
5093.377111 0.067050
5095.586910 0.068345
5097.796710 0.032684
5100.006509 0.018947
5102.216308 0.057048
5104.426108 0.066545
5106.635907 0.056915
5108.845706 0.049606
5111.055505 0.043955
5113.265305 0.041079
5115.475104 0.051998
5117.684904 0.061999
5119.894703 0.066359
5122.104502 0.059190
5124.314302 0.082945
5126.524101 0.059734
5128.733901 0.037561
5130.943699 0.036816
5133.153499 0.055813
5135.363298 0.062774
5137.573098 0.055366
5139.782897 0.062456
5141.992696 0.045358
5144.202496 0.039444
5146.412295 0.033484
5148.622095 0.035044
5150.831893 0.051317
5153.041693 0.057259
5155.251492 0.049560
5157.461292 0.037890
5159.671091 0.070441
5161.880890 0.063496
5164.090690 0.056160
5166.300489 0.018358
5168.510289 0.005433
5170.720088 0.019734
5172.929887 0.039111
5175.139686 0.035593
5177.349486 0.051339
5179.559285 0.024095
5181.769085 0.039298
5183.978884 0.066501
5186.188683 0.048710
5188.398483 0.029794
5190.608282 0.025301
5192.818081 0.027535
5195.027880 0.058265
5197.237680 0.052480
5199.447479 0.029645
5201.657279 0.041488
5203.867078 0.083526
5206.076877 0.070573
5208.286677 0.068886
5210.496476 0.038301
5212.706276 0.080716
5214.916074 0.083001
5217.125874 0.047895
5219.335673 0.077261
5221.545473 0.049067
5223.755272 0.056621
5225.965071 0.053757
5228.174871 0.063161
5230.384670 0.060684
5232.594470 0.068083
5234.804268 0.093588
5237.014068 0.052253
5239.223867 0.047843
5241.433667 0.038065
5243.643466 0.056147
5245.853265 0.060612
5248.063065 0.062761
5250.272864 0.050012
5252.482664 0.069159
5254.692463 0.063481
5256.902262 0.047712
5259.112061 0.032323
5261.321861 0.019020
5263.531660 0.052318
5265.741459 0.057876
5267.951259 0.049389
5270.161058 0.058929
5272.370858 0.059646
5274.580657 0.056284
5276.790456 0.015353
5279.000255 0.052450
5281.210055 0.066095
5283.419854 0.059266
5285.629653 0.061575
5287.839453 0.066508
5290.049252 0.033930
5292.259052 0.046840
5294.468851 0.045337
5296.678650 0.053161
5298.888449 0.042871
5301.098249 0.042545
5303.308048 0.029094
5305.517847 0.024343
5307.727647 0.057287
5309.937446 0.058942
5312.147246 0.057068
5314.357045 0.034974
5316.566844 0.055881
5318.776643 0.066056
5320.986443 0.042647
5323.196242 0.028876
5325.406041 0.062361
5327.615841 0.049498
5329.825640 0.036678
5332.035440 0.046074
5334.245239 0.050013
5336.455038 0.032730
5338.664838 0.052073
5340.874637 0.053140
5343.084436 0.066359
5345.294235 0.058937
5347.504035 0.035998
5349.713834 0.044666
5351.923634 0.038682
5354.133433 0.058196
5356.343232 0.075576
5358.553032 0.050299
5360.762831 0.051079
5362.972630 0.036213
5365.182429 0.032262
5367.392229 0.038727
5369.602028 0.036737
5371.811828 0.048866
5374.021627 0.047711
5376.231427 0.052628
5378.441226 0.046087
5380.651025 0.056093
5382.860824 0.048963
5385.070623 0.055163
5387.280423 0.037829
5389.490222 0.033275
5391.700022 0.031068
5393.909821 0.050408
5396.119621 0.040058
5398.329420 0.069153
5400.539219 0.058119
5402.749019 0.043544
5404.958817 0.053600
5407.168617 0.050314
5409.378416 0.031923
5411.588216 0.032546
5413.798015 0.047089
5416.007815 0.051141
5418.217614 0.043718
5420.427413 0.054597
5422.637213 0.064367
5424.847012 0.073964
5427.056811 0.057923
5429.266610 0.043837
5431.476410 0.064381
5433.686209 0.058846
5435.896009 0.073542
5438.105808 0.072313
5440.315607 0.083690
5442.525407 0.084471
5444.735206 0.062293
5446.945005 0.060963
5449.154804 0.050867
5451.364604 0.031099
5453.574403 0.078626
5455.784203 0.085294
5457.994002 0.043535
5460.203801 0.071111
5462.413601 0.052834
5464.623400 0.035803
5466.833199 0.043177
5469.042998 0.027956
5471.252798 0.051920
5473.462597 0.038671
5475.672397 0.052473
5477.882196 0.065195
5480.091995 0.049111
5482.301795 0.063539
5484.511594 0.076564
5486.721394 0.009203
5488.931192 0.057113
5491.140992 0.024063
5493.350791 0.012737
5495.560591 0.070101
5497.770390 0.003636
5499.980189 0.043249
5502.189989 0.049324
5504.399788 0.042948
5506.609588 0.028216
5508.819386 0.054436
5511.029186 0.032548
5513.238985 0.049830
5515.448785 0.019713
5517.658584 0.056611
5519.868383 0.101109
5522.078183 0.076998
5524.287982 0.069516
5526.497782 0.032488
5528.707581 0.030405
5530.917380 0.053836
5533.127179 0.018777
5535.336979 0.054092
5537.546778 0.048090
5539.756577 0.064454
5541.966377 0.078649
5544.176176 0.060002
5546.385976 0.053137
5548.595775 0.061017
5550.805574 0.016559
5553.015373 0.049097
5555.225173 0.055798
5557.434972 0.063901
5559.644771 0.049755
5561.854571 0.079702
5564.064370 0.067325
5566.274170 0.069926
5568.483969 0.056081
5570.693768 0.042248
5572.903567 0.035657
5575.113367 0.038221
5577.323166 0.046099
5579.532965 0.048395
5581.742765 0.049112
5583.952564 0.033313
5586.162364 0.034722
5588.372163 0.072249
5590.581963 0.081478
5592.791761 0.052051
5595.001561 0.069247
5597.211360 0.012794
5599.421159 0.027284
5601.630959 0.049749
5603.840758 0.029125
5606.050558 0.057061
5608.260357 0.063813
5610.470157 0.064744
5612.679956 0.051837
5614.889755 0.048899
5617.099554 0.034294
5619.309354 0.036365
5621.519153 0.063113
5623.728952 0.048146
5625.938752 0.052297
5628.148551 0.032708
5630.358351 0.040403
5632.568150 0.047905
5634.777949 0.050935
5636.987748 0.050871
5639.197548 0.046271
5641.407347 0.045235
5643.617146 0.068385
5645.826946 0.046093
5648.036745 0.046799
5650.246545 0.054482
5652.456344 0.045694
5654.666143 0.021279
5656.875942 0.053827
5659.085742 0.066519
5661.295541 0.056620
5663.505340 0.073629
5665.715140 0.053374
5667.924939 0.046352
5670.134739 0.023355
5672.344538 0.055198
5674.554337 0.074064
5676.764137 0.051999
5678.973936 0.009726
5681.183735 0.052130
5683.393534 0.082184
5685.603334 0.059896
5687.813133 0.027684
5690.022933 0.061563
5692.232732 0.109483
5694.442531 0.096358
5696.652331 0.003090
5698.862130 0.012565
5701.071929 0.080086
5703.281728 0.035120
5705.491528 0.009968
5707.701327 0.019386
5709.911127 0.029807
5712.120926 0.006711
5714.330725 -0.000141
5716.540525 0.043800
5718.750324 0.073365
5720.960123 0.040195
5723.169922 0.050627
5725.379722 0.031603
5727.589521 0.046321
5729.799321 0.032068
5732.009120 0.044266
5734.218919 0.046830
5736.428719 0.041791
5738.638518 0.031157
5740.848317 0.062781
5743.058116 0.078415
5745.267916 0.059590
5747.477715 0.050365
5749.687515 0.046474
5751.897314 0.065402
5754.107113 0.048839
5756.316913 0.062533
5758.526712 0.048467
5760.736512 0.077348
5762.946310 0.090891
5765.156110 0.092118
5767.365909 0.070517
5769.575709 0.095509
5771.785508 0.058247
5773.995307 0.053098
5776.205107 0.030788
5778.414906 0.033249
5780.624706 0.042296
5782.834504 0.061224
5785.044304 0.041148
5787.254103 0.035349
5789.463903 0.034016
5791.673702 0.039570
5793.883501 0.052840
5796.093301 0.052186
5798.303100 0.040040
5800.512900 0.200510
5802.722699 0.247415
5804.932498 0.076553
5807.142297 0.010004
5809.352097 -0.003531
5811.561896 0.016774
5813.771695 0.077991
5815.981495 0.059594
5818.191294 0.036069
5820.401094 0.056233
5822.610893 0.045650
5824.820692 0.032392
5827.030491 0.080249
5829.240291 0.056807
5831.450090 0.041865
5833.659890 0.042170
5835.869689 0.031075
5838.079488 0.041188
5840.289288 0.109532
5842.499087 0.069710
5844.708887 0.039045
5846.918685 -0.029195
5849.128485 -0.002677
5851.338284 0.015740
5853.548084 0.081941
5855.757883 0.040142
5857.967682 0.056727
5860.177482 0.081275
5862.387281 0.042851
5864.597081 0.080370
5866.806879 0.001448
5869.016679 -0.014625
5871.226478 0.030777
5873.436278 0.072331
5875.646077 0.031045
5877.855876 0.076230
5880.065676 0.097659
5882.275475 0.046338
5884.485275 0.059701
5886.695074 0.072062
5888.904873 0.101314
5891.114672 0.088354
5893.324472 -0.035385
5895.534271 -0.016720
5897.744070 0.002562
5899.953870 0.051496
5902.163669 0.061508
5904.373469 0.049318
5906.583268 0.038776
5908.793067 0.055100
5911.002866 0.043153
5913.212666 0.060600
5915.422465 0.055187
5917.632264 0.003336
5919.842064 0.057105
5922.051863 0.092253
5924.261663 0.070801
5926.471462 0.038024
5928.681261 0.042915
5930.891060 0.050034
5933.100860 0.058330
5935.310659 0.053387
5937.520458 0.039320
5939.730258 0.011613
5941.940057 0.035804
5944.149857 0.021731
5946.359656 0.015697
5948.569455 0.051194
5950.779254 0.053480
5952.989054 0.039254
5955.198853 0.009877
5957.408652 0.016421
5959.618452 0.046648
5961.828251 0.043537
5964.038051 0.055191
5966.247850 0.046822
5968.457649 0.026572
5970.667449 0.031314
5972.877248 0.044029
5975.087047 0.046831
5977.296846 0.058519
5979.506646 0.063589
5981.716445 0.066953
5983.926245 0.031928
5986.136044 -0.000385
5988.345843 0.000591
5990.555643 0.073772
5992.765442 0.059445
5994.975241 0.057166
5997.185040 0.076190
5999.394840 0.048946
6001.604639 0.063685
6003.814439 0.056893
6006.024238 0.052820
6008.234037 0.053225
6010.443837 0.051856
6012.653636 0.058667
6014.863435 0.057740
6017.073234 0.054666
6019.283034 0.064445
6021.492833 0.051999
6023.702633 0.039473
6025.912432 0.041258
6028.122232 0.060104
6030.332031 0.076384
6032.541830 0.048926
6034.751630 0.046894
6036.961428 0.041108
6039.171228 0.065858
6041.381027 0.027020
6043.590827 0.028280
6045.800626 0.039405
6048.010426 0.054254
6050.220225 0.045236
6052.430024 0.034563
6054.639824 0.034479
6056.849622 0.049937
6059.059422 0.073510
6061.269221 0.052914
6063.479021 0.022533
6065.688820 0.051037
6067.898620 0.036150
6070.108419 0.035214
6072.318218 0.054049
6074.528018 0.055738
6076.737817 0.042008
6078.947616 0.040854
6081.157415 0.067600
6083.367215 0.050731
