2367.840925 0.010591
2369.602836 0.024562
2371.364747 0.017195
2373.126658 0.004106
2374.888570 0.040158
2376.650481 0.012509
2378.412392 0.015825
2380.174303 -0.019173
2381.936215 0.014037
2383.698126 0.036172
2385.460037 0.027164
2387.221948 0.027187
2388.983860 0.022750
2390.745771 -0.011478
2392.507682 0.005365
2394.269593 0.043925
2396.031505 0.045613
2397.793416 0.030877
2399.555327 0.025910
2401.317238 0.032976
2403.079150 0.019224
2404.841061 0.025147
2406.602972 0.022114
2408.364883 0.010874
2410.126795 0.010684
2411.888706 0.020919
2413.650617 0.003504
2415.412528 0.022878
2417.174440 0.039734
2418.936351 0.038354
2420.698262 0.018423
2422.460173 0.019460
2424.222085 0.036964
2425.983996 0.018032
2427.745907 0.028961
2429.507818 0.037526
2431.269730 0.048745
2433.031641 0.041199
2434.793552 0.035736
2436.555463 0.026905
2438.317375 0.023355
2440.079286 0.032332
2441.841197 0.014621
2443.603109 0.031695
2445.365020 0.023411
2447.126931 0.013357
2448.888842 0.020007
2450.650754 0.023824
2452.412665 0.033561
2454.174576 0.022839
2455.936487 0.027887
2457.698399 0.004881
2459.460310 0.038507
2461.222221 0.049164
2462.984132 0.033797
2464.746044 0.032775
2466.507955 0.023456
2468.269866 0.034775
2470.031777 0.033609
2471.793689 0.023102
2473.555600 0.036931
2475.317511 0.040593
2477.079422 0.027626
2478.841334 0.028471
2480.603245 0.017425
2482.365156 0.018117
2484.127067 0.016959
2485.888979 0.045955
2487.650890 0.036612
2489.412801 0.027487
2491.174712 0.015063
2492.936624 0.028165
2494.698535 0.037178
2496.460446 0.035482
2498.222357 0.016204
2499.984269 0.028809
2501.746180 0.007455
2503.508091 0.008406
2505.270002 0.017714
2507.031914 0.021490
2508.793825 0.009340
2510.555736 0.014341
2512.317647 0.021498
2514.079559 0.028289
2515.841470 0.023246
2517.603381 0.024487
2519.365292 0.032991
2521.127204 0.031484
2522.889115 0.026079
2524.651026 0.030712
2526.412937 0.031483
2528.174849 0.018054
2529.936760 0.038571
2531.698671 0.036107
2533.460582 0.037948
2535.222494 0.024416
2536.984405 0.011817
2538.746316 0.026402
2540.508227 0.033428
2542.270139 0.030300
2544.032050 0.030777
2545.793961 0.022694
2547.555873 0.010536
2549.317784 0.038552
2551.079695 0.037284
2552.841606 0.008098
2554.603518 0.012360
2556.365429 0.022633
2558.127340 0.026401
2559.889251 0.024657
2561.651163 0.031061
2563.413074 0.030206
2565.174985 0.041792
2566.936896 0.046164
2568.698808 0.040174
2570.460719 0.044144
2572.222630 0.040586
2573.984541 0.021406
2575.746453 0.039458
2577.508364 0.025634
2579.270275 0.020591
2581.032186 0.022287
2582.794098 0.014518
2584.556009 0.010002
2586.317920 0.007101
2588.079831 0.020728
2589.841743 0.027680
2591.603654 0.005960
2593.365565 0.029081
2595.127476 0.011778
2596.889388 0.019027
2598.651299 0.013522
2600.413210 0.025603
2602.175121 0.025127
2603.937033 0.026923
2605.698944 0.022713
2607.460855 0.023421
2609.222766 0.029597
2610.984678 0.023735
2612.746589 0.022645
2614.508500 0.013422
2616.270411 0.021505
2618.032323 0.043809
2619.794234 0.020076
2621.556145 0.029252
2623.318056 0.043836
2625.079968 0.039178
2626.841879 0.037710
2628.603790 0.039579
2630.365701 0.047355
2632.127613 0.022597
2633.889524 0.049972
2635.651435 0.043533
2637.413346 0.042876
2639.175258 0.032231
2640.937169 0.039352
2642.699080 0.033800
2644.460991 0.036162
2646.222903 0.033927
2647.984814 0.035536
2649.746725 0.036142
2651.508637 0.022970
2653.270548 0.029385
2655.032459 0.038786
2656.794370 0.022640
2658.556282 0.038637
2660.318193 0.032629
2662.080104 0.020572
2663.842015 0.049549
2665.603927 0.044189
2667.365838 0.048977
2669.127749 0.044159
2670.889660 0.025089
2672.651572 0.038716
2674.413483 0.044821
2676.175394 0.021728
2677.937305 0.019178
2679.699217 0.020458
2681.461128 0.021190
2683.223039 0.038110
2684.984950 0.045367
2686.746862 0.038116
2688.508773 0.031551
2690.270684 0.009459
2692.032595 0.026237
2693.794507 0.029600
2695.556418 0.019587
2697.318329 0.016938
2699.080240 0.038652
2700.842152 0.045170
2702.604063 0.024110
2704.365974 0.038434
2706.127885 0.034611
2707.889797 0.034700
2709.651708 0.036075
2711.413619 0.018314
2713.175530 0.026990
2714.937442 0.047301
2716.699353 0.030467
2718.461264 0.037569
2720.223175 0.043998
2721.985087 0.035485
2723.746998 0.023805
2725.508909 0.032729
2727.270820 0.043392
2729.032732 0.030988
2730.794643 0.028509
2732.556554 0.033053
2734.318465 0.027897
2736.080377 0.041210
2737.842288 0.038584
2739.604199 0.032573
2741.366110 0.043083
2743.128022 0.044911
2744.889933 0.034808
2746.651844 0.017454
2748.413755 0.039185
2750.175667 0.034789
2751.937578 0.020623
2753.699489 0.029375
2755.461401 0.019804
2757.223312 0.042918
2758.985223 0.043201
2760.747134 0.039220
2762.509046 0.039079
2764.270957 0.037517
2766.032868 0.034829
2767.794779 0.047251
2769.556691 0.040561
2771.318602 0.027549
2773.080513 0.031536
2774.842424 0.026744
2776.604336 0.023068
2778.366247 0.022713
2780.128158 0.034601
2781.890069 0.033973
2783.651981 0.025057
2785.413892 0.042781
2787.175803 0.028312
2788.937714 0.031233
2790.699626 0.032432
2792.461537 0.007231
2794.223448 -0.003633
2795.985359 0.002364
2797.747271 0.023219
2799.509182 0.004076
2801.271093 0.005619
2803.033004 0.028253
2804.794916 0.032593
2806.556827 0.028403
2808.318738 0.034542
2810.080649 0.039675
2811.842561 0.044501
2813.604472 0.048812
2815.366383 0.029649
2817.128294 0.031812
2818.890206 0.036777
2820.652117 0.028031
2822.414028 0.045544
2824.175939 0.036555
2825.937851 0.047854
2827.699762 0.031002
2829.461673 0.034663
2831.223584 0.017865
2832.985496 0.041222
2834.747407 0.033671
2836.509318 0.034068
2838.271229 0.034752
2840.033141 0.044034
2841.795052 0.039858
2843.556963 0.037480
2845.318874 0.025835
2847.080786 0.024287
2848.842697 0.035455
2850.604608 0.039664
2852.366519 0.035173
2854.128431 0.040413
2855.890342 0.047777
2857.652253 0.020977
2859.414165 0.034084
2861.176076 0.041505
2862.937987 0.037771
2864.699898 0.037302
2866.461810 0.037956
2868.223721 0.042837
2869.985632 0.019532
2871.747543 0.021684
2873.509455 0.026566
2875.271366 0.032763
2877.033277 0.018174
2878.795188 0.017328
2880.557100 0.023350
2882.319011 0.049379
2884.080922 0.028783
2885.842833 0.036092
2887.604745 0.036352
2889.366656 0.039166
2891.128567 0.034967
2892.890478 0.025025
2894.652390 0.043165
2896.414301 0.018150
2898.176212 0.026153
2899.938123 0.041743
2901.700035 0.031767
2903.461946 0.023688
2905.223857 0.032986
2906.985768 0.041017
2908.747680 0.033622
2910.509591 0.043850
2912.271502 0.040478
2933.414437 0.035290
2935.176348 0.036069
2936.938260 0.048434
2938.700171 0.035059
2940.462082 0.051635
2942.223993 0.019325
2943.985905 0.035206
2945.747816 0.029672
2947.509727 0.033991
2949.271638 0.029556
2951.033550 0.029747
2952.795461 0.028616
2954.557372 0.025195
2956.319283 0.041562
2958.081195 0.047767
2959.843106 0.035398
2961.605017 0.031332
2963.366929 0.034441
2965.128840 0.034784
2966.890751 0.032257
2968.652662 0.032173
2970.414574 0.033725
2972.176485 0.030815
2973.938396 0.036211
2975.700307 0.027502
2977.462219 0.024374
2979.224130 0.041297
2980.986041 0.032616
2982.747952 0.022780
2984.509864 0.041395
2986.271775 0.032131
2988.033686 0.027827
2989.795597 0.023645
2991.557509 0.023941
2993.319420 0.037349
2995.081331 0.028965
2996.843242 0.018029
2998.605154 0.037124
3000.367065 0.031403
3002.128976 0.042884
3003.890887 0.036296
3005.652799 0.014689
3007.414710 0.023834
3009.176621 0.032958
3010.938532 0.033868
3012.700444 0.043262
3014.462355 0.036240
3016.224266 0.029075
3017.986177 0.032155
3019.748089 0.035928
3021.510000 0.044732
3023.271911 0.046491
3025.033822 0.035540
3026.795734 0.016166
3028.557645 0.023136
3030.319556 0.028906
3032.081467 0.042459
3033.843379 0.039573
3035.605290 0.019173
3037.367201 0.025596
3039.129112 0.030475
3040.891024 0.029387
3042.652935 0.038440
3044.414846 0.034037
3046.176757 0.033955
3047.938669 0.060338
3049.700580 0.052168
3051.462491 0.035094
3053.224402 0.025581
3054.986314 0.025624
3056.748225 0.045617
3058.510136 0.032806
3060.272047 0.030131
3062.033959 0.041368
3063.795870 0.040301
3065.557781 0.031858
3067.319693 0.009949
3069.081604 0.032696
3070.843515 0.023367
3072.605426 0.026583
3074.367338 0.034888
3076.129249 0.036726
3077.891160 0.035471
3079.653071 0.038727
3081.414983 0.046170
3083.176894 0.046120
3084.938805 0.056711
3086.700716 0.016615
3088.462628 0.046961
3090.224539 0.054786
3091.986450 0.033191
3093.748361 0.013515
3095.510273 0.007836
3097.272184 0.042434
3099.034095 0.016024
3100.796006 0.033977
3102.557918 0.031996
3104.319829 0.051159
3106.081740 0.029666
3107.843651 0.047898
3109.605563 0.024645
3111.367474 0.012780
3113.129385 0.045648
3114.891296 0.022138
3116.653208 0.027367
3118.415119 0.032171
3120.177030 0.033404
3121.938941 0.034683
3123.700853 0.046239
3125.462764 0.045167
3127.224675 0.021347
3128.986586 0.032051
3130.748498 0.037040
3132.510409 0.026932
3134.272320 0.037964
3136.034231 0.041234
3137.796143 0.041985
3139.558054 0.035906
3141.319965 0.031373
3143.081876 0.031980
3144.843788 0.047755
3146.605699 0.049045
3148.367610 0.022809
3150.129521 0.029875
3151.891433 0.041277
3153.653344 0.050955
3155.415255 0.032562
3157.177166 0.040106
3158.939078 0.033540
3160.700989 0.033146
3162.462900 0.036885
3164.224811 0.027124
3165.986723 0.027307
3167.748634 0.030383
3169.510545 0.035167
3171.272457 0.050981
3173.034368 0.046530
3174.796279 0.038969
3176.558190 0.032849
3178.320102 0.034268
3180.082013 0.030658
3181.843924 0.034915
3183.605835 0.032819
3185.367747 0.033153
3187.129658 0.043949
3188.891569 0.049260
3190.653480 0.023965
3192.415392 0.047604
3194.177303 0.034667
3195.939214 0.038512
3197.701125 0.033996
3199.463037 0.046387
3201.224948 0.028945
3202.986859 0.029540
3204.748770 0.026287
3206.510682 0.028292
3208.272593 0.038615
3210.034504 0.032915
3211.796415 0.052475
3213.558327 0.024904
3215.320238 0.048222
3217.082149 0.044513
3218.844060 0.022295
3220.605972 0.030296
3222.367883 0.038015
3224.129794 0.033770
3225.891705 0.038148
3227.653617 0.031863
3229.415528 0.037499
3231.177439 0.039423
3232.939350 0.038899
3234.701262 0.042319
3236.463173 0.038074
3238.225084 0.034524
3239.986995 0.038187
3241.748907 0.024933
3243.510818 0.037794
3245.272729 0.045516
3247.034640 0.029851
3248.796552 0.037984
3250.558463 0.037210
3252.320374 0.037868
3254.082285 0.014728
3255.844197 0.025699
3257.606108 0.035259
3259.368019 0.043834
3261.129930 0.035565
3262.891842 0.033117
3264.653753 0.044037
3266.415664 0.050553
3268.177575 0.036907
3269.939487 0.044147
3271.701398 0.039135
3273.463309 0.038356
3275.225221 0.045635
3276.987132 0.028547
3278.749043 0.033984
3280.510954 0.024293
3282.272866 0.046726
3284.034777 0.038995
3285.796688 0.042118
3287.558599 0.037765
3289.320511 0.032308
3291.082422 0.040462
3292.844333 0.043751
3294.606244 0.041379
3296.368156 0.039413
3298.130067 0.043689
3299.891978 0.079627
3301.653889 0.061158
3303.415801 0.034325
3305.177712 0.009072
3306.939623 -0.040286
3308.701534 0.003206
3310.463446 0.033341
3312.225357 0.043804
3313.987268 0.040374
3315.749179 0.024868
3317.511091 0.032865
3319.273002 0.046769
3321.034913 0.032841
3322.796824 0.037033
3324.558736 0.042942
3326.320647 0.027229
3328.082558 0.039393
3329.844469 0.049272
3331.606381 0.040067
3333.368292 0.041124
3335.130203 0.035859
3336.892114 0.023637
3338.654026 0.039534
3340.415937 0.037637
3342.177848 0.029976
3343.939759 0.023085
3345.701671 0.037483
3347.463582 0.037024
3349.225493 0.028063
3350.987404 0.029366
3352.749316 0.030569
3354.511227 0.035799
3356.273138 0.027374
3358.035049 0.043802
3359.796961 0.032416
3361.558872 0.033021
3363.320783 0.045618
3365.082694 0.049918
3366.844606 0.045787
3368.606517 0.030316
3370.368428 0.038459
3372.130339 0.031158
3373.892251 0.030235
3375.654162 0.050585
3377.416073 0.046562
3379.177984 0.040245
3380.939896 0.045110
3382.701807 0.039125
3384.463718 0.058886
3386.225630 0.042403
3387.987541 0.056608
3389.749452 0.049609
3391.511363 0.031981
3393.273275 0.029036
3395.035186 0.042400
3396.797097 0.031926
3398.559008 0.030925
3400.320920 0.047226
3402.082831 0.054674
3403.844742 0.045685
3405.606653 0.036104
3407.368565 0.039460
3409.130476 0.041044
3410.892387 0.031374
3412.654298 0.027468
3414.416210 0.050231
3416.178121 0.049976
3417.940032 0.036911
3419.701943 0.041674
3421.463855 0.045067
3423.225766 0.036524
3424.987677 0.026022
3426.749588 0.028663
3428.511500 0.037875
3430.273411 0.043359
3432.035322 0.045809
3433.797233 0.020508
3435.559145 0.041909
3437.321056 0.031716
3439.082967 0.044859
3440.844878 0.043193
3442.606790 0.028302
3444.368701 0.024829
3446.130612 0.022688
3447.892523 0.042929
3449.654435 0.051178
3451.416346 0.031725
3453.178257 0.047149
3454.940168 0.030798
3456.702080 0.045034
3458.463991 0.053019
3460.225902 0.032831
3461.987813 0.044246
3463.749725 0.011079
3465.511636 0.044795
3467.273547 0.032995
3469.035458 0.030733
3470.797370 0.044686
3472.559281 0.026803
3474.321192 0.048791
3476.083103 0.029011
3477.845015 0.016888
3479.606926 0.025249
3481.368837 0.027120
3483.130748 0.029543
3484.892660 0.044123
3486.654571 0.029304
3488.416482 0.036725
3490.178394 0.044023
3491.940305 0.052988
3493.702216 0.043308
3495.464127 0.034475
3497.226039 0.028691
3498.987950 0.037261
3500.749861 0.049625
3502.511772 0.046195
3504.273684 0.048628
3506.035595 0.030771
3507.797506 0.041393
3509.559417 0.047304
3511.321329 0.029210
3513.083240 0.013678
3514.845151 0.033671
3516.607062 0.045228
3518.368974 0.030747
3520.130885 0.036525
3521.892796 0.045877
3523.654707 0.044940
3525.416619 0.039338
3527.178530 0.033315
3528.940441 0.042161
3530.702352 0.039558
3532.464264 0.041695
3534.226175 0.040887
3535.988086 0.043789
3537.749997 0.055499
3539.511909 0.026771
3541.273820 0.054835
3543.035731 0.050427
3544.797642 0.036221
3546.559554 0.049220
3548.321465 0.030992
3550.083376 0.033320
3551.845287 0.041306
3553.607199 0.051675
3555.369110 0.036739
3557.131021 0.033835
3558.892932 0.047255
3560.654844 0.038911
3562.416755 0.041358
3564.178666 0.042256
3565.940577 0.022789
3567.702489 0.028296
3569.464400 0.033392
3571.226311 0.029127
3572.988222 0.032982
3574.750134 0.049993
3576.512045 0.062136
3578.273956 0.058242
3580.035867 0.047392
3581.797779 0.027989
3583.559690 0.042764
3585.321601 0.033887
3587.083512 0.012619
3588.845424 0.039437
3590.607335 0.028071
3592.369246 0.036320
3594.131158 0.059415
3595.893069 0.046772
3597.654980 0.045723
3599.416891 0.046697
3601.178803 -0.001258
3602.940714 0.019787
3604.702625 0.033149
3606.464536 0.025422
3608.226448 0.027096
3609.988359 0.037230
3611.750270 0.047284
3613.512181 0.045537
3615.274093 0.031492
3617.036004 0.035720
3618.797915 0.041387
3620.559826 0.038516
3622.321738 0.038030
3624.083649 0.041536
3625.845560 0.047925
3627.607471 0.036934
3629.369383 0.025696
3631.131294 0.028379
3632.893205 0.058971
3634.655116 0.041191
3636.417028 0.036576
3638.178939 0.042403
3639.940850 0.051807
3641.702761 0.028571
3643.464673 0.035464
3645.226584 0.054498
3646.988495 0.041980
3648.750406 0.038164
3650.512318 0.040728
3652.274229 0.039975
3654.036140 0.044592
3655.798051 0.046889
3657.559963 0.038753
3659.321874 0.051388
3661.083785 0.042090
3662.845696 0.041092
3664.607608 0.028460
3666.369519 0.020631
3668.131430 0.037939
3669.893341 0.027149
3671.655253 0.034538
3673.417164 0.020984
3675.179075 0.054725
3676.940986 0.046527
3678.702898 0.041630
3680.464809 0.029013
3682.226720 0.030576
3683.988631 0.042977
3685.750543 0.040643
3687.512454 0.036061
3689.274365 0.052623
3691.036276 0.042498
3692.798188 0.027156
3694.560099 0.031971
3696.322010 0.016658
3698.083922 0.036981
3699.845833 0.026624
3701.607744 0.034211
3703.369655 0.035958
3705.131567 0.052446
3706.893478 0.040880
3708.655389 0.049537
3710.417300 0.034412
3712.179212 0.041020
3713.941123 0.053820
3715.703034 0.039517
3717.464945 0.050554
3719.226857 0.056664
3720.988768 0.056847
3722.750679 0.071448
3724.512590 0.090094
3726.274502 0.073321
3728.036413 0.071339
3729.798324 0.056080
3731.560235 0.048522
3733.322147 0.048667
3735.084058 0.043755
3736.845969 0.039711
3738.607880 0.023258
3740.369792 0.038685
3742.131703 0.054715
3743.893614 0.043362
3745.655525 0.049428
3747.417437 0.029440
3749.179348 0.038847
3750.941259 0.042964
3752.703170 0.039822
3754.465082 0.044893
3756.226993 0.037758
3757.988904 0.053602
3759.750815 0.065375
3761.512727 0.056250
3763.274638 0.042532
3765.036549 0.033519
3766.798460 0.037336
3768.560372 0.040554
3770.322283 0.041165
3772.084194 0.046208
3773.846105 0.038463
3775.608017 0.034482
3777.369928 0.052338
3779.131839 0.046227
3780.893750 0.046831
3782.655662 0.045999
3784.417573 0.052050
3786.179484 0.048656
3787.941395 0.055796
3789.703307 0.046647
3791.465218 0.057855
3793.227129 0.060632
3794.989040 0.056369
3796.750952 0.046400
3798.512863 0.034950
3800.274774 0.025000
3802.036686 0.041967
3803.798597 0.043109
3805.560508 0.045913
3807.322419 0.056918
3809.084331 0.057263
3810.846242 0.064760
3812.608153 0.048681
3814.370064 0.041426
3816.131976 0.048797
3817.893887 0.038623
3819.655798 0.042442
3821.417709 0.056736
3823.179621 0.055851
3824.941532 0.039901
3826.703443 0.034017
3828.465354 0.031515
3830.227266 0.060877
3831.989177 0.045550
3833.751088 0.021148
3835.512999 0.051873
3837.274911 0.043044
3839.036822 0.050046
3840.798733 0.050874
3842.560644 0.048708
3844.322556 0.048505
3846.084467 0.045404
3847.846378 0.050122
3849.608289 0.054614
3851.370201 0.057627
3853.132112 0.070950
3854.894023 0.045143
3856.655934 0.069753
3858.417846 0.053988
3860.179757 0.048237
3861.941668 0.053788
3863.703579 0.064741
3865.465491 0.064562
3867.227402 0.068921
3868.989313 0.064066
3870.751224 0.063534
3872.513136 0.067970
3874.275047 0.053344
3876.036958 0.047376
3877.798869 0.055013
3879.560781 0.065761
3881.322692 0.046576
3883.084603 0.047653
3884.846514 0.041441
3886.608426 0.048979
3888.370337 0.050935
3890.132248 0.054642
3891.894159 0.051053
3893.656071 0.048827
3895.417982 0.057139
3897.179893 0.047676
3898.941804 0.040328
3900.703716 0.047173
3902.465627 0.049376
3904.227538 0.071103
3905.989450 0.047526
3907.751361 0.068245
3909.513272 0.073800
3911.275183 0.059378
3913.037095 0.070495
3914.799006 0.066026
3916.560917 0.065437
3918.322828 0.065997
3920.084740 0.066120
3921.846651 0.057764
3923.608562 0.037562
3925.370473 0.058163
3927.132385 0.062284
3928.894296 0.049732
3930.656207 0.036093
3932.418118 0.025855
3934.180030 0.038714
3935.941941 0.063312
3937.703852 0.048209
3939.465763 0.047787
3941.227675 0.064421
3942.989586 0.056409
3944.751497 0.075286
3946.513408 0.062479
3948.275320 0.050003
3950.037231 0.052926
3951.799142 0.059904
3953.561053 0.045708
3955.322965 0.062449
3957.084876 0.066612
3958.846787 0.046409
3960.608698 0.030586
3962.370610 0.037375
3964.132521 0.010314
3965.894432 0.031525
3967.656343 0.038272
3969.418255 0.038099
3971.180166 0.047226
3972.942077 0.047370
3974.703988 0.043763
3976.465900 0.039516
3978.227811 0.069160
3979.989722 0.082724
3981.751633 0.053541
3983.513545 0.063637
3985.275456 0.054007
3987.037367 0.070262
3988.799278 0.064961
3990.561190 0.071420
3992.323101 0.079435
3994.085012 0.086438
3995.846923 0.055833
3997.608835 0.051412
3999.370746 0.062618
4001.132657 0.085715
4002.894568 0.073879
4004.656480 0.081439
4006.418391 0.061876
4008.180302 0.058156
4009.942214 0.049448
4011.704125 0.056850
4013.466036 0.067340
4015.227947 0.057435
4016.989859 0.069011
4018.751770 0.079475
4020.513681 0.058222
4022.275592 0.075226
4024.037504 0.061265
4025.799415 0.059115
4027.561326 0.049246
4029.323237 0.060161
4031.085149 0.077376
4032.847060 0.052410
4034.608971 0.062105
4036.370882 0.081451
4038.132794 0.057589
4039.894705 0.050861
4041.656616 0.057882
4043.418527 0.065698
4045.180439 0.033616
4046.942350 0.032514
4048.704261 0.100906
4050.466172 0.064048
4052.228084 0.058360
4053.989995 0.064599
4055.751906 0.072216
4057.513817 0.061294
4059.275729 0.055290
4061.037640 0.061856
4062.799551 0.050598
4064.561462 0.037601
4066.323374 0.077492
4068.085285 0.056398
4069.847196 0.051729
4071.609107 0.070133
4073.371019 0.060845
4075.132930 0.041275
4076.894841 0.061208
4078.656752 0.080217
4080.418664 0.065779
4082.180575 0.049350
4083.942486 0.054230
4085.704397 0.071392
4087.466309 0.042338
4089.228220 0.087387
4090.990131 0.074417
4092.752042 0.063246
4094.513954 0.056872
4096.275865 0.042799
4098.037776 0.047637
4099.799687 0.068895
4101.561599 0.067328
4103.323510 0.057119
4105.085421 0.056692
4106.847332 0.044966
4108.609244 0.048326
4110.371155 0.068526
4112.133066 0.045608
4113.894978 0.051581
4115.656889 0.047563
4117.418800 0.055825
4119.180711 0.060070
4120.942623 0.048354
4122.704534 0.076458
4124.466445 0.070978
4126.228356 0.064519
4127.990268 0.051903
4129.752179 0.059240
4131.514090 0.083114
4133.276001 0.078940
4135.037913 0.050991
4136.799824 0.054917
4138.561735 0.050158
4140.323646 0.061110
4142.085558 0.071309
4143.847469 0.064126
4145.609380 0.055832
4147.371291 0.059481
4149.133203 0.052367
4150.895114 0.078016
4152.657025 0.072774
4154.418936 0.082813
4156.180848 0.083729
4157.942759 0.088500
4159.704670 0.070496
4161.466581 0.071735
4163.228493 0.061274
4164.990404 0.043952
4166.752315 0.072913
4168.514226 0.078431
4170.276138 0.040926
4172.038049 0.049207
4173.799960 0.078415
4175.561871 0.067947
4177.323783 0.036971
4179.085694 0.051311
4180.847605 0.051287
4182.609516 0.068516
4184.371428 0.068465
4186.133339 0.061382
4187.895250 0.043389
4189.657161 0.079803
4191.419073 0.076913
4193.180984 0.069534
4194.942895 0.061081
4196.704806 0.074065
4198.466718 0.059373
4200.228629 0.059586
4201.990540 0.058879
4203.752451 0.088410
4205.514363 0.068600
4207.276274 0.075884
4209.038185 0.084631
4210.800096 0.062668
4212.562008 0.080647
4214.323919 0.074085
4216.085830 0.073062
4217.847742 0.044840
4219.609653 0.047036
4221.371564 0.059777
4223.133475 0.051692
4224.895387 0.057201
4226.657298 0.075569
4228.419209 0.090557
4230.181120 0.062430
4231.943032 0.062536
4233.704943 0.065072
4235.466854 0.070456
4237.228765 0.059374
4238.990677 0.076573
4240.752588 0.055845
4242.514499 0.074894
4244.276410 0.080886
4246.038322 0.070989
4247.800233 0.068349
4249.562144 0.077020
4251.324055 0.052075
4253.085967 0.056160
4254.847878 0.056408
4256.609789 0.077004
4258.371700 0.069578
4260.133612 0.062749
4261.895523 0.069893
4263.657434 0.047219
4265.419345 0.052609
4267.181257 0.061618
4268.943168 0.045957
4270.705079 0.051547
4272.466990 0.056237
4274.228902 0.057075
4275.990813 0.045499
4277.752724 0.050549
4279.514635 0.059654
4281.276547 0.058802
4283.038458 0.052796
4284.800369 0.062133
4286.562280 0.077468
4288.324192 0.067971
4290.086103 0.043928
4291.848014 0.053828
4293.609925 0.046643
4295.371837 0.042304
4297.133748 0.055759
4298.895659 0.040574
4300.657570 0.050154
4302.419482 0.046609
4304.181393 0.046270
4305.943304 0.053431
4307.705215 0.055780
4309.467127 0.058128
4311.229038 0.068455
4312.990949 0.066395
4314.752860 0.051354
4316.514772 0.054662
4318.276683 0.067917
4320.038594 0.058615
4321.800506 0.055073
4323.562417 0.063221
4325.324328 0.076248
4327.086239 0.066708
4328.848151 0.045193
4330.610062 0.062584
4332.371973 0.065764
4334.133884 0.077243
4335.895796 0.075583
4337.657707 0.081582
4339.419618 0.065393
4341.181529 0.062720
4342.943441 0.076976
4344.705352 0.056202
4346.467263 0.086261
4348.229174 0.054255
4349.991086 0.052033
4351.752997 0.045863
4353.514908 0.066130
4355.276819 0.051734
4357.038731 0.033746
4358.800642 0.066983
4360.562553 0.066168
4362.324464 0.060992
4364.086376 0.055903
4365.848287 0.064802
4367.610198 0.060800
4369.372109 0.056540
4371.134021 0.065686
4372.895932 0.091501
4374.657843 0.096256
4376.419754 0.054637
4378.181666 0.076977
4379.943577 0.062938
4381.705488 0.054873
4383.467399 0.057319
4385.229311 0.044576
4386.991222 0.029170
4388.753133 0.058517
4390.515044 0.074701
4392.276956 0.082964
4394.038867 0.070613
4395.800778 0.076704
4397.562689 0.055501
4399.324601 0.061117
4401.086512 0.122937
4402.848423 0.043844
4404.610334 0.060328
4406.372246 0.049885
4408.134157 0.059480
4409.896068 0.061752
4411.657979 0.079274
4413.419891 0.085692
4415.181802 0.071584
4416.943713 0.109809
4418.705624 0.063876
4420.467536 0.043667
4422.229447 0.070396
4423.991358 0.034118
4425.753269 0.057993
4427.515181 0.063390
4429.277092 0.047721
4431.039003 0.080333
4432.800915 0.064816
4434.562826 0.066168
4436.324737 0.075891
4438.086648 0.039398
4439.848560 0.030386
4441.610471 0.062259
4443.372382 0.053239
4445.134293 0.054215
4446.896205 0.066358
4448.658116 0.071336
4450.420027 0.085647
4452.181938 0.065926
4453.943850 0.051632
4455.705761 0.054199
4457.467672 0.080810
4459.229583 0.051625
4460.991495 0.041040
4462.753406 0.046704
4464.515317 0.052872
4466.277228 0.075182
4468.039140 0.068928
4469.801051 0.070160
4471.562962 0.078650
4473.324873 0.056133
4475.086785 0.059059
4476.848696 0.064044
4478.610607 0.064674
4480.372518 0.055846
4482.134430 0.052139
4483.896341 0.073606
4485.658252 0.070956
4487.420163 0.085693
4489.182075 0.068156
4490.943986 0.055887
4492.705897 0.058680
4494.467808 0.063252
4496.229720 0.050536
4497.991631 0.062268
4499.753542 0.064948
4501.515453 0.065705
4503.277365 0.074167
4505.039276 0.077162
4506.801187 0.050202
4508.563098 0.082968
4510.325010 0.079653
4512.086921 0.079361
4513.848832 0.084289
4515.610743 0.094649
4517.372655 0.084988
4519.134566 0.024151
4520.896477 0.043569
4522.658388 0.096010
4524.420300 0.064012
4526.182211 0.053299
4527.944122 0.108746
4529.706033 0.060385
4531.467945 0.064517
4533.229856 0.087615
4534.991767 0.075527
4536.753679 0.105057
4538.515590 0.057343
4540.277501 0.049937
4542.039412 0.048171
4543.801324 0.101117
4545.563235 0.109225
4547.325146 0.021465
4549.087057 0.010422
4550.848969 0.045172
4552.610880 0.059612
4554.372791 0.055954
4556.134702 0.049517
4557.896614 0.089986
4559.658525 0.064763
4561.420436 0.064326
4563.182347 0.072950
4564.944259 0.076417
4566.706170 0.060436
4568.468081 0.078560
4570.229992 0.077679
4571.991904 0.065892
4573.753815 0.082025
4575.515726 0.044076
4577.277637 0.049087
4579.039549 0.053801
4580.801460 0.070052
4582.563371 0.056851
4584.325282 0.075138
4586.087194 0.088183
4587.849105 0.077849
4589.611016 0.077406
4591.372927 0.060147
4593.134839 0.102702
4594.896750 0.132335
4596.658661 0.098700
4598.420572 0.086154
4600.182484 0.070042
4601.944395 0.045944
4603.706306 0.062298
4605.468217 0.037918
4607.230129 0.038170
4608.992040 0.057584
4610.753951 0.039761
4612.515862 0.047139
4614.277774 0.058166
4616.039685 0.058439
4617.801596 0.069205
4619.563507 0.054998
4621.325419 0.059551
4623.087330 0.080106
4624.849241 0.090130
4626.611152 0.106727
4628.373064 0.128996
4630.134975 0.084280
4631.896886 0.036567
4633.658797 0.062279
4635.420709 0.059983
4637.182620 0.089629
4638.944531 0.052142
4640.706443 0.058562
4642.468354 0.043373
4644.230265 0.044878
4645.992176 0.092260
4647.754088 0.069801
4649.515999 0.072040
4651.277910 0.054758
4653.039821 0.041110
4654.801733 0.097522
4656.563644 0.103357
4658.325555 0.098842
4660.087466 0.098133
4661.849378 0.005843
4663.611289 0.085274
4665.373200 0.068462
4667.135111 0.102777
4668.897023 0.123110
4670.658934 0.052512
4672.420845 0.052249
4674.182756 0.134552
4675.944668 0.037905
4677.706579 0.048035
4679.468490 0.046739
4681.230401 0.030875
4682.992313 0.077012
4684.754224 0.076347
4686.516135 0.085705
4688.278046 0.046847
4690.039958 0.039982
4691.801869 0.081636
4693.563780 0.103247
4695.325691 0.060063
4697.087603 0.081893
4698.849514 0.042435
4700.611425 0.039720
4702.373336 0.051891
4704.135248 0.050799
4705.897159 0.070431
4707.659070 0.076867
4709.420981 0.073445
4711.182893 0.064723
4712.944804 0.031116
4714.706715 0.060837
4716.468626 0.065477
4718.230538 0.082225
4719.992449 0.053561
4721.754360 0.035609
4723.516271 0.056401
4725.278183 0.068304
4727.040094 0.055657
4728.802005 0.060470
4730.563916 0.063300
4732.325828 0.058327
4734.087739 0.059746
4735.849650 0.078296
4737.611561 0.084795
4739.373473 0.074581
4741.135384 0.071422
4742.897295 0.049484
4744.659207 0.037242
4746.421118 0.074803
4748.183029 0.090043
4749.944940 0.067856
4751.706852 0.068901
4753.468763 0.069592
4755.230674 0.058678
4756.992585 0.065381
4758.754497 0.073299
4760.516408 0.054869
4762.278319 0.054122
4764.040230 0.076444
4765.802142 0.033409
4767.564053 0.074927
4769.325964 0.074835
4771.087875 0.080481
4772.849787 0.045658
4774.611698 0.053321
4776.373609 0.072802
4778.135520 0.079062
4779.897432 0.066705
4781.659343 0.064547
4783.421254 0.071905
4785.183165 0.079191
4786.945077 0.053336
4788.706988 0.049247
4790.468899 0.040616
4792.230810 0.058346
4793.992722 0.074391
4795.754633 0.079661
4797.516544 0.053900
4799.278455 0.046163
4801.040367 0.050854
4802.802278 0.049656
4804.564189 0.042816
4806.326100 0.068157
4808.088012 0.064620
4809.849923 0.052781
4811.611834 0.062061
4813.373745 0.060054
4815.135657 0.071529
4816.897568 0.074717
4818.659479 0.054629
4820.421390 0.082114
4822.183302 0.082641
4823.945213 0.069496
4825.707124 0.088609
4827.469035 0.088804
4829.230947 0.086335
4830.992858 0.072511
4832.754769 0.059856
4834.516680 0.056801
4836.278592 0.082201
4838.040503 0.067404
4839.802414 0.070420
4841.564325 0.057411
4843.326237 0.064291
4845.088148 0.039161
4846.850059 0.079882
4848.611971 0.076835
4850.373882 0.043969
