2452.205219 0.005984
2454.043585 0.015491
2455.881951 0.013840
2457.720317 -0.001035
2459.558683 0.008052
2461.397049 0.023644
2463.235415 0.040451
2465.073781 0.015802
2466.912147 0.028231
2468.750513 0.018985
2470.588879 0.036306
2472.427245 0.007353
2474.265611 0.010842
2476.103977 0.051061
2477.942343 0.035448
2479.780709 0.012554
2481.619075 0.012158
2483.457441 -0.004965
2485.295807 0.012576
2487.134173 0.027445
2488.972539 0.000335
2490.810905 0.015261
2492.649271 0.024576
2494.487638 0.022701
2496.326004 0.024149
2498.164370 0.034831
2500.002736 0.030051
2501.841102 0.021772
2503.679468 0.014323
2505.517834 0.011847
2507.356200 0.019325
2509.194566 0.019489
2511.032932 0.016169
2512.871298 0.035147
2514.709664 0.001311
2516.548030 0.014562
2518.386396 0.024009
2520.224762 0.007502
2522.063128 0.021002
2523.901494 0.008868
2525.739860 0.013676
2527.578226 -0.002187
2529.416592 0.027814
2531.254958 0.012066
2533.093324 0.032979
2534.931690 0.008380
2536.770057 0.005324
2538.608423 0.011634
2540.446789 -0.007549
2542.285155 0.012601
2544.123521 0.015203
2545.961887 0.024975
2547.800253 0.024353
2549.638619 0.027884
2551.476985 0.010891
2553.315351 0.026354
2555.153717 0.025185
2556.992083 0.044531
2558.830449 0.026224
2560.668815 -0.021441
2562.507181 0.004685
2564.345547 0.008610
2566.183913 -0.021960
2568.022279 0.018613
2569.860645 0.008029
2571.699011 -0.006054
2573.537377 0.028702
2575.375743 0.029745
2577.214109 0.011765
2579.052476 0.019972
2580.890842 0.008639
2582.729208 0.003532
2584.567574 0.008312
2586.405940 0.032396
2588.244306 0.031780
2590.082672 0.034757
2591.921038 0.032999
2593.759404 0.008007
2595.597770 0.000963
2597.436136 0.012451
2599.274502 0.011239
2601.112868 0.020080
2602.951234 0.020881
2604.789600 0.008028
2606.627966 0.009647
2608.466332 0.006735
2610.304698 0.006915
2612.143064 0.019887
2613.981430 0.022920
2615.819796 0.010581
2617.658162 0.031646
2619.496528 0.035813
2621.334894 0.032019
2623.173261 0.025170
2625.011627 -0.010781
2626.849993 0.022109
2628.688359 0.026151
2630.526725 0.010020
2632.365091 0.020643
2634.203457 0.022475
2636.041823 0.027870
2637.880189 0.023841
2639.718555 0.019894
2641.556921 0.025179
2643.395287 0.034986
2645.233653 0.035194
2647.072019 0.025620
2648.910385 0.009992
2650.748751 0.025862
2652.587117 0.033069
2654.425483 0.024350
2656.263849 0.018763
2658.102215 0.017759
2659.940581 0.014027
2661.778947 0.007551
2663.617313 0.025559
2665.455680 0.019074
2667.294046 0.006056
2669.132412 0.029601
2670.970778 0.014485
2672.809144 -0.001221
2674.647510 -0.004424
2676.485876 0.012141
2678.324242 0.014041
2680.162608 0.026140
2682.000974 0.032530
2683.839340 0.026812
2685.677706 0.027470
2687.516072 0.021203
2689.354438 0.027753
2691.192804 0.016204
2693.031170 0.019583
2694.869536 0.035782
2696.707902 0.027928
2698.546268 0.022808
2700.384634 0.020402
2702.223000 0.007960
2704.061366 0.018079
2705.899732 -0.003687
2707.738098 0.019100
2709.576465 0.015761
2711.414831 0.010406
2713.253197 0.016930
2715.091563 0.028136
2716.929929 0.020954
2718.768295 0.015713
2720.606661 0.022040
2722.445027 0.032571
2724.283393 0.031997
2726.121759 0.024204
2727.960125 0.036981
2729.798491 0.029935
2731.636857 0.019287
2733.475223 -0.000340
2735.313589 0.024092
2737.151955 0.029716
2738.990321 0.026307
2740.828687 0.006559
2742.667053 0.019343
2744.505419 0.025732
2746.343785 0.009432
2748.182151 0.011170
2750.020517 0.032682
2751.858884 0.032532
2753.697250 0.028199
2755.535616 0.015037
2757.373982 0.020841
2759.212348 0.028324
2761.050714 0.043005
2762.889080 0.032816
2764.727446 0.010948
2766.565812 0.024360
2768.404178 0.032602
2770.242544 0.012120
2772.080910 0.015742
2773.919276 0.013553
2775.757642 0.026997
2777.596008 0.035005
2779.434374 0.009148
2781.272740 0.014856
2783.111106 0.046556
2784.949472 0.018260
2786.787838 0.009017
2788.626204 0.012562
2790.464570 0.004381
2792.302936 0.009656
2794.141303 0.003286
2795.979669 -0.001760
2797.818035 0.012810
2799.656401 0.027610
2801.494767 0.022817
2803.333133 0.019326
2805.171499 0.036216
2807.009865 0.017615
2808.848231 0.015149
2810.686597 0.022255
2812.524963 0.036660
2814.363329 0.031178
2816.201695 0.019034
2818.040061 0.032265
2819.878427 0.004978
2821.716793 0.012954
2823.555159 0.013861
2825.393525 0.013850
2827.231891 0.031035
2829.070257 0.022187
2830.908623 0.018767
2832.746989 0.026059
2834.585355 0.038861
2836.423721 0.019656
2838.262088 0.030235
2840.100454 0.015657
2841.938820 0.019002
2843.777186 0.037142
2845.615552 0.020655
2847.453918 0.013440
2849.292284 0.008499
2851.130650 0.031371
2852.969016 0.015646
2854.807382 0.025199
2856.645748 0.015523
2858.484114 0.017945
2860.322480 0.026150
2862.160846 0.020994
2863.999212 0.011134
2865.837578 0.027053
2867.675944 0.020512
2869.514310 0.029777
2871.352676 0.018453
2873.191042 0.019179
2875.029408 0.019606
2876.867774 0.022471
2878.706140 0.027410
2880.544507 0.021186
2882.382873 0.033465
2884.221239 0.011235
2886.059605 0.003849
2887.897971 0.015051
2889.736337 0.040858
2891.574703 0.036009
2893.413069 0.034295
2895.251435 0.024037
2897.089801 0.015972
2898.928167 0.024879
2900.766533 0.015919
2902.604899 0.028299
2904.443265 0.019104
2906.281631 0.023563
2908.119997 0.017975
2909.958363 0.001408
2911.796729 0.009372
2913.635095 0.016856
2915.473461 0.026068
2917.311827 0.025008
2919.150193 0.045987
2920.988559 0.027502
2922.826925 0.042207
2924.665292 0.028057
2926.503658 0.031586
2928.342024 0.010443
2930.180390 0.028563
2932.018756 0.031069
2933.857122 0.020278
2935.695488 0.030919
2937.533854 0.029325
2939.372220 0.037898
2941.210586 0.036781
2943.048952 0.039988
2944.887318 0.025772
2946.725684 0.026958
2948.564050 0.009214
2950.402416 0.018841
2952.240782 0.035508
2954.079148 0.037178
2955.917514 0.026040
2957.755880 0.023188
2959.594246 0.013206
2961.432612 0.012509
2963.270978 0.023703
2965.109344 0.017562
2966.947711 0.020099
2968.786077 0.032835
2970.624443 0.012038
2972.462809 0.020431
2974.301175 0.011490
2976.139541 0.013723
2977.977907 0.030473
2979.816273 0.040548
2981.654639 0.016426
2983.493005 0.024523
2985.331371 0.012033
2987.169737 0.004144
2989.008103 0.024008
2990.846469 0.040758
2992.684835 0.017263
2994.523201 0.026656
2996.361567 0.025507
2998.199933 0.011863
3000.038299 0.025738
3001.876665 0.034960
3003.715031 0.021943
3005.553397 0.022595
3007.391763 0.030322
3009.230130 0.024432
3011.068496 0.015248
3012.906862 0.011084
3014.745228 0.023288
3016.583594 0.041633
3018.421960 0.021751
3020.260326 0.007585
3022.098692 0.040348
3023.937058 0.040775
3025.775424 0.029366
3027.613790 0.032189
3029.452156 0.017628
3031.290522 0.015726
3033.128888 0.024540
3034.967254 0.020272
3036.805620 0.038982
3038.643986 0.051324
3060.704379 0.052797
3062.542745 0.033162
3064.381111 0.024865
3066.219477 0.030478
3068.057843 0.031529
3069.896209 0.034419
3071.734575 0.018193
3073.572941 0.020726
3075.411307 0.030730
3077.249673 0.030416
3079.088039 0.030817
3080.926405 0.026644
3082.764771 0.022937
3084.603137 0.031520
3086.441503 0.034113
3088.279869 0.030130
3090.118235 0.024431
3091.956601 0.016125
3093.794967 0.017424
3095.633334 0.041142
3097.471700 0.021343
3099.310066 0.022651
3101.148432 0.039174
3102.986798 0.008657
3104.825164 0.019722
3106.663530 0.037303
3108.501896 0.034968
3110.340262 0.025254
3112.178628 0.037032
3114.016994 0.030032
3115.855360 0.036921
3117.693726 0.034200
3119.532092 0.035619
3121.370458 0.035835
3123.208824 0.029166
3125.047190 0.031419
3126.885556 0.012251
3128.723922 0.028387
3130.562288 0.030950
3132.400654 0.027542
3134.239020 0.035953
3136.077386 0.036918
3137.915752 0.040047
3139.754119 0.029823
3141.592485 0.022099
3143.430851 0.024555
3145.269217 0.020189
3147.107583 0.041860
3148.945949 0.042379
3150.784315 0.041507
3152.622681 0.012890
3154.461047 0.019758
3156.299413 0.034481
3158.137779 0.017342
3159.976145 0.027780
3161.814511 0.020893
3163.652877 0.017780
3165.491243 0.032722
3167.329609 0.045437
3169.167975 0.023312
3171.006341 0.026320
3172.844707 0.016797
3174.683073 0.022176
3176.521439 0.017461
3178.359805 0.013204
3180.198171 0.027548
3182.036538 0.041531
3183.874904 0.024293
3185.713270 0.022333
3187.551636 0.013451
3189.390002 0.053800
3191.228368 0.020464
3193.066734 0.025862
3194.905100 0.023161
3196.743466 0.030972
3198.581832 0.014557
3200.420198 0.014263
3202.258564 0.023619
3204.096930 0.027912
3205.935296 0.011804
3207.773662 0.023238
3209.612028 0.016587
3211.450394 0.019323
3213.288760 0.026812
3215.127126 0.030226
3216.965492 0.013658
3218.803858 0.000878
3220.642224 0.018003
3222.480590 0.005093
3224.318957 0.068397
3226.157323 0.036751
3227.995689 0.041287
3229.834055 0.028279
3231.672421 0.029606
3233.510787 0.031269
3235.349153 0.019456
3237.187519 0.009213
3239.025885 0.038027
3240.864251 0.032928
3242.702617 0.004941
3244.540983 0.039256
3246.379349 0.028830
3248.217715 0.052368
3250.056081 0.030986
3251.894447 0.032145
3253.732813 0.015192
3255.571179 0.014832
3257.409545 0.013219
3259.247911 0.031532
3261.086277 0.055917
3262.924643 0.028427
3264.763009 0.031001
3266.601375 0.029383
3268.439742 0.043829
3270.278108 0.031711
3272.116474 0.030506
3273.954840 0.021605
3275.793206 0.041496
3277.631572 0.046717
3279.469938 0.022309
3281.308304 0.021233
3283.146670 0.038383
3284.985036 0.015445
3286.823402 0.042346
3288.661768 0.037550
3290.500134 0.037248
3292.338500 0.021779
3294.176866 0.037407
3296.015232 0.035738
3297.853598 0.032328
3299.691964 0.036660
3301.530330 0.021595
3303.368696 0.023950
3305.207062 0.024989
3307.045428 0.033665
3308.883794 0.035613
3310.722161 0.028582
3312.560527 0.031679
3314.398893 0.041691
3316.237259 0.023427
3318.075625 0.024163
3319.913991 0.029963
3321.752357 0.034100
3323.590723 0.029488
3325.429089 0.033788
3327.267455 0.031507
3329.105821 0.020342
3330.944187 0.016224
3332.782553 0.022189
3334.620919 0.021228
3336.459285 0.029183
3338.297651 0.030438
3340.136017 0.024203
3341.974383 0.041345
3343.812749 0.038931
3345.651115 0.033837
3347.489481 0.021898
3349.327847 0.035921
3351.166213 0.035378
3353.004580 0.038790
3354.842946 0.026593
3356.681312 0.013996
3358.519678 0.028213
3360.358044 0.031486
3362.196410 0.029955
3364.034776 0.020524
3365.873142 0.029059
3367.711508 0.028540
3369.549874 0.032311
3371.388240 0.023103
3373.226606 0.033823
3375.064972 0.027777
3376.903338 0.021843
3378.741704 0.046362
3380.580070 0.036278
3382.418436 0.017746
3384.256802 0.027527
3386.095168 0.022616
3387.933534 0.031847
3389.771900 0.016865
3391.610266 0.018134
3393.448632 0.038025
3395.286998 0.026774
3397.125365 0.023951
3398.963731 0.015330
3400.802097 0.030949
3402.640463 0.015561
3404.478829 0.030835
3406.317195 0.024608
3408.155561 0.033706
3409.993927 0.014118
3411.832293 0.024767
3413.670659 0.013067
3415.509025 0.038685
3417.347391 0.044642
3419.185757 0.025043
3421.024123 0.033202
3422.862489 0.037986
3424.700855 0.051007
3426.539221 0.037027
3428.377587 0.042934
3430.215953 0.052452
3432.054319 0.037043
3433.892685 0.032682
3435.731051 0.028162
3437.569417 0.015835
3439.407784 0.031028
3441.246150 0.031240
3443.084516 0.009969
3444.922882 0.006558
3446.761248 0.019711
3448.599614 0.059384
3450.437980 0.074179
3452.276346 0.053299
3454.114712 0.035678
3455.953078 0.018003
3457.791444 0.033643
3459.629810 0.023920
3461.468176 0.015247
3463.306542 0.037606
3465.144908 0.023878
3466.983274 0.022858
3468.821640 0.020432
3470.660006 0.048713
3472.498372 0.029707
3474.336738 0.023809
3476.175104 0.031385
3478.013470 0.018817
3479.851836 0.036223
3481.690202 0.066751
3483.528569 0.061640
3485.366935 0.034747
3487.205301 0.041260
3489.043667 0.032703
3490.882033 0.042440
3492.720399 0.032948
3494.558765 0.023262
3496.397131 0.032914
3498.235497 0.049599
3500.073863 0.044413
3501.912229 0.027132
3503.750595 0.001764
3505.588961 0.040473
3507.427327 0.032894
3509.265693 0.023632
3511.104059 0.028861
3512.942425 0.038104
3514.780791 0.032300
3516.619157 0.017973
3518.457523 0.032703
3520.295889 0.042881
3522.134255 0.032724
3523.972621 0.032401
3525.810988 0.019125
3527.649354 0.031288
3529.487720 0.029375
3531.326086 0.027624
3533.164452 0.025900
3535.002818 0.023639
3536.841184 0.040159
3538.679550 0.023474
3540.517916 0.025016
3542.356282 0.043872
3544.194648 0.033976
3546.033014 0.029407
3547.871380 0.032687
3549.709746 0.041208
3551.548112 0.043619
3553.386478 0.038190
3555.224844 0.037197
3557.063210 0.040548
3558.901576 0.033280
3560.739942 0.031249
3562.578308 0.023932
3564.416674 0.018386
3566.255040 0.031088
3568.093407 0.036200
3569.931773 0.014066
3571.770139 0.032535
3573.608505 0.037569
3575.446871 0.033514
3577.285237 0.024770
3579.123603 0.025377
3580.961969 0.025899
3582.800335 0.035379
3584.638701 0.031025
3586.477067 0.008463
3588.315433 0.025193
3590.153799 0.037893
3591.992165 0.027134
3593.830531 0.029204
3595.668897 0.028773
3597.507263 0.019351
3599.345629 0.035738
3601.183995 0.029582
3603.022361 0.025881
3604.860727 0.041699
3606.699093 0.037406
3608.537459 0.034164
3610.375825 0.028413
3612.214192 0.033291
3614.052558 0.029635
3615.890924 0.031929
3617.729290 0.032344
3619.567656 0.029745
3621.406022 0.016176
3623.244388 0.023538
3625.082754 0.027745
3626.921120 0.024208
3628.759486 0.030309
3630.597852 0.027649
3632.436218 0.041895
3634.274584 0.031089
3636.112950 0.041525
3637.951316 0.039740
3639.789682 0.039108
3641.628048 0.045495
3643.466414 0.030723
3645.304780 0.026844
3647.143146 0.049501
3648.981512 0.024141
3650.819878 0.029232
3652.658244 0.034190
3654.496611 0.043640
3656.334977 0.034903
3658.173343 0.030655
3660.011709 0.042169
3661.850075 0.031138
3663.688441 0.030947
3665.526807 0.031340
3667.365173 0.036749
3669.203539 0.023737
3671.041905 0.031160
3672.880271 0.032897
3674.718637 0.026946
3676.557003 0.004423
3678.395369 0.021074
3680.233735 0.031672
3682.072101 0.018031
3683.910467 0.034904
3685.748833 0.036675
3687.587199 0.033976
3689.425565 0.024199
3691.263931 0.036354
3693.102297 0.038661
3694.940663 0.033441
3696.779029 0.037774
3698.617396 0.032937
3700.455762 0.024240
3702.294128 0.035738
3704.132494 0.043034
3705.970860 0.028361
3707.809226 0.024850
3709.647592 0.025752
3711.485958 0.034466
3713.324324 0.032611
3715.162690 0.037262
3717.001056 0.036881
3718.839422 0.049397
3720.677788 0.042924
3722.516154 0.059270
3724.354520 0.052176
3726.192886 0.047652
3728.031252 0.052809
3729.869618 0.028754
3731.707984 0.042102
3733.546350 0.031355
3735.384716 0.057421
3737.223082 0.039597
3739.061448 0.032549
3740.899815 0.030222
3742.738181 0.037213
3744.576547 0.036556
3746.414913 0.023428
3748.253279 0.033200
3750.091645 0.041475
3751.930011 0.064735
3753.768377 0.030954
3755.606743 0.041725
3757.445109 0.038500
3759.283475 0.018224
3761.121841 0.033860
3762.960207 0.046211
3764.798573 0.033637
3766.636939 0.036741
3768.475305 0.041062
3770.313671 0.033736
3772.152037 0.030477
3773.990403 0.051979
3775.828769 0.050883
3777.667135 0.048407
3779.505501 0.045450
3781.343867 0.043618
3783.182234 0.049819
3785.020600 0.051164
3786.858966 0.048218
3788.697332 0.046279
3790.535698 0.025992
3792.374064 0.031987
3794.212430 0.035450
3796.050796 0.034088
3797.889162 0.059131
3799.727528 0.031572
3801.565894 0.035411
3803.404260 0.036817
3805.242626 0.037617
3807.080992 0.054980
3808.919358 0.039292
3810.757724 0.051940
3812.596090 0.048507
3814.434456 0.049689
3816.272822 0.047854
3818.111188 0.032710
3819.949554 0.034624
3821.787920 0.029099
3823.626286 0.041078
3825.464652 0.052079
3827.303019 0.034764
3829.141385 0.027543
3830.979751 0.020032
3832.818117 0.014772
3834.656483 0.015382
3836.494849 0.016852
3838.333215 0.024038
3840.171581 0.029707
3842.009947 0.050735
3843.848313 0.044857
3845.686679 0.026887
3847.525045 0.039050
3849.363411 0.055200
3851.201777 0.050951
3853.040143 0.034505
3854.878509 0.054947
3856.716875 0.032960
3858.555241 0.047523
3860.393607 0.045357
3862.231973 0.046301
3864.070339 0.061621
3865.908705 0.047226
3867.747071 0.045588
3869.585438 0.043697
3871.423804 0.050733
3873.262170 0.044862
3875.100536 0.055229
3876.938902 0.047050
3878.777268 0.047671
3880.615634 0.032156
3882.454000 0.050607
3884.292366 0.034926
3886.130732 0.037734
3887.969098 0.037227
3889.807464 0.041015
3891.645830 0.034564
3893.484196 0.036988
3895.322562 0.053989
3897.160928 0.057810
3898.999294 0.044471
3900.837660 0.039756
3902.676026 0.047312
3904.514392 0.045470
3906.352758 0.050422
3908.191124 0.063160
3910.029490 0.046211
3911.867856 0.039188
3913.706223 0.047152
3915.544589 0.059243
3917.382955 0.047536
3919.221321 0.051333
3921.059687 0.034376
3922.898053 0.050995
3924.736419 0.029769
3926.574785 0.030182
3928.413151 0.028244
3930.251517 0.032633
3932.089883 0.029407
3933.928249 0.035163
3935.766615 0.037072
3937.604981 0.059126
3939.443347 0.052351
3941.281713 0.035024
3943.120079 0.033682
3944.958445 0.052439
3946.796811 0.077470
3948.635177 0.047442
3950.473543 0.037609
3952.311909 0.049130
3954.150275 0.066997
3955.988642 0.064455
3957.827008 0.040338
3959.665374 0.072191
3961.503740 0.029193
3963.342106 -0.022358
3965.180472 -0.004847
3967.018838 0.000202
3968.857204 0.028888
3970.695570 0.044979
3972.533936 0.056006
3974.372302 0.052166
3976.210668 0.050665
3978.049034 0.041349
3979.887400 0.025321
3981.725766 0.041818
3983.564132 0.039296
3985.402498 0.056204
3987.240864 0.051731
3989.079230 0.035535
3990.917596 0.051697
3992.755962 0.054364
3994.594328 0.058354
3996.432694 0.053853
3998.271061 0.066683
4000.109427 0.088889
4001.947793 0.066245
4003.786159 0.053380
4005.624525 0.046874
4007.462891 0.064311
4009.301257 0.069975
4011.139623 0.070446
4012.977989 0.060875
4014.816355 0.065804
4016.654721 0.033109
4018.493087 0.064096
4020.331453 0.067455
4022.169819 0.052417
4024.008185 0.048123
4025.846551 0.066037
4027.684917 0.049568
4029.523283 0.060780
4031.361649 0.048330
4033.200015 0.048501
4035.038381 0.051741
4036.876747 0.061072
4038.715113 0.053123
4040.553479 0.051714
4042.391846 0.051885
4044.230212 0.036018
4046.068578 0.093852
4047.906944 0.078337
4049.745310 0.063213
4051.583676 0.080819
4053.422042 0.076803
4055.260408 0.051418
4057.098774 0.049568
4058.937140 0.074229
4060.775506 0.054745
4062.613872 0.043936
4064.452238 0.068136
4066.290604 0.065706
4068.128970 0.064499
4069.967336 0.055341
4071.805702 0.037508
4073.644068 0.042453
4075.482434 0.057424
4077.320800 0.061633
4079.159166 0.046333
4080.997532 0.057726
4082.835898 0.058051
4084.674265 0.050609
4086.512631 0.049586
4088.350997 0.076513
4090.189363 0.052030
4092.027729 0.026727
4093.866095 0.047361
4095.704461 0.045293
4097.542827 0.049710
4099.381193 0.044443
4101.219559 0.055201
4103.057925 0.054428
4104.896291 0.045805
4106.734657 0.043283
4108.573023 0.047959
4110.411389 0.065685
4112.249755 0.045500
4114.088121 0.051033
4115.926487 0.082438
4117.764853 0.074615
4119.603219 0.045376
4121.441585 0.050545
4123.279951 0.063753
4125.118317 0.048731
4126.956684 0.045778
4128.795050 0.054224
4130.633416 0.071687
4132.471782 0.069137
4134.310148 0.034107
4136.148514 0.055621
4137.986880 0.043086
4139.825246 0.050355
4141.663612 0.061500
4143.501978 0.058242
4145.340344 0.055561
4147.178710 0.064491
4149.017076 0.069435
4150.855442 0.059948
4152.693808 0.048034
4154.532174 0.054026
4156.370540 0.049743
4158.208906 0.055997
4160.047272 0.065445
4161.885638 0.014883
4163.724004 0.073692
4165.562370 0.061605
4167.400736 0.078468
4169.239102 0.073909
4171.077469 0.044797
4172.915835 0.065760
4174.754201 0.039180
4176.592567 0.060136
4178.430933 0.043400
4180.269299 0.049821
4182.107665 0.068294
4183.946031 0.036150
4185.784397 0.048252
4187.622763 0.063785
4189.461129 0.084228
4191.299495 0.060947
4193.137861 0.070672
4194.976227 0.044584
4196.814593 0.049034
4198.652959 0.046167
4200.491325 0.043374
4202.329691 0.044676
4204.168057 0.052386
4206.006423 0.045208
4207.844789 0.057594
4209.683155 0.052376
4211.521521 0.056352
4213.359888 0.057637
4215.198254 0.053026
4217.036620 0.050241
4218.874986 0.046942
4220.713352 0.060926
4222.551718 0.071245
4224.390084 0.091695
4226.228450 0.083345
4228.066816 0.043719
4229.905182 0.068414
4231.743548 0.053908
4233.581914 0.046169
4235.420280 0.067601
4237.258646 0.024490
4239.097012 0.050810
4240.935378 0.074151
4242.773744 0.062032
4244.612110 0.099597
4246.450476 0.067734
4248.288842 0.087795
4250.127208 0.056319
4251.965574 0.042499
4253.803940 0.041534
4255.642306 0.077182
4257.480673 0.056939
4259.319039 0.042106
4261.157405 0.047553
4262.995771 0.040716
4264.834137 0.041593
4266.672503 0.046612
4268.510869 0.071425
4270.349235 0.055085
4272.187601 0.073423
4274.025967 0.088915
4275.864333 0.071074
4277.702699 0.053053
4279.541065 0.042847
4281.379431 0.027170
4283.217797 0.069524
4285.056163 0.056904
4286.894529 0.038326
4288.732895 0.036505
4290.571261 0.051292
4292.409627 0.047077
4294.247993 0.047995
4296.086359 -0.011322
4297.924725 0.031178
4299.763092 0.078068
4301.601458 0.054334
4303.439824 0.069059
4305.278190 0.040464
4307.116556 0.054995
4308.954922 0.052102
4310.793288 0.048612
4312.631654 0.065045
4314.470020 0.067699
4316.308386 0.036695
4318.146752 0.062777
4319.985118 0.038088
4321.823484 0.071585
4323.661850 0.070319
4325.500216 0.064484
4327.338582 0.023873
4329.176948 0.001896
4331.015314 0.055254
4332.853680 0.038055
4334.692046 0.064399
4336.530412 0.060073
4338.368778 0.061976
4340.207144 0.066568
4342.045511 0.048125
4343.883877 0.066798
4345.722243 0.051985
4347.560609 0.052302
4349.398975 0.026236
4351.237341 0.056316
4353.075707 0.040833
4354.914073 0.043465
4356.752439 0.089971
4358.590805 0.069694
4360.429171 0.061636
4362.267537 0.064538
4364.105903 0.037866
4365.944269 0.027351
4367.782635 0.070130
4369.621001 0.087087
4371.459367 0.034586
4373.297733 0.062722
4375.136099 0.060284
4376.974465 0.039370
4378.812831 0.052348
4380.651197 0.052544
4382.489563 0.059635
4384.327929 0.046694
4386.166296 0.071847
4388.004662 0.036751
4389.843028 0.041888
4391.681394 0.044378
