2530.637482 0.020905
2532.526152 0.030909
2534.414822 0.028005
2536.303491 0.037416
2538.192161 0.034983
2540.080831 0.029821
2541.969500 0.035416
2543.858170 0.023488
2545.746840 0.019530
2547.635509 0.018918
2549.524179 0.023272
2551.412849 0.034769
2553.301518 0.022446
2555.190188 0.046879
2557.078858 0.037205
2558.967527 0.028187
2560.856197 0.035218
2562.744867 0.040495
2564.633536 0.039314
2566.522206 0.035954
2568.410876 0.027017
2570.299545 0.014931
2572.188215 0.024949
2574.076885 0.025275
2575.965554 0.031208
2577.854224 0.032509
2579.742894 0.030676
2581.631563 0.027241
2583.520233 0.037751
2585.408903 0.025506
2587.297572 0.027859
2589.186242 0.032864
2591.074912 0.030827
2592.963581 0.022331
2594.852251 0.020143
2596.740921 0.024659
2598.629590 0.031234
2600.518260 0.026745
2602.406930 0.025630
2604.295599 0.033578
2606.184269 0.033177
2608.072939 0.024098
2609.961608 0.017010
2611.850278 0.028875
2613.738948 0.017591
2615.627617 0.017547
2617.516287 0.025088
2619.404957 0.034481
2621.293626 0.030810
2623.182296 0.026931
2625.070966 0.031161
2626.959635 0.029998
2628.848305 0.022730
2630.736975 0.025583
2632.625644 0.028404
2634.514314 0.028702
2636.402984 0.033780
2638.291653 0.036274
2640.180323 0.034812
2642.068993 0.028727
2643.957662 0.019429
2645.846332 0.018342
2647.735002 0.028953
2649.623671 0.030087
2651.512341 0.027221
2653.401011 0.025946
2655.289680 0.023142
2657.178350 0.024118
2659.067020 0.032520
2660.955689 0.029861
2662.844359 0.026408
2664.733029 0.019456
2666.621698 0.029994
2668.510368 0.026254
2670.399038 0.032124
2672.287707 0.025332
2674.176377 0.024125
2676.065047 0.035572
2677.953716 0.028620
2679.842386 0.027403
2681.731056 0.027428
2683.619725 0.031549
2685.508395 0.033114
2687.397065 0.038564
2689.285734 0.031053
2691.174404 0.026910
2693.063074 0.027359
2694.951743 0.030785
2696.840413 0.028025
2698.729083 0.026877
2700.617752 0.028223
2702.506422 0.027269
2704.395092 0.022566
2706.283761 0.026721
2708.172431 0.026769
2710.061101 0.026625
2711.949770 0.032596
2713.838440 0.032258
2715.727110 0.025233
2717.615779 0.028300
2719.504449 0.022492
2721.393119 0.029208
2723.281788 0.033868
2725.170458 0.030118
2727.059128 0.024018
2728.947797 0.033899
2730.836467 0.029981
2732.725137 0.033013
2734.613806 0.023364
2736.502476 0.019445
2738.391146 0.026283
2740.279815 0.027250
2742.168485 0.029511
2744.057155 0.022220
2745.945824 0.029669
2747.834494 0.024769
2749.723164 0.020660
2751.611833 0.029336
2753.500503 0.032119
2755.389173 0.029241
2757.277842 0.031174
2759.166512 0.026992
2761.055182 0.033579
2762.943851 0.032406
2764.832521 0.026837
2766.721191 0.025145
2768.609860 0.034347
2770.498530 0.029529
2772.387200 0.031983
2774.275869 0.032666
2776.164539 0.028784
2778.053209 0.024426
2779.941878 0.034489
2781.830548 0.028305
2783.719218 0.026640
2785.607887 0.019112
2787.496557 0.025329
2789.385227 0.032451
2791.273896 0.032329
2793.162566 0.016114
2795.051236 0.025520
2796.939905 0.024979
2798.828575 0.020655
2800.717245 0.016060
2802.605914 0.018262
2804.494584 0.018565
2806.383254 0.029675
2808.271923 0.029201
2810.160593 0.019162
2812.049263 0.023512
2813.937932 0.027968
2815.826602 0.024162
2817.715272 0.031341
2819.603941 0.027622
2821.492611 0.027193
2823.381281 0.027850
2825.269950 0.030993
2827.158620 0.032042
2829.047290 0.026816
2830.935959 0.026384
2832.824629 0.024684
2834.713299 0.021372
2836.601968 0.021621
2838.490638 0.028382
2840.379308 0.031904
2842.267977 0.027273
2844.156647 0.026444
2846.045317 0.032643
2847.933986 0.015025
2849.822656 0.023759
2851.711326 0.027790
2853.599996 0.029469
2855.488665 0.028643
2857.377335 0.022916
2859.266005 0.027376
2861.154674 0.032500
2863.043344 0.026297
2864.932014 0.020819
2866.820683 0.030306
2868.709353 0.026971
2870.598023 0.027951
2872.486692 0.030565
2874.375362 0.018419
2876.264032 0.020332
2878.152701 0.027337
2880.041371 0.022269
2881.930041 0.027135
2883.818710 0.025553
2885.707380 0.023200
2887.596050 0.026758
2889.484719 0.027003
2891.373389 0.027965
2893.262059 0.022187
2895.150728 0.028334
2897.039398 0.024361
2898.928068 0.023378
2900.816737 0.022364
2902.705407 0.033647
2904.594077 0.031212
2906.482746 0.027753
2908.371416 0.030163
2910.260086 0.030632
2912.148755 0.028186
2914.037425 0.026468
2915.926095 0.031258
2917.814764 0.029266
2919.703434 0.031748
2921.592104 0.021267
2923.480773 0.024242
2925.369443 0.026928
2927.258113 0.013636
2929.146782 0.028363
2931.035452 0.031104
2932.924122 0.030087
2934.812791 0.026008
2936.701461 0.022807
2938.590131 0.023664
2940.478800 0.020775
2942.367470 0.030506
2944.256140 0.027612
2946.144809 0.020403
2948.033479 0.024555
2949.922149 0.024377
2951.810818 0.035137
2953.699488 0.027589
2955.588158 0.025038
2957.476827 0.025488
2959.365497 0.025773
2961.254167 0.031614
2963.142836 0.025819
2965.031506 0.031151
2966.920176 0.028811
2968.808845 0.031067
2970.697515 0.029935
2972.586185 0.028412
2974.474854 0.028602
2976.363524 0.036953
2978.252194 0.025733
2980.140863 0.019576
2982.029533 0.025428
2983.918203 0.020984
2985.806872 0.023474
2987.695542 0.028451
2989.584212 0.024029
2991.472881 0.021177
2993.361551 0.033420
2995.250221 0.024967
2997.138890 0.031444
2999.027560 0.027087
3000.916230 0.013681
3002.804899 0.030983
3004.693569 0.031734
3006.582239 0.012077
3008.470908 0.015458
3010.359578 0.035832
3012.248248 0.021272
3014.136917 0.025001
3016.025587 0.030409
3017.914257 0.030193
3019.802926 0.020902
3021.691596 0.026275
3023.580266 0.024727
3025.468935 0.026808
3027.357605 0.031549
3029.246275 0.032054
3031.134944 0.031204
3033.023614 0.023098
3034.912284 0.023249
3036.800953 0.020494
3038.689623 0.026975
3040.578293 0.026163
3042.466962 0.027670
3044.355632 0.023361
3046.244302 0.026361
3048.132971 0.031366
3050.021641 0.021663
3051.910311 0.022811
3053.798980 0.028770
3055.687650 0.025642
3057.576320 0.027264
3059.464989 0.025882
3061.353659 0.016817
3063.242329 0.026833
3065.130998 0.025596
3067.019668 0.027947
3068.908338 0.024176
3070.797007 0.024813
3072.685677 0.027543
3074.574347 0.021524
3076.463016 0.025251
3078.351686 0.023243
3080.240356 0.029859
3082.129025 0.022483
3084.017695 0.025432
3085.906365 0.026704
3087.795034 0.031297
3089.683704 0.022906
3091.572374 0.030228
3093.461043 0.024235
3095.349713 0.023941
3097.238383 0.021963
3099.127052 0.020898
3101.015722 0.029978
3102.904392 0.028410
3104.793061 0.027256
3106.681731 0.023066
3108.570401 0.033808
3110.459070 0.020095
3112.347740 0.031280
3114.236410 0.029999
3116.125079 0.021595
3118.013749 0.024295
3119.902419 0.018890
3121.791088 0.021382
3123.679758 0.030546
3125.568428 0.029809
3127.457097 0.013899
3148.232464 0.030016
3150.121133 0.024955
3152.009803 0.030860
3153.898473 0.019594
3155.787142 0.022522
3157.675812 0.032034
3159.564482 0.032484
3161.453151 0.025947
3163.341821 0.027448
3165.230491 0.025303
3167.119160 0.025535
3169.007830 0.021972
3170.896500 0.027287
3172.785169 0.030077
3174.673839 0.030726
3176.562509 0.027176
3178.451178 0.022173
3180.339848 0.023764
3182.228518 0.020928
3184.117187 0.026242
3186.005857 0.024246
3187.894527 0.024948
3189.783196 0.030056
3191.671866 0.026134
3193.560536 0.023610
3195.449205 0.025210
3197.337875 0.027191
3199.226545 0.026205
3201.115214 0.031902
3203.003884 0.023216
3204.892554 0.023738
3206.781223 0.023704
3208.669893 0.032388
3210.558563 0.027226
3212.447232 0.040004
3214.335902 0.041794
3216.224572 0.037584
3218.113241 0.032527
3220.001911 0.028250
3221.890581 0.021950
3223.779250 0.022644
3225.667920 0.024991
3227.556590 0.023561
3229.445259 0.021017
3231.333929 0.021281
3233.222599 0.022662
3235.111269 0.020371
3236.999938 0.023883
3238.888608 0.030813
3240.777278 0.026782
3242.665947 0.026808
3244.554617 0.028809
3246.443287 0.023870
3248.331956 0.020780
3250.220626 0.021629
3252.109296 0.026868
3253.997965 0.029159
3255.886635 0.025485
3257.775305 0.026963
3259.663974 0.029770
3261.552644 0.033294
3263.441314 0.033746
3265.329983 0.024696
3267.218653 0.028838
3269.107323 0.027212
3270.995992 0.019143
3272.884662 0.025876
3274.773332 0.023785
3276.662001 0.025144
3278.550671 0.017793
3280.439341 0.026974
3282.328010 0.025652
3284.216680 0.021654
3286.105350 0.022328
3287.994019 0.028958
3289.882689 0.023990
3291.771359 0.027099
3293.660028 0.032918
3295.548698 0.032565
3297.437368 0.028736
3299.326037 0.023976
3301.214707 0.023394
3303.103377 0.011884
3304.992046 0.017639
3306.880716 0.034936
3308.769386 0.033083
3310.658055 0.047530
3312.546725 0.029260
3314.435395 0.003725
3316.324064 0.028190
3318.212734 0.016241
3320.101404 0.024548
3321.990073 0.030233
3323.878743 0.027757
3325.767413 0.021255
3327.656082 0.029886
3329.544752 0.032757
3331.433422 0.027637
3333.322091 0.018299
3335.210761 0.032338
3337.099431 0.023509
3338.988100 0.014508
3340.876770 0.029524
3342.765440 0.035964
3344.654109 0.030887
3346.542779 0.017810
3348.431449 0.028569
3350.320118 0.023301
3352.208788 0.028613
3354.097458 0.025642
3355.986127 0.030000
3357.874797 0.024552
3359.763467 0.022124
3361.652136 0.025871
3363.540806 0.033405
3365.429476 0.027157
3367.318145 0.023177
3369.206815 0.026589
3371.095485 0.022972
3372.984154 0.023765
3374.872824 0.030487
3376.761494 0.020293
3378.650163 0.023951
3380.538833 0.030295
3382.427503 0.024702
3384.316172 0.030762
3386.204842 0.028580
3388.093512 0.026864
3389.982181 0.022239
3391.870851 0.023557
3393.759521 0.018445
3395.648190 0.021830
3397.536860 0.028229
3399.425530 0.018947
3401.314199 0.024909
3403.202869 0.032061
3405.091539 0.028731
3406.980208 0.024947
3408.868878 0.023417
3410.757548 0.025423
3412.646217 0.028896
3414.534887 0.024783
3416.423557 0.026639
3418.312226 0.020035
3420.200896 0.023651
3422.089566 0.028014
3423.978235 0.028558
3425.866905 0.025071
3427.755575 0.019855
3429.644244 0.024997
3431.532914 0.023540
3433.421584 0.023378
3435.310253 0.027967
3437.198923 0.026147
3439.087593 0.023085
3440.976262 0.032141
3442.864932 0.022417
3444.753602 0.018638
3446.642271 0.028634
3448.530941 0.028109
3450.419611 0.022017
3452.308280 0.023512
3454.196950 0.025846
3456.085620 0.027188
3457.974289 0.024196
3459.862959 0.023864
3461.751629 0.029436
3463.640298 0.027715
3465.528968 0.028783
3467.417638 0.021100
3469.306307 0.022069
3471.194977 0.022589
3473.083647 0.025739
3474.972316 0.019087
3476.860986 0.024408
3478.749656 0.029074
3480.638325 0.021159
3482.526995 0.028993
3484.415665 0.027929
3486.304334 0.028947
3488.193004 0.025984
3490.081674 0.032334
3491.970343 0.025151
3493.859013 0.029579
3495.747683 0.031010
3497.636352 0.028825
3499.525022 0.024229
3501.413692 0.023784
3503.302361 0.027705
3505.191031 0.026215
3507.079701 0.026346
3508.968370 0.035237
3510.857040 0.031056
3512.745710 0.030872
3514.634379 0.020844
3516.523049 0.023092
3518.411719 0.024439
3520.300388 0.036397
3522.189058 0.031052
3524.077728 0.010524
3525.966397 0.033745
3527.855067 0.027047
3529.743737 0.019286
3531.632406 0.022481
3533.521076 0.025725
3535.409746 0.015731
3552.407773 0.020561
3554.296442 0.023105
3556.185112 0.030036
3558.073782 0.033094
3559.962451 0.032332
3561.851121 0.032221
3563.739791 0.027639
3565.628460 0.023641
3567.517130 0.020741
3569.405800 0.024421
3584.515157 0.025001
3586.403827 0.020713
3588.292496 0.032559
3590.181166 0.031603
3592.069836 0.022302
3593.958505 0.033110
3595.847175 0.021620
3597.735845 0.026190
3599.624514 0.027585
3601.513184 0.023469
3603.401854 0.023569
3605.290523 0.026380
3607.179193 0.018874
3609.067863 0.018097
3610.956532 0.022148
3612.845202 0.026342
3614.733872 0.028469
3616.622541 0.028807
3618.511211 0.023952
3620.399881 0.027634
3622.288551 0.021608
3624.177220 0.022747
3626.065890 0.029033
3627.954560 0.028321
3629.843229 0.028145
3631.731899 0.017719
3633.620569 0.023663
3635.509238 0.029024
3637.397908 0.028902
3639.286578 0.027480
3641.175247 0.030771
3643.063917 0.024012
3644.952587 0.025424
3646.841256 0.022396
3648.729926 0.016420
3650.618596 0.020749
3652.507265 0.022176
3654.395935 0.025139
3656.284605 0.036766
3658.173274 0.032270
3660.061944 0.020918
3661.950614 0.025629
3663.839283 0.022923
3665.727953 0.023399
3667.616623 0.026089
3669.505292 0.018228
3671.393962 0.013305
3673.282632 0.020744
3675.171301 0.029711
3677.059971 0.022757
3678.948641 0.018608
3680.837310 0.017394
3682.725980 0.024803
3684.614650 0.018170
3686.503319 0.027278
3688.391989 0.026621
3690.280659 0.025723
3692.169328 0.024975
3694.057998 0.021434
3695.946668 0.024213
3697.835337 0.024926
3699.724007 0.028471
3701.612677 0.028218
3703.501346 0.021566
3705.390016 0.021077
3707.278686 0.019215
3709.167355 0.019436
3711.056025 0.022460
3712.944695 0.029541
3714.833364 0.032433
3716.722034 0.029154
3718.610704 0.018947
3720.499373 0.029363
3722.388043 0.060343
3724.276713 0.078664
3726.165382 0.078899
3728.054052 0.068397
3729.942722 0.047629
3731.831391 0.039893
3733.720061 0.028136
3735.608731 0.021980
3737.497400 0.025505
3739.386070 0.022341
3741.274740 0.026452
3743.163409 0.032427
3745.052079 0.030048
3746.940749 0.026234
3748.829418 0.020350
3750.718088 0.027516
3752.606758 0.027519
3754.495427 0.029913
3756.384097 0.030263
3758.272767 0.026376
3760.161436 0.031844
3762.050106 0.026631
3763.938776 0.026147
3765.827445 0.029610
3767.716115 0.021838
3769.604785 0.028517
3771.493454 0.025652
3773.382124 0.033605
3775.270794 0.034535
3777.159463 0.032328
3779.048133 0.033682
3780.936803 0.036388
3782.825472 0.031919
3784.714142 0.028375
3786.602812 0.033121
3788.491481 0.035800
3790.380151 0.031379
3792.268821 0.033539
3794.157490 0.030751
3796.046160 0.022234
3797.934830 0.022376
3799.823499 0.034385
3801.712169 0.027206
3803.600839 0.035900
3805.489508 0.035834
3807.378178 0.027248
3809.266848 0.035011
3811.155517 0.036049
3813.044187 0.035081
3814.932857 0.034254
3816.821526 0.036558
3818.710196 0.030902
3820.598866 0.039490
3822.487535 0.028011
3824.376205 0.032747
3826.264875 0.035921
3828.153544 0.032145
3830.042214 0.026548
3831.930884 0.022361
3833.819553 0.024859
3835.708223 0.010286
3837.596893 0.032316
3839.485562 0.036984
3841.374232 0.040898
3843.262902 0.032305
3845.151571 0.037810
3847.040241 0.043872
3848.928911 0.039231
3850.817580 0.036206
3852.706250 0.039495
3854.594920 0.030453
3856.483589 0.033816
3858.372259 0.023135
3860.260929 0.022088
3862.149598 0.043110
3864.038268 0.029406
3865.926938 0.033354
3867.815607 0.033619
3869.704277 0.030315
3871.592947 0.033367
3873.481616 0.030992
3875.370286 0.030818
3877.258956 0.033886
3879.147625 0.033532
3881.036295 0.032306
3882.924965 0.032833
3884.813634 0.028806
3886.702304 0.026376
3888.590974 0.023293
3890.479643 0.029880
3892.368313 0.033840
3894.256983 0.029714
3896.145652 0.037706
3898.034322 0.024774
3899.922992 0.031102
3901.811661 0.035379
3903.700331 0.032727
3905.589001 0.032194
3907.477670 0.031843
3909.366340 0.050082
3911.255010 0.042732
3913.143679 0.037771
3915.032349 0.030697
3916.921019 0.039489
3918.809688 0.038576
3920.698358 0.040018
3922.587028 0.032221
3924.475697 0.033036
3926.364367 0.033150
3928.253037 0.029198
3930.141706 0.031216
3932.030376 0.028499
3933.919046 0.028072
3935.807715 0.035450
3937.696385 0.034696
3939.585055 0.031946
3941.473724 0.042170
3943.362394 0.039952
3945.251064 0.038443
3947.139733 0.033890
3949.028403 0.034270
3950.917073 0.036105
3952.805742 0.037975
3954.694412 0.042033
3956.583082 0.034494
3958.471751 0.029223
3960.360421 0.030722
3962.249091 0.020999
3964.137760 0.027311
3966.026430 0.020528
3967.915100 0.021981
3969.803769 0.025757
3971.692439 0.025829
3973.581109 0.020186
3975.469778 0.026131
3977.358448 0.031654
3979.247118 0.039528
3981.135787 0.029341
3983.024457 0.030835
3984.913127 0.036730
3986.801796 0.045408
3988.690466 0.038645
3990.579136 0.041544
3992.467805 0.035934
3994.356475 0.045197
3996.245145 0.034431
3998.133814 0.043985
4000.022484 0.039352
4001.911154 0.039562
4003.799823 0.035324
4005.688493 0.039118
4007.577163 0.035190
4009.465833 0.029924
4011.354502 0.041316
4013.243172 0.035348
4015.131842 0.036377
4017.020511 0.038890
4018.909181 0.034325
4020.797851 0.035691
4022.686520 0.035759
4024.575190 0.039839
4026.463860 0.035875
4028.352529 0.039548
4030.241199 0.034359
4032.129869 0.034830
4034.018538 0.038570
4035.907208 0.037032
4037.795878 0.042850
4039.684547 0.035435
4041.573217 0.035691
4043.461887 0.043903
4045.350556 0.044098
4047.239226 0.044040
4049.127896 0.039666
4051.016565 0.041255
4052.905235 0.036824
4054.793905 0.039157
4056.682574 0.038348
4058.571244 0.043042
4060.459914 0.040809
4062.348583 0.036258
4064.237253 0.045210
4066.125923 0.041234
4068.014592 0.050285
4069.903262 0.053907
4071.791932 0.041360
4073.680601 0.039905
4075.569271 0.036908
4077.457941 0.027069
4079.346610 0.032739
4081.235280 0.036891
4083.123950 0.031573
4085.012619 0.036619
4086.901289 0.056336
4088.789959 0.034838
4090.678628 0.043550
4092.567298 0.028893
4094.455968 0.011779
4096.344637 0.025398
4098.233307 0.017913
4100.121977 0.030161
4102.010646 0.040201
4103.899316 0.021263
4105.787986 0.028866
4107.676655 0.038154
4109.565325 0.056260
4111.453995 0.046993
4113.342664 0.049515
4115.231334 0.025565
4117.120004 0.027327
4119.008673 0.033883
4120.897343 0.039429
4122.786013 0.056674
4124.674682 0.038923
4126.563352 0.037313
4128.452022 0.028314
4130.340691 0.019339
4132.229361 0.042077
4134.118031 0.044742
4136.006700 0.042263
4137.895370 0.039363
4139.784040 0.042261
4141.672709 0.036823
4143.561379 0.034830
4145.450049 0.017643
4147.338718 0.023726
4149.227388 0.038195
4151.116058 0.039547
4153.004727 0.036615
4154.893397 0.034682
4156.782067 0.052037
4158.670736 0.044114
4160.559406 0.032224
4162.448076 0.049337
4164.336745 0.027579
4166.225415 0.037016
4168.114085 0.041558
4170.002754 0.034014
4171.891424 0.039681
4173.780094 0.039815
4175.668763 0.041386
4177.557433 0.038576
4179.446103 0.037431
4181.334772 0.037106
4183.223442 0.032269
4185.112112 0.027296
4187.000781 0.031267
4188.889451 0.040577
4190.778121 0.043913
4192.666790 0.044739
4194.555460 0.042693
4196.444130 0.043803
4198.332799 0.042697
4200.221469 0.035264
4202.110139 0.039655
4203.998808 0.045577
4205.887478 0.028771
4207.776148 0.036331
4209.664817 0.040455
4211.553487 0.040222
4213.442157 0.029744
4215.330826 0.037249
4217.219496 0.027842
4219.108166 0.029937
4220.996835 0.034321
4222.885505 0.040101
4224.774175 0.045261
4226.662844 0.050133
4228.551514 0.038717
4230.440184 0.027093
4232.328853 0.012500
4234.217523 0.025405
4236.106193 0.035803
4237.994862 0.028434
4239.883532 0.033214
4241.772202 0.037621
4243.660871 0.038220
4245.549541 0.034444
4247.438211 0.028316
4249.326880 0.034098
4251.215550 0.041467
4253.104220 0.055270
4254.992889 0.046234
4256.881559 0.040550
4258.770229 0.020569
4260.658898 0.028389
4262.547568 0.034563
4264.436238 0.039896
4266.324907 0.041035
4268.213577 0.045501
4270.102247 0.032807
4271.990916 0.024854
4273.879586 0.025872
4275.768256 0.015607
4277.656925 0.046919
4279.545595 0.044406
4281.434265 0.039558
4283.322934 0.044894
4285.211604 0.043723
4287.100274 0.038722
4288.988943 0.041067
4290.877613 0.030034
4292.766283 0.033436
4294.654952 0.040606
4296.543622 0.036042
4298.432292 0.037240
4300.320961 0.025573
4302.209631 0.047350
4304.098301 0.053092
4305.986970 0.037624
4307.875640 0.033201
4309.764310 0.031376
4311.652979 0.027556
4313.541649 0.030344
4315.430319 0.032663
4317.318988 0.038147
4319.207658 0.041421
4321.096328 0.029701
4322.984997 0.028214
4324.873667 0.033291
4326.762337 0.026350
4328.651006 0.028441
4330.539676 0.037971
4332.428346 0.059632
4334.317015 0.048250
4336.205685 0.067320
4338.094355 0.033083
4339.983024 0.000747
4341.871694 0.007170
4343.760364 0.024302
4345.649033 0.025965
4347.537703 0.021835
4349.426373 0.029069
4351.315042 0.042399
4353.203712 0.050823
4355.092382 0.046812
4356.981051 0.032253
4358.869721 0.032078
4360.758391 -0.011215
4362.647060 0.015333
4364.535730 0.032162
4366.424400 0.028039
4368.313069 0.032405
4370.201739 0.041699
4372.090409 0.039757
4373.979078 0.027517
4375.867748 0.036546
4377.756418 0.040096
4379.645087 0.039664
4381.533757 0.021461
4383.422427 0.022092
4385.311096 0.024701
4387.199766 0.033689
4389.088436 0.034741
4390.977106 0.043028
4392.865775 0.047994
4394.754445 0.038833
4396.643115 0.041500
4398.531784 0.043823
4400.420454 0.024906
4402.309124 0.038802
4404.197793 0.040270
4406.086463 0.033016
4407.975133 0.029283
4409.863802 0.039878
4411.752472 0.049093
4413.641142 0.031957
4415.529811 0.019415
4417.418481 0.019973
4419.307151 0.026110
4421.195820 0.043667
4423.084490 0.030763
4424.973160 0.023001
4426.861829 0.029375
4428.750499 0.035516
4430.639169 0.035891
4432.527838 0.022629
4434.416508 0.022211
4436.305178 0.032539
4438.193847 0.039614
4440.082517 0.031092
4441.971187 0.029200
4443.859856 0.025509
4445.748526 0.015470
4447.637196 0.027333
4449.525865 0.059187
4451.414535 0.045388
4453.303205 0.028305
4455.191874 0.040160
4457.080544 0.045333
4458.969214 0.043609
4460.857883 0.051284
4462.746553 0.043232
4464.635223 0.025842
4466.523892 0.030557
4468.412562 0.037406
4470.301232 0.035620
4472.189901 0.027189
4474.078571 -0.001697
4475.967241 0.027184
4477.855910 0.024290
4479.744580 0.053083
4481.633250 0.045864
4483.521919 0.030684
4485.410589 0.029855
4487.299259 0.038584
4489.187928 -0.003808
4491.076598 -0.000283
4492.965268 0.017206
4494.853937 0.043552
4496.742607 0.103224
4498.631277 0.054310
4500.519946 0.025331
4502.408616 0.018169
4504.297286 0.019618
4506.185955 0.045006
