3216.318075 0.047044
3218.734715 0.044135
3221.151356 0.040523
3223.567996 0.053869
3225.984636 0.059327
3228.401277 0.039496
3230.817917 0.028973
3233.234557 0.052222
3235.651198 0.044136
3238.067837 0.044621
3240.484477 0.075640
3242.901118 0.032853
3245.317758 0.043851
3247.734398 0.050337
3250.151039 0.068660
3252.567679 0.051821
3254.984319 0.056889
3257.400959 0.049651
3259.817599 0.074915
3262.234239 0.059304
3264.650880 0.064450
3267.067520 0.066312
3269.484160 0.048629
3271.900801 0.063405
3274.317441 0.064854
3276.734081 0.066442
3279.150721 0.075725
3281.567362 0.074439
3283.984001 0.050591
3286.400642 0.052519
3288.817282 0.076008
3291.233922 0.049761
3293.650562 0.073346
3296.067203 0.066937
3298.483843 0.054295
3300.900483 0.081937
3303.317124 0.077112
3305.733763 0.087336
3308.150403 0.078963
3310.567044 0.056910
3312.983684 0.072798
3315.400324 0.093854
3317.816965 0.086193
3320.233605 0.056053
3322.650245 0.059425
3325.066886 0.062998
3327.483526 0.078759
3329.900165 0.072710
3332.316806 0.061559
3334.733446 0.065139
3337.150086 0.065175
3339.566727 0.059741
3341.983367 0.059118
3344.400007 0.049593
3346.816647 0.054803
3349.233288 0.054400
3351.649927 0.056624
3354.066568 0.052338
3356.483208 0.075225
3358.899848 0.057344
3361.316489 0.041458
3363.733129 0.051000
3366.149769 0.058620
3368.566409 0.048063
3370.983050 0.050685
3373.399690 0.066274
3375.816330 0.075431
3378.232970 0.055020
3380.649610 0.060972
3383.066250 0.062921
3385.482891 0.078488
3387.899531 0.056974
3390.316171 0.085212
3392.732812 0.067866
3395.149452 0.058573
3397.566092 0.080481
3399.982732 0.061253
3402.399372 0.082588
3404.816012 0.072242
3407.232653 0.073175
3409.649293 0.070029
3412.065933 0.053059
3414.482574 0.056799
3416.899214 0.061738
3419.315854 0.084429
3421.732494 0.073445
3424.149134 0.080078
3426.565774 0.079248
3428.982415 0.069075
3431.399055 0.061252
3433.815695 0.080354
3436.232336 0.086676
3438.648976 0.068177
3441.065616 0.051265
3443.482256 0.048093
3445.898896 0.048498
3448.315536 0.063590
3450.732177 0.073693
3453.148817 0.080259
3455.565457 0.056868
3457.982097 0.076546
3460.398738 0.083791
3462.815378 0.068768
3465.232018 0.055008
3467.648658 0.060427
3470.065298 0.058623
3472.481938 0.046016
3474.898579 0.070587
3477.315219 0.086245
3479.731859 0.054498
3482.148500 0.078022
3484.565140 0.065266
3486.981780 0.092504
3489.398421 0.068122
3491.815060 0.065844
3494.231700 0.079756
3496.648341 0.082337
3499.064981 0.075379
3501.481621 0.068451
3503.898262 0.083089
3506.314902 0.067810
3508.731542 0.079455
3511.148182 0.065188
3513.564822 0.051871
3515.981462 0.068866
3518.398103 0.066573
3520.814743 0.087115
3523.231383 0.082033
3525.648024 0.078417
3528.064664 0.060761
3530.481304 0.060377
3532.897944 0.073348
3535.314585 0.066162
3537.731224 0.065070
3540.147865 0.089257
3542.564505 0.065329
3544.981145 0.069284
3547.397785 0.088976
3549.814426 0.079928
3552.231066 0.072891
3554.647706 0.088249
3557.064347 0.075117
3559.480986 0.094921
3561.897627 0.077065
3564.314267 0.061282
3566.730907 0.079573
3569.147547 0.072056
3571.564188 0.051837
3573.980828 0.054816
3576.397468 0.070010
3578.814109 0.047586
3581.230749 0.062417
3583.647388 0.045563
3586.064029 0.077350
3588.480669 0.066364
3590.897309 0.050814
3593.313950 0.071941
3595.730590 0.076700
3598.147230 0.060648
3600.563871 0.082418
3602.980511 0.080400
3605.397150 0.087354
3607.813791 0.081747
3610.230431 0.059177
3612.647071 0.095569
3615.063712 0.079501
3617.480352 0.074262
3619.896992 0.082014
3622.313632 0.071387
3624.730273 0.091525
3627.146913 0.064385
3629.563553 0.061334
3631.980193 0.054207
3634.396833 0.066808
3636.813473 0.059248
3639.230114 0.064514
3641.646754 0.081206
3644.063394 0.088292
3646.480035 0.086886
3648.896675 0.098624
3651.313315 0.073739
3653.729955 0.066980
3656.146595 0.086809
3658.563235 0.103174
3660.979876 0.096573
3663.396516 0.098064
3665.813156 0.094542
3668.229797 0.091521
3670.646437 0.093673
3673.063077 0.094862
3675.479717 0.090564
3677.896357 0.056754
3680.312997 0.079154
3682.729638 0.086986
3685.146278 0.097384
3687.562918 0.109416
3689.979559 0.076316
3692.396199 0.086758
3694.812839 0.097619
3697.229479 0.093147
3699.646119 0.092462
3702.062759 0.087390
3704.479400 0.089677
3706.896040 0.095516
3709.312680 0.084930
3711.729320 0.081236
3714.145961 0.076229
3716.562601 0.090455
3718.979241 0.098166
3721.395881 0.092133
3723.812521 0.076759
3726.229162 0.061630
3728.645802 0.070716
3731.062442 0.075311
3733.479082 0.106462
3735.895723 0.079984
3738.312363 0.052142
3740.729003 0.062127
3743.145644 0.080467
3745.562283 0.056803
3747.978923 0.082712
3750.395564 0.054067
3752.812204 0.068491
3755.228844 0.076310
3757.645485 0.097319
3760.062125 0.103093
3762.478765 0.096351
3764.895406 0.104750
3767.312045 0.079643
3769.728685 0.086268
3772.145326 0.077066
3774.561966 0.103381
3776.978606 0.090957
3779.395247 0.089925
3781.811887 0.103794
3784.228527 0.116455
3786.645167 0.115840
3789.061808 0.095831
3791.478447 0.096400
3793.895088 0.107946
3796.311728 0.088660
3798.728368 0.074528
3801.145008 0.080938
3803.561649 0.077480
3805.978289 0.082929
3808.394929 0.105231
3810.811570 0.101032
3813.228209 0.102288
3815.644850 0.115419
3818.061490 0.101208
3820.478130 0.088140
3822.894770 0.090375
3825.311411 0.092100
3827.728051 0.069532
3830.144691 0.077151
3832.561332 0.066723
3834.977972 0.071179
3837.394611 0.083539
3839.811252 0.058205
3842.227892 0.053398
3844.644532 0.083507
3847.061173 0.068123
3849.477813 0.078722
3851.894453 0.105632
3854.311094 0.100042
3856.727734 0.099487
3859.144373 0.077650
3861.561014 0.080604
3863.977654 0.081803
3866.394294 0.073840
3868.810935 0.079643
3871.227575 0.094831
3873.644215 0.080605
3876.060855 0.103122
3878.477496 0.093138
3880.894136 0.068322
3883.310776 0.085077
3885.727416 0.080325
3888.144056 0.089258
3890.560697 0.103553
3892.977337 0.095030
3895.393977 0.086672
3897.810617 0.102245
3900.227258 0.109982
3902.643898 0.099866
3905.060538 0.098178
3907.477178 0.108576
3909.893818 0.104995
3912.310458 0.115219
3914.727099 0.092805
3917.143739 0.121453
3919.560379 0.118456
3921.977020 0.119976
3924.393660 0.131516
3926.810300 0.121610
3929.226940 0.111888
3931.643580 0.078712
3934.060220 0.066847
3936.476861 0.055399
3938.893501 0.058001
3941.310141 0.037283
3943.726782 0.057916
3946.143422 0.083833
3948.560062 0.079186
3950.976702 0.102568
3953.393342 0.105428
3955.809982 0.103880
3958.226623 0.120276
3960.643263 0.118895
3963.059903 0.106599
3965.476543 0.100460
3967.893184 0.076659
3970.309824 0.063097
3972.726464 0.052967
3975.143104 0.057090
3977.559744 0.069095
3979.976385 0.082569
3982.393025 0.110352
3984.809665 0.120166
3987.226305 0.117970
3989.642946 0.131870
3992.059586 0.133150
3994.476226 0.133348
3996.892866 0.159225
3999.309506 0.141105
4001.726146 0.127382
4018.642629 0.186429
4021.059268 0.157446
4023.475908 0.157952
4025.892549 0.139169
4028.309189 0.137811
4030.725829 0.145847
4033.142470 0.165909
4035.559110 0.141692
4037.975750 0.148818
4040.392390 0.161552
4042.809030 0.172838
4045.225670 0.152888
4047.642311 0.154185
4050.058951 0.148982
4052.475591 0.137490
4054.892232 0.164090
4057.308872 0.165663
4059.725512 0.141408
4062.142152 0.130983
4064.558793 0.151905
4066.975432 0.141208
4069.392073 0.136936
4071.808713 0.165432
4074.225353 0.148402
4076.641993 0.162538
4079.058634 0.146464
4081.475274 0.134086
4083.891914 0.146003
4086.308555 0.155241
4088.725195 0.159023
4091.141834 0.149746
4093.558475 0.165014
4095.975115 0.168890
4098.391755 0.142968
4100.808396 0.148230
4103.225036 0.134495
4105.641676 0.136877
4108.058317 0.124275
4110.474957 0.111352
4112.891596 0.136668
4115.308237 0.133219
4117.724877 0.153761
4120.141517 0.152079
4122.558158 0.139243
4124.974798 0.148919
4127.391438 0.149266
4129.808078 0.150986
4132.224719 0.153108
4134.641359 0.144941
4137.057999 0.151137
4139.474639 0.136295
4141.891279 0.151119
4144.307920 0.142549
4146.724560 0.128271
4149.141200 0.142729
4151.557840 0.159472
4153.974481 0.139391
4156.391121 0.127100
4158.807761 0.137447
4161.224401 0.145562
4163.641041 0.144696
4166.057681 0.132121
4168.474322 0.149529
4170.890962 0.161616
4173.307602 0.153702
4175.724243 0.140168
4178.140883 0.161308
4180.557523 0.132581
4182.974163 0.160208
4185.390803 0.136906
4187.807443 0.131261
4190.224084 0.139711
4192.640724 0.167609
4195.057364 0.161290
4197.474005 0.148915
4199.890645 0.142445
4202.307285 0.143637
4204.723925 0.134535
4207.140565 0.138860
4209.557205 0.156564
4211.973846 0.141002
4214.390486 0.144070
4216.807126 0.135088
4219.223767 0.153177
4221.640407 0.157802
4224.057047 0.169905
4226.473687 0.153976
4228.890327 0.128737
4231.306967 0.103196
4233.723608 0.104452
4236.140248 0.138905
4238.556888 0.152188
4240.973528 0.173208
4243.390169 0.146168
4245.806809 0.176397
4248.223449 0.154137
4250.640089 0.158253
4253.056729 0.181380
4255.473369 0.154631
4257.890010 0.158698
4260.306650 0.167503
4262.723290 0.148228
4265.139931 0.154034
4267.556571 0.173340
4269.973211 0.173502
4272.389852 0.165116
4274.806491 0.150191
4277.223131 0.137821
4279.639772 0.141812
4282.056412 0.136350
4284.473052 0.161984
4286.889693 0.145165
4289.306333 0.139467
4291.722973 0.155893
4294.139613 0.135147
4296.556253 0.165774
4298.972893 0.136342
4301.389534 0.120112
4303.806174 0.117604
4306.222814 0.103418
4308.639455 0.105305
4311.056095 0.092068
4313.472735 0.105299
4315.889375 0.143342
4318.306016 0.151988
4320.722655 0.161345
4323.139296 0.172236
4325.555936 0.167914
4327.972576 0.156129
4330.389216 0.160924
4332.805857 0.177711
4335.222497 0.160821
4337.639137 0.162184
4340.055778 0.149209
4342.472417 0.151698
4344.889058 0.155582
4347.305698 0.161521
4349.722338 0.156466
4352.138978 0.191154
4354.555619 0.182166
4356.972259 0.188458
4359.388899 0.166448
4361.805540 0.154715
4364.222180 0.176536
4366.638819 0.168304
4369.055460 0.202457
4371.472100 0.173967
4373.888740 0.179363
4376.305381 0.172515
4378.722021 0.164035
4381.138661 0.164581
4383.555302 0.173969
4385.971942 0.154108
4388.388581 0.143580
4390.805222 0.166563
4393.221862 0.155211
4395.638502 0.157247
4398.055143 0.178385
4400.471783 0.181550
4402.888423 0.169965
4405.305063 0.168205
4407.721704 0.165440
4410.138344 0.162817
4412.554984 0.180274
4414.971624 0.171250
4417.388264 0.171526
4419.804904 0.181282
4422.221545 0.152876
4424.638185 0.187796
4427.054825 0.191079
4429.471466 0.188779
4431.888106 0.192250
4434.304746 0.201271
4436.721386 0.183569
4439.138026 0.165274
4441.554666 0.184966
4443.971307 0.166151
4446.387947 0.182467
4448.804587 0.192347
4451.221228 0.210528
4453.637868 0.211763
4456.054508 0.190526
4458.471148 0.174607
4460.887788 0.185282
4463.304428 0.167923
4465.721069 0.169310
4468.137709 0.175289
4470.554349 0.164690
4472.970990 0.181108
4475.387630 0.195529
4477.804270 0.208513
4480.220910 0.206252
4482.637550 0.192507
4485.054190 0.213416
4487.470831 0.205671
4489.887471 0.196577
4492.304111 0.194180
4494.720751 0.204460
4497.137392 0.179778
4499.554032 0.174297
4501.970672 0.185339
4504.387312 0.201937
4506.803952 0.207781
4509.220593 0.184703
4511.637233 0.223206
4514.053873 0.197301
4516.470513 0.206822
4518.887154 0.200442
4521.303794 0.211166
4523.720434 0.205520
4545.470196 0.188767
4547.886837 0.195851
4550.303476 0.221171
4552.720116 0.187474
4555.136757 0.190092
4557.553397 0.195256
4559.970037 0.213368
4562.386678 0.196833
4564.803318 0.206182
4567.219958 0.202003
4569.636598 0.206131
4572.053239 0.184485
4574.469878 0.128428
4576.886519 0.190645
4579.303159 0.213314
4581.719799 0.193739
4584.136439 0.204788
4586.553080 0.195138
4588.969720 0.201834
4591.386360 0.215501
4593.803001 0.191362
4596.219640 0.201273
4598.636281 0.202553
4601.052921 0.195727
4603.469561 0.196424
4605.886201 0.197137
4608.302842 0.204483
4610.719482 0.209099
4613.136122 0.213995
4615.552763 0.205340
4617.969403 0.223996
4620.386042 0.217022
4622.802683 0.227880
4625.219323 0.211330
4627.635963 0.224113
4630.052604 0.220813
4632.469244 0.220047
4634.885884 0.203574
4637.302525 0.204679
4639.719165 0.210243
4642.135804 0.211602
4644.552445 0.187102
4646.969085 0.205710
4649.385725 0.198463
4651.802366 0.183037
4654.219006 0.198457
4656.635646 0.199915
4659.052286 0.200433
4661.468927 0.217647
4663.885567 0.213755
4666.302207 0.204894
4668.718847 0.184114
4671.135487 0.174413
4673.552128 0.173170
4675.968768 0.195387
4678.385408 0.189729
4680.802048 0.203041
4683.218689 0.193996
4685.635329 0.192883
4688.051969 0.205153
4690.468609 0.203883
4692.885249 0.193713
4695.301889 0.204174
4697.718530 0.201702
4700.135170 0.200826
4702.551810 0.194094
4704.968451 0.184890
4707.385091 0.173955
4709.801731 0.205045
4712.218371 0.222991
4714.635011 0.205909
4717.051651 0.207420
4719.468292 0.215446
4721.884932 0.210084
4724.301572 0.218917
4726.718213 0.241153
4729.134853 0.235359
4731.551493 0.216584
4733.968133 0.198749
4736.384773 0.194920
4738.801413 0.193219
4741.218054 0.204638
4743.634694 0.220190
4746.051334 0.218616
4748.467974 0.222306
4750.884615 0.225724
4753.301255 0.203505
4755.717895 0.221242
4758.134535 0.213220
4760.551175 0.199660
4762.967816 0.212258
4765.384456 0.226182
4767.801096 0.211681
4770.217736 0.210436
4772.634377 0.213208
4775.051017 0.211005
4777.467657 0.200762
4779.884298 0.210777
4782.300937 0.210450
4784.717577 0.216220
4787.134218 0.193452
4789.550858 0.201096
4791.967498 0.191405
4794.384139 0.196240
4796.800779 0.217414
4799.217419 0.228542
4801.634060 0.237793
4804.050699 0.223795
4806.467339 0.205329
4808.883980 0.208758
4811.300620 0.218244
4813.717260 0.201452
4816.133901 0.215670
4818.550541 0.231881
4820.967181 0.212959
4823.383821 0.206693
4825.800462 0.226566
4828.217101 0.217893
4830.633742 0.224029
4833.050382 0.208211
4835.467022 0.197767
4837.883663 0.214418
4840.300303 0.218161
4842.716943 0.207531
4845.133583 0.204998
4847.550224 0.217824
4849.966863 0.210939
4852.383504 0.216954
4854.800144 0.208398
4857.216784 0.196492
4859.633424 0.184954
4862.050065 0.178895
4864.466705 0.178966
4866.883345 0.177421
4869.299986 0.188273
4871.716626 0.181198
4874.133265 0.199418
4876.549906 0.194706
4878.966546 0.193105
4881.383186 0.213500
4883.799827 0.212096
4886.216467 0.211731
4888.633107 0.206430
4891.049748 0.205421
4893.466388 0.204705
4895.883027 0.204464
4898.299668 0.220976
4900.716308 0.222175
4903.132948 0.226131
4905.549589 0.235727
4907.966229 0.232114
4910.382869 0.199586
4912.799509 0.230886
4915.216150 0.231786
4917.632790 0.214894
4920.049430 0.219786
4922.466070 0.204511
4924.882710 0.216621
4927.299351 0.188480
4929.715991 0.180368
4932.132631 0.226410
4934.549271 0.222963
4936.965912 0.186358
4939.382552 0.171217
4941.799192 0.160160
4944.215832 0.161114
4946.632472 0.185760
4949.049112 0.210641
4951.465753 0.211189
4953.882393 0.197984
4956.299033 0.201965
4958.715674 0.200393
4961.132314 0.202822
4963.548954 0.184690
4965.965594 0.209836
4968.382234 0.227760
4970.798874 0.200455
4973.215515 0.189070
4975.632155 0.186066
4978.048795 0.211373
4980.465436 0.193982
4982.882076 0.194318
4985.298716 0.200779
4987.715356 0.170494
4990.131996 0.194386
4992.548636 0.204172
4994.965277 0.215717
4997.381917 0.201600
4999.798557 0.195530
5002.215198 0.199386
5004.631838 0.202138
5007.048478 0.211476
5009.465118 0.202762
5011.881758 0.197104
5014.298398 0.189009
5016.715039 0.178026
5019.131679 0.173937
5021.548319 0.174601
5023.964959 0.179237
5026.381600 0.177562
5028.798240 0.203918
5031.214880 0.199577
5033.631520 0.223413
5036.048160 0.188321
5038.464800 0.188424
5040.881441 0.189976
5043.298081 0.202761
5045.714721 0.214138
5048.131362 0.195490
5050.548002 0.205431
5052.964642 0.211207
5055.381283 0.211085
5057.797922 0.187335
5060.214562 0.214123
5062.631203 0.225431
5065.047843 0.225881
5067.464483 0.219017
5069.881124 0.213800
5072.297764 0.218661
5074.714404 0.212876
5077.131044 0.210141
5079.547684 0.220426
5081.964324 0.199905
5084.380965 0.172116
5086.797605 0.191442
5089.214245 0.194478
5091.630886 0.199832
5094.047526 0.213306
5096.464166 0.205672
5098.880806 0.215056
5101.297447 0.208600
5103.714086 0.193146
5106.130727 0.191527
5108.547367 0.206228
5110.964007 0.209183
5113.380647 0.204055
5115.797288 0.203113
5118.213928 0.205547
5120.630568 0.207529
5123.047209 0.206044
5125.463848 0.203970
5127.880489 0.189405
5130.297129 0.190468
5132.713769 0.206362
5135.130409 0.194319
5137.547050 0.170956
5139.963690 0.196444
5142.380330 0.209920
5144.796971 0.192670
5147.213611 0.192366
5149.630250 0.187902
5152.046891 0.193517
5154.463531 0.200304
5156.880171 0.164915
5159.296812 0.176250
5161.713452 0.210414
5164.130092 0.193095
5166.546733 0.175713
5168.963373 0.180314
5171.380013 0.155322
5173.796653 0.158589
5176.213293 0.159516
5178.629933 0.152894
5181.046574 0.162257
5183.463214 0.161779
5185.879854 0.144586
5188.296494 0.176325
5190.713135 0.188760
5193.129775 0.207583
5195.546415 0.208762
5197.963055 0.180547
5200.379695 0.183389
5202.796335 0.210753
5205.212976 0.198905
5207.629616 0.261251
5210.046256 0.162605
5212.462897 0.158883
5214.879537 0.169574
5217.296177 0.189199
5219.712817 0.205993
5222.129457 0.198892
5224.546097 0.212431
5226.962738 0.214368
5229.379378 0.172215
5231.796018 0.228846
5234.212659 0.203715
5236.629299 0.192271
5239.045939 0.187635
5241.462579 0.240646
5243.879219 0.213990
5246.295859 0.192627
5248.712500 0.186798
5251.129140 0.214308
5253.545780 0.215247
5255.962421 0.229137
5258.379061 0.239136
5260.795701 0.218408
5263.212341 0.221306
5265.628981 0.218159
5268.045621 0.195556
5270.462262 0.188869
5272.878902 0.204638
5275.295542 0.208813
5277.712182 0.167885
5280.128823 0.197339
5282.545463 0.234343
5284.962103 0.221089
5287.378743 0.207752
5289.795383 0.218390
5292.212024 0.215771
5294.628664 0.207778
5297.045304 0.204421
5299.461944 0.200712
5301.878585 0.226541
5304.295225 0.200675
5306.711865 0.206386
5309.128506 0.214781
5311.545145 0.219858
5313.961785 0.216729
5316.378426 0.219045
5318.795066 0.214949
5321.211706 0.228421
5323.628347 0.230406
5326.044987 0.202723
5328.461627 0.209690
5330.878267 0.184736
5333.294907 0.197331
5335.711547 0.211294
5338.128188 0.224163
5340.544828 0.212467
5342.961468 0.219651
5345.378109 0.219457
5347.794749 0.210223
5350.211389 0.204370
5352.628029 0.192631
5355.044670 0.203725
5357.461309 0.220621
5359.877950 0.238696
5362.294590 0.250592
5364.711230 0.216431
5367.127870 0.197617
5369.544511 0.217490
5371.961151 0.212211
5374.377791 0.236695
5376.794432 0.229468
5379.211071 0.205549
5381.627712 0.189160
5384.044352 0.224865
5386.460992 0.218878
5388.877632 0.216824
5391.294273 0.221132
5393.710913 0.224750
5396.127553 0.224091
5398.544194 0.212859
5400.960834 0.212664
5403.377473 0.208934
5405.794114 0.178306
5408.210754 0.185936
5410.627394 0.213306
5413.044035 0.245054
5415.460675 0.229152
5417.877315 0.220049
5420.293956 0.222795
5422.710596 0.224684
5425.127235 0.203019
5427.543876 0.231165
5429.960516 0.206880
5432.377156 0.241713
5434.793797 0.210754
5437.210437 0.209447
5439.627077 0.200067
5442.043717 0.190031
5444.460358 0.220760
5446.876998 0.210830
5449.293638 0.194680
5451.710278 0.206570
5454.126918 0.237597
5456.543559 0.208130
5458.960199 0.226299
5461.376839 0.210947
5463.793479 0.202596
5466.210120 0.144693
5468.626760 0.120695
5471.043400 0.180375
5473.460040 0.202014
5475.876680 0.209006
5478.293320 0.210933
5480.709961 0.259629
5483.126601 0.219987
5485.543241 0.184616
5487.959882 0.150385
5490.376522 0.226796
5492.793162 0.214576
5495.209802 0.206345
5497.626442 0.207293
5500.043082 0.234084
5502.459723 0.220897
5504.876363 0.225321
5507.293003 0.233312
5509.709644 0.208119
5512.126284 0.202541
5514.542924 0.193557
5516.959564 0.221522
5519.376204 0.211644
5521.792844 0.198146
5524.209485 0.213366
5526.626125 0.188872
5529.042765 0.190186
5531.459405 0.193388
5533.876046 0.197585
5536.292686 0.201626
5538.709326 0.204978
5541.125966 0.192046
5543.542606 0.191476
5545.959247 0.184984
5548.375887 0.203822
5550.792527 0.202757
5553.209167 0.226121
5555.625808 0.245305
5558.042448 0.229537
5560.459088 0.211221
5562.875729 0.213062
5565.292368 0.198849
5567.709008 0.204179
5570.125649 0.213583
5572.542289 0.177139
5574.958929 0.195636
5577.375570 0.219251
5579.792210 0.211881
5582.208850 0.214815
5584.625491 0.211217
5587.042130 0.210105
5589.458770 0.202739
5591.875411 0.204544
5594.292051 0.195049
5596.708691 0.182633
5599.125332 0.183716
5601.541972 0.209307
5603.958612 0.186029
5606.375252 0.187276
5608.791893 0.200254
5611.208532 0.227459
5613.625173 0.235748
5616.041813 0.184954
