3477.604320 0.022125
3480.203611 0.017437
3482.802903 0.011259
3485.402194 0.013779
3488.001485 0.009021
3490.600777 0.008760
3493.200068 0.018155
3495.799359 0.014569
3498.398651 0.009006
3500.997942 0.019657
3503.597234 0.020424
3506.196525 0.012895
3508.795816 0.012834
3511.395108 0.020055
3513.994399 0.025850
3516.593691 0.020327
3519.192982 0.013271
3521.792273 0.015126
3524.391565 0.024146
3526.990856 0.009478
3529.590147 0.004209
3532.189439 0.006046
3534.788730 0.020435
3537.388022 0.024605
3539.987313 0.008335
3542.586604 0.019989
3545.185896 0.013355
3547.785187 0.009200
3550.384479 0.011407
3552.983770 0.008582
3555.583061 0.006636
3558.182353 0.014881
3560.781644 0.015698
3563.380935 0.004438
3565.980227 0.030537
3568.579518 0.022680
3571.178810 0.009427
3573.778101 0.011964
3576.377392 0.011471
3578.976684 0.009237
3581.575975 0.011889
3584.175267 0.008636
3586.774558 0.006879
3589.373849 0.015501
3591.973141 0.008262
3594.572432 0.023533
3597.171723 0.014108
3599.771015 0.031228
3602.370306 0.023957
3604.969598 0.017711
3607.568889 0.015575
3610.168180 0.005763
3612.767472 0.016677
3615.366763 0.024512
3617.966054 0.017902
3620.565346 0.014322
3623.164637 0.011394
3625.763929 0.007863
3628.363220 0.012659
3630.962511 0.008001
3633.561803 0.013963
3636.161094 0.008551
3638.760386 0.004526
3641.359677 0.016735
3643.958968 0.008504
3646.558260 0.014877
3649.157551 0.009426
3651.756842 0.015404
3654.356134 0.024694
3656.955425 0.023998
3659.554717 -0.000109
3662.154008 0.025827
3664.753299 0.006142
3667.352591 0.014303
3669.951882 0.015393
3672.551174 0.008316
3675.150465 0.003677
3677.749756 0.013782
3680.349048 0.020914
3682.948339 0.017035
3685.547630 0.022688
3688.146922 0.012779
3690.746213 0.018402
3693.345505 0.014675
3695.944796 0.026670
3698.544087 0.013693
3701.143379 0.016791
3703.742670 0.012295
3706.341962 0.015943
3708.941253 0.009911
3711.540544 0.014550
3714.139836 0.020863
3716.739127 0.023009
3719.338418 0.014165
3721.937710 0.016062
3724.537001 0.014474
3727.136293 0.019429
3729.735584 0.015357
3732.334875 0.016336
3734.934167 0.014504
3737.533458 0.009881
3740.132750 0.009191
3742.732041 0.009176
3745.331332 0.002140
3747.930624 0.007386
3750.529915 0.009280
3753.129206 0.014853
3755.728498 0.015949
3758.327789 0.018398
3760.927081 0.013376
3763.526372 0.023400
3766.125663 0.021883
3768.724955 0.020391
3771.324246 0.015329
3773.923538 0.026569
3776.522829 0.019528
3779.122120 0.020445
3781.721412 0.019888
3784.320703 0.011841
3786.919994 0.018890
3789.519286 0.023214
3792.118577 0.017713
3794.717869 0.009652
3797.317160 0.017726
3799.916451 0.006171
3802.515743 0.016338
3805.115034 0.025449
3807.714325 0.016021
3810.313617 0.026917
3812.912908 0.011824
3815.512200 0.027138
3818.111491 0.017997
3820.710782 0.016223
3823.310074 0.013494
3825.909365 0.019713
3828.508657 0.004829
3831.107948 0.016265
3833.707239 0.008557
3836.306531 0.003986
3838.905822 0.007576
3841.505113 0.012023
3844.104405 0.004887
3846.703696 0.017320
3849.302988 0.013451
3851.902279 0.011080
3854.501570 0.014577
3857.100862 0.014392
3859.700153 0.015092
3862.299445 0.008644
3864.898736 0.013155
3867.498027 0.014615
3870.097319 0.020408
3872.696610 0.010321
3875.295901 0.019596
3877.895193 0.007753
3880.494484 0.011174
3883.093776 0.006334
3885.693067 0.011422
3888.292358 0.015519
3890.891650 0.010620
3893.490941 0.013202
3896.090233 0.018069
3898.689524 0.015050
3901.288815 0.015777
3903.888107 0.017667
3906.487398 0.024876
3909.086689 0.022897
3911.685981 0.021237
3914.285272 0.030108
3916.884564 0.025094
3919.483855 0.015932
3922.083146 0.008493
3924.682438 0.018317
3927.281729 0.016127
3929.881021 0.013165
3932.480312 0.011398
3935.079603 0.004912
3937.678895 0.009663
3940.278186 0.017198
3942.877477 0.018025
3945.476769 0.025197
3948.076060 0.022153
3950.675352 0.023870
3953.274643 0.024878
3955.873934 0.028528
3958.473226 0.015093
3961.072517 0.021295
3963.671809 0.013324
3966.271100 0.011318
3968.870391 -0.001014
3971.469683 0.005557
3974.068974 0.012274
3976.668265 0.017342
3979.267557 0.029218
3981.866848 0.020447
3984.466140 0.013024
3987.065431 0.017070
3989.664722 0.021825
3992.264014 0.028142
3994.863305 0.024863
3997.462597 0.026556
4000.061888 0.024619
4002.661179 0.022127
4005.260471 0.026576
4007.859762 0.017825
4010.459053 0.023382
4013.058345 0.031202
4015.657636 0.023601
4018.256928 0.023040
4020.856219 0.032424
4023.455510 0.021605
4026.054802 0.020246
4028.654093 0.021167
4031.253384 0.028689
4033.852676 0.025289
4036.451967 0.031058
4039.051259 0.022686
4041.650550 0.027259
4044.249841 0.019839
4046.849133 0.021110
4049.448424 0.023994
4052.047716 0.026589
4054.647007 0.026285
4057.246298 0.026661
4059.845590 0.021621
4062.444881 0.017840
4065.044172 0.021301
4067.643464 0.026669
4070.242755 0.025520
4072.842047 0.022363
4075.441338 0.016981
4078.040629 0.020660
4080.639921 0.033407
4083.239212 0.023701
4085.838504 0.024996
4088.437795 0.032524
4091.037086 0.036346
4093.636378 0.034330
4096.235669 0.037288
4098.834960 0.025878
4101.434252 0.025435
4104.033543 0.025424
4106.632835 0.023386
4109.232126 0.026709
4111.831417 0.028968
4114.430709 0.026360
4117.030000 0.023993
4119.629292 0.026979
4122.228583 0.029089
4124.827874 0.030540
4127.427166 0.017305
4130.026457 0.027257
4132.625748 0.029872
4135.225040 0.028642
4137.824331 0.028462
4140.423623 0.026497
4143.022914 0.028814
4145.622205 0.024972
4148.221497 0.022964
4150.820788 0.029837
4153.420080 0.026367
4156.019371 0.022508
4158.618662 0.026538
4161.217954 0.030035
4163.817245 0.025278
4166.416536 0.027751
4169.015828 0.032880
4171.615119 0.020694
4174.214411 0.022276
4176.813702 0.021872
4179.412993 0.024619
4182.012285 0.023167
4184.611576 0.025001
4187.210868 0.023948
4189.810159 0.025522
4192.409450 0.031650
4195.008742 0.020555
4197.608033 0.024065
4200.207324 0.020715
4202.806616 0.021574
4205.405907 0.025026
4208.005199 0.026140
4210.604490 0.029649
4213.203781 0.026406
4215.803073 0.029131
4218.402364 0.030006
4221.001656 0.020118
4223.600947 0.027474
4226.200238 0.029352
4228.799530 0.016872
4231.398821 0.022258
4233.998112 0.014040
4236.597404 0.010914
4239.196695 0.021434
4241.795987 0.023121
4244.395278 0.020578
4246.994569 0.029782
4249.593861 0.025145
4252.193152 0.030306
4254.792443 0.030928
4257.391735 0.031225
4259.991026 0.032846
4262.590318 0.028907
4265.189609 0.028926
4267.788900 0.026212
4270.388192 0.028415
4272.987483 0.033019
4275.586775 0.027998
4278.186066 0.018552
4280.785357 0.029682
4283.384649 0.031195
4285.983940 0.026445
4288.583231 0.028616
4291.182523 0.026740
4293.781814 0.023791
4296.381106 0.022951
4298.980397 0.031278
4327.572602 0.026810
4330.171894 0.030881
4332.771185 0.035174
4335.370476 0.029017
4337.969768 0.031615
4340.569059 0.032708
4343.168351 0.026065
4345.767642 0.026439
4348.366933 0.034515
4350.966225 0.024499
4353.565516 0.027557
4356.164807 0.028240
4358.764099 0.039808
4361.363390 0.036171
4363.962682 0.044030
4366.561973 0.028531
4369.161264 0.024835
4371.760556 0.022729
4374.359847 0.026489
4376.959139 0.035556
4379.558430 0.032357
4382.157721 0.020191
4384.757013 0.018235
4387.356304 0.019094
4389.955595 0.025781
4392.554887 0.027206
4395.154178 0.035982
4397.753470 0.038104
4400.352761 0.026142
4402.952052 0.028440
4405.551344 0.036458
4408.150635 0.033106
4410.749927 0.034732
4413.349218 0.035909
4415.948509 0.028943
4418.547801 0.029868
4421.147092 0.028815
4423.746383 0.029316
4426.345675 0.034824
4428.944966 0.027467
4431.544258 0.024652
4434.143549 0.027913
4436.742840 0.032098
4439.342132 0.017111
4441.941423 0.034667
4444.540714 0.045732
4447.140006 0.040399
4449.739297 0.034075
4452.338589 0.032802
4454.937880 0.028088
4457.537171 0.040380
4460.136463 0.041329
4462.735754 0.030739
4465.335046 0.034162
4467.934337 0.025821
4470.533628 0.035528
4473.132920 0.041412
4475.732211 0.036560
4478.331502 0.030571
4480.930794 0.034839
4483.530085 0.036091
4486.129377 0.030670
4488.728668 0.033941
4491.327959 0.039093
4493.927251 0.038710
4496.526542 0.043368
4499.125834 0.044122
4501.725125 0.040089
4504.324416 0.042420
4506.923708 0.040396
4509.522999 0.034896
4512.122290 0.036593
4514.721582 0.037329
4517.320873 0.026952
4519.920165 0.038743
4522.519456 0.038197
4525.118747 0.028955
4527.718039 0.032614
4530.317330 0.033216
4532.916622 0.031234
4535.515913 0.031452
4538.115204 0.034035
4540.714496 0.035326
4543.313787 0.034136
4545.913078 0.038298
4548.512370 0.035291
4551.111661 0.036085
4553.710953 0.025189
4556.310244 0.027283
4558.909535 0.012603
4561.508827 0.038775
4564.108118 0.035207
4566.707410 0.026837
4569.306701 0.029691
4571.905992 0.038054
4574.505284 0.039158
4577.104575 0.033943
4579.703866 0.036595
4582.303158 0.036340
4584.902449 0.037803
4587.501741 0.041190
4590.101032 0.035629
4592.700323 0.028996
4595.299615 0.025019
4597.898906 0.029294
4600.498198 0.032263
4603.097489 0.034300
4605.696780 0.036607
4608.296072 0.045883
4610.895363 0.046346
4613.494654 0.036791
4616.093946 0.030594
4618.693237 0.047261
4621.292529 0.034294
4623.891820 0.039003
4626.491111 0.046143
4629.090403 0.041018
4631.689694 0.037720
4634.288986 0.040780
4636.888277 0.045163
4639.487568 0.036840
4642.086860 0.036028
4644.686151 0.036496
4647.285442 0.034616
4649.884734 0.036330
4652.484025 0.030553
4655.083317 0.038368
4657.682608 0.039170
4660.281899 0.033076
4662.881191 0.036397
4665.480482 0.035580
4668.079773 0.034413
4670.679065 0.035089
4673.278356 0.032140
4675.877648 0.045005
4678.476939 0.036282
4681.076230 0.032531
4683.675522 0.035366
4686.274813 0.037736
4688.874105 0.035932
4691.473396 0.042343
4694.072687 0.043372
4696.671979 0.033288
4699.271270 0.031994
4701.870561 0.030870
4704.469853 0.030426
4707.069144 0.039304
4709.668436 0.036129
4712.267727 0.036934
4714.867018 0.040002
4717.466310 0.034792
4720.065601 0.047506
4722.664893 0.046465
4725.264184 0.040577
4727.863475 0.038456
4730.462767 0.038330
4733.062058 0.039950
4735.661349 0.042685
4738.260641 0.042131
4740.859932 0.042436
4743.459224 0.038089
4746.058515 0.046314
4748.657806 0.039042
4751.257098 0.041792
4753.856389 0.035153
4756.455681 0.040957
4759.054972 0.039176
4761.654263 0.029357
4764.253555 0.033933
4766.852846 0.033798
4769.452137 0.035076
4772.051429 0.034658
4774.650720 0.040338
4777.250012 0.046756
4779.849303 0.034143
4782.448594 0.027851
4785.047886 0.045527
4787.647177 0.038794
4790.246469 0.036595
4792.845760 0.031966
4795.445051 0.035880
4798.044343 0.030446
4800.643634 0.029387
4803.242925 0.031105
4805.842217 0.038990
4808.441508 0.040521
4811.040800 0.037096
4813.640091 0.029470
4816.239382 0.034371
4818.838674 0.045410
4821.437965 0.039002
4824.037257 0.032952
4826.636548 0.029878
4829.235839 0.028750
4831.835131 0.036084
4834.434422 0.038728
4837.033713 0.041335
4839.633005 0.033888
4842.232296 0.044001
4844.831588 0.048650
4847.430879 0.036490
4850.030170 0.035351
4852.629462 0.035984
4855.228753 0.034686
4857.828044 0.036903
4860.427336 0.019341
4863.026627 0.035091
4865.625919 0.032050
4868.225210 0.032171
4870.824501 0.021909
4873.423793 0.035930
4876.023084 0.014809
4878.622376 0.013244
4881.221667 0.027627
4883.820958 0.039225
4886.420250 0.027989
4889.019541 0.026244
4891.618832 0.050688
4894.218124 0.035584
4896.817415 0.023713
4899.416707 0.046090
4902.015998 0.032903
4904.615289 0.038640
4907.214581 0.049258
4909.813872 0.038407
4912.413164 0.038186
4915.012455 0.038633
4917.611746 0.034643
4920.211038 0.034150
4922.810329 0.039918
4925.409620 0.029857
4928.008912 0.041943
4930.608203 0.045129
4933.207495 0.041380
4935.806786 0.031668
4938.406077 0.043599
4941.005369 0.026246
4943.604660 0.035919
4946.203952 0.032475
4948.803243 0.032765
4951.402534 0.027152
4954.001826 0.033603
4956.601117 0.043284
4959.200408 0.034885
4961.799700 0.034409
4964.398991 0.036593
4966.998283 0.042156
4969.597574 0.049157
4972.196865 0.029328
4974.796157 0.028076
4977.395448 0.036271
4979.994740 0.032984
4982.594031 0.035765
4985.193322 0.041383
4987.792614 0.037139
4990.391905 0.040237
4992.991196 0.031519
4995.590488 0.026257
4998.189779 0.035116
5000.789071 0.036464
5003.388362 0.042945
5005.987653 0.030652
5008.586945 0.033875
5011.186236 0.029356
5013.785528 0.041331
5016.384819 0.039225
5018.984110 0.033116
5021.583402 0.041131
5024.182693 0.039879
5026.781984 0.033678
5029.381276 0.036414
5031.980567 0.033201
5034.579859 0.046854
5037.179150 0.031093
5039.778441 0.045690
5042.377733 0.040215
5044.977024 0.033509
5047.576316 0.038482
5050.175607 0.044894
5052.774898 0.031050
5055.374190 0.036284
5057.973481 0.041009
5060.572772 0.040176
5063.172064 0.039872
5065.771355 0.031721
5068.370647 0.044100
5070.969938 0.037682
5073.569229 0.013692
5076.168521 0.038001
5078.767812 0.037180
5081.367103 0.035846
5083.966395 0.037519
5086.565686 0.038966
5089.164978 0.036204
5091.764269 0.033321
5094.363560 0.030006
5096.962852 0.035541
5099.562143 0.042468
5102.161435 0.038558
5104.760726 0.043393
5107.360017 0.037519
5109.959309 0.046155
5112.558600 0.035379
5115.157891 0.033321
5117.757183 0.029008
5120.356474 0.041584
5122.955766 0.038231
5125.555057 0.032019
5128.154348 0.024881
5130.753640 0.034612
5133.352931 0.034453
5135.952223 0.029971
5138.551514 0.036778
5141.150805 0.032309
5143.750097 0.033384
5146.349388 0.030935
5148.948679 0.029204
5151.547971 0.037909
5154.147262 0.024350
5156.746554 0.033387
5159.345845 0.033785
5161.945136 0.032688
5164.544428 0.038834
5167.143719 0.032150
5169.743011 0.029044
5172.342302 0.033884
5174.941593 0.035991
5177.540885 0.030145
5180.140176 0.034962
5182.739467 0.028868
5185.338759 0.028985
5187.938050 0.026312
5190.537342 0.037744
5193.136633 0.039073
5195.735924 0.040622
5198.335216 0.033357
5200.934507 0.039302
5203.533799 0.033228
5206.133090 0.030884
5208.732381 0.037263
5211.331673 0.033221
5213.930964 0.025639
5216.530255 0.026488
5219.129547 0.033817
5221.728838 0.031968
5224.328130 0.030262
5226.927421 0.031896
5229.526712 0.033646
5232.126004 0.035781
5234.725295 0.034968
5237.324587 0.035594
5239.923878 0.028508
5242.523169 0.032373
5245.122461 0.040938
5247.721752 0.032698
5250.321043 0.035208
5252.920335 0.043087
5255.519626 0.039102
5258.118918 0.038961
5260.718209 0.034706
5263.317500 0.035220
5265.916792 0.031927
5268.516083 0.034645
5271.115374 0.038555
5273.714666 0.032513
5276.313957 0.026333
5278.913249 0.034380
5281.512540 0.033362
5284.111831 0.049338
5286.711123 0.041616
5289.310414 0.040406
5291.909706 0.039706
5294.508997 0.040116
5297.108288 0.037825
5299.707580 0.035321
5302.306871 0.038030
5304.906162 0.034164
5307.505454 0.044579
5310.104745 0.041762
5312.704037 0.035933
5315.303328 0.026753
5317.902619 0.031668
5320.501911 0.031308
5323.101202 0.037465
5325.700494 0.038265
5328.299785 0.029001
5330.899076 0.028882
5333.498368 0.031482
5336.097659 0.028170
5338.696950 0.029754
5341.296242 0.038781
5343.895533 0.030544
5346.494825 0.026171
5349.094116 0.028668
5351.693407 0.031867
5354.292699 0.031210
5356.891990 0.034514
5359.491282 0.037100
5362.090573 0.035010
5364.689864 0.042276
5367.289156 0.036215
5369.888447 0.017084
5372.487738 0.034248
5375.087030 0.034888
5377.686321 0.036429
5380.285613 0.031218
5382.884904 0.041058
5385.484195 0.041157
5388.083487 0.038117
5390.682778 0.038020
5393.282070 0.025967
5395.881361 0.031329
5398.480652 0.037271
5401.079944 0.038322
5403.679235 0.032534
5406.278526 0.035865
5408.877818 0.034910
5411.477109 0.041622
5414.076401 0.037158
5416.675692 0.030314
5419.274983 0.045376
5421.874275 0.053004
5424.473566 0.029802
5427.072858 0.027716
5429.672149 0.030164
5432.271440 0.034212
5434.870732 0.046379
5437.470023 0.036448
5440.069314 0.034280
5442.668606 0.038503
5445.267897 0.031012
5447.867189 0.028924
5450.466480 0.040442
5453.065771 0.040064
5455.665063 0.029847
5458.264354 0.038423
5460.863646 0.034960
5463.462937 0.032734
5466.062228 0.035592
5468.661520 0.044971
5471.260811 0.037698
5473.860102 0.044263
5476.459394 0.036114
5479.058685 0.029819
5481.657977 0.039635
5484.257268 0.045801
5486.856559 0.042243
5489.455851 0.044828
5492.055142 0.034808
5494.654433 0.040782
5497.253725 0.032910
5499.853016 0.038420
5502.452308 0.032377
5505.051599 0.036168
5507.650890 0.035288
5510.250182 0.038748
5512.849473 0.034135
5515.448765 0.039331
5518.048056 0.039843
5520.647347 0.041649
5523.246639 0.040320
5525.845930 0.052371
5528.445221 0.036567
5531.044513 0.043961
5533.643804 0.037324
5536.243096 0.043148
5538.842387 0.040915
5541.441678 0.039308
5544.040970 0.039660
5546.640261 0.044028
5549.239553 0.045107
5551.838844 0.045457
5554.438135 0.034889
5557.037427 0.034694
5559.636718 0.039549
5562.236009 0.040985
5564.835301 0.042378
5567.434592 0.038704
5570.033884 0.039352
5572.633175 0.036646
5575.232466 0.041838
5577.831758 0.039391
5580.431049 0.036128
5583.030341 0.039631
5585.629632 0.037930
5588.228923 0.040922
5590.828215 0.034218
5593.427506 0.036669
5596.026797 0.035287
5598.626089 0.021848
5601.225380 0.029707
5603.824672 0.041293
5606.423963 0.036464
5609.023254 0.038012
5611.622546 0.029218
5614.221837 0.044296
5616.821129 0.038113
5619.420420 0.036950
5622.019711 0.036334
5624.619003 0.016948
5627.218294 0.014608
5629.817585 0.015610
5632.416877 0.054208
5635.016168 0.055043
5637.615460 0.054847
5640.214751 0.039528
5642.814042 0.038536
5645.413334 0.034561
5648.012625 0.024147
5650.611917 0.035598
5653.211208 0.021473
5655.810499 0.020483
5658.409791 0.042117
5661.009082 0.043131
5663.608373 0.037046
5666.207665 0.040602
5668.806956 0.056174
5671.406248 0.040977
5674.005539 0.021767
5676.604830 0.049820
5679.204122 0.055692
5681.803413 0.061991
5684.402705 0.053808
5687.001996 0.055544
5689.601287 0.041853
5692.200579 0.032135
5694.799870 0.020070
5697.399161 0.026210
5699.998453 0.040814
5702.597744 0.037819
5705.197036 0.041549
5707.796327 0.047171
5710.395618 0.043946
5712.994910 0.033349
5715.594201 0.042925
5718.193492 0.042800
5720.792784 0.022547
5723.392075 0.039749
5725.991367 0.042049
5728.590658 0.045813
5731.189949 0.050436
5733.789241 0.029333
5736.388532 0.038628
5738.987824 0.041470
5741.587115 0.035140
5744.186406 0.042973
5746.785698 0.038627
5749.384989 0.033630
5751.984280 0.030503
5754.583572 0.044407
5757.182863 0.047386
5759.782155 0.042125
5762.381446 0.031340
5764.980737 0.037461
5767.580029 0.037747
5770.179320 0.029556
5772.778612 0.039789
5775.377903 0.041591
5777.977194 0.042027
5780.576486 0.036200
5783.175777 0.038865
5785.775068 0.042658
5788.374360 0.038943
5790.973651 0.034163
5793.572943 0.042163
5796.172234 0.034075
5798.771525 0.036769
5801.370817 0.040975
5803.970108 0.031602
5806.569400 0.033053
5809.168691 0.034897
5811.767982 0.042986
5814.367274 0.028847
5816.966565 0.030759
5819.565856 0.032029
5822.165148 0.028616
5824.764439 0.056331
5827.363731 0.045080
5829.963022 0.039852
5832.562313 0.035574
5835.161605 0.035129
5837.760896 0.037317
5840.360188 0.035395
5842.959479 0.028675
5845.558770 0.028425
5848.158062 0.036278
5850.757353 0.034552
5853.356644 0.037387
5855.955936 0.038679
5858.555227 0.034943
5861.154519 0.047072
5863.753810 0.040387
5866.353101 0.040568
5868.952393 0.024707
5871.551684 0.030917
5874.150976 0.030278
5876.750267 0.024541
5879.349558 0.025224
5881.948850 0.023788
5884.548141 0.056585
5887.147432 0.035427
5889.746724 0.040889
5892.346015 0.027449
5894.945307 0.030886
5897.544598 0.052156
5900.143889 0.029371
5902.743181 0.025194
5905.342472 0.028161
5907.941763 0.042149
5910.541055 0.024135
5913.140346 0.030823
5915.739638 0.025014
5918.338929 0.046403
5920.938220 0.035586
5923.537512 0.024879
5926.136803 0.052362
5928.736095 0.030285
5931.335386 0.043073
5933.934677 0.046144
5936.533969 0.040933
5939.133260 0.032158
5941.732551 0.034682
5944.331843 0.036158
5946.931134 0.038422
5949.530426 0.030669
5952.129717 0.032985
5954.729008 0.040231
5957.328300 0.029500
5959.927591 0.007293
5962.526883 0.044258
5965.126174 0.005830
5967.725465 0.024026
5970.324757 0.054551
5972.924048 0.063748
5975.523339 0.064059
5978.122631 0.026172
5980.721922 0.048993
5983.321214 0.043104
5985.920505 0.031533
5988.519796 0.023071
5991.119088 0.004362
5993.718379 0.035787
5996.317671 0.015247
5998.916962 0.043114
6001.516253 0.073114
6004.115545 0.027418
6006.714836 0.034115
6009.314127 0.037043
6011.913419 0.044516
6014.512710 0.031779
6017.112002 0.040922
6019.711293 0.036891
6022.310584 0.028971
6024.909876 0.019369
6027.509167 0.038264
6030.108459 0.043155
6032.707750 0.041586
6035.307041 0.039142
6037.906333 0.034970
6040.505624 0.008497
6043.104915 0.017243
6045.704207 -0.000143
6048.303498 0.033108
6050.902790 0.032518
6053.502081 0.070196
6056.101372 0.071946
6058.700664 0.037346
6061.299955 0.029198
6063.899247 0.035002
6066.498538 0.045931
6069.097829 0.008846
6071.697121 0.043956
6074.296412 0.016189
6076.895703 0.044961
6079.494995 0.067247
6082.094286 0.049178
6084.693578 0.038266
6087.292869 0.052940
6089.892160 0.030231
6092.491452 0.050087
6095.090743 0.050953
6097.690035 0.014423
6100.289326 0.047770
6102.888617 0.055273
6105.487909 0.058067
6108.087200 0.063354
6110.686491 0.043659
6113.285783 0.048692
6115.885074 0.002359
6118.484366 0.023197
6121.083657 0.017785
6123.682948 0.063717
6126.282240 0.085159
6128.881531 0.044569
6131.480822 0.029533
6134.080114 0.052463
6136.679405 0.051923
6139.278697 0.057200
6141.877988 0.033892
6144.477279 0.025569
6147.076571 0.049282
6149.675862 0.041382
6152.275154 0.040216
6154.874445 0.033836
6157.473736 0.014052
6160.073028 0.047475
6162.672319 0.041331
6165.271610 0.057449
6167.870902 0.026920
6170.470193 0.041288
6173.069485 0.042558
6175.668776 0.029871
6178.268067 0.010647
6180.867359 0.009724
6183.466650 0.044906
6186.065942 0.057381
6188.665233 0.060859
6191.264524 0.038615
6193.863816 0.032261
6196.463107 0.019984
6199.062398 0.041366
6201.661690 0.020171
6204.260981 0.030771
6206.860273 0.042414
6209.459564 0.042217
6212.058855 0.080720
6214.658147 0.043948
6217.257438 0.048962
6219.856730 0.033589
6222.456021 0.038244
6225.055312 0.023737
6227.654604 0.019500
6230.253895 0.021074
6232.853186 0.047551
6235.452478 0.036845
6238.051769 0.045137
6240.651061 0.045632
6243.250352 0.050890
6245.849643 0.040034
6248.448935 0.036022
6251.048226 0.034095
6253.647518 0.034285
6256.246809 0.033929
6258.846100 0.034362
6261.445392 0.049719
6264.044683 0.038922
6266.643974 0.049669
6269.243266 0.042803
6271.842557 0.039017
6274.441849 0.045204
6277.041140 0.035438
6279.640431 0.046991
6282.239723 0.036842
6284.839014 0.028915
6287.438306 0.035559
6290.037597 0.035780
6292.636888 0.039314
6295.236180 0.047696
6297.835471 0.033383
6300.434762 0.027449
6303.034054 0.043571
6305.633345 0.029862
6308.232637 0.026345
6310.831928 0.039997
6313.431219 0.041961
6316.030511 0.034697
6318.629802 0.036803
6321.229093 0.040962
6323.828385 0.034392
6326.427676 0.030028
6329.026968 0.032141
6331.626259 0.031879
6334.225550 0.046228
6336.824842 0.045976
6339.424133 0.043634
6342.023425 0.025015
6344.622716 0.025039
6347.222007 0.037502
6349.821299 0.035022
6352.420590 0.030004
6355.019881 0.026162
6357.619173 0.026511
6360.218464 0.027727
6362.817756 0.032441
6365.417047 0.026822
6368.016338 0.032871
6370.615630 0.037409
6373.214921 0.041714
6375.814213 0.038035
6378.413504 0.027762
6381.012795 0.030002
6383.612087 0.037442
6386.211378 0.035825
6388.810669 0.036047
6391.409961 0.040200
6394.009252 0.030938
6396.608544 0.044596
6399.207835 0.036444
6401.807126 0.044243
6404.406418 0.027392
6407.005709 0.018242
6409.605001 0.057615
6412.204292 0.016422
6414.803583 0.060240
6417.402875 0.014199
6420.002166 0.041439
6422.601457 0.088949
6425.200749 0.049998
6427.800040 0.030665
6430.399332 0.020218
6432.998623 0.026022
6435.597914 0.036792
6438.197206 0.041689
6440.796497 0.032491
6443.395789 0.033780
6445.995080 0.036025
6448.594371 0.008129
6451.193663 -0.010631
6453.792954 0.018350
6456.392245 0.060082
6458.991537 0.083427
6461.590828 0.051499
6464.190120 0.031221
6466.789411 0.014481
6469.388702 0.048856
6471.987994 0.050181
6474.587285 0.049697
6477.186577 0.049426
6479.785868 -0.009447
6482.385159 0.067737
6484.984451 0.053807
6487.583742 0.033814
6490.183033 0.023605
6492.782325 0.026833
6495.381616 0.069308
6497.980908 0.034217
6500.580199 0.034026
6503.179490 0.043700
6505.778782 0.031579
6508.378073 0.019228
6510.977365 0.041704
6513.576656 0.043126
6516.175947 0.024379
6518.775239 0.019741
6521.374530 0.050041
6523.973821 0.054267
6526.573113 0.043604
6529.172404 0.035056
6531.771696 0.035205
6534.370987 0.043267
6536.970278 0.043642
6539.569570 0.042006
6542.168861 0.018962
6544.768152 0.025704
6547.367444 0.022805
6549.966735 0.060992
6552.566027 0.038079
6555.165318 0.046227
6557.764609 0.029655
6560.363901 0.036531
6562.963192 0.035118
6565.562484 0.034075
6568.161775 0.029856
6570.761066 0.030350
6573.360358 0.049841
6575.959649 0.040133
6578.558940 0.028502
6581.158232 0.042398
6583.757523 0.026927
6586.356815 0.029786
6588.956106 0.033061
6591.555397 0.044047
6594.154689 0.043603
6596.753980 0.046296
6599.353272 0.033469
6601.952563 0.032459
6604.551854 0.032994
6607.151146 0.045400
6609.750437 0.032149
6612.349728 0.040423
6614.949020 0.039529
6617.548311 0.029079
6620.147603 0.032248
6622.746894 0.046585
6625.346185 0.042811
6627.945477 0.041019
6630.544768 0.040008
6633.144060 0.035592
6635.743351 0.039280
6638.342642 0.046953
6640.941934 0.050231
6643.541225 0.034421
6646.140516 0.035443
6648.739808 0.037045
6651.339099 0.029696
6653.938391 0.039979
6656.537682 0.036244
6659.136973 0.034910
6661.736265 0.027089
6664.335556 0.032324
6666.934848 0.044439
6669.534139 0.035007
6672.133430 0.052103
6674.732722 0.048882
6677.332013 0.037016
6679.931304 0.019454
6682.530596 0.034706
6685.129887 0.052331
6687.729179 0.044568
6690.328470 0.044331
6692.927761 0.035182
6695.527053 0.017529
6698.126344 0.017978
6700.725636 0.051874
6703.324927 0.043778
6705.924218 0.027544
6708.523510 0.044569
6711.122801 0.037220
6713.722092 0.027817
6716.321384 0.039441
6718.920675 0.038371
6721.519967 0.032146
6724.119258 0.032243
6726.718549 0.043241
6729.317841 0.031666
6731.917132 0.034050
6734.516423 0.030799
6737.115715 0.031279
6739.715006 0.033198
6742.314298 0.029852
6744.913589 0.033326
6747.512880 0.041980
6750.112172 0.034445
6752.711463 0.038600
6755.310755 0.034593
6757.910046 0.034536
6760.509337 0.040526
6763.108629 0.038158
6765.707920 0.046102
6768.307211 0.046809
6770.906503 0.043772
6773.505794 0.065459
6776.105086 0.066739
6778.704377 0.011825
6781.303668 0.026638
6783.902960 0.028733
6786.502251 0.087828
6789.101543 0.070559
6791.700834 0.062949
6794.300125 0.026901
6796.899417 0.026536
6799.498708 0.029457
6802.097999 0.040716
6804.697291 0.022091
6807.296582 0.027195
6809.895874 0.048386
6812.495165 0.043912
6815.094456 0.032339
6817.693748 0.033567
6820.293039 0.036590
6822.892331 0.067556
6825.491622 0.042530
6828.090913 0.055384
6830.690205 0.072856
6833.289496 0.033416
6835.888787 0.031887
6838.488079 0.037757
6841.087370 0.013816
6843.686662 0.039526
6846.285953 0.051541
6848.885244 0.037339
6851.484536 0.039163
6854.083827 0.056561
6856.683119 0.057638
6859.282410 0.033331
6861.881701 0.020146
6864.480993 0.020610
6867.080284 0.055869
6869.679575 0.052978
6872.278867 0.045444
6874.878158 0.089657
6877.477450 0.038913
6880.076741 0.002036
6882.676032 0.042666
6885.275324 0.034806
6887.874615 0.018771
6890.473907 0.052861
6893.073198 0.039193
6895.672489 0.065241
6898.271781 0.051015
6900.871072 0.042600
6903.470363 0.018379
6906.069655 0.003185
6908.668946 0.040216
6911.268238 0.041222
6913.867529 0.067254
6916.466820 0.041176
6919.066112 0.027328
6921.665403 0.033470
6924.264695 0.028336
6926.863986 0.056470
6929.463277 0.013463
6932.062569 0.017226
6934.661860 0.034278
6937.261151 0.033756
6939.860443 0.064205
6942.459734 0.065083
6945.059026 0.044381
6947.658317 0.042167
6950.257608 0.040934
6952.856900 0.044866
6955.456191 0.043082
6958.055482 0.026498
6960.654774 0.032121
6963.254065 0.015917
6965.853357 0.025659
6968.452648 0.042463
6971.051939 0.025317
6973.651231 0.046141
6976.250522 0.054323
6978.849814 0.048544
6981.449105 0.041196
6984.048396 0.037298
6986.647688 0.050636
6989.246979 0.054404
6991.846270 0.055040
6994.445562 0.030742
6997.044853 0.040233
6999.644145 0.057163
7002.243436 0.060734
7004.842727 0.045996
7007.442019 0.046017
7010.041310 0.030623
7012.640602 0.027461
7015.239893 0.031005
7017.839184 0.038904
7020.438476 0.039897
7023.037767 0.037530
7025.637058 0.053289
7028.236350 0.042947
7030.835641 0.032646
7033.434933 0.028986
7036.034224 0.020691
7038.633515 0.037251
7041.232807 0.051327
7043.832098 0.031625
7046.431390 0.041271
7049.030681 0.041137
7051.629972 0.047938
7054.229264 0.037775
7056.828555 0.044951
7059.427846 0.028372
7062.027138 0.036594
7064.626429 0.030518
7067.225721 0.034962
7069.825012 0.025168
7072.424303 0.039595
7075.023595 0.037363
7077.622886 0.048697
7080.222178 0.034000
7082.821469 0.015052
7085.420760 0.032493
7088.020052 0.046316
7090.619343 0.032070
7093.218634 0.023417
7095.817926 0.033362
7098.417217 0.029918
7101.016509 0.035881
7103.615800 0.028827
7106.215091 0.039856
7108.814383 0.044350
7111.413674 0.034507
7114.012966 0.042071
7116.612257 0.033888
7119.211548 0.038223
7121.810840 0.049419
7124.410131 0.045876
7127.009422 0.044733
7129.608714 0.020884
7132.208005 0.055282
7134.807297 0.035450
7137.406588 0.031585
7140.005879 0.036473
7142.605171 0.043196
7145.204462 0.040132
7147.803754 0.039182
7150.403045 0.028562
7153.002336 0.012505
7155.601628 0.027846
