4295.152856 0.083672
4296.436970 0.071536
4297.721084 0.053758
4299.005198 0.070892
4300.289312 0.088659
4301.573427 0.085717
4302.857541 0.092476
4304.141655 0.048173
4305.425769 0.056738
4306.709883 0.076435
4307.993997 0.056079
4324.687481 0.102059
4325.971595 0.088287
4327.255709 0.084521
4328.539823 0.087029
4329.823937 0.085249
4331.108051 0.104226
4332.392165 0.118790
4333.676279 0.125086
4334.960394 0.098056
4336.244508 0.083369
4337.528622 0.103455
4338.812736 0.096150
4340.096850 0.080936
4341.380964 0.054702
4342.665078 0.077830
4343.949192 0.093588
4345.233307 0.117481
4346.517421 0.082640
4347.801535 0.101978
4349.085649 0.094946
4350.369763 0.127168
4351.653877 0.094967
4352.937991 0.102795
4354.222105 0.077712
4355.506219 0.094691
4356.790334 0.086911
4358.074448 0.105519
4359.358562 0.086965
4360.642676 0.099207
4361.926790 0.077026
4363.210904 0.085080
4364.495018 0.111594
4365.779132 0.131037
4367.063246 0.119345
4368.347361 0.120044
4369.631475 0.101295
4370.915589 0.110736
4372.199703 0.109367
4373.483817 0.096691
4374.767931 0.085253
4376.052045 0.090514
4377.336159 0.097615
4378.620274 0.084373
4379.904388 0.098826
4381.188502 0.108656
4382.472616 0.107713
4383.756730 0.083653
4385.040844 0.084450
4386.324958 0.081743
4387.609072 0.091748
4388.893186 0.097416
4390.177301 0.086237
4391.461415 0.100290
4392.745529 0.100526
4394.029643 0.096629
4395.313757 0.112417
4396.597871 0.111319
4397.881985 0.107376
4399.166099 0.098169
4400.450214 0.107189
4401.734328 0.125319
4403.018442 0.102348
4404.302556 0.095019
4405.586670 0.100468
4406.870784 0.098675
4408.154898 0.096340
4409.439012 0.090900
4410.723126 0.098114
4412.007241 0.091647
4413.291355 0.126459
4414.575469 0.107767
4415.859583 0.091880
4417.143697 0.103938
4418.427811 0.109394
4419.711925 0.115923
4420.996039 0.113220
4422.280153 0.115722
4423.564268 0.101732
4424.848382 0.108643
4426.132496 0.113895
4427.416610 0.127474
4428.700724 0.085881
4429.984838 0.128882
4431.268952 0.118718
4432.553066 0.113251
4433.837181 0.122294
4435.121295 0.097815
4436.405409 0.103724
4437.689523 0.128614
4438.973637 0.118856
4440.257751 0.130617
4441.541865 0.112671
4442.825979 0.097280
4444.110093 0.117530
4445.394208 0.124416
4446.678322 0.117735
4447.962436 0.118863
4449.246550 0.138397
4450.530664 0.124666
4451.814778 0.114723
4453.098892 0.139858
4454.383006 0.133581
4455.667120 0.074055
4456.951235 0.094598
4458.235349 0.124170
4459.519463 0.087676
4460.803577 0.099185
4462.087691 0.115806
4463.371805 0.094679
4464.655919 0.103925
4465.940033 0.121981
4467.224148 0.121527
4468.508262 0.105238
4469.792376 0.119398
4471.076490 0.135895
4472.360604 0.133474
4473.644718 0.145812
4474.928832 0.128362
4476.212946 0.115490
4477.497060 0.120809
4478.781175 0.146690
4480.065289 0.124050
4481.349403 0.154451
4482.633517 0.124960
4483.917631 0.117782
4485.201745 0.099366
4486.485859 0.101785
4487.769973 0.120022
4489.054088 0.119002
4490.338202 0.114088
4491.622316 0.134819
4492.906430 0.133664
4494.190544 0.117185
4495.474658 0.108667
4496.758772 0.108681
4498.042886 0.114395
4499.327000 0.138782
4500.611115 0.121041
4501.895229 0.138581
4503.179343 0.132821
4504.463457 0.146124
4505.747571 0.136222
4507.031685 0.143897
4508.315799 0.138030
4509.599913 0.128771
4510.884027 0.123371
4512.168142 0.139249
4513.452256 0.141530
4514.736370 0.130743
4516.020484 0.133774
4517.304598 0.122897
4518.588712 0.132278
4519.872826 0.121486
4521.156940 0.144484
4522.441055 0.133172
4523.725169 0.114487
4525.009283 0.124624
4526.293397 0.130877
4527.577511 0.133192
4528.861625 0.148189
4530.145739 0.117953
4531.429853 0.115636
4532.713967 0.133007
4533.998082 0.106526
4535.282196 0.111699
4536.566310 0.126791
4537.850424 0.127471
4539.134538 0.131943
4540.418652 0.132301
4541.702766 0.126767
4542.986880 0.119854
4544.270994 0.131536
4545.555109 0.118559
4546.839223 0.129550
4548.123337 0.124745
4549.407451 0.117169
4550.691565 0.127547
4551.975679 0.123600
4553.259793 0.122754
4554.543907 0.108181
4555.828022 0.112044
4557.112136 0.154143
4558.396250 0.117906
4559.680364 0.119420
4560.964478 0.132871
4562.248592 0.150304
4563.532706 0.158138
4564.816820 0.135657
4566.100934 0.156817
4567.385049 0.126840
4568.669163 0.132260
4569.953277 0.153057
4571.237391 0.150630
4572.521505 0.142163
4573.805619 0.127051
4575.089733 0.121968
4576.373847 0.135175
4577.657962 0.138459
4578.942076 0.139371
4580.226190 0.121967
4581.510304 0.134815
4582.794418 0.129757
4584.078532 0.115621
4585.362646 0.113897
4586.646760 0.133915
4587.930874 0.144879
4589.214989 0.131123
4590.499103 0.144406
4591.783217 0.133004
4593.067331 0.142311
4594.351445 0.126746
4595.635559 0.132111
4596.919673 0.134183
4598.203787 0.109386
4599.487901 0.134324
4600.772016 0.116025
4602.056130 0.112359
4603.340244 0.126605
4604.624358 0.132624
4605.908472 0.141942
4607.192586 0.146044
4608.476700 0.114898
4609.760814 0.152436
4611.044929 0.130453
4612.329043 0.156765
4613.613157 0.128142
4614.897271 0.123838
4616.181385 0.127285
4617.465499 0.136946
4618.749613 0.115880
4620.033727 0.152179
4621.317841 0.164600
4622.601956 0.145514
4623.886070 0.140273
4625.170184 0.172971
4626.454298 0.145534
4627.738412 0.131092
4629.022526 0.154701
4630.306640 0.145421
4631.590754 0.122403
4632.874868 0.142114
4634.158983 0.152427
4635.443097 0.134819
4636.727211 0.145265
4638.011325 0.135599
4639.295439 0.146393
4640.579553 0.147094
4641.863667 0.133859
4643.147781 0.144277
4644.431896 0.103340
4645.716010 0.121552
4647.000124 0.115255
4648.284238 0.115547
4649.568352 0.143961
4650.852466 0.126519
4652.136580 0.116673
4653.420694 0.129670
4654.704808 0.137242
4655.988923 0.129548
4657.273037 0.109424
4658.557151 0.134286
4659.841265 0.134698
4661.125379 0.155498
4662.409493 0.155682
4663.693607 0.110883
4664.977721 0.140638
4666.261836 0.142256
4667.545950 0.129319
4668.830064 0.129662
4670.114178 0.128482
4671.398292 0.140143
4672.682406 0.147078
4673.966520 0.132466
4675.250634 0.124824
4676.534748 0.124875
4677.818863 0.131777
4679.102977 0.128416
4680.387091 0.121633
4681.671205 0.137885
4682.955319 0.128841
4684.239433 0.135718
4685.523547 0.107105
4686.807661 0.135037
4688.091775 0.149518
4689.375890 0.136470
4690.660004 0.146062
4691.944118 0.128078
4693.228232 0.142652
4694.512346 0.132602
4695.796460 0.138107
4697.080574 0.137274
4698.364688 0.130882
4699.648803 0.124258
4700.932917 0.137972
4702.217031 0.148327
4703.501145 0.129832
4704.785259 0.117011
4706.069373 0.139791
4707.353487 0.128441
4708.637601 0.117974
4709.921715 0.128687
4711.205830 0.134490
4712.489944 0.134419
4713.774058 0.124627
4715.058172 0.140809
4716.342286 0.135789
4717.626400 0.124666
4718.910514 0.118013
4720.194628 0.137994
4721.478742 0.159458
4722.762857 0.143331
4724.046971 0.120133
4725.331085 0.150203
4726.615199 0.137907
4727.899313 0.138149
4729.183427 0.135119
4730.467541 0.155435
4731.751655 0.145284
4733.035770 0.136344
4734.319884 0.126601
4735.603998 0.143458
4736.888112 0.146270
4738.172226 0.127931
4739.456340 0.139735
4740.740454 0.144972
4742.024568 0.142147
4743.308682 0.143683
4744.592797 0.110876
4745.876911 0.133019
4747.161025 0.149545
4748.445139 0.152255
4749.729253 0.157279
4751.013367 0.126157
4752.297481 0.148692
4753.581595 0.136194
4754.865710 0.139734
4756.149824 0.146119
4757.433938 0.145509
4758.718052 0.145274
4760.002166 0.134911
4761.286280 0.147899
4762.570394 0.132751
4763.854508 0.144282
4765.138622 0.156829
4766.422737 0.137460
4767.706851 0.143174
4768.990965 0.140713
4770.275079 0.155787
4771.559193 0.169472
4772.843307 0.141951
4774.127421 0.153565
4775.411535 0.122327
4776.695649 0.151911
4777.979764 0.123911
4779.263878 0.162733
4780.547992 0.152259
4781.832106 0.142337
4783.116220 0.134086
4784.400334 0.134054
4785.684448 0.137923
4786.968562 0.138786
4788.252677 0.153088
4789.536791 0.150648
4790.820905 0.142244
4792.105019 0.150163
4793.389133 0.146369
4794.673247 0.151833
4795.957361 0.162094
4797.241475 0.149876
4798.525589 0.166861
4799.809704 0.156361
4801.093818 0.142749
4802.377932 0.154300
4803.662046 0.149502
4804.946160 0.133311
4806.230274 0.143458
4807.514388 0.156481
4808.798502 0.149181
4810.082616 0.141068
4811.366731 0.131821
4812.650845 0.133733
4813.934959 0.151540
4815.219073 0.155360
4816.503187 0.146935
4817.787301 0.169689
4819.071415 0.161086
4820.355529 0.151298
4821.639644 0.171739
4822.923758 0.151317
4824.207872 0.133881
4825.491986 0.139020
4826.776100 0.161995
4828.060214 0.150602
4829.344328 0.148030
4830.628442 0.146123
4831.912556 0.160283
4833.196671 0.138978
4834.480785 0.144055
4835.764899 0.151443
4837.049013 0.144694
4838.333127 0.133997
4839.617241 0.108762
4840.901355 0.166303
4842.185469 0.163363
4843.469584 0.132951
4844.753698 0.149057
4846.037812 0.153069
4847.321926 0.140433
4848.606040 0.145993
4849.890154 0.150770
4851.174268 0.147337
4852.458382 0.158387
4853.742496 0.142672
4855.026611 0.132684
4856.310725 0.123060
4857.594839 0.112065
4858.878953 0.128090
4860.163067 0.126447
4861.447181 0.114723
4862.731295 0.108429
4864.015409 0.122557
4865.299523 0.112059
4866.583638 0.113611
4867.867752 0.119878
4869.151866 0.116243
4870.435980 0.134841
4871.720094 0.135491
4873.004208 0.131848
4874.288322 0.111901
4875.572436 0.124245
4876.856551 0.135527
4878.140665 0.136320
4879.424779 0.149928
4880.708893 0.134501
4881.993007 0.148889
4883.277121 0.141020
4884.561235 0.166464
4885.845349 0.157953
4887.129463 0.128801
4888.413578 0.139480
4889.697692 0.135615
4890.981806 0.140807
4892.265920 0.140067
4893.550034 0.139375
4894.834148 0.143711
4896.118262 0.140517
4897.402376 0.165469
4898.686491 0.159212
4899.970605 0.152309
4901.254719 0.167566
4902.538833 0.172986
4903.822947 0.156543
4905.107061 0.143439
4906.391175 0.139033
4907.675289 0.147454
4908.959403 0.152937
4910.243518 0.151577
4911.527632 0.157937
4912.811746 0.150082
4914.095860 0.154684
4915.379974 0.135486
4916.664088 0.141034
4917.948202 0.138883
4919.232316 0.141623
4920.516430 0.130697
4921.800545 0.146874
4923.084659 0.119882
4924.368773 0.135968
4925.652887 0.142536
4926.937001 0.148289
4928.221115 0.145264
4929.505229 0.161292
4930.789343 0.143108
4932.073458 0.149840
4933.357572 0.148548
4934.641686 0.153601
4935.925800 0.155861
4937.209914 0.138583
4938.494028 0.133968
4939.778142 0.129002
4941.062256 0.138061
4942.346370 0.142682
4943.630485 0.157972
4944.914599 0.151008
4946.198713 0.137406
4947.482827 0.163661
4948.766941 0.166326
4950.051055 0.152172
4951.335169 0.161621
4952.619283 0.160653
4953.903397 0.148329
4955.187512 0.157254
4956.471626 0.147628
4957.755740 0.155474
4959.039854 0.142544
4960.323968 0.145226
4961.608082 0.142540
4962.892196 0.153413
4964.176310 0.146962
4965.460425 0.167212
4966.744539 0.149125
4968.028653 0.131649
4969.312767 0.145011
4970.596881 0.146463
4971.880995 0.140741
4973.165109 0.141306
4974.449223 0.147546
4975.733337 0.151841
4977.017452 0.148266
4978.301566 0.137315
4979.585680 0.133655
4980.869794 0.139830
4982.153908 0.153504
4983.438022 0.151037
4984.722136 0.138787
4986.006250 0.136555
4987.290365 0.147840
4988.574479 0.148146
4989.858593 0.137042
4991.142707 0.138338
4992.426821 0.156684
4993.710935 0.150181
4994.995049 0.154243
4996.279163 0.143605
4997.563277 0.141313
4998.847392 0.157518
5000.131506 0.167741
5001.415620 0.153462
5002.699734 0.123065
5003.983848 0.135770
5005.267962 0.127231
5006.552076 0.145341
5007.836190 0.157509
5009.120304 0.165009
5010.404419 0.129040
5011.688533 0.130556
5012.972647 0.133869
5014.256761 0.122489
5015.540875 0.133305
5016.824989 0.127764
5018.109103 0.135200
5019.393217 0.148631
5020.677332 0.150067
5021.961446 0.130211
5023.245560 0.123546
5024.529674 0.148080
5025.813788 0.155903
5027.097902 0.154461
5028.382016 0.146110
5029.666130 0.141890
5030.950244 0.140174
5032.234359 0.139529
5033.518473 0.161175
5034.802587 0.140536
5036.086701 0.158800
5037.370815 0.150669
5038.654929 0.147288
5039.939043 0.134021
5041.223157 0.144887
5042.507271 0.152086
5043.791386 0.133865
5045.075500 0.128494
5046.359614 0.158554
5047.643728 0.148654
5048.927842 0.141683
5050.211956 0.130203
5051.496070 0.142755
5052.780184 0.157004
5054.064299 0.148553
5055.348413 0.151005
5056.632527 0.149042
5057.916641 0.157877
5059.200755 0.136244
5060.484869 0.126306
5061.768983 0.131360
5063.053097 0.147071
5064.337211 0.151889
5065.621326 0.149152
5066.905440 0.148196
5068.189554 0.149525
5069.473668 0.130885
5070.757782 0.120032
5072.041896 0.145134
5073.326010 0.139270
5074.610124 0.146464
5075.894239 0.162840
5077.178353 0.157784
5078.462467 0.122279
5079.746581 0.146017
5081.030695 0.157058
5082.314809 0.153589
5083.598923 0.139078
5084.883037 0.137796
5086.167151 0.141625
5087.451266 0.139800
5088.735380 0.149737
5090.019494 0.161674
5091.303608 0.149101
5092.587722 0.141438
5093.871836 0.162496
5095.155950 0.141075
5096.440064 0.161899
5097.724178 0.138751
5099.008293 0.139799
5100.292407 0.125511
5101.576521 0.148333
5102.860635 0.132642
5104.144749 0.138373
5105.428863 0.167811
5106.712977 0.136068
5107.997091 0.139059
5109.281206 0.140316
5110.565320 0.169505
5111.849434 0.133645
5113.133548 0.141078
5114.417662 0.135320
5115.701776 0.132346
5116.985890 0.154048
5118.270004 0.147789
5119.554118 0.168786
5120.838233 0.146399
5122.122347 0.137448
5123.406461 0.157600
5124.690575 0.145105
5125.974689 0.145672
5127.258803 0.153465
5128.542917 0.132300
5129.827031 0.140030
5131.111145 0.134943
5132.395260 0.139218
5133.679374 0.130761
5134.963488 0.148358
5136.247602 0.145560
5137.531716 0.155899
5138.815830 0.153527
5140.099944 0.141988
5141.384058 0.147269
5142.668173 0.141633
5143.952287 0.152351
5145.236401 0.147695
5146.520515 0.152097
5147.804629 0.139414
5149.088743 0.135178
5150.372857 0.151012
5151.656971 0.146671
5152.941085 0.144698
5154.225200 0.140285
5155.509314 0.141725
5156.793428 0.136981
5158.077542 0.142549
5159.361656 0.133771
5160.645770 0.166754
5161.929884 0.146150
5163.213998 0.148146
5164.498113 0.137516
5165.782227 0.131003
5167.066341 0.112139
5168.350455 0.120071
5169.634569 0.105311
5170.918683 0.101779
5172.202797 0.114888
5173.486911 0.116617
5174.771025 0.119586
5176.055140 0.128313
5177.339254 0.123993
5178.623368 0.142230
5179.907482 0.138042
5181.191596 0.140828
5182.475710 0.131739
5183.759824 0.120658
5185.043938 0.101115
5186.328052 0.116965
5187.612167 0.126492
5188.896281 0.130246
5190.180395 0.152929
5191.464509 0.153705
5192.748623 0.142348
5194.032737 0.140133
5195.316851 0.136844
5196.600965 0.152215
5197.885080 0.134530
5199.169194 0.140373
5200.453308 0.151963
5201.737422 0.152222
5203.021536 0.160711
5204.305650 0.164083
5205.589764 0.131043
5206.873878 0.133867
5208.157992 0.140761
5209.442107 0.141185
5210.726221 0.151206
5212.010335 0.147980
5213.294449 0.149429
5214.578563 0.145599
5215.862677 0.148614
5217.146791 0.141546
5218.430905 0.155601
5219.715019 0.169449
5220.999134 0.132451
5222.283248 0.148697
5223.567362 0.172595
5224.851476 0.143151
5226.135590 0.154801
5227.419704 0.137655
5228.703818 0.138842
5229.987932 0.133849
5231.272047 0.153396
5232.556161 0.160249
5233.840275 0.147783
5235.124389 0.156564
5236.408503 0.153945
5237.692617 0.153315
5238.976731 0.152150
5240.260845 0.146046
5241.544959 0.186018
5242.829074 0.164387
5244.113188 0.160982
5245.397302 0.150180
5246.681416 0.155850
5247.965530 0.158903
5249.249644 0.150771
5250.533758 0.152171
5251.817872 0.143806
5253.101987 0.144078
5254.386101 0.146615
5255.670215 0.141582
5256.954329 0.142728
5258.238443 0.166975
5259.522557 0.158869
5260.806671 0.145817
5262.090785 0.141694
5263.374899 0.148520
5264.659014 0.163303
5265.943128 0.144914
5267.227242 0.132844
5268.511356 0.136194
5269.795470 0.126990
5271.079584 0.136808
5272.363698 0.143282
5273.647812 0.125570
5274.931926 0.147921
5276.216041 0.157940
5277.500155 0.162676
5278.784269 0.142575
5280.068383 0.141959
5281.352497 0.161581
5282.636611 0.176480
5283.920725 0.176397
5285.204839 0.164065
5286.488954 0.165015
5287.773068 0.185162
5289.057182 0.163492
5290.341296 0.164977
5291.625410 0.169870
5292.909524 0.178386
5294.193638 0.172438
5295.477752 0.152083
5296.761866 0.160308
5298.045981 0.169484
5299.330095 0.143495
5300.614209 0.147849
5301.898323 0.166765
5303.182437 0.187883
5304.466551 0.175982
5305.750665 0.177517
5307.034779 0.183265
5308.318893 0.207193
5309.603008 0.175735
5310.887122 0.168213
5312.171236 0.151069
5313.455350 0.125243
5314.739464 0.133432
5316.023578 0.120167
5317.307692 0.130422
5318.591806 0.131927
5319.875921 0.146425
5321.160035 0.160769
5322.444149 0.145783
5323.728263 0.154834
5325.012377 0.150005
5326.296491 0.137841
5327.580605 0.144229
5328.864719 0.149322
5330.148833 0.110618
5331.432948 0.122338
5332.717062 0.144553
5334.001176 0.130195
5335.285290 0.135713
5336.569404 0.160489
5337.853518 0.169764
5339.137632 0.148456
5340.421746 0.153883
5341.705861 0.165113
5342.989975 0.170824
5344.274089 0.150905
5345.558203 0.166753
5346.842317 0.166939
5348.126431 0.159936
5349.410545 0.163497
5350.694659 0.151857
5351.978773 0.178039
5353.262888 0.170150
5354.547002 0.181033
5355.831116 0.157647
5357.115230 0.156147
5358.399344 0.160326
5359.683458 0.160934
5360.967572 0.172247
5362.251686 0.161515
5363.535800 0.161520
5364.819915 0.176358
5366.104029 0.176654
5367.388143 0.155784
5368.672257 0.177177
5369.956371 0.152136
5371.240485 0.146472
5372.524599 0.153159
5373.808713 0.162457
5375.092828 0.160246
5376.376942 0.180627
5377.661056 0.171543
5378.945170 0.162170
5380.229284 0.171454
5381.513398 0.183339
5382.797512 0.172481
5384.081626 0.169572
5385.365740 0.167420
5386.649855 0.159484
5387.933969 0.162777
5389.218083 0.165646
5390.502197 0.163705
5391.786311 0.163668
5393.070425 0.182280
5394.354539 0.165894
5395.638653 0.168222
5396.922767 0.167929
5398.206882 0.152666
5399.490996 0.145852
5400.775110 0.161393
5402.059224 0.151089
5403.343338 0.160368
5404.627452 0.165005
5405.911566 0.160879
5407.195680 0.164308
5408.479795 0.161527
5409.763909 0.159887
5411.048023 0.158843
5412.332137 0.164415
5413.616251 0.157588
5414.900365 0.165535
5416.184479 0.167938
5417.468593 0.185054
5418.752707 0.184223
5420.036822 0.180634
5421.320936 0.186665
5422.605050 0.168273
5423.889164 0.182120
5425.173278 0.188835
5426.457392 0.167222
5427.741506 0.172015
5429.025620 0.160917
5430.309735 0.183381
5431.593849 0.175914
5432.877963 0.155913
5434.162077 0.160479
5435.446191 0.156408
5436.730305 0.146928
5438.014419 0.163371
5439.298533 0.180130
5440.582647 0.184894
5441.866762 0.165824
5443.150876 0.172734
5444.434990 0.167204
5445.719104 0.174743
5447.003218 0.173564
5448.287332 0.167622
5449.571446 0.161047
5450.855560 0.175753
5452.139674 0.176300
5453.423789 0.165221
5454.707903 0.146510
5455.992017 0.169236
5457.276131 0.163358
5458.560245 0.170888
5459.844359 0.186240
5461.128473 0.176039
5462.412587 0.180071
5463.696702 0.168736
5464.980816 0.168426
5466.264930 0.158420
5467.549044 0.172727
5468.833158 0.171049
5470.117272 0.181743
5471.401386 0.181935
5472.685500 0.168671
5473.969614 0.150073
5475.253729 0.166605
5476.537843 0.163037
5477.821957 0.155244
5479.106071 0.156097
5480.390185 0.176468
5481.674299 0.171616
5482.958413 0.160231
5484.242527 0.156317
5485.526642 0.170343
5486.810756 0.178252
5488.094870 0.169380
5489.378984 0.169917
5490.663098 0.177828
5491.947212 0.161078
5493.231326 0.170264
5494.515440 0.172254
5495.799554 0.166577
5497.083669 0.154770
5498.367783 0.162581
5499.651897 0.186574
5500.936011 0.168853
5502.220125 0.168164
5503.504239 0.182515
5504.788353 0.164672
5506.072467 0.166225
5507.356581 0.159572
5508.640696 0.157630
5509.924810 0.168283
5511.208924 0.170550
5512.493038 0.165727
5513.777152 0.170518
5515.061266 0.180253
5516.345380 0.170356
5517.629494 0.158752
5518.913609 0.163185
5520.197723 0.171349
5521.481837 0.178953
5522.765951 0.182123
5524.050065 0.165706
5525.334179 0.168884
5526.618293 0.149396
5527.902407 0.157238
5529.186521 0.156994
5530.470636 0.166848
5531.754750 0.174953
5533.038864 0.177129
5534.322978 0.182620
5535.607092 0.184051
5536.891206 0.177267
5538.175320 0.157855
5539.459434 0.170477
5540.743548 0.182596
5542.027663 0.177227
5543.311777 0.174056
5544.595891 0.177720
5545.880005 0.171634
5547.164119 0.183258
5548.448233 0.169359
5549.732347 0.161932
5551.016461 0.184137
5552.300576 0.183660
5553.584690 0.171403
5554.868804 0.176683
5556.152918 0.170764
5557.437032 0.170488
5558.721146 0.162389
5560.005260 0.162039
5561.289374 0.175784
5562.573488 0.177725
5563.857603 0.177932
5565.141717 0.174292
5566.425831 0.156292
5567.709945 0.170274
5568.994059 0.154813
5570.278173 0.167401
5571.562287 0.151882
5572.846401 0.168967
5574.130516 0.163800
5575.414630 0.155115
5576.698744 0.159932
5577.982858 0.173239
5579.266972 0.177181
5580.551086 0.192428
5581.835200 0.179939
5583.119314 0.166486
5584.403428 0.166904
5585.687543 0.160804
5586.971657 0.165250
5588.255771 0.167159
5589.539885 0.182647
5590.823999 0.160366
5592.108113 0.161482
5593.392227 0.174858
5594.676341 0.176030
5595.960455 0.154788
5597.244570 0.171497
5598.528684 0.163876
5599.812798 0.154211
5601.096912 0.176728
5602.381026 0.154909
5603.665140 0.188695
5604.949254 0.179261
5606.233368 0.172217
5607.517483 0.192132
5608.801597 0.154303
5610.085711 0.178889
5611.369825 0.155551
5612.653939 0.181126
5613.938053 0.183746
5615.222167 0.174980
5616.506281 0.169244
5617.790395 0.158022
5619.074510 0.155871
5620.358624 0.154399
5621.642738 0.170147
5622.926852 0.150719
5624.210966 0.160729
5625.495080 0.177785
5626.779194 0.158933
5628.063308 0.156024
5629.347422 0.184068
5630.631537 0.173515
5631.915651 0.184264
5633.199765 0.159313
5634.483879 0.185049
5635.767993 0.188574
5637.052107 0.176513
5638.336221 0.161200
5639.620335 0.167731
5640.904450 0.181362
5642.188564 0.158630
5643.472678 0.188097
5644.756792 0.169872
5646.040906 0.184736
5647.325020 0.188099
5648.609134 0.173046
5649.893248 0.168978
5651.177362 0.201765
5652.461477 0.176589
5653.745591 0.178475
5655.029705 0.174573
5656.313819 0.172628
5657.597933 0.164740
5658.882047 0.173558
5660.166161 0.184556
5661.450275 0.156579
5662.734390 0.165840
5664.018504 0.162980
5665.302618 0.169283
5666.586732 0.165636
5667.870846 0.189954
5669.154960 0.185036
5670.439074 0.178637
5671.723188 0.177226
5673.007302 0.190376
5674.291417 0.186629
5675.575531 0.183922
5676.859645 0.179331
5678.143759 0.187050
5679.427873 0.175253
5680.711987 0.145659
5681.996101 0.189542
5683.280215 0.177847
5684.564329 0.170681
5685.848444 0.173810
5687.132558 0.196090
5688.416672 0.175531
5689.700786 0.181998
5690.984900 0.173954
5692.269014 0.188442
5693.553128 0.163828
5694.837242 0.175302
5696.121357 0.175140
5697.405471 0.176157
5698.689585 0.171026
5699.973699 0.177355
5701.257813 0.186362
5702.541927 0.186859
5703.826041 0.179484
5705.110155 0.155646
5706.394269 0.163500
5707.678384 0.173895
5708.962498 0.197318
5710.246612 0.171610
5711.530726 0.171505
5712.814840 0.176355
5714.098954 0.158721
5715.383068 0.164937
5716.667182 0.166163
5717.951296 0.181693
5719.235411 0.191149
5720.519525 0.178287
5721.803639 0.184789
5723.087753 0.190492
5724.371867 0.194618
5725.655981 0.184332
5726.940095 0.188763
5728.224209 0.180896
5729.508324 0.184471
5730.792438 0.182603
5732.076552 0.170038
5733.360666 0.180116
5734.644780 0.195245
5735.928894 0.183677
5737.213008 0.186852
5738.497122 0.198372
5739.781236 0.194659
5741.065351 0.179720
5742.349465 0.178101
5743.633579 0.163036
5744.917693 0.183312
5746.201807 0.189736
5747.485921 0.174227
5748.770035 0.193270
5750.054149 0.189586
5751.338264 0.176477
5752.622378 0.178988
5753.906492 0.183573
5755.190606 0.182306
5756.474720 0.186304
5757.758834 0.178673
5759.042948 0.181862
5760.327062 0.178323
5761.611176 0.183777
5762.895291 0.166409
5764.179405 0.183819
5765.463519 0.182778
5766.747633 0.179645
5768.031747 0.194153
5769.315861 0.186196
5770.599975 0.194770
5771.884089 0.181348
5773.168203 0.178783
5774.452318 0.174973
5775.736432 0.177758
5777.020546 0.184696
5778.304660 0.199840
5779.588774 0.177021
5780.872888 0.160413
5782.157002 0.183484
5783.441116 0.177369
5784.725231 0.162536
5786.009345 0.175885
5787.293459 0.157548
5788.577573 0.177644
5789.861687 0.185287
5791.145801 0.173124
5792.429915 0.188911
5793.714029 0.180875
5794.998143 0.185840
5796.282258 0.185639
5797.566372 0.189306
5798.850486 0.192768
5800.134600 0.180016
5801.418714 0.195951
5802.702828 0.208584
5803.986942 0.211010
5805.271056 0.191264
5806.555170 0.185234
5807.839285 0.196570
5809.123399 0.207914
5810.407513 0.197509
5811.691627 0.179725
5812.975741 0.188146
5814.259855 0.186680
5815.543969 0.181998
5816.828083 0.168481
5818.112198 0.195060
5819.396312 0.214800
5820.680426 0.192677
5821.964540 0.200831
5823.248654 0.195504
5824.532768 0.192409
5825.816882 0.192168
5827.100996 0.182887
5828.385110 0.191031
5829.669225 0.204128
5830.953339 0.186342
5832.237453 0.177495
5833.521567 0.185574
5834.805681 0.182287
5836.089795 0.185240
5837.373909 0.193843
5838.658023 0.198346
5839.942138 0.194471
5841.226252 0.186361
5842.510366 0.177229
5843.794480 0.180396
5845.078594 0.193035
5846.362708 0.210679
5847.646822 0.210398
5848.930936 0.214354
5850.215050 0.197302
5851.499165 0.196232
5852.783279 0.189160
5854.067393 0.178624
5855.351507 0.188744
5856.635621 0.187580
5857.919735 0.180012
5859.203849 0.180885
5860.487963 0.181214
5861.772077 0.178136
5863.056192 0.178308
5864.340306 0.177597
5865.624420 0.164822
5866.908534 0.177540
5868.192648 0.187602
5869.476762 0.181761
5870.760876 0.201620
5872.044990 0.188769
5873.329105 0.177014
5874.613219 0.197889
5875.897333 0.207532
5877.181447 0.166855
5878.465561 0.199539
5879.749675 0.191232
5881.033789 0.213496
5882.317903 0.198744
5883.602017 0.197578
5884.886132 0.199114
5886.170246 0.178301
5887.454360 0.210828
5888.738474 0.165592
5890.022588 0.145787
5891.306702 0.168085
5892.590816 0.165846
5893.874930 0.152764
5895.159044 0.151788
5896.443159 0.140147
5897.727273 0.147114
5899.011387 0.146728
5900.295501 0.164604
5901.579615 0.148200
5902.863729 0.165424
5904.147843 0.192055
5905.431957 0.191102
5906.716072 0.196557
5908.000186 0.191860
5909.284300 0.221340
5910.568414 0.205385
5911.852528 0.175377
5913.136642 0.199500
5914.420756 0.184315
5915.704870 0.183024
5916.988984 0.209994
5918.273099 0.184976
5919.557213 0.158369
5920.841327 0.197134
5922.125441 0.182102
5923.409555 0.184655
5924.693669 0.212405
5925.977783 0.198282
5927.261897 0.179843
5928.546012 0.204159
5929.830126 0.194926
5931.114240 0.185956
5932.398354 0.188822
5933.682468 0.188477
5934.966582 0.188990
5936.250696 0.180622
5937.534810 0.186829
5938.818924 0.169983
5940.103039 0.172453
5941.387153 0.198110
5942.671267 0.181397
5943.955381 0.186743
5945.239495 0.192700
5946.523609 0.187781
5947.807723 0.195061
5949.091837 0.183584
5950.375951 0.172191
5951.660066 0.181476
5952.944180 0.195274
5954.228294 0.187317
5955.512408 0.179105
5956.796522 0.178303
5958.080636 0.184315
5959.364750 0.185300
5960.648864 0.181557
5961.932979 0.195392
5963.217093 0.194877
5964.501207 0.180118
5965.785321 0.171769
5967.069435 0.168432
5968.353549 0.183925
5969.637663 0.182611
5970.921777 0.182902
5972.205891 0.159588
5973.490006 0.179289
5974.774120 0.177499
5976.058234 0.190754
5977.342348 0.202960
5978.626462 0.195459
5979.910576 0.192621
5981.194690 0.181806
5982.478804 0.172849
5983.762918 0.193750
5985.047033 0.199062
5986.331147 0.178094
5987.615261 0.176154
5988.899375 0.193932
5990.183489 0.198143
5991.467603 0.179284
5992.751717 0.194744
5994.035831 0.194141
5995.319946 0.167148
5996.604060 0.170698
5997.888174 0.170297
5999.172288 0.207678
6000.456402 0.193238
6001.740516 0.191988
6003.024630 0.173327
6004.308744 0.193452
6005.592858 0.195864
6006.876973 0.184313
6008.161087 0.172546
6009.445201 0.185926
6010.729315 0.191576
6012.013429 0.177830
6013.297543 0.179067
6014.581657 0.178885
6015.865771 0.192896
6017.149886 0.186390
6018.434000 0.194103
6019.718114 0.202668
6021.002228 0.187822
6022.286342 0.174016
6023.570456 0.168037
6024.854570 0.184701
6026.138684 0.186489
6027.422798 0.198902
6028.706913 0.184560
6029.991027 0.194012
6031.275141 0.206723
6032.559255 0.189180
6033.843369 0.208876
6035.127483 0.194031
6036.411597 0.204385
6037.695711 0.213473
6038.979825 0.187298
6040.263940 0.196265
6041.548054 0.164729
6042.832168 0.178628
6044.116282 0.187613
6045.400396 0.178482
6046.684510 0.184820
6047.968624 0.208766
6049.252738 0.190819
6050.536853 0.187263
6051.820967 0.201980
6053.105081 0.201426
6054.389195 0.190540
6055.673309 0.182825
6056.957423 0.191695
6058.241537 0.196183
6059.525651 0.185475
6060.809765 0.182121
6062.093880 0.182288
6063.377994 0.202312
6064.662108 0.206859
6065.946222 0.199567
6067.230336 0.198265
6068.514450 0.200844
6069.798564 0.202722
6071.082678 0.194667
6072.366792 0.189473
6073.650907 0.222310
6074.935021 0.227028
6076.219135 0.175589
6077.503249 0.173310
6078.787363 0.211967
6080.071477 0.217026
6081.355591 0.171274
6082.639705 0.194889
6083.923820 0.177206
6085.207934 0.166890
6086.492048 0.214656
6087.776162 0.213003
6089.060276 0.188357
6090.344390 0.186908
6091.628504 0.187627
6092.912618 0.189379
6094.196732 0.191139
6095.480847 0.191884
6096.764961 0.167294
6098.049075 0.197006
6099.333189 0.186171
6100.617303 0.186362
6101.901417 0.195418
6103.185531 0.185402
6104.469645 0.177886
6105.753760 0.176392
6107.037874 0.200859
6108.321988 0.201412
6109.606102 0.190661
6110.890216 0.188376
6112.174330 0.198364
6113.458444 0.184359
6114.742558 0.184731
6116.026672 0.191803
6117.310787 0.193068
6118.594901 0.198296
6119.879015 0.223297
6121.163129 0.202419
6122.447243 0.183323
6123.731357 0.190809
6125.015471 0.212018
6126.299585 0.192108
6127.583699 0.196047
6128.867814 0.193985
6130.151928 0.188810
6131.436042 0.190252
6132.720156 0.181778
6134.004270 0.187521
6135.288384 0.187064
6136.572498 0.188551
6137.856612 0.168021
6139.140727 0.190856
6140.424841 0.184984
6141.708955 0.178167
6142.993069 0.183170
6144.277183 0.184067
6145.561297 0.175530
6146.845411 0.185391
6148.129525 0.184317
6149.413639 0.181004
6150.697754 0.189184
6151.981868 0.186800
6153.265982 0.180821
6154.550096 0.180956
6155.834210 0.180233
6157.118324 0.178433
6158.402438 0.173229
6159.686552 0.180786
6160.970667 0.173116
6162.254781 0.160549
6163.538895 0.160058
6164.823009 0.176157
6166.107123 0.181879
6167.391237 0.169285
6168.675351 0.165390
6169.959465 0.174525
6171.243579 0.192391
6172.527694 0.174546
6173.811808 0.153912
6175.095922 0.178315
6176.380036 0.202716
6177.664150 0.188516
6178.948264 0.175731
6180.232378 0.174321
6181.516492 0.177741
6182.800606 0.195090
6184.084721 0.179358
6185.368835 0.175645
6186.652949 0.165578
6187.937063 0.173618
6189.221177 0.173282
6190.505291 0.172855
6191.789405 0.174856
6193.073519 0.176730
6194.357634 0.171920
6195.641748 0.188089
6196.925862 0.189299
6198.209976 0.180143
6199.494090 0.201486
6200.778204 0.172172
6202.062318 0.190651
6203.346432 0.186428
6204.630546 0.181921
6205.914661 0.164164
6207.198775 0.214604
6208.482889 0.195924
6209.767003 0.150626
6211.051117 0.196183
6212.335231 0.190151
6213.619345 0.184705
6214.903459 0.175543
6216.187573 0.189728
6217.471688 0.177538
6218.755802 0.180333
6220.039916 0.164785
6221.324030 0.182511
6222.608144 0.184219
6223.892258 0.173318
6225.176372 0.172656
6226.460486 0.165581
6227.744601 0.188165
6229.028715 0.175018
6230.312829 0.186019
6231.596943 0.179184
6232.881057 0.172321
6234.165171 0.179435
6235.449285 0.189601
6236.733399 0.202682
6238.017513 0.183497
6239.301628 0.180192
6240.585742 0.178603
6241.869856 0.180924
6243.153970 0.173271
6244.438084 0.170977
6245.722198 0.172810
6247.006312 0.183107
6248.290426 0.173946
6249.574541 0.158955
6250.858655 0.175584
6252.142769 0.195371
6253.426883 0.175132
6254.710997 0.182339
6255.995111 0.173056
6257.279225 0.173206
6258.563339 0.162486
6259.847453 0.162137
6261.131568 0.144251
6262.415682 0.182966
6263.699796 0.167100
6264.983910 0.195153
6266.268024 0.202531
6267.552138 0.192139
6268.836252 0.176762
6270.120366 0.162620
6271.404480 0.195863
6272.688595 0.185389
6273.972709 0.152940
6275.256823 0.185260
6276.540937 0.167440
6277.825051 0.169711
6279.109165 0.189118
6280.393279 0.181402
6281.677393 0.178482
6282.961508 0.155636
6284.245622 0.177427
6285.529736 0.175801
6286.813850 0.183600
6288.097964 0.187526
6289.382078 0.178562
6290.666192 0.184870
6291.950306 0.171777
6293.234420 0.169432
6294.518535 0.175286
6295.802649 0.187993
6297.086763 0.174159
6298.370877 0.174717
6299.654991 0.186068
6300.939105 0.184715
6302.223219 0.171344
6303.507333 0.156404
6304.791447 0.180950
6306.075562 0.183340
6307.359676 0.166923
6308.643790 0.169572
6309.927904 0.169270
6311.212018 0.209503
6312.496132 0.159119
6313.780246 0.154424
6315.064360 0.168568
6316.348475 0.164509
6317.632589 0.177644
6318.916703 0.168573
6320.200817 0.149510
6321.484931 0.176508
6322.769045 0.162041
6324.053159 0.156587
6325.337273 0.174286
6326.621387 0.152953
6327.905502 0.176596
6329.189616 0.186408
6330.473730 0.191608
6331.757844 0.186958
6333.041958 0.181138
6334.326072 0.176349
6335.610186 0.168924
6336.894300 0.168152
6338.178415 0.173517
6339.462529 0.192709
6340.746643 0.176375
6342.030757 0.176768
6343.314871 0.185294
6344.598985 0.181283
6345.883099 0.190204
6347.167213 0.179271
6348.451327 0.175416
6349.735442 0.188928
6351.019556 0.179079
6352.303670 0.196517
6353.587784 0.179902
6354.871898 0.178888
6356.156012 0.173514
6357.440126 0.183773
6358.724240 0.173227
6360.008354 0.172895
6361.292469 0.162541
6362.576583 0.161496
6363.860697 0.148122
6365.144811 0.147383
6366.428925 0.164653
6367.713039 0.163466
6368.997153 0.165487
6370.281267 0.174955
6371.565382 0.179109
6372.849496 0.188659
6374.133610 0.175103
6375.417724 0.180834
6376.701838 0.188255
6377.985952 0.180627
6379.270066 0.176338
6380.554180 0.175252
6381.838294 0.176406
6383.122409 0.182271
6384.406523 0.173487
6385.690637 0.170140
6386.974751 0.166513
6388.258865 0.157935
6389.542979 0.188184
6390.827093 0.189854
6392.111207 0.163823
6393.395321 0.179336
6394.679436 0.178227
6395.963550 0.173447
6397.247664 0.166239
6398.531778 0.153968
6399.815892 0.149113
6401.100006 0.161548
6402.384120 0.159272
6403.668234 0.152052
6404.952349 0.175622
6406.236463 0.167197
6407.520577 0.163083
6408.804691 0.181074
6410.088805 0.170773
6411.372919 0.151504
6412.657033 0.143158
6413.941147 0.180748
6415.225261 0.181056
6416.509376 0.166681
6417.793490 0.159538
6419.077604 0.167232
6420.361718 0.171739
6421.645832 0.172049
6422.929946 0.168193
6424.214060 0.176127
6425.498174 0.172917
6426.782289 0.175236
6428.066403 0.174961
6429.350517 0.170895
6430.634631 0.183553
6431.918745 0.173967
6433.202859 0.173468
6434.486973 0.177180
6435.771087 0.195809
6437.055201 0.177538
6438.339316 0.176263
6439.623430 0.175004
6440.907544 0.183363
6442.191658 0.171051
6443.475772 0.164003
6444.759886 0.181011
6446.044000 0.182483
6447.328114 0.175399
6448.612228 0.180177
6449.896343 0.185415
6451.180457 0.164266
6452.464571 0.172034
6453.748685 0.193937
6455.032799 0.135809
6456.316913 0.150782
6457.601027 0.184291
6458.885141 0.176838
6460.169256 0.179105
6461.453370 0.186803
6462.737484 0.169616
6464.021598 0.162950
6465.305712 0.174025
6466.589826 0.178676
6467.873940 0.154295
6469.158054 0.179392
6470.442168 0.172382
6471.726283 0.179853
6473.010397 0.179486
6474.294511 0.167383
6475.578625 0.183217
6476.862739 0.180589
6478.146853 0.180143
6479.430967 0.174809
6480.715081 0.159531
6481.999195 0.178847
6483.283310 0.192255
6484.567424 0.186056
6485.851538 0.170900
6487.135652 0.169254
6488.419766 0.175383
6489.703880 0.177472
6490.987994 0.170666
6492.272108 0.173871
6493.556223 0.163014
6494.840337 0.158106
6496.124451 0.154256
6497.408565 0.168383
6498.692679 0.152325
6499.976793 0.142542
6501.260907 0.145538
6502.545021 0.150451
6503.829135 0.176885
6505.113250 0.185535
6506.397364 0.169599
6507.681478 0.171389
6508.965592 0.167602
6510.249706 0.185489
6511.533820 0.166834
6512.817934 0.185566
6514.102048 0.190150
6515.386163 0.167809
6516.670277 0.165173
6517.954391 0.158618
6519.238505 0.178632
6520.522619 0.174189
6521.806733 0.144074
6523.090847 0.167481
6524.374961 0.177212
6525.659075 0.178703
6526.943190 0.178859
6528.227304 0.182760
6529.511418 0.170068
6530.795532 0.153638
6532.079646 0.170502
6533.363760 0.192850
6534.647874 0.166133
6535.931988 0.158027
6537.216102 0.153210
6538.500217 0.204091
6539.784331 0.173493
6541.068445 0.168860
6542.352559 0.179807
6543.636673 0.179490
6544.920787 0.171690
6546.204901 0.168188
6547.489015 0.180997
6548.773130 0.173501
6550.057244 0.166282
