3143.203714 0.016892
3145.546059 0.024087
3147.888404 0.011970
3150.230749 0.008975
3152.573094 0.009581
3154.915439 0.013142
3157.257783 0.008125
3159.600128 0.007356
3161.942473 0.015637
3164.284818 0.015293
3166.627163 0.005579
3168.969508 0.020939
3171.311853 0.019732
3173.654197 0.020482
3175.996542 0.017893
3178.338887 0.015560
3180.681232 0.018996
3183.023577 0.008682
3185.365922 0.028545
3187.708267 0.017632
3190.050611 0.012884
3192.392956 -0.003748
3194.735301 0.005948
3197.077646 0.007565
3199.419991 0.018310
3201.762336 0.003504
3204.104681 0.014640
3206.447025 0.019158
3208.789370 -0.000937
3211.131715 0.004290
3213.474060 0.016365
3215.816405 0.008697
3218.158750 0.017697
3220.501094 0.014018
3222.843439 0.014268
3225.185784 0.014102
3227.528129 0.004053
3229.870474 0.005122
3232.212819 0.014495
3234.555164 0.007875
3236.897508 0.004141
3239.239853 0.013946
3241.582198 0.008151
3243.924543 -0.000301
3246.266888 0.006090
3248.609233 -0.002055
3250.951578 0.020195
3253.293922 0.016137
3255.636267 0.009656
3257.978612 0.015052
3260.320957 0.009469
3262.663302 0.009517
3265.005647 0.005366
3267.347992 0.017810
3269.690336 0.005226
3272.032681 0.013139
3274.375026 0.005721
3276.717371 0.004084
3279.059716 0.017774
3281.402061 0.004392
3283.744406 0.012782
3286.086750 0.011223
3288.429095 0.014379
3290.771440 0.023403
3293.113785 0.010791
3295.456130 0.002126
3297.798475 0.011892
3300.140820 0.005803
3302.483164 0.006694
3304.825509 0.009427
3307.167854 0.012745
3309.510199 0.015696
3311.852544 0.013031
3314.194889 0.020224
3316.537234 0.011493
3318.879578 0.012239
3321.221923 0.009621
3323.564268 0.006742
3325.906613 0.006692
3328.248958 0.010136
3330.591303 0.015875
3332.933648 0.006572
3335.275992 0.001781
3337.618337 0.001388
3339.960682 0.006993
3342.303027 0.008024
3344.645372 0.012395
3346.987717 0.012387
3349.330061 0.008276
3351.672406 0.010584
3354.014751 0.016146
3356.357096 -0.003512
3358.699441 0.007411
3361.041786 0.006202
3363.384131 0.018554
3365.726475 0.006938
3368.068820 -0.002260
3370.411165 -0.004159
3372.753510 0.005662
3375.095855 0.003134
3377.438200 0.012293
3379.780545 0.015703
3382.122889 0.009880
3384.465234 0.014627
3386.807579 0.009153
3389.149924 0.000497
3391.492269 0.005695
3393.834614 0.013796
3396.176959 0.013238
3398.519303 0.013512
3400.861648 0.007774
3403.203993 0.007458
3405.546338 0.017417
3407.888683 0.016660
3410.231028 0.021396
3412.573373 0.016781
3414.915717 0.003995
3417.258062 0.016211
3419.600407 0.007951
3421.942752 0.014168
3424.285097 0.010756
3426.627442 0.015659
3428.969787 0.013542
3431.312131 0.007955
3433.654476 0.019777
3435.996821 0.008992
3438.339166 0.014097
3440.681511 0.008075
3443.023856 0.011788
3445.366201 0.020960
3447.708545 0.008789
3450.050890 0.019629
3452.393235 0.011372
3454.735580 0.013970
3457.077925 0.002654
3459.420270 0.006056
3461.762615 0.004334
3464.104959 -0.002253
3466.447304 0.009766
3468.789649 0.018740
3471.131994 0.010856
3473.474339 0.014206
3475.816684 0.010355
3478.159028 0.007964
3480.501373 0.010573
3482.843718 0.006053
3485.186063 0.008665
3487.528408 0.013471
3489.870753 0.006228
3492.213098 0.010175
3494.555442 0.017971
3496.897787 0.012611
3499.240132 0.005471
3501.582477 0.018630
3503.924822 0.014165
3506.267167 0.012883
3508.609512 0.010839
3510.951856 0.006721
3513.294201 0.005916
3515.636546 0.015579
3517.978891 0.012662
3520.321236 0.008810
3522.663581 0.017829
3525.005926 0.003490
3527.348270 0.009051
3529.690615 0.007340
3532.032960 0.009638
3534.375305 0.009915
3536.717650 0.012167
3539.059995 0.007146
3541.402340 0.014402
3543.744684 0.008302
3546.087029 0.012807
3548.429374 0.009905
3550.771719 0.017161
3553.114064 0.007453
3555.456409 0.006973
3557.798754 0.012770
3560.141098 0.009928
3562.483443 0.014065
3564.825788 0.018926
3567.168133 0.013905
3569.510478 0.012649
3571.852823 0.012092
3574.195168 0.015232
3576.537512 0.011629
3578.879857 0.007682
3581.222202 0.005681
3583.564547 0.010206
3585.906892 0.008044
3588.249237 0.017964
3590.591582 0.011989
3592.933926 0.009997
3595.276271 0.014321
3597.618616 0.009430
3599.960961 0.010258
3602.303306 0.014652
3604.645651 0.006953
3606.987995 0.006230
3609.330340 0.012502
3611.672685 0.013003
3614.015030 0.009991
3616.357375 0.014667
3618.699720 0.003318
3621.042065 0.004876
3623.384409 0.008872
3625.726754 0.012086
3628.069099 0.021708
3630.411444 0.020271
3632.753789 0.015293
3635.096134 0.012054
3637.438479 0.014654
3639.780823 0.012664
3642.123168 0.008236
3644.465513 -0.004111
3646.807858 0.009006
3649.150203 0.014163
3651.492548 0.004970
3653.834893 0.005861
3656.177237 0.010330
3658.519582 0.001760
3660.861927 0.010787
3663.204272 0.018767
3665.546617 0.011978
3667.888962 0.003152
3670.231307 0.021319
3672.573651 0.012655
3674.915996 0.006618
3677.258341 0.012670
3679.600686 0.007921
3681.943031 0.015665
3684.285376 0.009783
3686.627721 0.009531
3688.970065 0.009509
3691.312410 0.014753
3693.654755 0.004727
3695.997100 0.018079
3698.339445 0.010782
3700.681790 0.010800
3703.024135 0.016496
3705.366479 0.007294
3707.708824 0.014170
3710.051169 0.010386
3712.393514 0.009386
3714.735859 0.015586
3717.078204 0.014846
3719.420548 0.010796
3721.762893 0.013089
3724.105238 0.035270
3726.447583 0.039013
3728.789928 0.047717
3731.132273 0.037924
3733.474618 0.023741
3735.816962 0.012958
3738.159307 0.014510
3740.501652 0.006540
3742.843997 0.018237
3745.186342 0.010095
3747.528687 0.016294
3749.871032 0.004636
3752.213376 0.014812
3754.555721 0.012001
3756.898066 0.013031
3759.240411 0.013372
3761.582756 0.016481
3763.925101 0.018157
3766.267446 0.017056
3768.609790 0.010283
3770.952135 0.010746
3773.294480 0.010772
3775.636825 0.015735
3777.979170 0.012530
3780.321515 0.017002
3782.663860 0.013702
3785.006204 0.010591
3787.348549 0.015981
3789.690894 0.009304
3792.033239 0.012542
3794.375584 0.002850
3796.717929 0.004289
3799.060274 0.007271
3801.402618 0.016914
3803.744963 0.016351
3806.087308 0.015546
3808.429653 0.019424
3810.771998 0.014365
3813.114343 0.016663
3815.456688 0.020550
3817.799032 0.014619
3820.141377 0.017787
3822.483722 0.022158
3824.826067 0.013352
3827.168412 0.016703
3829.510757 0.017654
3831.853102 0.012228
3834.195446 0.014693
3836.537791 0.009821
3838.880136 0.016996
3841.222481 0.017060
3843.564826 0.020095
3845.907171 0.017416
3848.249515 0.008466
3850.591860 0.023928
3852.934205 0.015607
3855.276550 0.019030
3857.618895 0.022602
3859.961240 0.017468
3862.303585 0.008935
3864.645929 0.026913
3866.988274 0.019660
3869.330619 0.031317
3871.672964 0.017899
3874.015309 0.017151
3876.357654 0.017602
3878.699999 0.004247
3902.123447 0.021048
3904.465792 0.012862
3906.808137 0.012027
3909.150482 0.019294
3911.492827 0.021447
3913.835171 0.015601
3916.177516 0.007922
3918.519861 0.021246
3920.862206 0.023547
3923.204551 0.008811
3925.546896 0.018627
3927.889241 0.012962
3930.231585 0.007849
3932.573930 0.008092
3934.916275 0.017441
3937.258620 0.018171
3939.600965 0.014045
3941.943310 0.011181
3944.285655 0.014830
3946.627999 0.024436
3948.970344 0.020611
3951.312689 0.014531
3953.655034 0.013592
3955.997379 0.024724
3958.339724 0.015781
3960.682069 0.004757
3963.024413 0.011445
3965.366758 0.021338
3967.709103 0.015224
3970.051448 0.002716
3972.393793 0.016598
3974.736138 0.018053
3977.078482 0.014289
3979.420827 0.004811
3981.763172 0.011374
3984.105517 0.011734
3986.447862 0.019636
3988.790207 0.012363
3991.132552 0.015928
3993.474896 0.016318
3995.817241 0.017367
3998.159586 0.011992
4000.501931 0.024101
4002.844276 0.009413
4005.186621 0.026583
4007.528966 0.024371
4009.871310 0.019075
4012.213655 0.017887
4014.556000 0.023087
4016.898345 0.022277
4019.240690 0.029553
4021.583035 0.022951
4023.925380 0.011109
4026.267724 0.018886
4028.610069 0.022601
4030.952414 0.022162
4033.294759 0.025597
4035.637104 0.014990
4037.979449 0.018414
4040.321794 0.030899
4042.664138 0.016469
4045.006483 0.019069
4047.348828 0.028441
4049.691173 0.019068
4052.033518 0.019813
4054.375863 0.026238
4056.718208 0.021802
4059.060552 0.017434
4061.402897 0.019839
4063.745242 0.017663
4066.087587 0.018149
4068.429932 0.025050
4070.772277 0.011827
4073.114622 0.017976
4075.456966 0.014856
4077.799311 0.011390
4080.141656 0.022413
4082.484001 0.019736
4084.826346 0.020318
4087.168691 0.002302
4089.511036 0.009917
4091.853380 0.017982
4094.195725 0.020781
4124.646208 0.018461
4126.988553 0.030112
4129.330898 0.016514
4131.673243 0.028400
4134.015588 0.018072
4136.357933 0.015375
4138.700277 0.025712
4141.042622 0.019181
4143.384967 0.010261
4145.727312 0.026668
4148.069657 0.014634
4150.412002 0.023672
4152.754347 0.021326
4155.096691 0.011356
4157.439036 0.023236
4159.781381 0.006141
4162.123726 0.009593
4164.466071 0.022625
4166.808416 0.016705
4169.150761 0.019841
4171.493105 0.013737
4173.835450 0.023244
4176.177795 0.019320
4178.520140 0.014363
4180.862485 0.015375
4183.204830 0.017202
4185.547175 0.022938
4187.889519 0.013960
4190.231864 0.020141
4192.574209 0.027188
4194.916554 0.011594
4197.258899 0.019778
4199.601244 0.019039
4201.943589 0.016419
4204.285933 0.021875
4206.628278 0.025868
4208.970623 0.034217
4211.312968 0.022594
4213.655313 0.019242
4215.997658 0.012193
4218.340003 0.018899
4220.682347 0.023419
4223.024692 0.016088
4225.367037 0.030346
4227.709382 0.025591
4230.051727 0.016546
4232.394072 0.012808
4234.736416 0.021391
4237.078761 0.013987
4239.421106 0.021006
4241.763451 0.015720
4244.105796 0.014638
4246.448141 0.011646
4248.790486 0.021363
4251.132830 0.022494
4253.475175 0.008990
4255.817520 0.007012
4258.159865 0.017736
4260.502210 0.018744
4262.844555 0.012526
4265.186900 0.024119
4267.529244 0.015446
4269.871589 0.018010
4272.213934 0.016411
4274.556279 0.020631
4276.898624 0.016977
4279.240969 0.018856
4281.583314 0.020099
4283.925658 0.023166
4286.268003 0.024993
4288.610348 0.014560
4290.952693 0.014288
4293.295038 0.016617
4295.637383 0.022111
4297.979728 0.014576
4300.322072 0.020541
4302.664417 0.012102
4305.006762 0.011551
4307.349107 0.010770
4309.691452 0.019805
4312.033797 0.017764
4314.376142 0.014316
4316.718486 0.011428
4319.060831 0.019650
4321.403176 0.022634
4323.745521 0.015851
4326.087866 0.020486
4328.430211 0.024557
4330.772556 0.026638
4333.114900 0.024314
4335.457245 0.011973
4337.799590 0.009728
4340.141935 0.017084
4342.484280 0.021878
4344.826625 0.025135
4347.168970 0.017755
4349.511314 0.007603
4351.853659 0.015492
4354.196004 0.011321
4356.538349 0.008777
4358.880694 0.011599
4361.223039 0.028089
4363.565383 0.015943
4365.907728 0.020719
4368.250073 0.027444
4370.592418 0.018936
4372.934763 0.013824
4375.277108 0.017173
4377.619453 0.022141
4379.961797 0.022745
4382.304142 0.016249
4384.646487 0.016095
4386.988832 0.009869
4389.331177 -0.000255
4391.673522 0.015247
4394.015867 0.020821
4396.358211 0.011583
4398.700556 0.020294
4401.042901 0.009540
4403.385246 0.012405
4405.727591 0.018612
4408.069936 0.026632
4410.412281 0.020381
4412.754625 0.017744
4415.096970 0.022152
4417.439315 0.015711
4419.781660 0.016692
4422.124005 0.024974
4424.466350 0.023650
4426.808695 0.016516
4429.151039 0.014572
4431.493384 0.017696
4433.835729 0.019385
4436.178074 0.019946
4438.520419 0.015688
4440.862764 0.005339
4443.205109 0.017371
4445.547453 0.019333
4447.889798 0.029914
4450.232143 0.024104
4452.574488 0.022446
4454.916833 0.025681
4457.259178 0.009886
4459.601523 0.012792
4461.943867 0.013387
4464.286212 0.018194
4466.628557 0.023767
4468.970902 0.019691
4471.313247 0.022968
4473.655592 0.010136
4475.997937 0.011155
4478.340281 0.013809
4480.682626 0.024280
4483.024971 0.019292
4485.367316 0.015139
4487.709661 0.025578
4490.052006 0.019974
4492.394350 0.020362
4494.736695 0.014171
4497.079040 0.019898
4499.421385 0.019242
4501.763730 0.022359
4504.106075 0.018683
4506.448420 0.006975
4508.790764 0.008417
4511.133109 0.014065
4513.475454 0.015430
4515.817799 0.008265
4518.160144 0.018198
4520.502489 0.020456
4522.844834 0.019621
4525.187178 0.024267
4527.529523 0.015052
4529.871868 0.010338
4532.214213 0.013704
4534.556558 0.006161
4536.898903 0.022817
4539.241248 0.013975
4541.583592 0.016409
4543.925937 0.031559
4546.268282 0.021734
4548.610627 0.018853
4550.952972 0.016421
4553.295317 0.017721
4555.637662 0.023647
4557.980006 0.018095
4560.322351 0.026352
4562.664696 0.023596
4565.007041 0.027728
4567.349386 0.030007
4569.691731 0.023041
4572.034076 0.019812
4574.376420 0.025273
4576.718765 0.021741
4579.061110 0.016691
4581.403455 0.013512
4583.745800 0.019817
4586.088145 0.022916
4588.430490 0.017996
4590.772834 0.024370
4593.115179 0.016709
4595.457524 0.015430
4597.799869 0.015738
4600.142214 0.018473
4602.484559 0.025200
4604.826904 0.013436
4607.169248 0.014013
4609.511593 0.019319
4611.853938 0.022236
4614.196283 0.022924
4616.538628 0.019299
4618.880973 0.029112
4621.223317 0.018651
4623.565662 0.023765
4625.908007 0.019084
4628.250352 0.021379
4630.592697 0.023141
4632.935042 0.016674
4635.277387 0.019750
4637.619731 0.018262
4639.962076 0.017663
4642.304421 0.019864
4644.646766 0.021268
4646.989111 0.024191
4649.331456 0.022387
4651.673801 0.024357
4654.016145 0.021629
4656.358490 0.021861
4658.700835 0.015962
4661.043180 0.019726
4663.385525 0.023787
4665.727870 0.013486
4668.070215 0.019541
4670.412559 0.025618
4672.754904 0.022205
4675.097249 0.021572
4677.439594 0.008879
4679.781939 0.016000
4682.124284 0.021877
4684.466629 0.024348
4686.808973 0.022820
4689.151318 0.021490
4691.493663 0.015808
4693.836008 0.016501
4696.178353 0.026416
4698.520698 0.019968
4700.863043 0.016325
4703.205387 0.025429
4705.547732 0.017376
4707.890077 0.015429
4710.232422 0.019749
4712.574767 0.019872
4714.917112 0.022612
4717.259457 0.015957
4719.601801 0.025759
4721.944146 0.020263
4724.286491 0.015850
4726.628836 0.021392
4728.971181 0.016821
4731.313526 0.017746
4733.655871 0.018396
4735.998215 0.012664
4738.340560 0.017935
4740.682905 0.030994
4743.025250 0.021114
4745.367595 0.020532
4747.709940 0.022929
4750.052284 0.025640
4752.394629 0.014353
4754.736974 0.028231
4757.079319 0.028593
4759.421664 0.029661
4761.764009 0.018736
4764.106354 0.037817
4766.448698 -0.003695
4768.791043 0.001996
4771.133388 0.012915
4773.475733 0.006130
4775.818078 0.013597
4778.160423 0.021597
4780.502768 0.030138
4782.845112 0.024950
4785.187457 0.019513
4787.529802 0.001849
4789.872147 0.007128
4792.214492 0.007995
4794.556837 0.015949
4796.899182 0.021083
4799.241526 0.015604
4801.583871 0.011982
4803.926216 0.023480
4806.268561 0.018921
4808.610906 0.016875
4810.953251 0.013415
4813.295596 0.028502
4815.637940 0.020141
4817.980285 0.017848
4820.322630 0.032557
4822.664975 0.013931
4825.007320 0.014819
4827.349665 0.022960
4829.692010 0.004334
4832.034354 0.006824
4834.376699 0.014912
4836.719044 0.030797
4839.061389 0.022939
4841.403734 0.026358
4843.746079 0.019334
4846.088424 0.021526
4848.430768 0.008286
4850.773113 0.018385
4853.115458 0.013294
4855.457803 0.024621
4857.800148 0.025122
4860.142493 0.039073
4862.484837 0.031138
4864.827182 0.020736
4867.169527 0.026422
4869.511872 0.016135
4871.854217 0.011680
4874.196562 0.014477
4876.538907 0.011660
4878.881251 0.024006
4881.223596 0.024154
4883.565941 0.024554
4885.908286 0.018404
4888.250631 0.020762
4890.592976 0.011977
4892.935321 0.007782
4895.277665 0.020137
4897.620010 0.008593
4899.962355 0.026822
4902.304700 0.017852
4904.647045 0.024455
4906.989390 0.023008
4909.331735 0.019528
4911.674079 0.020491
4914.016424 0.013323
4916.358769 0.015125
4918.701114 0.025084
4921.043459 0.020502
4923.385804 0.025612
4925.728149 0.020051
4928.070493 0.014616
4930.412838 0.022537
4932.755183 0.012518
4935.097528 0.016022
4937.439873 0.020378
4939.782218 0.021200
4942.124563 0.017531
4944.466907 0.019389
4946.809252 0.013808
4949.151597 0.022390
4951.493942 0.017551
4953.836287 0.010266
4956.178632 0.017528
4958.520977 0.018079
4960.863321 0.025336
4963.205666 0.022877
4965.548011 0.022316
4967.890356 0.020255
4970.232701 0.012821
4972.575046 0.009336
4974.917391 0.019163
4977.259735 0.023311
4979.602080 0.023316
4981.944425 0.020865
4984.286770 0.023945
4986.629115 0.024913
4988.971460 0.023130
4991.313804 0.014376
4993.656149 0.018544
4995.998494 0.023820
4998.340839 0.018520
5000.683184 0.015081
5003.025529 0.027073
5005.367874 0.027415
5007.710218 0.030803
5010.052563 0.025300
5012.394908 0.021609
5014.737253 0.017905
5017.079598 0.021258
5019.421943 0.022041
5021.764288 0.014271
5024.106632 0.018856
5026.448977 0.020553
5028.791322 0.021234
