2548.650089 0.011940
2550.555045 0.054143
2552.460002 0.047917
2554.364958 0.023852
2556.269914 0.052675
2558.174870 0.020942
2560.079827 0.043237
2561.984783 0.061594
2563.889739 0.056123
2565.794696 0.053791
2567.699652 0.044847
2569.604608 0.051568
2571.509564 0.067834
2573.414521 0.051164
2575.319477 0.029168
2577.224433 0.044467
2579.129390 0.042344
2581.034346 0.058153
2582.939302 0.031947
2584.844258 0.018999
2586.749215 0.032986
2588.654171 0.034513
2590.559127 0.038074
2592.464084 0.056772
2594.369040 0.064529
2596.273996 0.031558
2598.178953 0.027799
2600.083909 0.030279
2601.988865 0.012024
2603.893821 0.044305
2605.798778 0.050983
2607.703734 0.042422
2609.608690 0.054021
2611.513647 0.024716
2613.418603 0.049161
2615.323559 0.059951
2617.228515 0.040245
2619.133472 0.044361
2621.038428 0.059928
2622.943384 0.027447
2624.848341 0.050736
2626.753297 0.061817
2628.658253 0.052733
2630.563209 0.037708
2632.468166 0.056837
2634.373122 0.057841
2636.278078 0.064842
2638.183035 0.056799
2640.087991 0.053599
2641.992947 0.053076
2643.897903 0.053897
2645.802860 0.051676
2647.707816 0.055064
2649.612772 0.039741
2651.517729 0.042047
2653.422685 0.050306
2655.327641 0.032788
2657.232597 0.047437
2659.137554 0.050876
2661.042510 0.047595
2662.947466 0.047809
2664.852423 0.044342
2666.757379 0.030488
2668.662335 0.027275
2670.567291 0.035773
2672.472248 0.035582
2674.377204 0.050102
2676.282160 0.052244
2678.187117 0.041487
2680.092073 0.043162
2681.997029 0.049187
2683.901985 0.055974
2685.806942 0.065461
2687.711898 0.044849
2689.616854 0.041874
2691.521811 0.048599
2693.426767 0.045041
2695.331723 0.048320
2697.236679 0.040006
2699.141636 0.029261
2701.046592 0.038691
2702.951548 0.046065
2704.856505 0.056819
2706.761461 0.052041
2708.666417 0.037897
2710.571373 0.041713
2712.476330 0.060847
2714.381286 0.053391
2716.286242 0.042911
2718.191199 0.028313
2720.096155 0.034317
2722.001111 0.036100
2723.906068 0.050875
2725.811024 0.055989
2727.715980 0.057525
2729.620936 0.051175
2731.525893 0.062355
2733.430849 0.041275
2735.335805 0.039645
2737.240762 0.047680
2739.145718 0.044793
2741.050674 0.020728
2742.955630 0.048208
2744.860587 0.056928
2746.765543 0.048159
2748.670499 0.060513
2750.575456 0.045571
2752.480412 0.033856
2754.385368 0.064187
2756.290324 0.045723
2758.195281 0.047443
2760.100237 0.055559
2762.005193 0.050263
2763.910150 0.041220
2765.815106 0.046057
2767.720062 0.058834
2769.625018 0.053167
2771.529975 0.057423
2773.434931 0.040264
2775.339887 0.058502
2777.244844 0.041432
2779.149800 0.067328
2781.054756 0.058640
2782.959712 0.045874
2784.864669 0.028913
2786.769625 0.043931
2788.674581 0.043883
2790.579538 0.037144
2792.484494 0.041926
2794.389450 0.031241
2796.294406 0.020283
2798.199363 0.029803
2800.104319 0.019613
2802.009275 0.022323
2803.914232 0.033131
2805.819188 0.020286
2807.724144 0.043833
2809.629100 0.065027
2811.534057 0.034688
2813.439013 0.041249
2815.343969 0.048743
2817.248926 0.046947
2819.153882 0.067893
2821.058838 0.042745
2822.963794 0.055859
2824.868751 0.051582
2826.773707 0.046050
2828.678663 0.039853
2830.583620 0.031784
2832.488576 0.049742
2834.393532 0.048682
2836.298489 0.047558
2838.203445 0.037626
2840.108401 0.035171
2842.013357 0.046221
2843.918314 0.043656
2845.823270 0.048170
2847.728226 0.043306
2849.633183 0.032465
2851.538139 0.036503
2853.443095 0.044364
2855.348051 0.043889
2857.253008 0.049649
2859.157964 0.051401
2861.062920 0.063025
2862.967877 0.052975
2864.872833 0.039986
2866.777789 0.038431
2868.682745 0.043632
2870.587702 0.046937
2872.492658 0.038118
2874.397614 0.050812
2876.302571 0.038941
2878.207527 0.028167
2880.112483 0.045435
2882.017439 0.066700
2883.922396 0.046528
2885.827352 0.051405
2887.732308 0.038316
2889.637265 0.038026
2891.542221 0.059616
2893.447177 0.060477
2895.352133 0.041740
2897.257090 0.059420
2899.162046 0.068393
2901.067002 0.034585
2902.971959 0.067603
2904.876915 0.036405
2906.781871 0.030672
2908.686827 0.059401
2910.591784 0.035748
2912.496740 0.028784
2914.401696 0.057950
2916.306653 0.037804
2918.211609 0.048538
2920.116565 0.065107
2922.021521 0.056172
2923.926478 0.045764
2925.831434 0.052630
2927.736390 0.067090
2929.641347 0.048872
2931.546303 0.065600
2933.451259 0.058350
2935.356215 0.056164
2937.261172 0.042730
2939.166128 0.034606
2941.071084 0.038020
2942.976041 0.031919
2944.880997 0.040885
2946.785953 0.054536
2948.690910 0.045290
2950.595866 0.044248
2952.500822 0.047483
2954.405778 0.056350
2956.310735 0.064075
2958.215691 0.038048
2960.120647 0.040785
2962.025604 0.059005
2963.930560 0.028606
2965.835516 0.048724
2967.740472 0.052995
2969.645429 0.043687
2971.550385 0.060785
2973.455341 0.046495
2975.360298 0.050927
2977.265254 0.059670
2979.170210 0.052611
2981.075166 0.049304
2982.980123 0.036208
2984.885079 0.043486
2986.790035 0.041181
2988.694992 0.033916
2990.599948 0.050161
2992.504904 0.048657
2994.409860 0.055740
2996.314817 0.061634
2998.219773 0.059333
3000.124729 0.058144
3002.029686 0.048604
3003.934642 0.052169
3005.839598 0.059586
3007.744554 0.040302
3009.649511 0.034100
3011.554467 0.073817
3013.459423 0.051496
3015.364380 0.041942
3017.269336 0.053900
3019.174292 0.036405
3021.079248 0.055895
3022.984205 0.037890
3024.889161 0.052937
3026.794117 0.051741
3028.699074 0.054803
3030.604030 0.062737
3032.508986 0.054234
3034.413942 0.039931
3036.318899 0.069057
3038.223855 0.063768
3040.128811 0.068747
3042.033768 0.058501
3043.938724 0.052002
3045.843680 0.041745
3047.748636 0.047769
3049.653593 0.043271
3051.558549 0.054727
3053.463505 0.072309
3055.368462 0.053098
3057.273418 0.034983
3059.178374 0.048474
3061.083330 0.043262
3062.988287 0.043205
3064.893243 0.058798
3066.798199 0.056190
3068.703156 0.035409
3070.608112 0.041877
3072.513068 0.042991
3074.418025 0.047682
3076.322981 0.043539
3078.227937 0.054016
3080.132893 0.061387
3082.037850 0.046701
3083.942806 0.051975
3085.847762 0.057375
3087.752719 0.039362
3089.657675 0.051864
3091.562631 0.061442
3093.467587 0.049762
3095.372544 0.055835
3097.277500 0.048068
3099.182456 0.061370
3101.087413 0.058719
3102.992369 0.059180
3104.897325 0.041368
3106.802281 0.051989
3108.707238 0.043937
3110.612194 0.065158
3112.517150 0.055776
3114.422107 0.076662
3116.327063 0.062061
3118.232019 0.048812
3120.136975 0.066777
3122.041932 0.052076
3123.946888 0.044571
3125.851844 0.062553
3127.756801 0.052491
3129.661757 0.067154
3131.566713 0.076539
3133.471669 0.045015
3135.376626 0.042067
3137.281582 0.037578
3139.186538 0.042692
3141.091495 0.042976
3142.996451 0.062959
3144.901407 0.054374
3146.806363 0.062942
3148.711320 0.060272
3150.616276 0.050215
3152.521232 0.044952
3177.285664 0.053813
3179.190620 0.052164
3181.095577 0.056257
3183.000533 0.046008
3184.905489 0.058264
3186.810446 0.068021
3188.715402 0.075294
3190.620358 0.039937
3192.525314 0.056666
3194.430271 0.060278
3196.335227 0.058623
3198.240183 0.050994
3200.145140 0.056078
3202.050096 0.045853
3203.955052 0.047770
3205.860008 0.062087
3207.764965 0.035185
3209.669921 0.049495
3211.574877 0.048353
3213.479834 0.047968
3215.384790 0.044940
3217.289746 0.065161
3219.194702 0.049007
3221.099659 0.069792
3223.004615 0.053632
3224.909571 0.037368
3226.814528 0.038559
3228.719484 0.043902
3230.624440 0.040414
3232.529396 0.040714
3234.434353 0.054396
3236.339309 0.040060
3238.244265 0.041090
3240.149222 0.059374
3242.054178 0.060654
3243.959134 0.062447
3245.864090 0.040689
3247.769047 0.040782
3249.674003 0.063272
3251.578959 0.059553
3253.483916 0.050408
3255.388872 0.047320
3257.293828 0.048022
3259.198784 0.036919
3261.103741 0.053357
3263.008697 0.067790
3264.913653 0.041330
3266.818610 0.048446
3268.723566 0.075722
3270.628522 0.057055
3272.533478 0.038466
3274.438435 0.055833
3276.343391 0.043267
3278.248347 0.052585
3280.153304 0.034795
3282.058260 0.037500
3283.963216 0.048517
3285.868172 0.033592
3287.773129 0.049876
3289.678085 0.043793
3291.583041 0.063134
3293.487998 0.051398
3295.392954 0.062211
3297.297910 0.042117
3299.202867 0.054580
3301.107823 0.067590
3303.012779 0.058196
3304.917735 0.051494
3306.822692 0.041272
3308.727648 0.051530
3310.632604 0.042313
3312.537561 0.051066
3314.442517 0.028504
3316.347473 0.052412
3318.252429 0.041349
3320.157386 0.043481
3322.062342 0.037339
3323.967298 0.030168
3325.872255 0.062267
3327.777211 0.044253
3329.682167 0.056085
3331.587123 0.048637
3333.492080 0.050011
3335.397036 0.001792
3337.301992 0.039756
3339.206949 -0.027295
3341.111905 0.068129
3343.016861 0.101896
3344.921817 0.072553
3346.826774 0.067343
3348.731730 0.057398
3350.636686 0.045343
3352.541643 0.069209
3354.446599 0.029226
3356.351555 0.087580
3358.256511 0.050190
3360.161468 0.052342
3362.066424 0.034047
3363.971380 0.056648
3365.876337 0.062045
3367.781293 0.071099
3369.686249 0.041623
3371.591205 0.050801
3373.496162 0.074480
3375.401118 0.046694
3377.306074 0.027157
3379.211031 0.037356
3381.115987 0.056969
3383.020943 0.056797
3384.925899 0.054520
3386.830856 0.049817
3388.735812 0.050700
3390.640768 0.049507
3392.545725 0.060109
3394.450681 0.052050
3396.355637 0.056737
3398.260593 0.053657
3400.165550 0.068126
3402.070506 0.077156
3403.975462 0.053622
3405.880419 0.058897
3407.785375 0.046133
3409.690331 0.045553
3411.595288 0.074072
3413.500244 0.051258
3415.405200 0.054975
3417.310156 0.063402
3419.215113 0.066694
3421.120069 0.060908
3423.025025 0.049562
3424.929982 0.056020
3426.834938 0.070317
3428.739894 0.057707
3430.644850 0.066808
3432.549807 0.062091
3434.454763 0.049843
3436.359719 0.058351
3438.264676 0.052271
3440.169632 0.047041
3442.074588 0.045422
3443.979544 0.050437
3445.884501 0.051667
3447.789457 0.065641
3449.694413 0.059853
3451.599370 0.048801
3453.504326 0.032758
3455.409282 0.051859
3457.314238 0.040870
3459.219195 0.055620
3461.124151 0.058020
3463.029107 0.039733
3464.934064 0.058512
3466.839020 0.045358
3468.743976 0.034430
3470.648932 0.053437
3472.553889 0.050535
3474.458845 0.033221
3476.363801 0.041093
3478.268758 0.071729
3480.173714 0.033670
3482.078670 0.052764
3483.983626 0.057748
3485.888583 0.046225
3487.793539 0.065672
3489.698495 0.052795
3491.603452 0.043795
3493.508408 0.044190
3495.413364 0.045440
3497.318320 0.043758
3499.223277 0.049943
3501.128233 0.063150
3503.033189 0.069383
3504.938146 0.068204
3506.843102 0.044268
3508.748058 0.047975
3510.653014 0.072114
3512.557971 0.050702
3514.462927 0.034819
3516.367883 0.044789
3518.272840 0.060884
3520.177796 0.046154
3522.082752 0.048393
3523.987708 0.046347
3525.892665 0.060698
3527.797621 0.046424
3529.702577 0.056665
3531.607534 0.049766
3533.512490 0.044276
3535.417446 0.034746
3537.322403 0.042071
3539.227359 0.052429
3541.132315 0.051689
3543.037271 0.066274
3544.942228 0.051236
3546.847184 0.036620
3548.752140 0.049139
3550.657097 0.061609
3552.562053 0.053629
3554.467009 0.053463
3556.371965 0.055840
3558.276922 0.060219
3560.181878 0.070529
3562.086834 0.070734
3563.991791 0.067890
3565.896747 0.061584
3567.801703 0.030265
3569.706659 0.046227
3571.611616 0.057224
3573.516572 0.054441
3575.421528 0.056694
3577.326485 0.060126
3579.231441 0.073410
3581.136397 0.065251
3583.041353 0.052728
3584.946310 0.050851
3586.851266 0.083396
3588.756222 0.040772
3590.661179 0.042159
3592.566135 0.052664
3594.471091 0.055850
3596.376047 0.046499
3598.281004 0.054710
3600.185960 0.040443
3602.090916 0.042234
3603.995873 0.061450
3605.900829 0.045549
3607.805785 0.049452
3609.710741 0.065292
3611.615698 0.056199
3613.520654 0.035546
3615.425610 0.050588
3617.330567 0.063786
3619.235523 0.056291
3621.140479 0.054145
3623.045435 0.047825
3624.950392 0.054875
3626.855348 0.059446
3628.760304 0.056880
3630.665261 0.046913
3632.570217 0.045499
3634.475173 0.049209
3636.380129 0.065676
3638.285086 0.069660
3640.190042 0.051351
3642.094998 0.051681
3643.999955 0.051656
3645.904911 0.045099
3647.809867 0.052802
3649.714824 0.061486
3651.619780 0.052715
3653.524736 0.054506
3655.429692 0.050779
3657.334649 0.067579
3659.239605 0.048182
3661.144561 0.044132
3663.049518 0.046706
3664.954474 0.064870
3666.859430 0.067728
3668.764386 0.048938
3670.669343 0.056454
3672.574299 0.046849
3674.479255 0.048833
3676.384212 0.075094
3678.289168 0.054000
3680.194124 0.034943
3682.099080 0.051842
3684.004037 0.034304
3685.908993 0.045378
3687.813949 0.060907
3689.718906 0.042733
3691.623862 0.047459
3693.528818 0.048648
3695.433774 0.055849
3697.338731 0.061899
3699.243687 0.038412
3701.148643 0.061442
3703.053600 0.067457
3704.958556 0.058011
3706.863512 0.040353
3708.768468 0.040170
3710.673425 0.054331
3712.578381 0.050602
3714.483337 0.063883
3716.388294 0.040832
3718.293250 0.046087
3720.198206 0.059703
3722.103162 0.051363
3724.008119 0.064963
3725.913075 0.101880
3727.818031 0.101033
3729.722988 0.114588
3731.627944 0.087164
3733.532900 0.071637
3735.437856 0.059498
3737.342813 0.050683
3739.247769 0.049920
3741.152725 0.055279
3743.057682 0.056116
3744.962638 0.050752
3746.867594 0.044610
3748.772550 0.046367
3750.677507 0.054266
3752.582463 0.060019
3754.487419 0.055894
3756.392376 0.068271
3758.297332 0.050704
3760.202288 0.062623
3762.107245 0.077847
3764.012201 0.066480
3765.917157 0.053829
3767.822113 0.051539
3769.727070 0.053709
3771.632026 0.044555
3773.536982 0.058232
3775.441939 0.069306
3777.346895 0.070748
3779.251851 0.075722
3781.156807 0.079552
3783.061764 0.058284
3784.966720 0.073527
3786.871676 0.077767
3788.776633 0.067644
3790.681589 0.062840
3792.586545 0.068876
3794.491501 0.057419
3796.396458 0.045214
3798.301414 0.055130
3800.206370 0.062734
3802.111327 0.070507
3804.016283 0.066771
3805.921239 0.071087
3807.826195 0.084074
3809.731152 0.088789
3811.636108 0.085899
3813.541064 0.084628
3815.446021 0.079832
3817.350977 0.073233
3819.255933 0.067100
3821.160889 0.076182
3823.065846 0.069976
3824.970802 0.070598
3826.875758 0.068699
3828.780715 0.058737
3830.685671 0.064892
3832.590627 0.060770
3834.495583 0.047941
3836.400540 0.057994
3838.305496 0.062788
3840.210452 0.061824
3842.115409 0.076777
3844.020365 0.066124
3845.925321 0.082807
3847.830277 0.085982
3849.735234 0.076745
3851.640190 0.069872
3853.545146 0.061591
3855.450103 0.065552
3857.355059 0.074118
3859.260015 0.067647
3861.164971 0.080831
3863.069928 0.078756
3864.974884 0.081279
3866.879840 0.089105
3868.784797 0.100659
3870.689753 0.098389
3872.594709 0.061416
3874.499665 0.064350
3876.404622 0.072074
3878.309578 0.060949
3880.214534 0.078662
3882.119491 0.074011
3884.024447 0.053883
3885.929403 0.062094
3887.834360 0.076227
3889.739316 0.080255
3891.644272 0.069672
3893.549228 0.044269
3895.454185 0.043583
3897.359141 0.055292
3899.264097 0.061393
3901.169054 0.067873
3903.074010 0.069362
3904.978966 0.060872
3906.883922 0.080343
3908.788879 0.086838
3910.693835 0.079080
3912.598791 0.068917
3914.503748 0.071833
3916.408704 0.079477
3918.313660 0.092422
3920.218616 0.097537
3922.123573 0.077159
3924.028529 0.064555
3925.933485 0.059804
3927.838442 0.052899
3929.743398 0.078203
3931.648354 0.070909
3933.553310 0.059578
3935.458267 0.073422
3937.363223 0.054846
3939.268179 0.071315
3941.173136 0.078940
3943.078092 0.079039
3944.983048 0.094272
3946.888004 0.105493
3948.792961 0.083283
3950.697917 0.075715
3952.602873 0.078302
3954.507830 0.084989
3956.412786 0.077249
3958.317742 0.076161
3960.222698 0.052115
3962.127655 0.057699
3964.032611 0.062101
3965.937567 0.047300
3967.842524 0.055211
3969.747480 0.066851
3971.652436 0.054702
3973.557392 0.038880
3975.462349 0.056268
3977.367305 0.077210
3979.272261 0.077851
3981.177218 0.072176
3983.082174 0.088302
3984.987130 0.082452
3986.892086 0.090939
3988.797043 0.081942
3990.701999 0.068931
3992.606955 0.093291
3994.511912 0.097776
3996.416868 0.063092
3998.321824 0.067463
4000.226781 0.078607
4002.131737 0.093606
4004.036693 0.100530
4005.941649 0.091754
4007.846606 0.098702
4009.751562 0.096863
4011.656518 0.100811
4013.561475 0.085343
4015.466431 0.095631
4017.371387 0.094507
4019.276343 0.082593
4021.181300 0.088688
4023.086256 0.090698
4024.991212 0.090809
4026.896169 0.067857
4028.801125 0.081109
4030.706081 0.086411
4032.611037 0.084745
4034.515994 0.104567
4036.420950 0.095329
4038.325906 0.092385
4040.230863 0.102677
4042.135819 0.091683
4044.040775 0.080199
4045.945731 0.074031
4047.850688 0.095330
4049.755644 0.095549
4051.660600 0.092390
4053.565557 0.087705
4055.470513 0.092615
4057.375469 0.098460
4059.280425 0.088574
4061.185382 0.070848
4063.090338 0.094734
4064.995294 0.089982
4066.900251 0.085826
4068.805207 0.097602
4070.710163 0.081616
4072.615119 0.074503
4074.520076 0.076730
4076.425032 0.080462
4078.329988 0.083607
4080.234945 0.085813
4082.139901 0.083559
4084.044857 0.081014
4085.949813 0.088776
4087.854770 0.080819
4089.759726 0.086141
4091.664682 0.073271
4093.569639 0.077737
4095.474595 0.089426
4097.379551 0.073819
4099.284507 0.097813
4101.189464 0.120833
4103.094420 0.111283
4104.999376 0.087977
4106.904333 0.053153
4108.809289 0.082554
4110.714245 0.014846
4112.619202 0.033965
4114.524158 0.087533
4116.429114 0.073202
4118.334070 0.081209
4120.239027 0.126840
4122.143983 0.101562
4124.048939 0.108179
4125.953896 0.089390
4127.858852 0.009030
4129.763808 0.037382
4131.668764 0.095321
4133.573721 0.073387
4135.478677 0.095199
4137.383633 0.106654
4139.288590 0.094565
4141.193546 0.079848
4143.098502 0.113090
4145.003458 0.107471
4146.908415 0.091005
4148.813371 0.094968
4150.718327 0.047825
4152.623284 0.067666
4154.528240 0.100636
4156.433196 0.105514
4158.338152 0.142429
4160.243109 0.107051
4162.148065 0.109197
4164.053021 0.027334
4165.957978 0.017800
4167.862934 0.073387
4169.767890 0.115415
4171.672846 0.108429
4173.577803 0.103878
4175.482759 0.131867
4177.387715 0.076905
4179.292672 0.086431
4181.197628 0.052619
4183.102584 0.073550
4185.007540 0.077785
4186.912497 0.101107
4188.817453 0.098140
4190.722409 0.099966
4192.627366 0.108227
4194.532322 0.089072
4196.437278 0.076309
4198.342234 0.092512
4200.247191 0.069921
4202.152147 0.083735
4204.057103 0.090427
4205.962060 0.117206
4207.867016 0.098527
4209.771972 0.096461
4211.676928 0.113076
4213.581885 0.100343
4215.486841 0.073881
4217.391797 0.069349
4219.296754 0.074037
4221.201710 0.067623
4223.106666 0.086109
4225.011623 0.072453
4226.916579 0.078083
4228.821535 0.085152
4230.726491 0.075368
4232.631448 0.107159
4234.536404 0.087943
4236.441360 0.098979
4238.346317 0.107244
4240.251273 0.093913
4242.156229 0.095650
4244.061185 0.099134
4245.966142 0.076181
4247.871098 0.090389
4249.776054 0.089899
4251.681011 0.071597
4253.585967 0.081721
4255.490923 0.091672
4257.395879 0.075114
4259.300836 0.070859
4261.205792 0.122774
4263.110748 0.111016
4265.015705 0.135882
4266.920661 0.079712
4268.825617 0.054032
4270.730573 0.078215
4272.635530 0.080121
4274.540486 0.081030
4276.445442 0.077091
4278.350399 0.073383
4280.255355 0.100236
4282.160311 0.061683
4284.065267 0.105564
4285.970224 0.084507
4287.875180 0.090912
4289.780136 0.121923
4291.685093 0.090392
4293.590049 0.054696
4295.495005 0.080679
4297.399961 0.070753
4299.304918 0.091938
4301.209874 0.065622
4303.114830 0.073460
4305.019787 0.071192
4306.924743 0.081113
4308.829699 0.066868
4310.734655 0.043098
4312.639612 0.091062
4314.544568 0.157771
4316.449524 0.125261
4318.354481 0.109797
4320.259437 0.120247
4322.164393 0.077592
4324.069349 0.050522
4325.974306 0.055093
4327.879262 0.073048
4329.784218 0.063839
4331.689175 0.061668
4333.594131 0.068989
4335.499087 0.097341
4337.404043 0.090868
4339.309000 0.078165
4341.213956 0.094991
4343.118912 0.068113
4345.023869 0.076297
4346.928825 0.058341
4348.833781 0.062841
4350.738738 0.085584
4352.643694 0.070389
4354.548650 0.072077
4356.453606 0.070248
4358.358563 0.093780
4360.263519 0.103448
4362.168475 0.064624
4364.073432 0.073879
4365.978388 0.088504
4367.883344 0.138625
4369.788300 0.145913
4371.693257 0.107791
4373.598213 0.125224
4375.503169 0.128976
4377.408126 0.047100
4379.313082 0.056462
4381.218038 0.069369
4383.122994 0.046870
4385.027951 0.097315
4386.932907 0.091205
4388.837863 0.110751
4390.742820 0.128929
4392.647776 0.080992
4394.552732 0.159669
4396.457688 0.032314
4398.362645 0.059265
4400.267601 0.075085
4402.172557 0.071642
4404.077514 0.065738
4405.982470 0.092137
4407.887426 0.086475
4409.792382 0.077737
4411.697339 0.068550
4413.602295 0.075470
4415.507251 0.114868
4417.412208 0.061674
4419.317164 0.068191
4421.222120 0.052689
4423.127076 0.083147
4425.032033 0.083914
4426.936989 0.056555
4428.841945 0.088052
4430.746902 0.097468
4432.651858 0.102368
4434.556814 0.125852
4436.461770 0.104913
4438.366727 0.047522
4440.271683 0.094818
4442.176639 0.128893
4444.081596 0.101024
4445.986552 0.096579
4447.891508 0.140717
4449.796464 0.113397
4451.701421 0.069703
4453.606377 0.075866
4455.511333 0.060976
4457.416290 0.054559
4459.321246 0.068471
4461.226202 0.077331
4463.131159 0.122393
4465.036115 0.085668
4466.941071 0.063688
4468.846027 0.105324
4470.750984 0.080444
4472.655940 0.083905
4474.560896 0.108745
4476.465853 0.075291
4478.370809 0.092196
4480.275765 0.091235
4482.180721 0.126676
4484.085678 0.080763
4485.990634 0.086513
4487.895590 0.168906
4489.800547 0.082675
4491.705503 0.083952
4493.610459 0.059451
4495.515415 0.063275
4497.420372 0.093765
4499.325328 0.078806
4501.230284 0.094168
4503.135241 0.089224
4505.040197 0.072719
4506.945153 0.094693
4508.850109 0.064372
4510.755066 0.108599
4512.660022 0.117953
4514.564978 0.150595
4516.469935 0.113801
4518.374891 0.045182
4520.279847 0.099960
4522.184803 0.095397
4524.089760 0.082434
4525.994716 0.069167
4527.899672 0.158298
4529.804629 0.087717
4531.709585 0.054110
4533.614541 0.094985
4535.519497 0.044615
4537.424454 0.078605
4539.329410 0.106806
4541.234366 0.088422
4543.139323 0.082821
4545.044279 0.101789
4546.949235 0.122201
4548.854191 0.110206
4550.759148 0.098256
4552.664104 0.066307
4554.569060 0.067519
4556.474017 0.117565
4558.378973 0.094363
4560.283929 0.097161
4562.188885 0.096590
4564.093842 0.082667
4565.998798 0.104561
4567.903754 0.119216
4569.808711 0.096737
4571.713667 0.106847
4573.618623 0.085050
4575.523580 0.087903
4577.428536 0.089599
4579.333492 0.095412
4581.238448 0.100122
4583.143405 0.087096
4585.048361 0.077177
4586.953317 0.092848
4588.858274 0.092682
4590.763230 0.116455
4592.668186 0.119297
4594.573142 0.087760
4596.478099 0.066079
4598.383055 0.084290
4600.288011 0.069609
4602.192968 0.071903
4604.097924 0.105503
4606.002880 0.111586
4607.907836 0.082911
4609.812793 0.072820
4611.717749 0.085609
4613.622705 0.086534
4615.527662 0.096115
4617.432618 0.097480
4619.337574 0.093461
4621.242530 0.095467
4623.147487 0.091225
4625.052443 0.086245
4626.957399 0.077298
4628.862356 0.085702
4630.767312 0.094720
4632.672268 0.096086
4634.577224 0.099806
4636.482181 0.095778
4638.387137 0.094153
4640.292093 0.080007
4642.197050 0.085384
4644.102006 0.094418
4646.006962 0.085108
4647.911918 0.086034
4649.816875 0.074852
4651.721831 0.086941
4653.626787 0.109426
4655.531744 0.099032
4657.436700 0.083209
4659.341656 0.097448
4661.246612 0.091573
4663.151569 0.090855
4665.056525 0.075007
4666.961481 0.074569
4668.866438 0.085389
4670.771394 0.114813
4672.676350 0.078468
4674.581306 0.080609
4676.486263 0.081105
4678.391219 0.092610
4680.296175 0.085034
4682.201132 0.106623
4684.106088 0.089114
4686.011044 0.086697
4687.916000 0.108416
4689.820957 0.058965
4691.725913 0.040478
4693.630869 0.068485
4695.535826 0.058459
4697.440782 0.105263
4699.345738 0.048727
4701.250695 0.089758
4703.155651 0.144621
4705.060607 0.115468
4706.965563 0.085519
4708.870520 0.088645
4710.775476 0.072023
4712.680432 0.088024
4714.585389 0.092758
4716.490345 0.109906
4718.395301 0.111468
4720.300257 0.099787
4722.205214 0.081241
4724.110170 0.105894
4726.015126 0.021632
4727.920083 -0.020124
4729.825039 0.124011
4731.729995 0.020041
4733.634951 0.164341
4735.539908 0.216829
4737.444864 0.114001
4739.349820 0.111369
4741.254777 0.054513
4743.159733 0.078483
4745.064689 0.140282
4746.969645 0.093066
4748.874602 0.088728
4750.779558 0.112073
4752.684514 0.105724
4754.589471 0.127580
4756.494427 0.098893
4758.399383 0.015512
4760.304339 0.073834
4762.209296 0.121252
4764.114252 0.093174
4766.019208 0.228327
4767.924165 0.111578
4769.829121 0.080520
4771.734077 0.123467
4773.639033 0.119024
4775.543990 0.046312
4777.448946 0.027942
4779.353902 0.121830
4781.258859 0.145281
4783.163815 0.213563
4785.068771 0.140462
4786.973727 0.080142
4788.878684 0.023400
4790.783640 0.065260
4792.688596 0.087215
4794.593553 0.052929
4796.498509 0.034766
4798.403465 0.079802
4800.308421 0.082295
4802.213378 0.160648
4804.118334 0.153311
4806.023290 0.074364
4807.928247 0.096088
4809.833203 0.092068
4811.738159 0.063855
4813.643116 0.086876
4815.548072 0.073068
4817.453028 0.044246
4819.357984 0.105686
4821.262941 0.124677
4823.167897 0.106201
4825.072853 0.183453
4826.977810 0.140040
4828.882766 0.074969
4830.787722 0.091302
4832.692678 0.107029
4834.597635 0.097469
4836.502591 0.100909
4838.407547 0.078104
4840.312504 0.064524
4842.217460 0.047317
4844.122416 0.091427
4846.027372 0.099462
4847.932329 0.066076
4849.837285 0.103689
4851.742241 0.091801
4853.647198 0.071976
4855.552154 0.084568
4857.457110 0.098411
4859.362066 0.135205
4861.267023 0.135654
4863.171979 0.120874
4865.076935 0.114548
4866.981892 0.101319
4868.886848 0.078956
4870.791804 0.073232
4872.696760 0.101436
4874.601717 0.100664
4876.506673 0.116778
4878.411629 0.078617
4880.316586 0.112467
4882.221542 0.111477
4884.126498 0.068664
4886.031454 0.054250
4887.936411 0.078297
4889.841367 0.048782
4891.746323 0.107311
4893.651280 0.133976
4895.556236 0.133272
4897.461192 0.137693
4899.366148 0.135844
4901.271105 0.114732
4903.176061 0.095416
4905.081017 0.108042
4906.985974 0.071638
4908.890930 0.078842
4910.795886 0.105189
4912.700842 0.105362
4914.605799 0.113245
4916.510755 0.090820
4918.415711 0.131105
4920.320668 0.130682
4922.225624 0.125656
4924.130580 0.089428
4926.035537 0.087621
4927.940493 0.127718
4929.845449 0.117945
4931.750405 0.110965
4933.655362 0.096820
4935.560318 0.100245
4937.465274 0.097221
4939.370231 0.087650
4941.275187 0.103285
4943.180143 0.097323
4945.085099 0.096190
4946.990056 0.083738
4948.895012 0.105592
4950.799968 0.111956
4952.704925 0.093232
4954.609881 0.108509
4956.514837 0.092971
4958.419793 0.106142
4960.324750 0.100326
4962.229706 0.023733
4964.134662 0.033928
4966.039619 -0.093999
4967.944575 0.051624
4969.849531 0.262064
4971.754487 0.081268
4973.659444 0.103325
4975.564400 0.139643
4977.469356 0.139150
4979.374313 0.210572
4981.279269 0.185194
4983.184225 0.103970
4985.089181 0.091409
4986.994138 0.126408
4988.899094 0.135061
4990.804050 0.120277
4992.709007 0.111846
4994.613963 0.112452
4996.518919 0.112949
4998.423875 0.081075
5000.328832 -0.178170
5002.233788 -0.098563
5004.138744 0.068028
5006.043701 0.163333
5007.948657 0.427422
5009.853613 0.313616
5011.758569 0.129762
5013.663526 0.198491
5015.568482 0.106005
5017.473438 0.102101
5019.378395 0.135107
5021.283351 0.103344
5023.188307 0.041715
5025.093263 0.067109
5026.998220 0.064162
5028.903176 0.093939
5030.808132 0.138660
5032.713089 0.114542
5034.618045 -0.110206
5036.523001 0.025115
5038.427958 0.112476
5040.332914 0.291591
5042.237870 0.234373
5044.142826 0.058555
5046.047783 0.078447
5047.952739 0.121227
5049.857695 0.197605
5051.762652 0.149974
5053.667608 -0.029337
5055.572564 -0.017284
5057.477520 0.048499
5059.382477 0.320623
5061.287433 0.312904
5063.192389 0.121953
5065.097346 0.114464
5067.002302 0.019274
5068.907258 0.085688
5070.812214 0.079119
5072.717171 0.123455
5074.622127 0.038412
5076.527083 0.056207
5078.432040 0.105982
5080.336996 0.225169
5082.241952 0.281569
5084.146908 0.159166
5086.051865 0.113957
5087.956821 0.093998
5089.861777 0.076366
5091.766734 0.061032
5093.671690 0.063953
5095.576646 0.092293
5097.481602 0.040927
5099.386559 0.072243
5101.291515 0.093479
5103.196471 0.161354
5105.101428 0.160860
5107.006384 0.160169
5108.911340 0.143530
5110.816296 0.104678
5112.721253 0.090576
5114.626209 0.112874
5116.531165 0.106336
5118.436122 0.099520
5120.341078 0.073641
5122.246034 0.076563
5124.150990 0.115523
5126.055947 0.099091
5127.960903 0.061897
5129.865859 0.144702
5131.770816 0.100588
5133.675772 0.170622
5135.580728 0.118048
5137.485684 0.078182
5139.390641 0.074294
5141.295597 0.099203
5143.200553 0.108616
5145.105510 0.084747
5147.010466 0.081274
5148.915422 0.087224
5150.820378 0.070457
5152.725335 0.107249
5154.630291 0.077256
5156.535247 0.079667
5158.440204 0.099864
5160.345160 0.086673
5162.250116 0.068962
5164.155073 0.093575
5166.060029 0.101098
5167.964985 0.075671
5169.869941 0.088271
5171.774898 0.080577
5173.679854 0.078210
5175.584810 0.081679
5177.489767 0.082686
5179.394723 0.065988
5181.299679 0.090122
5183.204635 0.087449
5185.109592 0.085639
5187.014548 0.091306
5188.919504 0.064719
5190.824461 0.084239
5192.729417 0.084903
5194.634373 0.059229
5196.539329 0.087222
5198.444286 0.100385
5200.349242 0.075670
5202.254198 0.075059
5204.159155 0.080702
5206.064111 0.101391
5207.969067 0.108763
5209.874023 0.082936
5211.778980 0.061832
5213.683936 0.094952
5215.588892 0.112655
5217.493849 0.073508
5219.398805 0.083903
5221.303761 0.096205
5223.208717 0.100103
5225.113674 0.096050
5227.018630 0.109153
5228.923586 0.088154
5230.828543 0.083839
5232.733499 0.104781
5234.638455 0.097679
5236.543411 0.084677
5238.448368 0.075972
5240.353324 0.087596
5242.258280 0.117194
5244.163237 0.084101
