3100.685516 0.054835
3102.977388 0.043794
3105.269261 0.052044
3107.561134 0.051458
3109.853006 0.041007
3112.144879 0.027193
3114.436752 0.057942
3116.728625 0.056229
3119.020497 0.043487
3121.312370 0.054049
3123.604243 0.051120
3125.896115 0.064247
3128.187988 0.044990
3130.479861 0.033540
3132.771734 0.054474
3135.063606 0.025168
3137.355479 0.031282
3139.647352 0.036823
3141.939224 0.054165
3144.231097 0.044948
3146.522970 0.045423
3148.814843 0.047375
3151.106715 0.053669
3153.398588 0.040433
3155.690461 0.042986
3157.982333 0.046362
3160.274206 0.036508
3162.566079 0.040174
3164.857952 0.050113
3167.149824 0.034323
3169.441697 0.061233
3171.733570 0.048953
3174.025443 0.051338
3176.317315 0.045065
3178.609188 0.026042
3180.901061 0.039855
3183.192933 0.026662
3185.484806 0.036518
3187.776679 0.058739
3190.068552 0.047108
3192.360424 0.042075
3194.652297 0.036667
3196.944170 0.036625
3199.236042 0.059796
3201.527915 0.045304
3203.819788 0.029734
3206.111661 0.059160
3208.403533 0.062713
3210.695406 0.035323
3212.987279 0.048606
3215.279151 0.041361
3217.571024 0.041339
3219.862897 0.059760
3222.154770 0.038339
3224.446642 0.039145
3226.738515 0.058461
3229.030388 0.052652
3231.322260 0.041740
3233.614133 0.029102
3235.906006 0.052809
3238.197879 0.045038
3240.489751 0.046747
3242.781624 0.037958
3245.073497 0.056575
3247.365370 0.048904
3249.657242 0.044413
3251.949115 0.042886
3254.240988 0.041142
3256.532860 0.048294
3258.824733 0.056983
3261.116606 0.064821
3263.408479 0.052878
3265.700351 0.039236
3267.992224 0.052996
3270.284097 0.060297
3272.575969 0.050376
3274.867842 0.042927
3277.159715 0.060174
3279.451588 0.050485
3281.743460 0.063273
3284.035333 0.049229
3286.327206 0.049702
3288.619078 0.060289
3290.910951 0.057011
3293.202824 0.053210
3295.494697 0.062667
3297.786569 0.063747
3300.078442 0.065769
3302.370315 0.059261
3304.662188 0.041531
3306.954060 0.050740
3309.245933 0.070966
3311.537806 0.061303
3313.829678 0.076566
3316.121551 0.041563
3318.413424 0.037091
3320.705297 0.065166
3322.997169 0.070525
3325.289042 0.061614
3327.580915 0.061570
3329.872787 0.078271
3332.164660 0.066299
3334.456533 0.048027
3336.748406 0.059304
3339.040278 0.052358
3341.332151 0.076818
3343.624024 0.065958
3345.915896 0.054491
3348.207769 0.072895
3350.499642 0.068452
3352.791515 0.056855
3355.083387 0.041731
3357.375260 0.064655
3359.667133 0.054554
3361.959005 0.054317
3364.250878 0.056836
3366.542751 0.063335
3368.834624 0.039979
3371.126496 0.039202
3373.418369 0.044251
3375.710242 0.052480
3378.002115 0.055136
3380.293987 0.063126
3382.585860 0.058189
3384.877733 0.067821
3387.169605 0.068535
3389.461478 0.048487
3391.753351 0.061460
3394.045224 0.062632
3396.337096 0.050863
3398.628969 0.061561
3400.920842 0.064556
3403.212714 0.064302
3405.504587 0.063316
3407.796460 0.047533
3410.088333 0.058490
3412.380205 0.066804
3414.672078 0.069930
3416.963951 0.066643
3419.255823 0.064974
3421.547696 0.074766
3423.839569 0.067323
3426.131442 0.056870
3428.423314 0.071924
3430.715187 0.063565
3433.007060 0.067404
3435.298933 0.078509
3437.590805 0.062684
3439.882678 0.039984
3442.174551 0.048345
3444.466423 0.058795
3446.758296 0.048033
3449.050169 0.050534
3451.342042 0.060643
3453.633914 0.070119
3455.925787 0.049546
3458.217660 0.057611
3460.509532 0.047199
3462.801405 0.060092
3465.093278 0.077045
3467.385151 0.059259
3469.677023 0.057158
3471.968896 0.052204
3474.260769 0.054246
3476.552641 0.038214
3478.844514 0.043495
3481.136387 0.059315
3483.428260 0.071061
3485.720132 0.060375
3488.012005 0.066050
3490.303878 0.058558
3492.595750 0.050834
3494.887623 0.062930
3497.179496 0.067673
3499.471369 0.056587
3501.763241 0.070734
3504.055114 0.075039
3506.346987 0.055870
3508.638860 0.064617
3510.930732 0.066518
3513.222605 0.039855
3515.514478 0.053979
3517.806350 0.048870
3520.098223 0.078248
3522.390096 0.057782
3524.681969 0.053440
3526.973841 0.060229
3529.265714 0.065520
3531.557587 0.066531
3533.849459 0.071628
3536.141332 0.073366
3538.433205 0.065873
3540.725078 0.063403
3543.016950 0.079335
3545.308823 0.062128
3547.600696 0.041986
3549.892568 0.063721
3552.184441 0.076311
3554.476314 0.070623
3556.768187 0.069706
3559.060059 0.066914
3561.351932 0.065378
3563.643805 0.049906
3565.935678 0.045259
3568.227550 0.054048
3570.519423 0.064940
3572.811296 0.054494
3575.103168 0.061693
3577.395041 0.039920
3579.686914 0.053630
3581.978787 0.050686
3584.270659 0.044891
3586.562532 0.047767
3588.854405 0.059087
3591.146277 0.047874
3593.438150 0.070301
3595.730023 0.061523
3598.021896 0.061245
3600.313768 0.073767
3602.605641 0.060438
3604.897514 0.067963
3607.189386 0.062329
3609.481259 0.054589
3611.773132 0.079077
3614.065005 0.065856
3616.356877 0.053937
3618.648750 0.052744
3620.940623 0.065282
3623.232495 0.068774
3625.524368 0.076845
3627.816241 0.065051
3630.108114 0.076852
3632.399986 0.070873
3634.691859 0.061831
3636.983732 0.068350
3639.275605 0.081548
3641.567477 0.067087
3643.859350 0.063935
3646.151223 0.067624
3648.443095 0.077744
3650.734968 0.072345
3653.026841 0.069357
3655.318714 0.072635
3657.610586 0.086641
3659.902459 0.072570
3662.194332 0.070985
3664.486204 0.073311
3666.778077 0.073173
3669.069950 0.076781
3671.361823 0.059501
3673.653695 0.072170
3675.945568 0.092862
3678.237441 0.068113
3680.529313 0.061876
3682.821186 0.067779
3685.113059 0.061674
3687.404932 0.053403
3689.696804 0.058042
3691.988677 0.071397
3694.280550 0.082458
3696.572422 0.076128
3698.864295 0.078973
3701.156168 0.076251
3703.448041 0.071118
3705.739913 0.062469
3708.031786 0.065166
3710.323659 0.067229
3712.615532 0.074675
3714.907404 0.079975
3717.199277 0.088878
3719.491150 0.088278
3721.783022 0.090350
3724.074895 0.124577
3726.366768 0.128134
3728.658641 0.139918
3730.950513 0.137525
3733.242386 0.102595
3735.534259 0.056955
3737.826131 0.046851
3740.118004 0.060148
3742.409877 0.064209
3744.701750 0.067667
3746.993622 0.071621
3749.285495 0.068593
3751.577368 0.055766
3753.869240 0.058373
3756.161113 0.080512
3758.452986 0.077009
3760.744859 0.075334
3763.036731 0.072107
3765.328604 0.067939
3767.620477 0.078227
3769.912350 0.073902
3772.204222 0.083500
3774.496095 0.074936
3776.787968 0.084208
3779.079840 0.101205
3781.371713 0.095662
3783.663586 0.092624
3785.955459 0.099156
3788.247331 0.081483
3790.539204 0.078301
3792.831077 0.073844
3820.333549 0.068676
3822.625422 0.058704
3824.917295 0.058982
3827.209167 0.056069
3829.501040 0.052127
3831.792913 0.052024
3834.084786 0.054097
3836.376658 0.045469
3838.668531 0.059688
3840.960404 0.070752
3843.252277 0.057931
3845.544149 0.071407
3847.836022 0.080320
3850.127895 0.080577
3852.419767 0.074986
3854.711640 0.080722
3857.003513 0.077424
3859.295386 0.083100
3861.587258 0.095328
3863.879131 0.089760
3866.171004 0.089460
3868.462876 0.087319
3870.754749 0.084470
3873.046622 0.080814
3875.338495 0.071345
3877.630367 0.072946
3879.922240 0.079395
3882.214113 0.070320
3884.505985 0.071418
3886.797858 0.084479
3889.089731 0.070662
3891.381604 0.086961
3893.673476 0.080975
3895.965349 0.076324
3898.257222 0.082310
3900.549095 0.091887
3902.840967 0.080393
3905.132840 0.078839
3907.424713 0.090886
3909.716585 0.082128
3912.008458 0.083923
3914.300331 0.089508
3916.592204 0.093455
3918.884076 0.079960
3921.175949 0.088473
3923.467822 0.084445
3925.759694 0.066579
3928.051567 0.061624
3930.343440 0.051571
3932.635313 0.037439
3934.927185 0.043971
3937.219058 0.055605
3939.510931 0.057765
3941.802803 0.057861
3944.094676 0.066904
3946.386549 0.076982
3948.678422 0.085548
3950.970294 0.095781
3953.262167 0.100044
3955.554040 0.091766
3957.845912 0.092586
3960.137785 0.086926
3962.429658 0.081830
3964.721531 0.064440
3967.013403 0.056106
3969.305276 0.052711
3971.597149 0.054193
3973.889022 0.075623
3976.180894 0.069218
3978.472767 0.095074
3980.764640 0.102400
3983.056512 0.116762
3985.348385 0.089903
3987.640258 0.099234
3989.932131 0.110934
3992.224003 0.106255
3994.515876 0.115569
3996.807749 0.110834
3999.099621 0.124074
4001.391494 0.105011
4003.683367 0.105834
4005.975240 0.109445
4008.267112 0.113680
4010.558985 0.118533
4012.850858 0.130612
4015.142730 0.121143
4017.434603 0.128010
4019.726476 0.106549
4022.018349 0.136236
4024.310221 0.112675
4026.602094 0.112662
4028.893967 0.115993
4031.185840 0.125580
4033.477712 0.114146
4035.769585 0.111651
4038.061458 0.127402
4040.353330 0.133670
4042.645203 0.135318
4044.937076 0.124444
4047.228949 0.124229
4049.520821 0.113069
4051.812694 0.122648
4054.104567 0.120450
4056.396439 0.136999
4058.688312 0.119428
4060.980185 0.096830
4063.272058 0.126692
4065.563930 0.107966
4067.855803 0.121661
4070.147676 0.121274
4072.439548 0.122014
4074.731421 0.136208
4077.023294 0.136394
4079.315167 0.105395
4081.607039 0.118693
4083.898912 0.127807
4086.190785 0.125799
4088.482657 0.137298
4090.774530 0.114001
4093.066403 0.124817
4095.358276 0.112087
4097.650148 0.095446
4099.942021 0.103886
4102.233894 0.109723
4104.525767 0.119347
4106.817639 0.121690
4109.109512 0.118673
4111.401385 0.124647
4113.693257 0.137506
4115.985130 0.128786
4118.277003 0.120087
4120.568876 0.133964
4122.860748 0.128735
4125.152621 0.115902
4127.444494 0.131711
4129.736366 0.117965
4132.028239 0.119326
4134.320112 0.138228
4136.611985 0.111439
4138.903857 0.133245
4141.195730 0.132877
4143.487603 0.133013
4145.779475 0.117087
4148.071348 0.123118
4150.363221 0.124087
4152.655094 0.133201
4154.946966 0.118228
4157.238839 0.113268
4159.530712 0.092662
4161.822584 0.115506
4164.114457 0.119421
4166.406330 0.123349
4168.698203 0.123953
4170.990075 0.116207
4173.281948 0.118253
4175.573821 0.109872
4177.865694 0.124307
4180.157566 0.124694
4182.449439 0.118453
4184.741312 0.120501
4187.033184 0.107223
4189.325057 0.130836
4191.616930 0.128379
4193.908803 0.111867
4196.200675 0.116043
4198.492548 0.130583
4200.784421 0.125678
4203.076293 0.130759
4205.368166 0.120700
4207.660039 0.123970
4209.951912 0.140542
4212.243784 0.138912
4214.535657 0.134381
4216.827530 0.122377
4219.119402 0.128753
4221.411275 0.134959
4223.703148 0.128830
4225.995021 0.115643
4228.286893 0.127927
4230.578766 0.129818
4232.870639 0.125177
4235.162512 0.124903
4237.454384 0.117180
4239.746257 0.131902
4242.038130 0.130952
4244.330002 0.130917
4246.621875 0.145262
4248.913748 0.128420
4251.205621 0.128607
4253.497493 0.138245
4255.789366 0.116569
4258.081239 0.142419
4260.373111 0.127795
4262.664984 0.142829
4264.956857 0.131530
4267.248730 0.134635
4269.540602 0.129746
4271.832475 0.116694
4274.124348 0.116279
4276.416220 0.127351
4278.708093 0.122249
4280.999966 0.135016
4283.291839 0.130740
4285.583711 0.118867
4287.875584 0.115233
4290.167457 0.121993
4313.086184 0.119200
4315.378057 0.125827
4317.669929 0.131766
4319.961802 0.141599
4322.253675 0.130159
4324.545548 0.135765
4326.837420 0.136356
4329.129293 0.136572
4331.421166 0.157699
4333.713038 0.151814
4336.004911 0.137619
4338.296784 0.133160
4340.588657 0.135875
4342.880529 0.153220
4345.172402 0.161583
4347.464275 0.161118
4349.756147 0.132279
4352.048020 0.144050
4354.339893 0.157383
4356.631766 0.148482
4358.923638 0.153032
4361.215511 0.161279
4363.507384 0.146854
4365.799257 0.151564
4368.091129 0.165793
4370.383002 0.161897
4372.674875 0.155802
4374.966747 0.139232
4377.258620 0.144804
4379.550493 0.146738
4381.842366 0.133205
4384.134238 0.138102
4386.426111 0.138031
4388.717984 0.122981
4391.009856 0.140835
4393.301729 0.143159
4395.593602 0.143585
4397.885475 0.154843
4400.177347 0.164106
4402.469220 0.146671
4404.761093 0.144507
4407.052965 0.148278
4409.344838 0.142332
4411.636711 0.128924
4413.928584 0.134758
4416.220456 0.156712
4418.512329 0.152129
4420.804202 0.134639
4423.096074 0.152505
4425.387947 0.147818
4427.679820 0.148198
4429.971693 0.128989
4432.263565 0.156169
4434.555438 0.151146
4436.847311 0.134936
4439.139184 0.156827
4441.431056 0.161554
4443.722929 0.152730
4446.014802 0.138613
4448.306674 0.146940
4450.598547 0.155814
4452.890420 0.143289
4455.182293 0.126568
4457.474165 0.141614
4459.766038 0.153762
4462.057911 0.138297
4464.349783 0.138772
4466.641656 0.154813
4468.933529 0.152716
4471.225402 0.174912
4473.517274 0.178168
4475.809147 0.159334
4478.101020 0.159577
4480.392892 0.158756
4482.684765 0.154289
4484.976638 0.152897
4487.268511 0.163939
4489.560383 0.177732
4491.852256 0.174862
4494.144129 0.158357
4496.436002 0.151852
4498.727874 0.174419
4501.019747 0.165254
4503.311620 0.171377
4505.603492 0.168769
4507.895365 0.172825
4510.187238 0.183361
4512.479111 0.169348
4514.770983 0.171912
4517.062856 0.171003
4519.354729 0.177549
4521.646601 0.177099
4523.938474 0.162579
4526.230347 0.170352
4528.522220 0.160834
4530.814092 0.147548
4533.105965 0.141869
4535.397838 0.164670
4537.689710 0.180461
4539.981583 0.175771
4542.273456 0.170286
4544.565329 0.161575
4546.857201 0.172209
4549.149074 0.169974
4551.440947 0.157233
4553.732819 0.173592
4556.024692 0.181174
4558.316565 0.186838
4560.608438 0.185983
4562.900310 0.171385
4565.192183 0.173568
4567.484056 0.181426
4569.775929 0.174484
4572.067801 0.179219
4574.359674 0.181283
4576.651547 0.166716
4578.943419 0.177744
4581.235292 0.189343
4583.527165 0.163970
4585.819038 0.175538
4588.110910 0.165144
4590.402783 0.162991
4592.694656 0.188368
4594.986528 0.171306
4597.278401 0.153303
4599.570274 0.174389
4601.862147 0.177398
4604.154019 0.166161
4606.445892 0.155530
4608.737765 0.134459
4611.029637 0.123908
4613.321510 0.116842
4615.613383 0.123877
4617.905256 0.192384
4620.197128 0.190568
4622.489001 0.190290
4624.780874 0.173731
4627.072746 0.179890
4629.364619 0.172329
4631.656492 0.187780
4633.948365 0.178937
4636.240237 0.196964
4638.532110 0.191451
4640.823983 0.172663
4643.115856 0.189958
4645.407728 0.180843
4647.699601 0.184179
4649.991474 0.176693
4652.283346 0.171170
4654.575219 0.171648
4656.867092 0.189937
4659.158965 0.170099
4661.450837 0.176680
4663.742710 0.176425
4666.034583 0.181997
4668.326455 0.170909
4670.618328 0.167441
4672.910201 0.167460
4675.202074 0.187063
4677.493946 0.168901
4679.785819 0.186395
4682.077692 0.166466
4684.369564 0.162846
4686.661437 0.151811
4688.953310 0.144783
4691.245183 0.150417
4693.537055 0.164932
4695.828928 0.157765
4698.120801 0.170091
4700.412674 0.155105
4702.704546 0.139181
4704.996419 0.159662
4707.288292 0.168594
4709.580164 0.134631
4711.872037 0.165212
4714.163910 0.172279
4716.455783 0.169809
4718.747655 0.166928
4721.039528 0.180070
4723.331401 0.197197
4725.623273 0.168753
4727.915146 0.155070
4730.207019 0.174135
4732.498892 0.189790
4734.790764 0.186767
4737.082637 0.171600
4739.374510 0.186710
4741.666382 0.173830
4743.958255 0.161584
4746.250128 0.200235
4748.542001 0.188267
4750.833873 0.183654
4753.125746 0.192767
4755.417619 0.179509
4757.709491 0.165581
4760.001364 0.204791
4762.293237 0.175512
4764.585110 0.162348
4766.876982 0.171214
4769.168855 0.175719
4771.460728 0.177900
4773.752601 0.177795
4776.044473 0.195932
4778.336346 0.183691
4780.628219 0.197549
4782.920091 0.159887
4785.211964 0.163721
4787.503837 0.194773
4789.795710 0.176933
4792.087582 0.187826
4794.379455 0.189330
4796.671328 0.167226
4798.963200 0.185659
4801.255073 0.171310
4803.546946 0.183224
4805.838819 0.175026
4808.130691 0.187253
4810.422564 0.175675
4812.714437 0.193683
4815.006309 0.184004
4817.298182 0.201707
4819.590055 0.188996
4821.881928 0.199808
4824.173800 0.198450
4826.465673 0.212021
4828.757546 0.198525
4831.049419 0.211038
4833.341291 0.191390
4835.633164 0.166256
4837.925037 0.188162
4840.216909 0.191489
4842.508782 0.200928
4844.800655 0.202358
4847.092528 0.184453
4849.384400 0.191508
4851.676273 0.201040
4853.968146 0.196244
4856.260018 0.182469
4858.551891 0.200554
4860.843764 0.189948
4863.135637 0.170520
4865.427509 0.177076
4867.719382 0.162885
4870.011255 0.182719
4872.303127 0.180189
4874.595000 0.176036
4876.886873 0.185827
4879.178746 0.179590
4881.470618 0.182588
4883.762491 0.191690
4886.054364 0.176905
4888.346236 0.181776
4890.638109 0.174009
4892.929982 0.176971
4895.221855 0.178654
4897.513727 0.190565
4899.805600 0.172745
4902.097473 0.161536
4904.389346 0.167228
4906.681218 0.171198
4908.973091 0.165106
4911.264964 0.169975
4913.556836 0.167701
4915.848709 0.176679
4918.140582 0.180291
4920.432455 0.170205
4922.724327 0.181205
4925.016200 0.190506
4927.308073 0.180272
4929.599945 0.189725
4931.891818 0.187978
4934.183691 0.173313
4936.475564 0.199305
4938.767436 0.202012
4941.059309 0.178063
4943.351182 0.159070
4945.643054 0.168245
4947.934927 0.182163
4950.226800 0.189508
4952.518673 0.196821
4954.810545 0.204627
4957.102418 0.201359
4959.394291 0.203895
4961.686164 0.188623
4963.978036 0.191742
4966.269909 0.191047
4968.561782 0.187106
4970.853654 0.202885
4973.145527 0.184841
4975.437400 0.188188
4977.729273 0.201459
4980.021145 0.178383
4982.313018 0.196034
4984.604891 0.191837
4986.896763 0.204441
4989.188636 0.186738
4991.480509 0.216897
4993.772382 0.218899
4996.064254 0.214267
4998.356127 0.224359
5000.648000 0.255896
5002.939872 0.247504
5005.231745 0.276414
5007.523618 0.284148
5009.815491 0.279499
5012.107363 0.237665
5014.399236 0.211326
5016.691109 0.190689
5018.982981 0.223214
5021.274854 0.178667
5023.566727 0.167943
5025.858600 0.180294
5028.150472 0.184744
5030.442345 0.176238
5032.734218 0.186598
5035.026091 0.197660
5037.317963 0.182798
5039.609836 0.176789
5041.901709 0.192341
5044.193581 0.183350
5046.485454 0.213201
5048.777327 0.190645
5051.069200 0.183273
5053.361072 0.193691
5055.652945 0.205063
5057.944818 0.182144
5060.236690 0.196026
5062.528563 0.193987
5064.820436 0.183786
5067.112309 0.179445
5069.404181 0.200414
5071.696054 0.179491
5073.987927 0.179968
5076.279799 0.192565
5078.571672 0.177139
5080.863545 0.182798
5083.155418 0.176266
5085.447290 0.174152
5087.739163 0.212148
5090.031036 0.191553
5092.322908 0.198536
5094.614781 0.199079
5096.906654 0.168128
5099.198527 0.157861
5101.490399 0.173911
5103.782272 0.180754
5106.074145 0.181828
5108.366018 0.181631
5110.657890 0.170710
5112.949763 0.182872
5115.241636 0.190363
5117.533508 0.181234
5119.825381 0.202175
5122.117254 0.176728
5124.409127 0.164710
5126.700999 0.193280
5128.992872 0.183814
5131.284745 0.168944
5133.576617 0.138421
5135.868490 0.162058
5138.160363 0.153761
5140.452236 0.183859
5142.744108 0.191962
5145.035981 0.165718
5147.327854 0.176277
5149.619726 0.182431
5151.911599 0.168104
5154.203472 0.179292
5156.495345 0.185872
5158.787217 0.186797
5161.079090 0.183799
5163.370963 0.155086
5165.662836 0.148074
5167.954708 0.139544
5170.246581 0.138916
5172.538454 0.141493
5174.830326 0.150074
5177.122199 0.160507
5179.414072 0.143361
5181.705945 0.145524
5183.997817 0.141760
5186.289690 0.080738
5188.581563 0.154832
5190.873435 0.158591
5193.165308 0.205461
5195.457181 0.200994
5197.749054 0.184901
5200.040926 0.165079
5202.332799 0.172258
5204.624672 0.181766
5206.916544 0.191149
5209.208417 0.186534
5211.500290 0.178771
5213.792163 0.198064
5216.084035 0.203708
5218.375908 0.193926
5220.667781 0.200586
5222.959653 0.197967
5225.251526 0.183681
5227.543399 0.177466
5229.835272 0.173458
5232.127144 0.186083
5234.419017 0.188178
5236.710890 0.172113
5239.002763 0.189409
5241.294635 0.192044
5243.586508 0.188368
5245.878381 0.190985
5248.170253 0.192840
5250.462126 0.186820
5252.753999 0.171370
5255.045872 0.181766
5257.337744 0.222313
5259.629617 0.213851
5261.921490 0.193156
5264.213362 0.196194
5266.505235 0.157515
5268.797108 0.165453
5271.088981 0.183795
5273.380853 0.180528
5275.672726 0.191727
5277.964599 0.195100
5280.256471 0.203939
5282.548344 0.232419
5284.840217 0.241753
5287.132090 0.195865
5289.423962 0.185836
5291.715835 0.187512
5294.007708 0.183408
5296.299581 0.201928
5298.591453 0.185542
5300.883326 0.168076
5303.175199 0.181682
5305.467071 0.211099
5307.758944 0.202739
5310.050817 0.212418
5312.342690 0.217057
5314.634562 0.206306
5316.926435 0.230471
5319.218308 0.197399
5321.510180 0.203014
5323.802053 0.189042
5326.093926 0.210954
5328.385799 0.184947
5330.677671 0.165121
5332.969544 0.175315
5335.261417 0.170319
5337.553289 0.204898
5339.845162 0.180901
5342.137035 0.205254
5344.428908 0.190039
5346.720780 0.207885
5349.012653 0.197617
5351.304526 0.214837
5353.596398 0.218086
5355.888271 0.201356
5358.180144 0.203092
5360.472017 0.160330
5362.763889 0.207894
5365.055762 0.224931
5367.347635 0.206759
5369.639508 0.199231
5371.931380 0.182999
5374.223253 0.179859
5376.515126 0.196383
5378.806998 0.183755
5381.098871 0.215869
5383.390744 0.228473
5385.682617 0.206293
5387.974489 0.194892
5390.266362 0.189077
5392.558235 0.164246
5394.850107 0.197158
5397.141980 0.238671
5399.433853 0.197367
5401.725726 0.170951
5404.017598 0.195434
5406.309471 0.185011
5408.601344 0.184393
5410.893216 0.162991
5413.185089 0.189992
5415.476962 0.201401
5417.768835 0.203118
5420.060707 0.200552
5422.352580 0.201533
5424.644453 0.208488
5426.936326 0.221883
5429.228198 0.219680
5431.520071 0.226465
5433.811944 0.181088
5436.103816 0.163122
5438.395689 0.211621
5440.687562 0.213380
5442.979435 0.204335
5445.271307 0.194420
5447.563180 0.204012
5449.855053 0.209548
5452.146925 0.230422
5454.438798 0.192724
5456.730671 0.196423
5459.022544 0.189933
5461.314416 0.184775
5463.606289 0.207051
5465.898162 0.207577
5468.190034 0.186937
5470.481907 0.222183
5472.773780 0.222213
5475.065653 0.194721
5477.357525 0.191343
5479.649398 0.217747
5481.941271 0.207556
5484.233143 0.193175
5486.525016 0.198056
5488.816889 0.239604
5491.108762 0.212023
5493.400634 0.205688
5495.692507 0.237374
5497.984380 0.210164
5500.276253 0.212036
5502.568125 0.201257
5504.859998 0.199785
5507.151871 0.205709
5509.443743 0.223092
5511.735616 0.224371
5514.027489 0.214268
5516.319362 0.203510
5518.611234 0.222201
5520.903107 0.225185
5523.194980 0.217228
5525.486852 0.212651
5527.778725 0.220738
5530.070598 0.220061
5532.362471 0.206480
5534.654343 0.206189
5536.946216 0.216493
5539.238089 0.221765
5541.529961 0.199208
5543.821834 0.218272
5546.113707 0.210643
5548.405580 0.204757
5550.697452 0.185705
5552.989325 0.204124
5555.281198 0.202694
5557.573070 0.202023
5559.864943 0.189664
5562.156816 0.186970
5564.448689 0.201097
5566.740561 0.201161
5569.032434 0.180945
5571.324307 0.174943
5573.616180 0.210704
5575.908052 0.187276
5578.199925 0.190660
5580.491798 0.203908
5582.783670 0.210896
5585.075543 0.200095
5587.367416 0.183527
5589.659289 0.187886
5591.951161 0.168695
5594.243034 0.190297
5596.534907 0.210066
5598.826779 0.203506
5601.118652 0.202676
5603.410525 0.203756
5605.702398 0.209982
5607.994270 0.198990
5610.286143 0.185309
5612.578016 0.166785
5614.869888 0.177501
5617.161761 0.187765
5619.453634 0.194086
5621.745507 0.208392
5624.037379 0.219774
5626.329252 0.207620
5628.621125 0.197015
5630.912998 0.222684
5633.204870 0.226673
5635.496743 0.195033
5637.788616 0.201148
5640.080488 0.214156
5642.372361 0.178329
5644.664234 0.171543
5646.956107 0.190077
5649.247979 0.196160
5651.539852 0.191784
5653.831725 0.192829
5656.123597 0.207354
5658.415470 0.167591
5660.707343 0.175018
5662.999216 0.244722
5665.291088 0.220574
5667.582961 0.189915
5669.874834 0.220166
5672.166706 0.216151
5674.458579 0.199882
5676.750452 0.203803
5679.042325 0.211785
5681.334197 0.214763
5683.626070 0.205752
5685.917943 0.188629
5688.209815 0.244051
5690.501688 0.250476
5692.793561 0.217926
5695.085434 0.250063
5697.377306 0.232607
5699.669179 0.205512
5701.961052 0.255492
5704.252925 0.223284
5706.544797 0.200911
5708.836670 0.204741
5711.128543 0.222331
5713.420415 0.206243
5715.712288 0.221137
5718.004161 0.245833
5720.296034 0.223490
5722.587906 0.200423
5724.879779 0.197886
5727.171652 0.245302
5729.463524 0.171079
5731.755397 0.233846
5734.047270 0.200742
5736.339143 0.199551
5738.631015 0.211119
5740.922888 0.234095
5743.214761 0.209620
5745.506633 0.224111
5747.798506 0.207334
5750.090379 0.212725
5752.382252 0.195556
5754.674124 0.257110
5756.965997 0.223868
5759.257870 0.222879
5761.549743 0.198407
5763.841615 0.236990
5766.133488 0.219829
5768.425361 0.239907
5770.717233 0.192433
5773.009106 0.243661
5775.300979 0.251803
5777.592852 0.260521
5779.884724 0.212594
5782.176597 0.206549
5784.468470 0.209526
5786.760342 0.218350
5789.052215 0.217979
5791.344088 0.232295
5793.635961 0.248273
5795.927833 0.222033
5798.219706 0.225131
5800.511579 0.220516
5802.803451 0.229100
5805.095324 0.232411
5807.387197 0.223324
5809.679070 0.227047
5811.970942 0.234155
5814.262815 0.222952
5816.554688 0.229430
5818.846560 0.234265
5821.138433 0.226141
5823.430306 0.241304
5825.722179 0.220170
5828.014051 0.216478
5830.305924 0.228946
5832.597797 0.231490
5834.889670 0.222159
5837.181542 0.238374
5839.473415 0.240839
5841.765288 0.230395
5844.057160 0.221902
5846.349033 0.222819
5848.640906 0.224081
5850.932779 0.213657
5853.224651 0.214679
5855.516524 0.202078
5857.808397 0.218543
5860.100269 0.248505
5862.392142 0.208455
5864.684015 0.200631
5866.975888 0.221091
5869.267760 0.226291
5871.559633 0.237594
5873.851506 0.234903
5876.143378 0.248051
5878.435251 0.207919
5880.727124 0.211100
5883.018997 0.185041
5885.310869 0.217846
5887.602742 0.220106
5889.894615 0.140225
5892.186488 0.187156
5894.478360 0.174856
5896.770233 0.194682
5899.062106 0.179325
5901.353978 0.221033
5903.645851 0.204311
5905.937724 0.233907
5908.229597 0.204934
5910.521469 0.249709
5912.813342 0.213173
5915.105215 0.216575
5917.397087 0.219559
5919.688960 0.196381
5921.980833 0.200376
5924.272706 0.230675
5926.564578 0.237382
5928.856451 0.216172
5931.148324 0.226201
5933.440196 0.216277
5935.732069 0.212708
5938.023942 0.220027
5940.315815 0.229593
5942.607687 0.221750
5944.899560 0.219989
5947.191433 0.233685
5949.483305 0.227503
5951.775178 0.216035
5954.067051 0.203027
5956.358924 0.224433
5958.650796 0.242327
5960.942669 0.244322
5963.234542 0.216767
5965.526415 0.239895
5967.818287 0.246883
5970.110160 0.256298
5972.402033 0.138933
5974.693905 0.211754
5976.985778 0.257952
5979.277651 0.233971
5981.569524 0.175748
5983.861396 0.258160
5986.153269 0.256314
5988.445142 0.244357
5990.737014 0.219349
5993.028887 0.210096
5995.320760 0.212513
5997.612633 0.232854
5999.904505 0.229156
6002.196378 0.235575
6004.488251 0.205506
6006.780123 0.211378
6009.071996 0.231847
6011.363869 0.238064
6013.655742 0.217548
6015.947614 0.193452
6018.239487 0.203752
6020.531360 0.184153
6022.823232 0.207522
6025.115105 0.257675
6027.406978 0.235543
6029.698851 0.161790
6031.990723 0.247687
6034.282596 0.240202
6036.574469 0.236535
6038.866342 0.242009
6041.158214 0.259490
6043.450087 0.219267
6045.741960 0.259710
6048.033832 0.247723
6050.325705 0.224342
6052.617578 0.256510
6054.909451 0.278042
6057.201323 0.227343
6059.493196 0.189433
6061.785069 0.215380
6064.076941 0.265504
6066.368814 0.242175
6068.660687 0.220996
6070.952560 0.261971
6073.244432 0.235512
6075.536305 0.255583
6077.828178 0.220024
6080.120050 0.219677
6082.411923 0.290639
6084.703796 0.285632
6086.995669 0.265123
6089.287541 0.258945
6091.579414 0.230430
6093.871287 0.199542
6096.163160 0.267516
6098.455032 0.237182
6100.746905 0.198194
6103.038778 0.219566
6105.330650 0.210357
6107.622523 0.184001
6109.914396 0.183854
6112.206269 0.182603
6114.498141 0.205979
6116.790014 0.211203
6119.081887 0.195044
6121.373759 0.215164
6123.665632 0.211592
6125.957505 0.191323
6128.249378 0.208691
6130.541250 0.203356
6132.833123 0.210304
6135.124996 0.199567
6137.416868 0.140885
6139.708741 0.177878
6142.000614 0.209752
6144.292487 0.198134
6146.584359 0.210269
6148.876232 0.221056
6151.168105 0.214691
6153.459977 0.196288
6155.751850 0.205100
6158.043723 0.221863
6160.335596 0.194209
6162.627468 0.213080
6164.919341 0.225158
6167.211214 0.222643
6169.503087 0.206952
6171.794959 0.221902
6174.086832 0.227517
6176.378705 0.212686
6178.670577 0.218406
6180.962450 0.215750
6183.254323 0.222750
6185.546196 0.203743
6187.838068 0.201374
6190.129941 0.207576
6192.421814 0.211447
6194.713686 0.199354
6197.005559 0.196797
6199.297432 0.215144
6201.589305 0.227118
6203.881177 0.223293
6206.173050 0.203795
6208.464923 0.196438
6210.756795 0.227693
6213.048668 0.208936
6215.340541 0.208586
6217.632414 0.200397
6219.924286 0.207531
6222.216159 0.199578
6224.508032 0.208788
6226.799905 0.202215
6229.091777 0.183900
6231.383650 0.197050
6233.675523 0.198951
6235.967395 0.212505
6238.259268 0.182698
6240.551141 0.185114
6242.843014 0.169743
6245.134886 0.183739
6247.426759 0.202389
6249.718632 0.199003
6252.010504 0.198804
6254.302377 0.185779
6256.594250 0.189563
6258.886123 0.197934
6261.177995 0.200759
6263.469868 0.226371
6265.761741 0.214252
6268.053613 0.236666
6270.345486 0.238154
6272.637359 0.237838
6274.929232 0.261721
6277.221104 0.225591
6279.512977 0.245099
6281.804850 0.238886
6284.096722 0.226679
6286.388595 0.237709
6288.680468 0.275231
6290.972341 0.249342
6293.264213 0.257567
6295.556086 0.235554
6297.847959 0.254508
6300.139832 0.240945
6302.431704 0.241545
6304.723577 0.252298
6307.015450 0.249386
6309.307322 0.262258
