3093.995453 0.010981
3096.282381 0.009812
3098.569309 0.004833
3100.856237 0.016897
3103.143164 0.016928
3105.430092 0.010802
3107.717020 0.010256
3110.003948 0.011412
3112.290875 0.003079
3114.577803 0.010357
3116.864731 0.013324
3119.151659 0.009864
3121.438586 0.014173
3123.725514 0.012935
3126.012442 0.005618
3128.299370 0.013182
3130.586297 0.006760
3132.873225 0.014086
3135.160153 0.013405
3137.447081 0.018331
3139.734009 0.014211
3142.020936 0.010844
3144.307864 0.015345
3146.594792 0.017179
3148.881720 0.019948
3151.168647 0.015578
3153.455575 0.020708
3155.742503 0.016520
3158.029431 0.014641
3160.316358 0.003325
3162.603286 0.013879
3164.890214 0.014015
3167.177142 0.016191
3169.464069 0.013220
3171.750997 0.008655
3174.037925 0.012885
3176.324853 0.013061
3178.611780 0.015285
3180.898708 0.014906
3183.185636 0.014346
3185.472564 0.013661
3187.759491 0.013054
3190.046419 0.009653
3192.333347 0.010828
3194.620275 0.012442
3196.907202 0.011005
3199.194130 0.005183
3201.481058 0.007939
3203.767986 0.012149
3206.054913 0.007908
3208.341841 0.006829
3210.628769 0.016997
3212.915697 0.019594
3215.202625 0.013764
3217.489552 0.017713
3219.776480 0.013669
3222.063408 0.011586
3224.350336 0.016068
3226.637263 0.016149
3228.924191 0.012827
3231.211119 0.016033
3233.498047 0.010184
3235.784974 0.011597
3238.071902 0.007727
3240.358830 0.011272
3242.645758 0.022048
3244.932685 0.018625
3247.219613 0.013531
3249.506541 0.013096
3251.793469 0.007975
3254.080396 0.011989
3256.367324 0.011186
3258.654252 0.016857
3260.941180 0.006505
3263.228107 0.006770
3265.515035 0.012118
3267.801963 0.005247
3270.088891 0.007353
3272.375818 0.013033
3274.662746 0.016818
3276.949674 0.014317
3279.236602 0.013947
3281.523529 0.015206
3283.810457 0.008140
3286.097385 0.011689
3288.384313 0.010166
3290.671241 0.007143
3292.958168 0.018124
3295.245096 0.013266
3297.532024 0.015754
3299.818952 0.027127
3302.105879 0.014731
3304.392807 0.015626
3306.679735 0.012368
3308.966663 0.007698
3311.253590 0.014319
3313.540518 0.014723
3315.827446 0.010169
3318.114374 0.007917
3320.401301 0.018373
3322.688229 0.011581
3324.975157 0.014806
3327.262085 0.012398
3329.549012 0.013868
3331.835940 0.006216
3334.122868 0.013132
3336.409796 0.017013
3338.696723 0.010471
3340.983651 0.005502
3343.270579 0.017289
3345.557507 0.013339
3347.844434 0.017400
3350.131362 0.016183
3352.418290 0.015072
3354.705218 0.009913
3356.992145 0.012983
3359.279073 0.006812
3361.566001 0.016954
3363.852929 0.013665
3366.139857 0.007666
3368.426784 0.014649
3370.713712 0.011177
3373.000640 0.018738
3375.287568 0.012834
3377.574495 0.010042
3379.861423 0.020042
3382.148351 0.013437
3384.435279 0.011480
3386.722206 0.010981
3389.009134 0.011296
3391.296062 0.012649
3393.582990 0.013181
3395.869917 0.012640
3398.156845 0.012150
3400.443773 0.015385
3402.730701 0.014636
3405.017628 0.012694
3407.304556 0.012209
3409.591484 0.009491
3411.878412 0.021532
3414.165339 0.013631
3416.452267 0.012038
3418.739195 0.016154
3421.026123 0.013710
3423.313050 0.020046
3425.599978 0.006545
3427.886906 0.018988
3430.173834 0.022193
3432.460761 0.011074
3434.747689 0.011422
3437.034617 0.012549
3439.321545 0.012678
3441.608473 0.016792
3443.895400 0.014196
3446.182328 0.013300
3448.469256 0.013453
3450.756184 0.017988
3453.043111 0.016696
3455.330039 0.015918
3457.616967 0.011460
3459.903895 0.018933
3462.190822 0.013163
3464.477750 0.009268
3466.764678 0.010306
3469.051606 0.017150
3471.338533 0.016050
3473.625461 0.009527
3475.912389 0.009646
3478.199317 0.009930
3480.486244 0.012209
3482.773172 0.009177
3485.060100 0.012591
3487.347028 0.016111
3489.633955 0.020276
3491.920883 0.015168
3494.207811 0.014416
3496.494739 0.004222
3498.781666 0.008431
3501.068594 0.012498
3503.355522 0.007952
3505.642450 0.017046
3507.929377 0.018052
3510.216305 0.012556
3512.503233 0.011331
3514.790161 0.019160
3517.077089 0.014515
3519.364016 0.009509
3521.650944 0.005511
3523.937872 0.014253
3526.224800 0.008489
3528.511727 0.016460
3530.798655 0.013860
3533.085583 0.016516
3535.372511 0.009624
3537.659438 0.005975
3539.946366 0.012603
3542.233294 0.011588
3544.520222 0.012408
3546.807149 0.012037
3549.094077 0.019700
3551.381005 0.011429
3553.667933 0.006446
3555.954860 0.012947
3558.241788 0.010239
3560.528716 0.012846
3562.815644 0.010867
3565.102571 0.012012
3567.389499 0.011182
3569.676427 0.012333
3571.963355 0.012360
3574.250282 0.014670
3576.537210 0.010826
3578.824138 0.016146
3581.111066 0.012891
3583.397993 0.015021
3585.684921 0.009254
3587.971849 0.009204
3590.258777 0.013386
3592.545705 0.007634
3594.832632 0.010222
3597.119560 0.010718
3599.406488 0.016109
3601.693416 0.015230
3603.980343 0.013800
3606.267271 0.011393
3608.554199 0.016302
3610.841127 0.016269
3613.128054 0.013360
3615.414982 0.016199
3617.701910 0.006584
3619.988838 0.016072
3622.275765 0.018643
3624.562693 0.016402
3626.849621 0.010724
3629.136549 0.011183
3631.423476 0.009195
3633.710404 0.009268
3635.997332 0.013633
3638.284260 0.014957
3640.571187 0.014507
3642.858115 0.010721
3645.145043 0.013434
3647.431971 0.010787
3649.718898 0.016539
3652.005826 0.018997
3654.292754 0.013914
3656.579682 0.015453
3658.866609 0.015423
3661.153537 0.014471
3663.440465 0.011858
3665.727393 0.014908
3668.014321 0.009771
3670.301248 0.012996
3672.588176 0.019775
3674.875104 0.016259
3677.162032 0.011556
3679.448959 0.012643
3681.735887 0.017095
3684.022815 0.016073
3686.309743 0.011051
3688.596670 0.012626
3690.883598 0.010109
3693.170526 0.010435
3695.457454 0.009488
3697.744381 0.012623
3700.031309 0.011629
3702.318237 0.020789
3704.605165 0.015238
3706.892092 0.010751
3709.179020 0.012791
3711.465948 0.011358
3713.752876 0.012934
3716.039803 0.014907
3718.326731 0.014905
3720.613659 0.017080
3722.900587 0.023616
3725.187514 0.050209
3727.474442 0.103378
3729.761370 0.099423
3732.048298 0.068898
3734.335225 0.016107
3736.622153 0.011149
3738.909081 0.025859
3741.196009 0.014563
3743.482937 0.017940
3745.769864 0.018932
3748.056792 0.010873
3750.343720 0.015350
3752.630648 0.011356
3754.917575 0.016810
3757.204503 0.022248
3759.491431 0.018708
3761.778359 0.020229
3764.065286 0.019473
3766.352214 0.019635
3768.639142 0.014148
3770.926070 0.009274
3773.212997 0.012716
3775.499925 0.015637
3777.786853 0.015869
3780.073781 0.016822
3782.360708 0.022505
3784.647636 0.021650
3814.377697 0.029407
3816.664625 0.027705
3818.951553 0.019008
3821.238480 0.014615
3823.525408 0.022067
3825.812336 0.024077
3828.099264 0.019377
3830.386191 0.014295
3832.673119 0.013576
3834.960047 0.012277
3837.246975 0.013804
3839.533902 0.015174
3841.820830 0.018826
3844.107758 0.021748
3846.394686 0.012069
3848.681613 0.016499
3850.968541 0.026782
3853.255469 0.025641
3855.542397 0.026427
3857.829324 0.021503
3860.116252 0.019128
3862.403180 0.021560
3864.690108 0.020808
3866.977035 0.024354
3869.263963 0.034226
3871.550891 0.035552
3873.837819 0.018262
3876.124746 0.018848
3878.411674 0.021123
3880.698602 0.019735
3882.985530 0.016077
3885.272457 0.010598
3887.559385 0.022710
3889.846313 0.025041
3892.133241 0.019959
3894.420169 0.025050
3896.707096 0.017065
3898.994024 0.021666
3901.280952 0.026483
3903.567880 0.024858
3905.854807 0.025881
3908.141735 0.017682
3910.428663 0.024784
3912.715591 0.020635
3915.002518 0.022269
3917.289446 0.025259
3919.576374 0.019170
3921.863302 0.021255
3924.150229 0.029108
3926.437157 0.026312
3928.724085 0.026560
3931.011013 0.020245
3933.297940 0.014641
3935.584868 0.014215
3937.871796 0.014903
3940.158724 0.018435
3942.445651 0.018591
3944.732579 0.026860
3947.019507 0.024490
3949.306435 0.021295
3951.593362 0.027624
3953.880290 0.019868
3956.167218 0.021398
3958.454146 0.022589
3960.741073 0.026694
3963.028001 0.023697
3965.314929 0.015682
3967.601857 0.012539
3969.888785 0.013642
3972.175712 0.020461
3974.462640 0.017586
3976.749568 0.012375
3979.036496 0.015436
3981.323423 0.023519
3983.610351 0.025837
3985.897279 0.024696
3988.184207 0.021852
3990.471134 0.025355
3992.758062 0.025848
3995.044990 0.029839
3997.331918 0.028820
3999.618845 0.018350
4001.905773 0.028971
4004.192701 0.034791
4006.479629 0.023080
4008.766556 0.022142
4011.053484 0.024562
4013.340412 0.024781
4015.627340 0.027450
4017.914267 0.026168
4020.201195 0.026525
4022.488123 0.028678
4024.775051 0.031054
4027.061978 0.033539
4029.348906 0.021094
4031.635834 0.026862
4033.922762 0.035654
4036.209689 0.026423
4038.496617 0.021978
4040.783545 0.026999
4043.070473 0.025426
4045.357401 0.023805
4047.644328 0.027801
4049.931256 0.031345
4052.218184 0.023350
4054.505112 0.028559
4056.792039 0.033295
4059.078967 0.026296
4061.365895 0.031465
4063.652823 0.022398
4065.939750 0.020442
4068.226678 0.022287
4070.513606 0.031240
4072.800534 0.030162
4075.087461 0.021081
4077.374389 0.024652
4079.661317 0.028617
4081.948245 0.023546
4084.235172 0.031607
4086.522100 0.025622
4088.809028 0.032601
4091.095956 0.022175
4093.382883 0.015213
4095.669811 0.025322
4097.956739 0.025885
4100.243667 0.020870
4102.530594 0.027656
4104.817522 0.026312
4107.104450 0.023071
4109.391378 0.025389
4111.678305 0.018008
4113.965233 0.024430
4116.252161 0.022834
4118.539089 0.025441
4120.826017 0.032046
4123.112944 0.027366
4125.399872 0.034707
4127.686800 0.032805
4129.973728 0.021536
4132.260655 0.021435
4134.547583 0.027897
4136.834511 0.023082
4139.121439 0.023813
4141.408366 0.027384
4143.695294 0.034170
4145.982222 0.022773
4148.269150 0.024793
4150.556077 0.028340
4152.843005 0.027640
4155.129933 0.024664
4157.416861 0.018876
4159.703788 0.030701
4161.990716 0.028626
4164.277644 0.029970
4166.564572 0.021935
4168.851499 0.033504
4171.138427 0.028316
4173.425355 0.021820
4175.712283 0.026530
4177.999210 0.018554
4180.286138 0.023511
4182.573066 0.030943
4184.859994 0.029803
4187.146921 0.025854
4189.433849 0.027682
4191.720777 0.026741
4194.007705 0.023891
4196.294633 0.030973
4198.581560 0.034721
4200.868488 0.026557
4203.155416 0.021586
4205.442344 0.026946
4207.729271 0.024103
4210.016199 0.026287
4212.303127 0.031822
4214.590055 0.019471
4216.876982 0.029600
4219.163910 0.027668
4221.450838 0.027665
4223.737766 0.025878
4226.024693 0.028770
4228.311621 0.031907
4230.598549 0.026067
4232.885477 0.027528
4235.172404 0.027842
4237.459332 0.025450
4239.746260 0.024402
4242.033188 0.017068
4244.320115 0.023107
4246.607043 0.029883
4248.893971 0.024751
4251.180899 0.019603
4253.467826 0.018959
4255.754754 0.020961
4258.041682 0.029430
4260.328610 0.029469
4262.615537 0.031599
4264.902465 0.021893
4267.189393 0.026181
4269.476321 0.029890
4271.763249 0.019679
4274.050176 0.019232
4276.337104 0.025872
4278.624032 0.026718
4280.910960 0.023567
4303.780237 0.022231
4306.067165 0.021139
4308.354093 0.020265
4310.641020 0.025371
4312.927948 0.023645
4315.214876 0.020405
4317.501804 0.022223
4319.788731 0.026090
4322.075659 0.026067
4324.362587 0.020106
4326.649515 0.017218
4328.936442 0.025692
4331.223370 0.028654
4333.510298 0.017705
4335.797226 0.024392
4338.084153 0.026889
4340.371081 0.028565
4342.658009 0.031021
4344.944937 0.015366
4347.231865 0.020387
4349.518792 0.023722
4351.805720 0.029921
4354.092648 0.024425
4356.379576 0.020155
4358.666503 0.024845
4360.953431 0.026132
4363.240359 0.025786
4365.527287 0.019575
4367.814214 0.028899
4370.101142 0.023779
4372.388070 0.029487
4374.674998 0.020197
4376.961925 0.023493
4379.248853 0.029727
4381.535781 0.030731
4383.822709 0.025200
4386.109636 0.029653
4388.396564 0.026632
4390.683492 0.026480
4392.970420 0.025983
4395.257347 0.029965
4397.544275 0.025819
4399.831203 0.020217
4402.118131 0.024181
4404.405058 0.026212
4406.691986 0.021764
4408.978914 0.020647
4411.265842 0.031152
4413.552769 0.019359
4415.839697 0.025688
4418.126625 0.027882
4420.413553 0.021939
4422.700481 0.025798
4424.987408 0.031966
4427.274336 0.024975
4429.561264 0.033954
4431.848192 0.028723
4434.135119 0.025578
4436.422047 0.022070
4438.708975 0.026613
4440.995903 0.022261
4443.282830 0.028241
4445.569758 0.023862
4447.856686 0.019954
4450.143614 0.032170
4452.430541 0.028848
4454.717469 0.017883
4457.004397 0.028445
4459.291325 0.026861
4461.578252 0.031683
4463.865180 0.028126
4466.152108 0.022858
4468.439036 0.026588
4470.725963 0.022669
4473.012891 0.026997
4475.299819 0.030275
4477.586747 0.022574
4479.873674 0.022828
4482.160602 0.025684
4484.447530 0.023865
4486.734458 0.027863
4489.021385 0.025131
4491.308313 0.027536
4493.595241 0.028560
4495.882169 0.028255
4498.169097 0.033204
4500.456024 0.028919
4502.742952 0.029709
4505.029880 0.027892
4507.316808 0.019875
4509.603735 0.026723
4511.890663 0.025407
4514.177591 0.021749
4516.464519 0.024455
4518.751446 0.025714
4521.038374 0.019574
4523.325302 0.017027
4525.612230 0.022802
4527.899157 0.025623
4530.186085 0.018921
4532.473013 0.019000
4534.759941 0.021455
4537.046868 0.027981
4539.333796 0.029602
4541.620724 0.027842
4543.907652 0.027235
4546.194579 0.023060
4548.481507 0.029455
4550.768435 0.030615
4553.055363 0.027685
4555.342290 0.026402
4557.629218 0.023005
4559.916146 0.027222
4562.203074 0.028560
4564.490001 0.028433
4566.776929 0.032186
4569.063857 0.029675
4571.350785 0.031554
4573.637713 0.031904
4575.924640 0.029829
4578.211568 0.038198
4580.498496 0.029681
4582.785424 0.020740
4585.072351 0.027413
4587.359279 0.026100
4589.646207 0.028210
4591.933135 0.024870
4594.220062 0.026858
4596.506990 0.024649
4598.793918 0.026617
4601.080846 0.025284
4603.367773 0.032294
4605.654701 0.031876
4607.941629 0.023028
4610.228557 0.026488
4612.515484 0.034267
4614.802412 0.027289
4617.089340 0.023632
4619.376268 0.025575
4621.663195 0.031689
4623.950123 0.026642
4626.237051 0.023628
4628.523979 0.027326
4630.810906 0.034301
4633.097834 0.028681
4635.384762 0.024104
4637.671690 0.023549
4639.958617 0.021470
4642.245545 0.027213
4644.532473 0.020167
4646.819401 0.025263
4649.106329 0.027610
4651.393256 0.027279
4653.680184 0.026879
4655.967112 0.023787
4658.254040 0.024741
4660.540967 0.029454
4662.827895 0.026683
4665.114823 0.029105
4667.401751 0.026242
4669.688678 0.026829
4671.975606 0.029790
4674.262534 0.023815
4676.549462 0.018076
4678.836389 0.006323
4681.123317 0.023522
4683.410245 0.022780
4685.697173 0.028290
4687.984100 0.012537
4690.271028 0.019289
4692.557956 0.021411
4694.844884 0.024840
4697.131811 0.015426
4699.418739 0.023072
4701.705667 0.027021
4703.992595 0.018630
4706.279522 0.027205
4708.566450 0.031783
4710.853378 0.020252
4713.140306 0.034310
4715.427233 0.030962
4717.714161 0.017531
4720.001089 0.020925
4722.288017 0.026348
4724.574945 0.020058
4726.861872 0.034925
4729.148800 0.030483
4731.435728 0.017459
4733.722656 0.019457
4736.009583 0.030303
4738.296511 0.025464
4740.583439 0.031768
4742.870367 0.024836
4745.157294 0.018954
4747.444222 0.022184
4749.731150 0.013854
4752.018078 0.034830
4754.305005 0.029158
4756.591933 0.025121
4758.878861 0.023819
4761.165789 0.025026
4763.452716 0.025742
4765.739644 0.025396
4768.026572 0.018341
4770.313500 0.020856
4772.600427 0.022056
4774.887355 0.023617
4777.174283 0.035359
4779.461211 0.029785
4781.748138 0.029143
4784.035066 0.028265
4786.321994 0.026684
4788.608922 0.033395
4790.895849 0.026379
4793.182777 0.021968
4795.469705 0.033060
4797.756633 0.031987
4800.043561 0.025566
4802.330488 0.025445
4804.617416 0.026586
4806.904344 0.021230
4809.191272 0.029074
4811.478199 0.022126
4813.765127 0.029302
4816.052055 0.020387
4818.338983 0.022243
4820.625910 0.030337
4822.912838 0.028044
4825.199766 0.024231
4827.486694 0.023759
4829.773621 0.022963
4832.060549 0.022883
4834.347477 0.030068
4836.634405 0.021872
4838.921332 0.018091
4841.208260 0.027371
4843.495188 0.020384
4845.782116 0.027145
4848.069043 0.025455
4850.355971 0.018039
4852.642899 0.014372
4854.929827 0.024118
4857.216754 0.028216
4859.503682 0.041384
4861.790610 0.050828
4864.077538 0.054815
4866.364465 0.019284
4868.651393 0.014837
4870.938321 0.026852
4873.225249 0.025653
4875.512177 0.022244
4877.799104 0.022305
4880.086032 0.019513
4882.372960 0.020846
4884.659888 0.017023
4886.946815 0.018529
4889.233743 0.017791
4891.520671 0.022845
4893.807599 0.021781
4896.094526 0.020786
4898.381454 0.025183
4900.668382 0.019881
4902.955310 0.022632
4905.242237 0.029011
4907.529165 0.023944
4909.816093 0.030684
4912.103021 0.027843
4914.389948 0.017466
4916.676876 0.026262
4918.963804 0.024810
4921.250732 0.025872
4923.537659 0.026239
4925.824587 0.017295
4928.111515 0.014718
4930.398443 0.036629
4932.685370 0.028215
4934.972298 0.028530
4937.259226 0.027728
4939.546154 0.023727
4941.833081 0.017659
4944.120009 0.017440
4946.406937 0.020133
4948.693865 0.010677
4950.980793 0.027267
4953.267720 0.021469
4955.554648 0.021924
4957.841576 0.030401
4960.128504 0.032570
4962.415431 0.028455
4964.702359 0.025516
4966.989287 0.027432
4969.276215 0.025962
4971.563142 0.023891
4973.850070 0.023374
4976.136998 0.029812
4978.423926 0.024120
4980.710853 0.017418
4982.997781 0.024629
4985.284709 0.016444
4987.571637 0.024075
4989.858564 0.022407
4992.145492 0.016881
4994.432420 0.010414
4996.719348 0.014429
4999.006275 0.013172
5001.293203 0.025548
5003.580131 0.034893
5005.867059 0.062057
5008.153986 0.075229
5010.440914 0.064095
5012.727842 0.023087
5015.014770 0.033300
5017.301697 0.029892
5019.588625 0.019752
5021.875553 0.024098
5024.162481 0.024351
5026.449409 0.026504
5028.736336 0.024709
5031.023264 0.024208
5033.310192 0.023017
5035.597120 0.016673
5037.884047 0.025444
5040.170975 0.029221
5042.457903 0.026861
5044.744831 0.018736
5047.031758 0.020959
5049.318686 0.027713
5051.605614 0.020406
5053.892542 0.026152
5056.179469 0.023361
5058.466397 0.032110
5060.753325 0.028250
5063.040253 0.023707
5065.327180 0.027176
5067.614108 0.018758
5069.901036 0.021524
5072.187964 0.022236
5074.474891 0.025266
5076.761819 0.019636
5079.048747 0.016299
5081.335675 0.022737
5083.622602 0.021045
5085.909530 0.017329
5088.196458 0.023831
5090.483386 0.020862
5092.770313 0.013835
5095.057241 0.025514
5097.344169 0.027392
5099.631097 0.027150
5101.918025 0.024331
5104.204952 0.027862
5106.491880 0.020494
5108.778808 0.026596
5111.065736 0.024045
5113.352663 0.020444
5115.639591 0.027885
5117.926519 0.025967
5120.213447 0.024578
5122.500374 0.026957
5124.787302 0.023754
5127.074230 0.027938
5129.361158 0.025531
5131.648085 0.018194
5133.935013 0.019054
5136.221941 0.027373
5138.508869 0.023679
5140.795796 0.020333
5143.082724 0.019639
5145.369652 0.023945
5147.656580 0.031702
5149.943507 0.022595
5152.230435 0.022484
5154.517363 0.018316
5156.804291 0.018362
5159.091218 0.031699
5161.378146 0.034779
5163.665074 0.023641
5165.952002 0.016516
5168.238930 0.024933
5170.525857 0.028825
5172.812785 0.010953
5175.099713 0.016027
5177.386641 0.008507
5179.673568 0.007063
5181.960496 0.017260
5184.247424 0.013698
5186.534352 0.015753
5188.821279 0.014520
5191.108207 0.021584
5193.395135 0.019591
5195.682063 0.019357
5197.968990 0.015660
5200.255918 0.021039
5202.542846 0.023962
5204.829774 0.022290
5207.116701 0.017482
5209.403629 0.028446
5211.690557 0.024217
5213.977485 0.027214
5216.264412 0.024906
5218.551340 0.023817
5220.838268 0.019250
5223.125196 0.021573
5225.412123 0.021270
5227.699051 0.021240
5229.985979 0.022885
5232.272907 0.025424
5234.559834 0.021102
5236.846762 0.013330
5239.133690 0.019651
5241.420618 0.018667
5243.707546 0.020192
5245.994473 0.020783
5248.281401 0.023277
5250.568329 0.012967
5252.855257 0.012576
5255.142184 0.019704
5257.429112 0.009524
5259.716040 0.012662
5262.002968 0.023051
5264.289895 0.023391
5266.576823 0.019010
5268.863751 0.023958
5271.150679 0.019560
5273.437606 0.017712
5275.724534 0.021411
5278.011462 0.018791
5280.298390 0.009619
5282.585317 0.016055
5284.872245 0.025877
5287.159173 0.029000
5289.446101 0.033163
5291.733028 0.027496
5294.019956 0.021305
5296.306884 0.018814
5298.593812 0.024786
5300.880739 0.016463
5303.167667 0.022709
5305.454595 0.022064
5307.741523 0.020287
5310.028450 0.012118
5312.315378 0.016595
5314.602306 0.023355
5316.889234 0.019491
5319.176162 0.015257
5321.463089 0.001245
5323.750017 0.011419
5326.036945 0.031710
5328.323873 0.036109
5330.610800 0.028919
5332.897728 0.030992
5335.184656 0.025829
5337.471584 0.029267
5339.758511 0.024308
5342.045439 0.018788
5344.332367 0.023335
5346.619295 0.042343
5348.906222 0.021797
5351.193150 0.021184
5353.480078 0.034936
5355.767006 0.033061
5358.053933 0.029755
5360.340861 0.031777
5362.627789 0.018701
5364.914717 0.016584
5367.201644 0.023024
5369.488572 0.024865
5371.775500 0.029990
5374.062428 0.021036
5376.349355 0.030944
5378.636283 0.024907
5380.923211 0.022341
5383.210139 0.021382
5385.497066 0.021021
5387.783994 0.019495
5390.070922 0.015142
5392.357850 0.016463
5394.644778 0.025656
5396.931705 0.025034
5399.218633 0.018033
5401.505561 0.029992
5403.792489 0.021608
5406.079416 0.012055
5408.366344 0.024139
5410.653272 0.030283
5412.940200 0.028076
5415.227127 0.022880
5417.514055 0.020646
5419.800983 0.012302
5422.087911 0.002373
5424.374838 0.007025
5426.661766 0.016889
5428.948694 0.017728
5431.235622 0.030068
5433.522549 0.025000
5435.809477 0.021270
5438.096405 0.022569
5440.383333 0.028286
5442.670260 0.013632
5444.957188 0.022238
5447.244116 0.017244
5449.531044 0.006918
5451.817971 0.015120
5454.104899 0.018951
5456.391827 0.014533
5458.678755 0.017112
5460.965682 0.025321
5463.252610 0.025517
5465.539538 0.034652
5467.826466 0.010960
5470.113394 0.022665
5472.400321 0.026491
5474.687249 0.026500
5476.974177 0.026774
5479.261105 0.020185
5481.548032 0.026551
5483.834960 0.029080
5486.121888 0.028428
5488.408816 0.023618
5490.695743 0.023952
5492.982671 0.024365
5495.269599 0.015381
5497.556527 0.027021
5499.843454 0.019383
5502.130382 0.019299
5504.417310 0.029350
5506.704238 0.012372
5508.991165 0.031401
5511.278093 0.027238
5513.565021 0.015001
5515.851949 0.018386
5518.138876 0.018308
5520.425804 0.023806
5522.712732 0.024795
5524.999660 0.024090
5527.286587 0.021938
5529.573515 0.024262
5531.860443 0.019537
5534.147371 0.022697
5536.434298 0.024263
5538.721226 0.024925
5541.008154 0.019491
5543.295082 0.027395
5545.582010 0.019725
5547.868937 0.023008
5550.155865 0.023369
5552.442793 0.018784
5554.729721 0.027236
5557.016648 0.016710
5559.303576 0.019512
5561.590504 0.021623
5563.877432 0.024536
5566.164359 0.026543
5568.451287 0.017309
5570.738215 0.014180
5573.025143 0.022102
5575.312070 0.017237
5577.598998 0.018927
5579.885926 0.016257
5582.172854 0.013516
5584.459781 0.020806
5586.746709 0.024858
5589.033637 0.025175
5591.320565 0.025720
5593.607492 0.017701
5595.894420 0.015047
5598.181348 0.016963
5600.468276 0.014960
5602.755203 0.019171
5605.042131 0.017071
5607.329059 0.021236
5609.615987 0.024702
5611.902914 0.025067
5614.189842 0.014697
5616.476770 0.015665
5618.763698 0.023014
5621.050626 0.015839
5623.337553 0.021346
5625.624481 0.021993
5627.911409 0.026839
5630.198337 0.033289
5632.485264 0.025135
5634.772192 0.020986
5637.059120 0.027735
5639.346048 0.025080
5641.632975 0.022566
5643.919903 0.017228
5646.206831 0.004093
5648.493759 0.034321
5650.780686 0.039576
5653.067614 0.029487
5655.354542 0.028833
5657.641470 0.026489
5659.928397 0.017434
5662.215325 0.018620
5664.502253 0.017928
5666.789181 0.019910
5669.076108 0.027933
5671.363036 0.033389
5673.649964 0.015976
5675.936892 0.006941
5678.223819 0.027888
5680.510747 0.015129
5682.797675 0.023624
5685.084603 0.029517
5687.371530 0.044805
5689.658458 0.001481
5691.945386 0.013255
5694.232314 0.011660
5696.519242 0.028148
5698.806169 0.033694
5701.093097 0.020635
5703.380025 0.013259
5705.666953 0.012724
5707.953880 0.029665
5710.240808 0.023887
5712.527736 0.003597
5714.814664 0.041443
5717.101591 0.035087
5719.388519 0.008483
5721.675447 0.021453
5723.962375 0.020761
5726.249302 0.027875
5728.536230 0.011196
5730.823158 0.014109
5733.110086 0.003158
5735.397013 0.018150
5737.683941 0.014891
5739.970869 0.031220
5742.257797 0.028981
5744.544724 0.022751
5746.831652 0.019456
5749.118580 0.021439
5751.405508 0.016788
5753.692435 0.016576
5755.979363 0.025754
5758.266291 0.016214
5760.553219 0.033201
5762.840146 0.019010
5765.127074 0.001061
5767.414002 0.025340
5769.700930 0.018363
5771.987858 0.017722
5774.274785 0.025739
5776.561713 0.021103
5778.848641 0.018835
5781.135569 0.029464
5783.422496 0.019894
5785.709424 0.020800
5787.996352 0.018351
5790.283280 0.016456
5792.570207 0.024784
5794.857135 0.027024
5797.144063 0.030681
5799.430991 0.029784
5801.717918 0.026425
5804.004846 0.026000
5806.291774 0.025123
5808.578702 0.020214
5810.865629 0.020639
5813.152557 0.025413
5815.439485 0.027995
5817.726413 0.025710
5820.013340 0.020032
5822.300268 0.016390
5824.587196 0.015581
5826.874124 0.020649
5829.161051 0.024770
5831.447979 0.029255
5833.734907 0.026300
5836.021835 0.027167
5838.308762 0.027358
5840.595690 0.026714
5842.882618 0.023814
5845.169546 0.029612
5847.456474 0.023977
5849.743401 0.019755
5852.030329 0.038141
5854.317257 0.032837
5856.604185 0.023582
5858.891112 0.022972
5861.178040 0.017978
5863.464968 0.032173
5865.751896 0.029360
5868.038823 0.029353
5870.325751 0.030005
5872.612679 0.027755
5874.899607 0.023376
5877.186534 0.014321
5879.473462 0.018220
5881.760390 0.021126
5884.047318 0.024157
5886.334245 0.036323
5888.621173 0.011500
5890.908101 0.021079
5893.195029 0.020578
5895.481956 0.014830
5897.768884 0.017072
5900.055812 0.040971
5902.342740 0.039364
5904.629667 0.032006
5906.916595 0.035739
5909.203523 0.032981
5911.490451 0.027148
5913.777378 0.021037
5916.064306 0.023717
5918.351234 0.016535
5920.638162 0.026389
5922.925090 0.032266
