3312.975979 0.018861
3315.441166 0.143989
3317.906352 0.132970
3320.371539 0.143725
3322.836725 0.116119
3325.301912 0.104633
3327.767099 0.106380
3330.232285 0.130473
3332.697472 0.134946
3335.162658 0.145842
3337.627845 0.105102
3340.093031 0.115359
3342.558218 0.135613
3345.023405 0.118608
3347.488591 0.113434
3349.953778 0.130545
3352.418964 0.118611
3354.884151 0.116942
3357.349337 0.124676
3359.814524 0.118135
3362.279711 0.105489
3364.744897 0.136034
3367.210084 0.120967
3369.675270 0.085022
3372.140457 0.096698
3374.605644 0.095781
3377.070830 0.097539
3379.536017 0.107549
3382.001203 0.116877
3384.466390 0.103421
3386.931576 0.129940
3389.396763 0.134548
3391.861950 0.136794
3394.327136 0.135874
3396.792323 0.125846
3399.257509 0.141464
3401.722696 0.127433
3404.187882 0.142560
3406.653069 0.131206
3409.118256 0.103133
3411.583442 0.143857
3414.048629 0.111013
3416.513815 0.128859
3418.979002 0.117673
3421.444188 0.127772
3423.909375 0.129617
3426.374562 0.142789
3428.839748 0.147422
3431.304935 0.129260
3433.770121 0.152386
3436.235308 0.130244
3438.700495 0.099701
3441.165681 0.083081
3443.630868 0.095634
3446.096054 0.102439
3448.561241 0.125102
3451.026427 0.131085
3453.491614 0.132886
3455.956801 0.128657
3458.421987 0.114381
3460.887174 0.123056
3463.352360 0.122121
3465.817547 0.134654
3468.282733 0.151000
3470.747920 0.153168
3473.213107 0.149959
3475.678293 0.115929
3478.143480 0.118672
3480.608666 0.138082
3483.073853 0.139518
3485.539039 0.142131
3488.004226 0.133851
3490.469413 0.130169
3492.934599 0.101851
3495.399786 0.117402
3497.864972 0.122389
3500.330159 0.139825
3502.795345 0.125404
3505.260532 0.123359
3507.725719 0.150906
3510.190905 0.141374
3512.656092 0.132196
3515.121278 0.111425
3517.586465 0.122935
3520.051652 0.139100
3522.516838 0.146624
3524.982025 0.124754
3527.447211 0.127145
3529.912398 0.149127
3532.377584 0.135233
3534.842771 0.159512
3537.307958 0.155695
3539.773144 0.150097
3542.238331 0.141502
3544.703517 0.151104
3547.168704 0.136849
3549.633890 0.158371
3552.099077 0.150911
3554.564264 0.143280
3557.029450 0.145992
3559.494637 0.172856
3561.959823 0.140955
3564.425010 0.146689
3566.890196 0.125475
3569.355383 0.131218
3571.820570 0.116894
3574.285756 0.121516
3576.750943 0.116333
3579.216129 0.117539
3581.681316 0.112179
3584.146503 0.090890
3586.611689 0.082491
3589.076876 0.079448
3591.542062 0.112835
3594.007249 0.146943
3596.472435 0.143453
3598.937622 0.151691
3601.402809 0.147094
3603.867995 0.130928
3606.333182 0.141959
3608.798368 0.142275
3611.263555 0.138062
3613.728741 0.126159
3616.193928 0.132891
3618.659115 0.146965
3621.124301 0.123979
3623.589488 0.117732
3626.054674 0.160849
3628.519861 0.155526
3630.985047 0.141339
3633.450234 0.141512
3635.915421 0.149023
3638.380607 0.143824
3640.845794 0.171999
3643.310980 0.173894
3645.776167 0.128553
3648.241354 0.158259
3650.706540 0.147300
3653.171727 0.142093
3655.636913 0.179719
3658.102100 0.180008
3660.567286 0.208219
3663.032473 0.198661
3665.497660 0.167156
3667.962846 0.166388
3670.428033 0.172175
3672.893219 0.166015
3675.358406 0.184461
3677.823592 0.161684
3680.288779 0.159386
3682.753966 0.155987
3685.219152 0.147259
3687.684339 0.152971
3690.149525 0.163667
3692.614712 0.183279
3695.079898 0.178914
3697.545085 0.167176
3700.010272 0.170034
3702.475458 0.174106
3704.940645 0.169346
3707.405831 0.123845
3709.871018 0.136474
3712.336204 0.172290
3714.801391 0.174059
3717.266578 0.177840
3719.731764 0.155682
3722.196951 0.147531
3724.662137 0.131483
3727.127324 0.155173
3729.592511 0.170427
3732.057697 0.163788
3734.522884 0.126206
3736.988070 0.107219
3739.453257 0.114673
3741.918443 0.129295
3744.383630 0.145815
3746.848817 0.110504
3749.314003 0.113045
3751.779190 0.120850
3754.244376 0.145085
3756.709563 0.162396
3759.174749 0.150519
3761.639936 0.137023
3764.105123 0.138362
3766.570309 0.144849
3769.035496 0.140366
3771.500682 0.165471
3773.965869 0.163802
3776.431055 0.181393
3778.896242 0.179584
3781.361429 0.182992
3783.826615 0.199605
3786.291802 0.166731
3788.756988 0.171273
3791.222175 0.166566
3793.687362 0.127283
3796.152548 0.153395
3798.617735 0.151678
3801.082921 0.152353
3803.548108 0.152077
3806.013294 0.164692
3808.478481 0.182949
3810.943668 0.180919
3813.408854 0.138741
3815.874041 0.136025
3818.339227 0.133371
3820.804414 0.137912
3823.269600 0.118825
3825.734787 0.094871
3828.199974 0.114301
3830.665160 0.124760
3833.130347 0.101047
3835.595533 0.114349
3838.060720 0.104513
3840.525906 0.087309
3842.991093 0.123851
3845.456280 0.138658
3847.921466 0.160649
3850.386653 0.139207
3852.851839 0.130914
3855.317026 0.131185
3857.782213 0.139097
3860.247399 0.132364
3862.712586 0.130696
3865.177772 0.137345
3867.642959 0.152597
3870.108145 0.162832
3872.573332 0.151148
3875.038519 0.131132
3877.503705 0.130072
3879.968892 0.134521
3882.434078 0.145543
3884.899265 0.143179
3887.364451 0.134844
3889.829638 0.153697
3892.294825 0.150552
3894.760011 0.141542
3897.225198 0.177029
3899.690384 0.191138
3902.155571 0.165170
3904.620757 0.188511
3907.085944 0.197435
3909.551131 0.192796
3912.016317 0.204137
3914.481504 0.208017
3916.946690 0.187515
3919.411877 0.181773
3921.877063 0.177201
3924.342250 0.167632
3926.807437 0.159690
3929.272623 0.125802
3931.737810 0.093823
3934.202996 0.073839
3936.668183 0.080689
3939.133370 0.104996
3941.598556 0.131837
3944.063743 0.154523
3946.528929 0.164537
3948.994116 0.189300
3951.459302 0.200593
3953.924489 0.231984
3956.389676 0.193712
3958.854862 0.177010
3961.320049 0.167250
3963.785235 0.130255
3966.250422 0.098160
3968.715608 0.066751
3971.180795 0.105273
3973.645982 0.115816
3976.111168 0.161877
3978.576355 0.205916
3981.041541 0.205071
3983.506728 0.234013
3985.971914 0.245810
3988.437101 0.234613
3990.902288 0.241815
3993.367474 0.255435
3995.832661 0.260928
3998.297847 0.255536
4000.763034 0.251758
4003.228221 0.266526
4005.693407 0.275703
4008.158594 0.267010
4010.623780 0.264948
4013.088967 0.254663
4015.554153 0.256190
4018.019340 0.264237
4020.484527 0.274736
4022.949713 0.278312
4025.414900 0.271594
4027.880086 0.274136
4030.345273 0.254982
4032.810459 0.257482
4035.275646 0.261445
4037.740833 0.259607
4040.206019 0.282225
4042.671206 0.268533
4045.136392 0.261893
4047.601579 0.274799
4050.066765 0.260108
4052.531952 0.281474
4054.997139 0.272742
4057.462325 0.265926
4059.927512 0.268741
4062.392698 0.256913
4064.857885 0.238476
4067.323072 0.241507
4069.788258 0.273680
4072.253445 0.262677
4074.718631 0.269049
4104.300870 0.243321
4106.766057 0.251874
4109.231243 0.262524
4111.696430 0.261219
4114.161616 0.274384
4116.626803 0.282799
4119.091990 0.276734
4121.557176 0.294724
4124.022363 0.284092
4126.487549 0.283007
4128.952736 0.246349
4131.417922 0.258345
4133.883109 0.256957
4136.348296 0.236121
4138.813482 0.268112
4141.278669 0.287105
4143.743855 0.265796
4146.209042 0.275916
4148.674229 0.263349
4151.139415 0.252600
4153.604602 0.271201
4156.069788 0.237111
4158.534975 0.262843
4161.000161 0.290934
4163.465348 0.276986
4165.930535 0.266795
4168.395721 0.278820
4170.860908 0.279038
4173.326094 0.236466
4175.791281 0.247253
4178.256467 0.271071
4180.721654 0.254508
4183.186841 0.248791
4185.652027 0.264361
4188.117214 0.265028
4190.582400 0.249178
4193.047587 0.271181
4195.512773 0.272124
4197.977960 0.246879
4200.443147 0.261779
4202.908333 0.247104
4205.373520 0.260616
4207.838706 0.293870
4210.303893 0.293737
4212.769080 0.288775
4215.234266 0.274450
4217.699453 0.249362
4220.164639 0.268386
4222.629826 0.271435
4225.095012 0.244854
4227.560199 0.218279
4230.025386 0.256101
4232.490572 0.270428
4234.955759 0.278855
4237.420945 0.284965
4239.886132 0.268288
4242.351318 0.277519
4244.816505 0.315017
4247.281692 0.306928
4249.746878 0.282774
4252.212065 0.275796
4254.677251 0.273180
4257.142438 0.290052
4259.607624 0.281841
4262.072811 0.277931
4264.537998 0.293227
4267.003184 0.286631
4269.468371 0.290072
4271.933557 0.245657
4274.398744 0.238481
4276.863931 0.276192
4279.329117 0.300765
4281.794304 0.279790
4284.259490 0.266267
4286.724677 0.272171
4289.189863 0.281408
4291.655050 0.268094
4294.120237 0.264486
4296.585423 0.228815
4299.050610 0.237421
4301.515796 0.209851
4303.980983 0.212251
4306.446169 0.185689
4308.911356 0.229808
4311.376543 0.233311
4313.841729 0.269274
4316.306916 0.330126
4318.772102 0.318218
4321.237289 0.325194
4323.702475 0.241096
4326.167662 0.295767
4328.632849 0.322472
4331.098035 0.289758
4333.563222 0.312131
4336.028408 0.305137
4338.493595 0.302466
4340.958781 0.278174
4343.423968 0.282316
4345.889155 0.337901
4348.354341 0.325334
4350.819528 0.318157
4353.284714 0.320942
4355.749901 0.308326
4358.215088 0.303666
4360.680274 0.354871
4363.145461 0.339254
4365.610647 0.349760
4368.075834 0.332793
4370.541020 0.330341
4373.006207 0.350788
4375.471394 0.324269
4377.936580 0.321302
4380.401767 0.299530
4382.866953 0.293656
4385.332140 0.288774
4387.797326 0.288783
4390.262513 0.290242
4392.727700 0.299911
4395.192886 0.322033
4397.658073 0.335074
4400.123259 0.333653
4402.588446 0.315927
4405.053632 0.305950
4407.518819 0.327609
4409.984006 0.321833
4412.449192 0.331852
4414.914379 0.345188
4417.379565 0.338343
4419.844752 0.355003
4422.309939 0.344552
4424.775125 0.379722
4427.240312 0.365752
4429.705498 0.360685
4432.170685 0.344108
4434.635871 0.332911
4437.101058 0.328079
4439.566245 0.350638
4442.031431 0.356094
4444.496618 0.362380
4446.961804 0.357416
4449.426991 0.366076
4451.892177 0.349441
4454.357364 0.342940
4456.822551 0.324049
4459.287737 0.316509
4461.752924 0.314286
4464.218110 0.342899
4466.683297 0.328522
4469.148483 0.330410
4471.613670 0.359052
4474.078857 0.366333
4476.544043 0.363285
4479.009230 0.389443
4481.474416 0.397213
4483.939603 0.388545
4486.404790 0.381173
4488.869976 0.381885
4491.335163 0.368557
4493.800349 0.384617
4496.265536 0.363545
4498.730722 0.410361
4501.195909 0.397260
4503.661096 0.410900
4506.126282 0.424593
4508.591469 0.426492
4511.056655 0.403895
4513.521842 0.419945
4515.987028 0.404355
4518.452215 0.396750
4520.917402 0.384295
4523.382588 0.373018
4525.847775 0.353651
4528.312961 0.350107
4530.778148 0.333621
4533.243334 0.347293
4535.708521 0.338036
4538.173708 0.346507
4540.638894 0.370337
4543.104081 0.386104
4545.569267 0.381817
4548.034454 0.395583
4550.499640 0.395325
4552.964827 0.385718
4555.430014 0.377925
4557.895200 0.409433
4560.360387 0.420416
4562.825573 0.421652
4565.290760 0.418391
4567.755947 0.401531
4570.221133 0.412864
4572.686320 0.421073
4575.151506 0.398008
4577.616693 0.396089
4580.081879 0.385596
4582.547066 0.363602
4585.012253 0.376797
4587.477439 0.379815
4589.942626 0.389090
4592.407812 0.405281
4594.872999 0.367131
4597.338185 0.386904
4599.803372 0.396567
4602.268559 0.358928
4604.733745 0.356425
4607.198932 0.386361
4609.664118 0.423703
4612.129305 0.412495
4614.594491 0.409638
4617.059678 0.423957
4619.524865 0.443929
4621.990051 0.436462
4624.455238 0.452450
4626.920424 0.407609
4629.385611 0.398976
4631.850798 0.393792
4634.315984 0.409428
4636.781171 0.388414
4639.246357 0.380255
4641.711544 0.375616
4644.176730 0.363601
4646.641917 0.348814
4649.107104 0.389147
4651.572290 0.380396
4654.037477 0.397002
4656.502663 0.378234
4658.967850 0.406415
4661.433036 0.399011
4663.898223 0.390965
4666.363410 0.394449
4668.828596 0.362109
4671.293783 0.393818
4673.758969 0.384917
4676.224156 0.356973
4678.689342 0.371546
4681.154529 0.358447
4683.619716 0.378840
4686.084902 0.381222
4688.550089 0.384128
4691.015275 0.394170
4693.480462 0.386205
4695.945649 0.384496
4698.410835 0.353187
4700.876022 0.379203
4703.341208 0.361960
4705.806395 0.364311
4708.271581 0.387527
4710.736768 0.387121
4713.201955 0.358296
4715.667141 0.417665
4718.132328 0.398094
4720.597514 0.407436
4723.062701 0.421108
4725.527887 0.391641
4727.993074 0.411066
4730.458261 0.388210
4732.923447 0.384236
4735.388634 0.403126
4737.853820 0.396867
4740.319007 0.385363
4742.784193 0.398243
4745.249380 0.419861
4747.714567 0.412240
4750.179753 0.421359
4752.644940 0.389159
4755.110126 0.381571
4757.575313 0.403693
4760.040499 0.386234
4762.505686 0.412431
4764.970873 0.361190
4767.436059 0.358407
4769.901246 0.399612
4772.366432 0.374330
4774.831619 0.398044
4777.296806 0.388892
4779.761992 0.388464
4782.227179 0.392540
4784.692365 0.410955
4787.157552 0.404078
4789.622738 0.408091
4792.087925 0.401721
4794.553112 0.420334
4797.018298 0.468817
4799.483485 0.400601
4801.948671 0.421345
4804.413858 0.404307
4806.879044 0.385069
4809.344231 0.401547
4811.809418 0.417078
4814.274604 0.424509
4816.739791 0.432975
4819.204977 0.408927
4821.670164 0.406293
4824.135350 0.416364
4826.600537 0.424183
4829.065724 0.400279
4831.530910 0.420802
4833.996097 0.426284
4836.461283 0.401140
4838.926470 0.406664
4841.391657 0.400472
4843.856843 0.409676
4846.322030 0.422655
4848.787216 0.405144
4851.252403 0.404744
4853.717589 0.376969
4856.182776 0.358040
4858.647963 0.365136
4861.113149 0.361870
4863.578336 0.324089
4866.043522 0.341656
4868.508709 0.364575
4870.973895 0.382363
4873.439082 0.379474
4875.904269 0.395503
4878.369455 0.376263
4880.834642 0.398678
4883.299828 0.387855
4885.765015 0.380708
4888.230201 0.380001
4890.695388 0.366042
4893.160575 0.384961
4895.625761 0.414734
4898.090948 0.422121
4900.556134 0.434662
4903.021321 0.449820
4905.486508 0.412523
4907.951694 0.400825
4910.416881 0.401349
4912.882067 0.421872
4915.347254 0.393612
4917.812440 0.390082
4920.277627 0.382965
4922.742814 0.416972
4925.208000 0.395207
4927.673187 0.421874
4930.138373 0.419535
4932.603560 0.422112
4935.068746 0.413320
4937.533933 0.405008
4939.999120 0.405147
4942.464306 0.401908
4944.929493 0.431064
4947.394679 0.430773
4949.859866 0.440017
4952.325052 0.426213
4954.790239 0.391337
4957.255426 0.400007
4959.720612 0.377901
4962.185799 0.387773
4964.650985 0.403283
4967.116172 0.406488
4969.581358 0.391181
4972.046545 0.402714
4974.511732 0.398772
4976.976918 0.415399
4979.442105 0.399314
4981.907291 0.391701
4984.372478 0.369765
4986.837665 0.382140
4989.302851 0.376630
4991.768038 0.387519
4994.233224 0.394634
4996.698411 0.390703
4999.163597 0.380553
5001.628784 0.381927
5004.093971 0.407226
5006.559157 0.376484
5009.024344 0.360678
5011.489530 0.381551
5013.954717 0.380512
5016.419903 0.378975
5018.885090 0.349532
5021.350277 0.336621
5023.815463 0.373589
5026.280650 0.398044
5028.745836 0.380652
5031.211023 0.397366
5033.676209 0.368273
5036.141396 0.328002
5038.606583 0.281925
5041.071769 0.259655
5043.536956 0.306644
5046.002142 0.342074
5048.467329 0.326932
5050.932516 0.346184
5053.397702 0.350057
5055.862889 0.397527
5058.328075 0.392560
5060.793262 0.356123
5063.258448 0.366342
5065.723635 0.361483
5068.188822 0.351338
5070.654008 0.363037
5073.119195 0.363469
5075.584381 0.352600
5078.049568 0.362005
5080.514754 0.370977
5082.979941 0.358117
5085.445128 0.363658
5087.910314 0.387252
5090.375501 0.389296
5092.840687 0.390522
5095.305874 0.394848
5097.771060 0.360878
5100.236247 0.351384
5102.701434 0.387368
5105.166620 0.347146
5107.631807 0.357698
5110.096993 0.358268
5112.562180 0.378212
5115.027367 0.394333
5117.492553 0.380676
5119.957740 0.376609
5122.422926 0.350554
5124.888113 0.353512
5127.353299 0.361552
5129.818486 0.364967
5132.283673 0.381506
5134.748859 0.396226
5137.214046 0.357002
5139.679232 0.379533
5142.144419 0.354774
5144.609605 0.362227
5147.074792 0.356471
5149.539979 0.365854
5152.005165 0.364802
5154.470352 0.378292
5156.935538 0.390262
5159.400725 0.386322
5161.865911 0.360492
5164.331098 0.351274
5166.796285 0.296571
5169.261471 0.289502
5171.726658 0.280276
5174.191844 0.291269
5176.657031 0.300735
5179.122217 0.319450
5181.587404 0.309182
5184.052591 0.291912
5186.517777 0.317604
5188.982964 0.333728
5191.448150 0.366730
5193.913337 0.377966
5196.378524 0.369229
5198.843710 0.381476
5201.308897 0.380119
5203.774083 0.351576
5206.239270 0.367880
5208.704456 0.378113
5211.169643 0.380023
5213.634830 0.362050
5216.100016 0.398256
5218.565203 0.395654
5221.030389 0.414319
5223.495576 0.400550
5225.960762 0.393691
5228.425949 0.375579
5230.891136 0.380766
5233.356322 0.407945
5235.821509 0.383912
5238.286695 0.396774
5240.751882 0.421112
5243.217068 0.406200
5245.682255 0.392362
5248.147442 0.387646
5250.612628 0.390026
5253.077815 0.392455
5255.543001 0.407126
5258.008188 0.418970
5260.473375 0.370839
5262.938561 0.350445
5265.403748 0.341980
5267.868934 0.331348
5270.334121 0.336071
5272.799307 0.345730
5275.264494 0.363794
5277.729681 0.338932
5280.194867 0.375364
5282.660054 0.392539
5285.125240 0.411059
5287.590427 0.417086
5290.055613 0.426313
5292.520800 0.436683
5294.985987 0.410209
5297.451173 0.405526
5299.916360 0.398869
5302.381546 0.419421
5304.846733 0.404757
5307.311919 0.446610
5309.777106 0.437182
5312.242293 0.431330
5314.707479 0.428921
5317.172666 0.403630
5319.637852 0.408149
5322.103039 0.414849
5324.568226 0.433158
5327.033412 0.402744
5329.498599 0.379025
5331.963785 0.387699
5334.428972 0.400354
5336.894158 0.382916
5339.359345 0.396817
5341.824532 0.434986
5344.289718 0.438157
5346.754905 0.423375
5349.220091 0.392014
5351.685278 0.414649
5354.150464 0.410024
5356.615651 0.428651
5359.080838 0.450245
5361.546024 0.440943
5364.011211 0.415093
5366.476397 0.410226
5368.941584 0.400026
5371.406770 0.404518
5373.871957 0.387672
5376.337144 0.406627
5378.802330 0.424452
5381.267517 0.463529
5383.732703 0.423778
5386.197890 0.415843
5388.663076 0.418419
5391.128263 0.429719
5393.593450 0.407653
5396.058636 0.407775
5398.523823 0.415688
5400.989009 0.371313
5403.454196 0.374172
5405.919383 0.388249
5408.384569 0.396444
5410.849756 0.362443
5413.314942 0.417891
5415.780129 0.427300
5418.245315 0.427799
5420.710502 0.431266
5423.175689 0.421273
5425.640875 0.419515
5428.106062 0.426599
5430.571248 0.414386
5433.036435 0.393506
5435.501621 0.404286
5437.966808 0.410968
5440.431995 0.423759
5442.897181 0.434762
5445.362368 0.414707
5447.827554 0.403361
5450.292741 0.412771
5452.757927 0.407527
5455.223114 0.412734
5457.688301 0.398523
5460.153487 0.393024
5462.618674 0.401446
5465.083860 0.409654
5467.549047 0.399652
5470.014234 0.446253
5472.479420 0.400508
5474.944607 0.375822
5477.409793 0.397886
5479.874980 0.387867
5482.340166 0.371765
5484.805353 0.397253
5487.270540 0.379394
5489.735726 0.411770
5492.200913 0.402959
5494.666099 0.403623
5497.131286 0.405752
5499.596472 0.371670
5502.061659 0.385153
5504.526846 0.393801
5506.992032 0.393369
5509.457219 0.411911
5511.922405 0.382501
5514.387592 0.408178
5516.852778 0.376463
5519.317965 0.409204
5521.783152 0.411631
5524.248338 0.401753
5526.713525 0.373903
5529.178711 0.403696
5531.643898 0.389457
5534.109085 0.391288
5536.574271 0.394561
5539.039458 0.380238
5541.504644 0.397478
5543.969831 0.386500
5546.435017 0.375263
5548.900204 0.417181
5551.365391 0.441415
5553.830577 0.403373
5556.295764 0.406762
5558.760950 0.408510
5561.226137 0.406340
5563.691323 0.424949
5566.156510 0.409690
5568.621697 0.370493
5571.086883 0.328104
5573.552070 0.277334
5576.017256 0.284729
5578.482443 0.299799
5580.947629 0.449627
5583.412816 0.470349
5585.878003 0.525081
5588.343189 0.471725
5590.808376 0.406602
5593.273562 0.410040
5595.738749 0.383010
5598.203935 0.369559
5600.669122 0.401029
5603.134309 0.407378
5605.599495 0.419333
5608.064682 0.458513
5610.529868 0.469170
5612.995055 0.425522
5615.460242 0.453577
5617.925428 0.411587
5620.390615 0.417468
5622.855801 0.408504
5625.320988 0.368707
5627.786174 0.374872
5630.251361 0.370412
5632.716548 0.371028
5635.181734 0.370371
5637.646921 0.383733
5640.112107 0.389475
5642.577294 0.364329
5645.042480 0.374410
5647.507667 0.409002
5649.972854 0.412895
5652.438040 0.379321
5654.903227 0.368002
5657.368413 0.376744
5659.833600 0.373994
5662.298786 0.350156
5664.763973 0.386559
5667.229160 0.388759
5669.694346 0.401542
5672.159533 0.401002
5674.624719 0.387050
5677.089906 0.380099
5679.555093 0.372839
5682.020279 0.371855
5684.485466 0.407531
5686.950652 0.399915
5689.415839 0.385643
5691.881025 0.398500
5694.346212 0.380621
5696.811399 0.379357
5699.276585 0.387274
5701.741772 0.380757
5704.206958 0.386418
5706.672145 0.389087
5709.137331 0.370922
5711.602518 0.370442
5714.067705 0.339270
5716.532891 0.397059
5718.998078 0.377929
5721.463264 0.404441
5723.928451 0.420678
5726.393637 0.411516
5728.858824 0.410391
5731.324011 0.403733
5733.789197 0.426277
5736.254384 0.402794
5738.719570 0.398987
5741.184757 0.408789
5743.649944 0.427288
5746.115130 0.420014
5748.580317 0.433702
5751.045503 0.408016
5753.510690 0.396052
5755.975876 0.371024
5758.441063 0.395383
5760.906250 0.369506
5763.371436 0.407686
5765.836623 0.380510
5768.301809 0.377391
5770.766996 0.419936
5773.232182 0.436662
5775.697369 0.402915
5778.162556 0.390563
5780.627742 0.416066
5783.092929 0.413857
5785.558115 0.421492
5788.023302 0.411845
5790.488488 0.364680
5792.953675 0.374566
5795.418862 0.405953
5797.884048 0.390395
5800.349235 0.413108
5802.814421 0.407864
5805.279608 0.403003
5807.744794 0.425434
5810.209981 0.441613
5812.675168 0.401384
5815.140354 0.420994
5817.605541 0.408275
5820.070727 0.414227
5822.535914 0.403770
5825.001101 0.403865
5827.466287 0.399544
5829.931474 0.414701
5832.396660 0.420790
5834.861847 0.418489
5837.327033 0.388616
5839.792220 0.414670
5842.257407 0.403056
5844.722593 0.430722
5847.187780 0.394213
5849.652966 0.399462
5852.118153 0.392211
5854.583339 0.408841
5857.048526 0.380503
5859.513713 0.364422
5861.978899 0.358115
5864.444086 0.400062
5866.909272 0.388571
5869.374459 0.388770
5871.839645 0.386188
5874.304832 0.380874
5876.770019 0.388461
5879.235205 0.427067
5881.700392 0.369980
5884.165578 0.338082
5886.630765 0.372631
5889.095952 0.353514
5891.561138 0.294686
5894.026325 0.314275
5896.491511 0.334705
5898.956698 0.347716
5901.421884 0.346159
5903.887071 0.379452
5906.352258 0.377533
5908.817444 0.381349
5911.282631 0.371255
5913.747817 0.410040
5916.213004 0.393122
5918.678190 0.379926
5921.143377 0.391598
5923.608564 0.422580
5926.073750 0.400068
5928.538937 0.405195
5931.004123 0.387315
5933.469310 0.403958
5935.934496 0.392064
5938.399683 0.401390
5940.864870 0.409985
5943.330056 0.356329
5945.795243 0.391098
5948.260429 0.417638
5950.725616 0.403534
5953.190803 0.399716
5955.655989 0.393047
5958.121176 0.394034
5960.586362 0.383358
5963.051549 0.378780
5965.516735 0.376757
5967.981922 0.381691
5970.447109 0.411284
5972.912295 0.382513
5975.377482 0.400265
5977.842668 0.410089
5980.307855 0.373699
5982.773041 0.372716
5985.238228 0.375100
5987.703415 0.370145
5990.168601 0.380900
5992.633788 0.379140
5995.098974 0.369942
5997.564161 0.374875
6000.029347 0.382719
6002.494534 0.397259
6004.959721 0.387104
6007.424907 0.367760
6009.890094 0.396688
6012.355280 0.352777
6014.820467 0.368399
6017.285653 0.387637
6019.750840 0.374427
6022.216027 0.387735
6024.681213 0.422020
6027.146400 0.395624
6029.611586 0.399328
6032.076773 0.404769
6034.541960 0.369581
6037.007146 0.393676
6039.472333 0.356814
6041.937519 0.395294
6044.402706 0.388840
6046.867892 0.388446
6049.333079 0.430790
6051.798266 0.403560
6054.263452 0.381770
6056.728639 0.393592
6059.193825 0.390931
6061.659012 0.388928
6064.124198 0.394840
6066.589385 0.392203
6069.054572 0.388109
6071.519758 0.360044
6073.984945 0.383659
6076.450131 0.346013
6078.915318 0.372255
6081.380504 0.385308
6083.845691 0.374540
6086.310878 0.390860
6088.776064 0.353253
6091.241251 0.375253
6093.706437 0.397500
6096.171624 0.403960
6098.636811 0.376467
6101.101997 0.362414
6103.567184 0.364547
6106.032370 0.404684
6108.497557 0.397113
6110.962743 0.375519
6113.427930 0.391446
6115.893117 0.400451
6118.358303 0.402440
6120.823490 0.379213
6123.288676 0.337226
6125.753863 0.367935
6128.219049 0.415534
6130.684236 0.376868
6133.149423 0.360816
6135.614609 0.366293
6138.079796 0.355888
6140.544982 0.383978
6143.010169 0.390488
6145.475355 0.394240
6147.940542 0.382778
6150.405729 0.360779
6152.870915 0.376289
6155.336102 0.391124
6157.801288 0.393255
6160.266475 0.364630
6162.731662 0.346351
6165.196848 0.343928
6167.662035 0.336774
6170.127221 0.344632
6172.592408 0.373717
6175.057594 0.372483
6177.522781 0.334603
6179.987968 0.392439
6182.453154 0.447984
6184.918341 0.342855
6187.383527 0.357384
6189.848714 0.305804
6192.313900 0.344996
6194.779087 0.365531
6197.244274 0.383191
6199.709460 0.376159
6202.174647 0.389919
6204.639833 0.372371
6207.105020 0.377508
6209.570206 0.333661
6212.035393 0.366097
6214.500580 0.349189
6216.965766 0.329938
6219.430953 0.355108
6221.896139 0.362584
6224.361326 0.353362
6226.826512 0.362352
6229.291699 0.366694
6231.756886 0.366040
6234.222072 0.362548
6236.687259 0.351781
6239.152445 0.357709
6241.617632 0.335994
6244.082819 0.345340
6246.548005 0.350282
6249.013192 0.337498
6251.478378 0.333886
6253.943565 0.325686
6256.408751 0.333842
6258.873938 0.330958
6261.339125 0.364216
6263.804311 0.366369
6266.269498 0.386460
6268.734684 0.363835
6271.199871 0.365843
6273.665057 0.362450
6276.130244 0.345727
6278.595431 0.375109
6281.060617 0.355750
6283.525804 0.374176
6285.990990 0.388503
6288.456177 0.370760
6290.921363 0.365552
6293.386550 0.383599
6295.851737 0.362464
6298.316923 0.378266
6300.782110 0.358630
6303.247296 0.377055
6305.712483 0.339589
6308.177670 0.363537
6310.642856 0.360021
6313.108043 0.363741
6315.573229 0.347361
6318.038416 0.345583
6320.503602 0.365852
6322.968789 0.408913
6325.433976 0.416853
6327.899162 0.341960
6330.364349 0.367730
6332.829535 0.408582
6335.294722 0.342432
6337.759908 0.320065
6340.225095 0.327999
6342.690282 0.388624
6345.155468 0.389560
6347.620655 0.364823
6350.085841 0.340730
6352.551028 0.338911
6355.016214 0.339318
6357.481401 0.328682
6359.946588 0.362992
6362.411774 0.302770
6364.876961 0.321072
6367.342147 0.350581
6369.807334 0.349126
6372.272521 0.343837
6374.737707 0.360356
6377.202894 0.389652
6379.668080 0.379441
6382.133267 0.371390
6384.598453 0.395550
6387.063640 0.369725
6389.528827 0.352267
6391.994013 0.375027
6394.459200 0.367669
6396.924386 0.373486
6399.389573 0.370718
6401.854759 0.358736
6404.319946 0.349425
6406.785133 0.379687
6409.250319 0.359532
6411.715506 0.380729
6414.180692 0.364798
6416.645879 0.375850
6419.111065 0.375504
6421.576252 0.413153
6424.041439 0.415429
6426.506625 0.408255
6428.971812 0.400574
6431.436998 0.368161
6433.902185 0.379837
6436.367371 0.374837
6438.832558 0.348315
6441.297745 0.364036
6443.762931 0.377013
6446.228118 0.357610
6448.693304 0.380076
6451.158491 0.378819
6453.623678 0.410000
6456.088864 0.365246
6458.554051 0.345246
6461.019237 0.384258
6463.484424 0.372669
6465.949610 0.403495
6468.414797 0.393273
6470.879984 0.431383
6473.345170 0.395352
6475.810357 0.429386
6478.275543 0.278391
6480.740730 0.298550
6483.205916 0.389407
6485.671103 0.397965
6488.136290 0.332147
6490.601476 0.362113
6493.066663 0.369662
6495.531849 0.362007
6497.997036 0.350635
6500.462222 0.383205
6502.927409 0.408964
6505.392596 0.375407
6507.857782 0.370731
6510.322969 0.352280
6512.788155 0.420984
6515.253342 0.443528
6517.718529 0.385390
6520.183715 0.428037
6522.648902 0.358150
6525.114088 0.313011
6527.579275 0.382292
6530.044461 0.412149
6532.509648 0.361837
6534.974835 0.385090
6537.440021 0.409476
6539.905208 0.413643
6542.370394 0.390082
6544.835581 0.373246
6547.300767 0.345776
6549.765954 0.369844
6552.231141 0.376381
6554.696327 0.351037
6557.161514 0.348566
6559.626700 0.344233
6562.091887 0.348667
6564.557073 0.314546
6567.022260 0.389012
6569.487447 0.399802
6571.952633 0.398847
6574.417820 0.371679
6576.883006 0.351964
6579.348193 0.337504
6581.813380 0.383553
6584.278566 0.395223
6586.743753 0.386002
6589.208939 0.400049
6591.674126 0.367703
6594.139312 0.350181
6596.604499 0.385153
6599.069686 0.338257
6601.534872 0.349388
6604.000059 0.398480
6606.465245 0.346221
6608.930432 0.322759
6611.395618 0.384197
6613.860805 0.378593
6616.325992 0.383251
6618.791178 0.346031
6621.256365 0.354655
6623.721551 0.374106
6626.186738 0.385621
6628.651924 0.368967
6631.117111 0.393845
6633.582298 0.381193
6636.047484 0.387963
6638.512671 0.385611
6640.977857 0.390240
6643.443044 0.385896
6645.908230 0.383364
6648.373417 0.396166
6650.838604 0.383590
6653.303790 0.362058
6655.768977 0.335618
6658.234163 0.360411
6660.699350 0.389054
6663.164537 0.365479
6665.629723 0.344213
6668.094910 0.358235
6670.560096 0.330325
6673.025283 0.332086
6675.490469 0.353064
6677.955656 0.393997
6680.420843 0.387740
6682.886029 0.377834
6685.351216 0.378762
6687.816402 0.324602
6690.281589 0.367015
6692.746775 0.363665
6695.211962 0.342171
6697.677149 0.381699
6700.142335 0.359483
6702.607522 0.343843
6705.072708 0.368406
6707.537895 0.333202
6710.003081 0.364029
6712.468268 0.363598
6714.933455 0.334962
6717.398641 0.362904
6719.863828 0.353932
6722.329014 0.381269
6724.794201 0.360858
6727.259388 0.357248
6729.724574 0.359249
6732.189761 0.378089
6734.654947 0.383311
6737.120134 0.433546
6739.585320 0.406256
6742.050507 0.357931
6744.515694 0.375521
6746.980880 0.374190
6749.446067 0.382987
6751.911253 0.377178
6754.376440 0.371249
6756.841626 0.401417
6759.306813 0.405994
6761.772000 0.373872
6764.237186 0.413070
6766.702373 0.405455
6769.167559 0.376707
6771.632746 0.367865
6774.097932 0.371359
6776.563119 0.363588
6779.028306 0.351799
6781.493492 0.404908
6783.958679 0.401767
6786.423865 0.374551
