3286.630878 0.002038
3287.648147 0.009454
3288.665417 0.019795
3289.682686 0.008124
3290.699955 0.015288
3291.717224 0.015291
3292.734493 0.008961
3293.751762 0.007598
3294.769031 0.005332
3295.786300 0.005568
3296.803569 0.012935
3297.820838 0.014416
3298.838107 0.004578
3299.855376 0.012838
3300.872645 0.012747
3301.889914 0.007300
3302.907183 0.007856
3303.924452 0.015411
3304.941722 0.017441
3305.958991 0.010269
3306.976260 0.014996
3307.993529 0.005222
3309.010798 0.006377
3310.028067 0.008603
3311.045336 0.008405
3312.062605 0.007716
3313.079874 0.007865
3314.097143 0.011925
3315.114412 0.011508
3316.131681 0.008220
3317.148950 0.011475
3318.166219 0.010674
3319.183488 0.012292
3320.200757 0.010538
3321.218026 0.011230
3322.235296 0.013851
3323.252565 0.003962
3324.269834 0.007566
3325.287103 0.016037
3326.304372 0.013183
3327.321641 0.006324
3328.338910 0.012708
3329.356179 0.008789
3330.373448 0.013859
3331.390717 0.005200
3332.407986 0.013708
3333.425255 0.011676
3334.442524 0.013241
3335.459793 0.008192
3336.477062 0.006063
3337.494331 0.008587
3338.511601 0.008722
3339.528870 0.010154
3340.546139 0.009090
3341.563408 0.004562
3342.580677 0.020615
3343.597946 0.014098
3344.615215 0.004621
3345.632484 0.000839
3346.649753 0.002623
3347.667022 0.026449
3348.684291 0.010124
3349.701560 0.003372
3350.718829 0.012572
3351.736098 0.015137
3352.753367 0.010053
3353.770636 0.007512
3354.787906 0.011066
3355.805175 0.017246
3356.822444 0.022217
3357.839713 0.006941
3358.856982 0.009141
3359.874251 0.011601
3360.891520 0.002079
3361.908789 0.002615
3362.926058 0.013701
3363.943327 0.012172
3364.960596 0.008119
3365.977865 0.013485
3366.995134 0.017941
3368.012403 0.013293
3369.029672 0.016830
3370.046941 0.016697
3371.064211 0.013602
3372.081480 0.013159
3373.098749 0.017032
3374.116018 0.005441
3375.133287 0.005501
3376.150556 0.012158
3377.167825 0.012729
3378.185094 0.008243
3379.202363 0.018304
3380.219632 0.016013
3381.236901 0.017566
3382.254170 0.014354
3383.271439 0.012461
3384.288708 0.010431
3385.305977 0.014615
3386.323246 0.012421
3387.340515 0.005965
3388.357785 0.012458
3389.375054 0.012485
3390.392323 0.005128
3391.409592 0.009122
3392.426861 0.019196
3393.444130 0.009320
3394.461399 0.004007
3395.478668 0.019262
3396.495937 0.008077
3397.513206 0.010181
3398.530475 0.014160
3399.547744 0.008333
3400.565013 0.007603
3401.582282 0.009664
3402.599551 0.011591
3403.616820 0.007362
3404.634090 0.014167
3405.651359 0.012470
3406.668628 0.009745
3407.685897 0.013241
3408.703166 0.008348
3409.720435 0.014553
3410.737704 0.013287
3411.754973 0.007962
3412.772242 -0.000110
3422.944933 0.009296
3423.962202 0.014222
3424.979471 0.016778
3425.996740 0.018619
3427.014009 0.013035
3428.031278 0.008964
3429.048547 0.012174
3430.065816 0.007976
3431.083085 0.010392
3432.100354 0.007467
3433.117623 0.010781
3434.134892 0.013572
3435.152161 0.008395
3436.169430 0.012413
3437.186700 0.007394
3438.203969 0.013797
3439.221238 0.015874
3440.238507 0.009726
3441.255776 0.008085
3442.273045 0.000937
3443.290314 0.011823
3444.307583 0.013711
3445.324852 0.007429
3446.342121 0.007796
3447.359390 0.008060
3448.376659 0.021463
3449.393928 0.014043
3450.411197 0.008452
3451.428466 0.013366
3452.445735 0.002869
3453.463004 0.013198
3454.480274 0.011712
3455.497543 0.014574
3456.514812 0.013947
3457.532081 0.012730
3458.549350 0.004309
3459.566619 0.011902
3460.583888 0.008417
3461.601157 0.010857
3462.618426 0.021141
3463.635695 0.012013
3464.652964 0.013730
3465.670233 0.007722
3466.687502 0.002867
3467.704771 0.010953
3468.722040 0.013321
3469.739309 0.012427
3470.756579 0.011673
3471.773848 0.012787
3472.791117 0.016113
3473.808386 0.009247
3474.825655 0.013383
3475.842924 0.007848
3476.860193 0.024653
3477.877462 0.008024
3478.894731 0.008656
3479.912000 0.017626
3480.929269 0.016239
3481.946538 0.011413
3482.963807 0.007583
3483.981076 0.002862
3484.998345 0.006507
3486.015614 0.018584
3487.032884 0.006476
3488.050153 0.011463
3489.067422 0.008965
3490.084691 0.010274
3491.101960 0.016542
3492.119229 0.015567
3493.136498 0.016843
3494.153767 0.013309
3495.171036 0.013299
3496.188305 0.009860
3497.205574 0.006912
3498.222843 0.003674
3499.240112 0.012561
3500.257381 0.010697
3501.274650 0.006098
3502.291919 0.002736
3503.309189 0.007731
3504.326458 0.001732
3505.343727 0.005653
3506.360996 0.014736
3507.378265 0.009543
3508.395534 0.006357
3509.412803 0.017155
3510.430072 0.009931
3511.447341 0.007560
3512.464610 0.011115
3513.481879 0.018044
3514.499148 0.013701
3515.516417 0.013412
3516.533686 0.009792
3517.550955 0.014389
3518.568224 0.014152
3519.585493 0.008369
3520.602763 0.007764
3521.620032 0.018562
3522.637301 0.007746
3523.654570 0.020039
3524.671839 0.006251
3525.689108 0.012638
3526.706377 0.018521
3527.723646 0.018332
3528.740915 0.012198
3529.758184 0.017894
3530.775453 0.021956
3531.792722 0.013453
3532.809991 0.007913
3533.827260 0.015623
3534.844529 0.010395
3535.861798 0.011923
3536.879068 0.001765
3537.896337 0.017762
3538.913606 0.016093
3539.930875 0.017268
3540.948144 0.009169
3541.965413 0.013357
3542.982682 0.009872
3543.999951 0.010873
3545.017220 0.016304
3546.034489 0.015406
3547.051758 0.014229
3548.069027 0.009023
3549.086296 0.010127
3550.103565 0.013844
3551.120834 0.012918
3552.138103 0.007363
3553.155373 0.004977
3554.172642 0.022327
3555.189911 0.011737
3556.207180 0.012019
3557.224449 0.010239
3558.241718 0.010955
3559.258987 0.013029
3560.276256 0.019297
3561.293525 0.012333
3562.310794 0.011739
3563.328063 0.008366
3564.345332 0.008821
3565.362601 0.018986
3566.379870 0.012748
3567.397139 0.010086
3568.414408 0.009533
3569.431678 0.008467
3570.448947 0.005215
3571.466216 0.005868
3572.483485 0.011130
3573.500754 0.008263
3574.518023 0.014300
3575.535292 0.011033
3576.552561 0.014061
3577.569830 0.012007
3578.587099 0.010536
3579.604368 0.011423
3580.621637 0.011351
3581.638906 0.009218
3582.656175 0.011047
3583.673444 0.015128
3584.690713 0.011563
3585.707982 0.015543
3586.725252 0.014565
3587.742521 0.012454
3588.759790 0.015875
3589.777059 0.011859
3590.794328 0.008795
3591.811597 0.016422
3592.828866 0.009986
3593.846135 0.003645
3594.863404 0.003804
3595.880673 0.006531
3596.897942 0.018294
3597.915211 0.012477
3598.932480 0.009297
3599.949749 0.013675
3600.967018 0.015229
3601.984287 0.011375
3603.001557 0.011904
3604.018826 0.009880
3605.036095 0.012916
3606.053364 0.006581
3607.070633 0.010940
3608.087902 0.008106
3609.105171 0.007607
3610.122440 0.012873
3611.139709 0.012348
3612.156978 0.015479
3613.174247 0.013364
3614.191516 0.024508
3615.208785 0.001067
3616.226054 0.018544
3617.243323 0.011831
3618.260592 0.015972
3619.277862 0.012246
3620.295131 0.013928
3621.312400 0.013179
3622.329669 0.013574
3623.346938 0.011843
3624.364207 0.010614
3625.381476 0.018856
3626.398745 0.009718
3627.416014 0.018800
3628.433283 0.011585
3629.450552 0.015060
3630.467821 0.002457
3631.485090 0.004709
3632.502359 0.008973
3633.519628 0.010480
3634.536897 0.016020
3635.554167 0.012581
3636.571436 0.009594
3637.588705 0.011501
3638.605974 0.010873
3639.623243 0.014042
3640.640512 0.007549
3641.657781 0.012626
3642.675050 0.009493
3643.692319 0.012126
3644.709588 0.011859
3645.726857 0.011876
3646.744126 0.009665
3647.761395 0.016575
3648.778664 0.014276
3649.795933 0.007009
3650.813202 0.016002
3651.830471 0.013675
3652.847741 0.004527
3653.865010 0.007883
3654.882279 0.011412
3655.899548 0.015910
3656.916817 0.017687
3657.934086 0.015787
3658.951355 0.009081
3659.968624 0.010854
3660.985893 0.013718
3662.003162 0.010164
3663.020431 0.014591
3664.037700 0.017824
3665.054969 0.011050
3666.072238 0.010528
3667.089507 0.010202
3668.106776 0.014768
3669.124046 0.011213
3670.141315 0.011371
3671.158584 0.017270
3672.175853 0.009816
3673.193122 0.005916
3674.210391 0.015350
3675.227660 0.006572
3676.244929 0.012173
3677.262198 0.011312
3678.279467 0.015207
3679.296736 0.013603
3680.314005 0.008649
3681.331274 0.011461
3682.348543 0.013370
3683.365812 0.006382
3684.383081 0.007917
3685.400351 0.009392
3686.417620 0.020238
3687.434889 0.011151
3688.452158 0.010721
3689.469427 0.013764
3690.486696 0.014647
3691.503965 0.012287
3692.521234 0.010630
3693.538503 0.017047
3694.555772 0.015300
3695.573041 0.013738
3696.590310 0.009138
3697.607579 0.007337
3698.624848 0.010050
3699.642117 0.009256
3700.659386 0.016540
3701.676656 0.015081
3702.693925 0.008276
3703.711194 0.016714
3704.728463 0.013287
3705.745732 0.015448
3706.763001 0.017554
3707.780270 0.007783
3708.797539 0.012355
3709.814808 0.009547
3710.832077 0.018132
3711.849346 0.008083
3712.866615 0.013387
3713.883884 0.017178
3714.901153 0.013112
3715.918422 0.014081
3716.935691 0.018248
3717.952960 0.020751
3718.970230 0.016826
3719.987499 0.015056
3721.004768 0.008553
3722.022037 0.009084
3723.039306 0.030819
3724.056575 0.043074
3725.073844 0.058968
3726.091113 0.083049
3727.108382 0.094959
3728.125651 0.084436
3729.142920 0.074839
3730.160189 0.060466
3731.177458 0.034200
3732.194727 0.014802
3733.211996 0.013207
3734.229265 0.014107
3735.246535 0.012698
3736.263804 0.016536
3737.281073 0.014516
3738.298342 0.015698
3739.315611 0.015404
3740.332880 0.015132
3741.350149 0.018285
3742.367418 0.014319
3743.384687 0.016309
3744.401956 0.012032
3745.419225 0.007553
3746.436494 0.017398
3747.453763 0.010907
3748.471032 0.014204
3749.488301 0.010575
3750.505570 0.012671
3751.522840 0.011934
3752.540109 0.012088
3753.557378 0.008845
3754.574647 0.013182
3755.591916 0.018351
3756.609185 0.019191
3757.626454 0.017036
3758.643723 0.018236
3759.660992 0.017599
3760.678261 0.013126
3761.695530 0.021730
3762.712799 0.013629
3763.730068 0.011911
3764.747337 0.016141
3765.764606 0.013027
3766.781875 0.015504
3767.799145 0.015487
3768.816414 0.017839
3769.833683 0.007143
3770.850952 0.007850
3771.868221 0.005037
3772.885490 0.008732
3773.902759 0.015226
3774.920028 0.019451
3775.937297 0.012139
3776.954566 0.014696
3777.971835 0.014056
3778.989104 0.012366
3780.006373 0.017600
3781.023642 0.023005
3782.040911 0.016421
3783.058180 0.016851
3784.075449 0.015391
3785.092719 0.015045
3786.109988 0.014829
3787.127257 0.019206
3788.144526 0.017577
3789.161795 0.011152
3790.179064 0.013108
3791.196333 0.008787
3792.213602 0.010367
3793.230871 0.012143
3794.248140 0.011665
3795.265409 0.010786
3796.282678 0.013431
3797.299947 0.008210
3798.317216 0.014036
3799.334485 0.014102
3800.351754 0.006888
3801.369024 0.013296
3802.386293 0.020592
3803.403562 0.015531
3804.420831 0.019514
3805.438100 0.010346
3806.455369 0.011689
3807.472638 0.012718
3808.489907 0.018080
3809.507176 0.018848
3810.524445 0.023532
3811.541714 0.018061
3812.558983 0.012897
3813.576252 0.011146
3814.593521 0.012398
3815.610790 0.014718
3816.628059 0.016702
3817.645329 0.021363
3818.662598 0.017268
3819.679867 0.014973
3820.697136 0.009876
3821.714405 0.009711
3822.731674 0.017693
3823.748943 0.015756
3824.766212 0.013398
3825.783481 0.008345
3826.800750 0.013903
3827.818019 0.012578
3828.835288 0.013630
3829.852557 0.009386
3830.869826 0.008689
3831.887095 0.009741
3832.904364 0.014440
3833.921634 0.008694
3834.938903 0.003267
3835.956172 0.006509
3836.973441 0.014347
3837.990710 0.017908
3839.007979 0.010896
3840.025248 0.014832
3841.042517 0.013186
3842.059786 0.021468
3843.077055 0.014272
3844.094324 0.011779
3845.111593 0.013266
3846.128862 0.017583
3847.146131 0.021885
3848.163400 0.014796
3849.180669 0.023523
3850.197938 0.018907
3851.215208 0.020510
3852.232477 0.013234
3853.249746 0.017601
3854.267015 0.017791
3855.284284 0.016447
3856.301553 0.015562
3866.474243 0.024335
3867.491513 0.022497
3868.508782 0.019377
3869.526051 0.018745
3870.543320 0.012415
3871.560589 0.008618
3872.577858 0.015075
3873.595127 0.025031
3874.612396 0.015101
3875.629665 0.018187
3876.646934 0.019274
3877.664203 0.020088
3878.681472 0.016733
3879.698741 0.020738
3880.716010 0.017655
3881.733279 0.014996
3882.750548 0.011938
3883.767818 0.014403
3884.785087 0.015867
3885.802356 0.006456
3886.819625 0.023428
3887.836894 0.019979
3888.854163 0.010857
3889.871432 0.019725
3890.888701 0.013297
3891.905970 0.010983
3892.923239 0.015512
3893.940508 0.009340
3894.957777 0.016212
3895.975046 0.018516
3896.992315 0.018235
3898.009584 0.015545
3899.026853 0.019994
3900.044123 0.019620
3901.061392 0.013397
3902.078661 0.013559
3903.095930 0.017738
3904.113199 0.012487
3905.130468 0.013831
3906.147737 0.020327
3907.165006 0.017661
3908.182275 0.019698
3909.199544 0.014553
3910.216813 0.019714
3911.234082 0.018468
3912.251351 0.012082
3913.268620 0.010104
3914.285889 0.015264
3915.303158 0.020115
3916.320427 0.014482
3917.337697 0.019466
3918.354966 0.019797
3919.372235 0.020599
3920.389504 0.022303
3921.406773 0.012292
3922.424042 0.019977
3923.441311 0.017604
3924.458580 0.017666
3925.475849 0.018810
3926.493118 0.022296
3927.510387 0.017227
3928.527656 0.016561
3929.544925 0.011582
3930.562194 0.018147
3931.579463 0.013827
3932.596732 0.012707
3933.614002 0.013529
3934.631271 0.013675
3935.648540 0.013346
3936.665809 0.013764
3937.683078 0.014514
3938.700347 0.014764
3939.717616 0.018380
3940.734885 0.015638
3941.752154 0.020740
3942.769423 0.020216
3943.786692 0.019299
3944.803961 0.019385
3945.821230 0.017406
3946.838499 0.016196
3947.855768 0.014208
3948.873037 0.018341
3949.890307 0.019648
3950.907576 0.013175
3951.924845 0.013869
3952.942114 0.019411
3953.959383 0.017151
3954.976652 0.018369
3955.993921 0.020043
3957.011190 0.017612
3958.028459 0.017528
3959.045728 0.017483
3960.062997 0.021249
3961.080266 0.018058
3962.097535 0.012785
3963.114804 0.023332
3964.132073 0.012361
3965.149342 0.011548
3966.166612 0.012559
3967.183881 0.015699
3968.201150 0.011363
3969.218419 0.016021
3970.235688 0.010149
3971.252957 0.015491
3972.270226 0.013725
3973.287495 0.017784
3974.304764 0.013067
3975.322033 0.018178
3976.339302 0.017505
3977.356571 0.014400
3978.373840 0.013725
3979.391109 0.018488
3980.408378 0.015614
3981.425647 0.016658
3982.442916 0.025428
3983.460186 0.013300
3984.477455 0.008106
3985.494724 0.019282
3986.511993 0.017963
3987.529262 0.016819
3988.546531 0.016564
3989.563800 0.020135
3990.581069 0.019455
3991.598338 0.018636
3992.615607 0.021772
3993.632876 0.017463
3994.650145 0.018991
3995.667414 0.021426
3996.684683 0.021114
3997.701952 0.019835
3998.719221 0.020562
3999.736491 0.019748
4000.753760 0.017939
4001.771029 0.022360
4002.788298 0.017484
4003.805567 0.020515
4004.822836 0.021939
4005.840105 0.018075
4006.857374 0.022837
4007.874643 0.019887
4008.891912 0.021351
4009.909181 0.019234
4010.926450 0.018310
4011.943719 0.017601
4012.960988 0.021532
4013.978257 0.021291
4014.995526 0.020903
4016.012796 0.022771
4017.030065 0.012734
4018.047334 0.017276
4019.064603 0.021818
4020.081872 0.018970
4021.099141 0.020520
4022.116410 0.024780
4023.133679 0.025960
4024.150948 0.014278
4025.168217 0.018909
4026.185486 0.025942
4027.202755 0.025539
4028.220024 0.018104
4029.237293 0.022838
4030.254562 0.025963
4031.271831 0.019648
4032.289101 0.022826
4033.306370 0.022029
4034.323639 0.022820
4035.340908 0.016604
4036.358177 0.022435
4037.375446 0.023297
4038.392715 0.020635
4039.409984 0.024014
4040.427253 0.024576
4041.444522 0.023384
4042.461791 0.015036
4043.479060 0.018196
4044.496329 0.018446
4045.513598 0.015424
4046.530867 0.022139
4047.548136 0.019815
4048.565405 0.020469
4049.582675 0.022301
4050.599944 0.024038
4051.617213 0.021867
4052.634482 0.023710
4053.651751 0.016974
4054.669020 0.020147
4055.686289 0.021418
4056.703558 0.016335
4057.720827 0.020925
4058.738096 0.023182
4059.755365 0.014986
4060.772634 0.018927
4061.789903 0.018234
4062.807172 0.019513
4063.824441 0.016510
4064.841710 0.017289
4065.858980 0.024106
4066.876249 0.023994
4067.893518 0.025275
4068.910787 0.020493
4069.928056 0.014973
4070.945325 0.019914
4071.962594 0.019016
4072.979863 0.024687
4073.997132 0.020934
4075.014401 0.016405
4076.031670 0.013996
4077.048939 0.017878
4078.066208 0.023949
4079.083477 0.020219
4080.100746 0.013965
4081.118015 0.018878
4082.135285 0.022445
4083.152554 0.023758
4084.169823 0.021089
4085.187092 0.019198
4086.204361 0.017801
4087.221630 0.017145
4088.238899 0.017353
4089.256168 0.015340
4090.273437 0.016333
4091.290706 0.018577
4092.307975 0.022401
4093.325244 0.016181
4094.342513 0.012301
4095.359782 0.009934
4096.377051 0.016689
4097.394320 0.015800
4098.411590 0.015450
4099.428859 0.016197
4100.446128 0.021048
4101.463397 0.021633
4102.480666 0.018190
4103.497935 0.014780
4104.515204 0.010874
4105.532473 0.014345
4106.549742 0.017249
4107.567011 0.018490
4108.584280 0.019895
4109.601549 0.014404
4110.618818 0.014893
4111.636087 0.017008
4112.653356 0.018971
4113.670625 0.015845
4114.687894 0.020387
4115.705164 0.022141
4116.722433 0.020938
4117.739702 0.020499
4118.756971 0.014324
4119.774240 0.021824
4120.791509 0.026689
4121.808778 0.017011
4122.826047 0.015213
4123.843316 0.026743
4124.860585 0.020348
4125.877854 0.019016
4126.895123 0.029762
4127.912392 0.022786
4128.929661 0.016639
4129.946930 0.016414
4130.964199 0.022608
4131.981469 0.019669
4132.998738 0.022027
4134.016007 0.012616
4135.033276 0.016263
4136.050545 0.026938
4137.067814 0.017094
4138.085083 0.019766
4139.102352 0.019045
4140.119621 0.022240
4141.136890 0.023067
4142.154159 0.020917
4143.171428 0.016984
4144.188697 0.019493
4145.205966 0.019915
4146.223235 0.023114
4147.240504 0.022467
4148.257774 0.018927
4149.275043 0.021166
4150.292312 0.018197
4151.309581 0.020920
4152.326850 0.018836
4153.344119 0.022748
4154.361388 0.027194
4155.378657 0.020378
4156.395926 0.021724
4157.413195 0.019830
4158.430464 0.017170
4159.447733 0.019643
4160.465002 0.020599
4161.482271 0.017749
4162.499540 0.018529
4163.516809 0.019203
4164.534079 0.020445
4165.551348 0.023590
4166.568617 0.020779
4167.585886 0.023530
4168.603155 0.025762
4169.620424 0.023502
4170.637693 0.023732
4171.654962 0.018817
4172.672231 0.017708
4173.689500 0.019739
4174.706769 0.021515
4175.724038 0.021555
4176.741307 0.023140
4177.758576 0.015990
4178.775845 0.016487
4179.793114 0.019444
4180.810383 0.023578
4181.827653 0.019699
4182.844922 0.022598
4183.862191 0.020807
4184.879460 0.028820
4185.896729 0.025675
4186.913998 0.026156
4187.931267 0.030182
4188.948536 0.022490
4189.965805 0.016544
4190.983074 0.021958
4192.000343 0.018466
4193.017612 0.020758
4194.034881 0.026327
4195.052150 0.018070
4196.069419 0.020282
4197.086688 0.021311
4198.103958 0.015784
4199.121227 0.017030
4200.138496 0.021579
4201.155765 0.015942
4202.173034 0.022267
4203.190303 0.022976
4204.207572 0.021186
4205.224841 0.015758
4206.242110 0.015577
4207.259379 0.019928
4208.276648 0.016585
4209.293917 0.023450
4210.311186 0.016334
4211.328455 0.015689
4212.345724 0.014070
4213.362993 0.015235
4214.380263 0.018753
4215.397532 0.013143
4216.414801 0.015105
4217.432070 0.013754
4218.449339 0.021373
4219.466608 0.018901
4220.483877 0.015042
4221.501146 0.014137
4222.518415 0.015056
4223.535684 0.017664
4224.552953 0.017168
4225.570222 0.017475
4226.587491 0.017022
4227.604760 0.014099
4228.622029 0.019776
4229.639298 0.019549
4230.656568 0.022588
4231.673837 0.019098
4232.691106 0.018450
4233.708375 0.023012
4234.725644 0.029066
4235.742913 0.014831
4236.760182 0.016494
4237.777451 0.024464
4238.794720 0.020417
4239.811989 0.021029
4240.829258 0.019305
4241.846527 0.018451
4242.863796 0.025053
4243.881065 0.021511
4244.898334 0.022630
4245.915603 0.019278
4246.932872 0.020934
4247.950142 0.017798
4248.967411 0.018438
4249.984680 0.016481
4251.001949 0.026607
4252.019218 0.019628
4253.036487 0.021106
4254.053756 0.018725
4255.071025 0.019422
4256.088294 0.020440
4257.105563 0.020777
4258.122832 0.021503
4259.140101 0.014916
4260.157370 0.028164
4261.174639 0.018014
4262.191908 0.016917
4263.209177 0.021456
4264.226447 0.020787
4265.243716 0.021536
4266.260985 0.022393
4267.278254 0.022506
4268.295523 0.020605
4269.312792 0.018198
4270.330061 0.017405
4271.347330 0.015018
4272.364599 0.015748
4273.381868 0.019217
4274.399137 0.021160
4275.416406 0.019943
4276.433675 0.020850
4277.450944 0.021432
4278.468213 0.019406
4279.485482 0.025118
4280.502752 0.017885
4281.520021 0.018962
4282.537290 0.020407
4283.554559 0.017480
4284.571828 0.022021
4285.589097 0.017693
4286.606366 0.016122
4287.623635 0.019246
4288.640904 0.019121
4289.658173 0.014759
4290.675442 0.013265
4291.692711 0.019733
4292.709980 0.022690
4293.727249 0.022256
4294.744518 0.017228
4295.761787 0.023103
4296.779057 0.029517
4297.796326 0.021291
4298.813595 0.013991
4299.830864 0.018646
4300.848133 0.018218
4301.865402 0.017981
4302.882671 0.016514
4303.899940 0.018005
4304.917209 0.020016
4305.934478 0.014806
4306.951747 0.019166
4307.969016 0.016866
4308.986285 0.015416
4310.003554 0.020744
4311.020823 0.018902
4312.038092 0.019254
4313.055361 0.015376
4314.072631 0.011825
4315.089900 0.015126
4316.107169 0.021638
4317.124438 0.022333
4318.141707 0.021155
4319.158976 0.025795
4320.176245 0.019579
4321.193514 0.024432
4322.210783 0.023300
4323.228052 0.020204
4324.245321 0.019405
4325.262590 0.014778
4326.279859 0.014217
4327.297128 0.018369
4328.314397 0.020321
4329.331666 0.018427
4330.348936 0.015918
4331.366205 0.017859
4332.383474 0.015659
4333.400743 0.017429
4334.418012 0.015069
4335.435281 0.016051
4336.452550 0.014704
4337.469819 0.021192
4338.487088 0.023748
4339.504357 0.026493
4340.521626 0.026687
4341.538895 0.024562
4342.556164 0.020237
4343.573433 0.012491
4344.590702 0.020505
4345.607971 0.015420
4346.625241 0.014202
4347.642510 0.020058
4348.659779 0.017039
4349.677048 0.016185
4350.694317 0.018073
4351.711586 0.017137
4352.728855 0.018247
4353.746124 0.024453
4354.763393 0.024614
4355.780662 0.017988
4356.797931 0.018354
4357.815200 0.022249
4358.832469 0.017779
4359.849738 0.015335
4360.867007 0.016845
4361.884276 0.021984
4362.901546 0.027137
4363.918815 0.019381
4364.936084 0.020718
4365.953353 0.020464
4366.970622 0.022763
4367.987891 0.021344
4369.005160 0.015494
4370.022429 0.020882
4371.039698 0.026845
4372.056967 0.019561
4373.074236 0.020807
4374.091505 0.019435
4375.108774 0.025143
4376.126043 0.024145
4377.143312 0.019641
4378.160581 0.021687
4379.177850 0.020299
4380.195120 0.022305
4381.212389 0.017041
4382.229658 0.016169
4383.246927 0.019847
4384.264196 0.020095
4385.281465 0.017601
4386.298734 0.012955
4387.316003 0.013471
4388.333272 0.019955
4389.350541 0.018190
4390.367810 0.020205
4391.385079 0.016971
4392.402348 0.014695
4393.419617 0.015820
4394.436886 0.019052
4395.454155 0.022061
4396.471425 0.016382
4397.488694 0.015122
4398.505963 0.014568
4399.523232 0.022377
4400.540501 0.018392
4401.557770 0.019713
4402.575039 0.020178
4403.592308 0.018467
4404.609577 0.024642
4405.626846 0.019076
4406.644115 0.019693
4407.661384 0.021132
4408.678653 0.020573
4409.695922 0.019601
4410.713191 0.023806
4411.730460 0.020361
4412.747730 0.017683
4413.764999 0.021457
4414.782268 0.020025
4415.799537 0.015777
4416.816806 0.017961
4417.834075 0.013626
4418.851344 0.021036
4419.868613 0.017326
4420.885882 0.018634
4421.903151 0.017416
4422.920420 0.024084
4423.937689 0.017439
4424.954958 0.015741
4425.972227 0.018545
4426.989496 0.021892
4428.006765 0.018083
4429.024035 0.020232
4430.041304 0.015455
4431.058573 0.019722
4432.075842 0.014201
4433.093111 0.018482
4434.110380 0.014364
4435.127649 0.020767
4436.144918 0.028816
4437.162187 0.014880
4438.179456 0.024737
4439.196725 0.020607
4440.213994 0.029029
4441.231263 0.023960
4442.248532 0.019135
4443.265801 0.024165
4444.283070 0.014469
4445.300339 0.026876
4446.317609 0.022171
4447.334878 0.025116
4448.352147 0.022990
4449.369416 0.017782
4450.386685 0.020948
4451.403954 0.020461
4452.421223 0.017360
4453.438492 0.021940
4454.455761 0.017078
4455.473030 0.017568
4456.490299 0.019922
4457.507568 0.026501
4458.524837 0.037295
4459.542106 0.018944
4460.559375 0.023062
4461.576644 0.017609
4462.593914 0.026468
4463.611183 0.020908
4464.628452 0.014998
4465.645721 0.020380
4466.662990 0.022254
4467.680259 0.019160
4468.697528 0.019195
4469.714797 0.018085
4470.732066 0.018743
4471.749335 0.022362
4472.766604 0.027004
4473.783873 0.017695
4474.801142 0.017539
4475.818411 0.019353
4476.835680 0.024110
4477.852949 0.020543
4478.870219 0.024767
4479.887488 0.018242
4480.904757 0.014536
4481.922026 0.017177
4482.939295 0.022980
4483.956564 0.027726
4484.973833 0.011928
4485.991102 0.020015
4487.008371 0.024349
4488.025640 0.023073
4489.042909 0.023256
4490.060178 0.019136
4491.077447 0.018429
4492.094716 0.025095
4493.111985 0.018963
4494.129254 0.020925
4503.284676 0.020456
4504.301945 0.015657
4505.319214 0.021889
4506.336483 0.021632
4507.353752 0.016494
4508.371021 0.015678
4509.388290 0.022569
4510.405559 0.018823
4511.422828 0.014231
4512.440098 0.021899
4513.457367 0.018923
4514.474636 0.019182
4515.491905 0.023051
4516.509174 0.025206
4517.526443 0.021304
4518.543712 0.014837
4519.560981 0.018297
4520.578250 0.022494
4521.595519 0.021889
4522.612788 0.021127
4523.630057 0.020141
4524.647326 0.020079
4525.664595 0.019804
4526.681864 0.015895
4527.699133 0.017343
4528.716403 0.020390
4529.733672 0.019905
4530.750941 0.020650
4531.768210 0.014398
4532.785479 0.018919
4533.802748 0.013808
4534.820017 0.027018
4535.837286 0.022751
4536.854555 0.023544
4537.871824 0.022361
4538.889093 0.022493
4539.906362 0.021663
4540.923631 0.019397
4541.940900 0.018063
4542.958169 0.018594
4543.975438 0.023281
4544.992708 0.025167
4546.009977 0.021059
4547.027246 0.021609
4548.044515 0.018638
4549.061784 0.016725
4550.079053 0.017709
4551.096322 0.020477
4552.113591 0.016859
4553.130860 0.016671
4554.148129 0.019612
4555.165398 0.016428
4556.182667 0.021352
4557.199936 0.025629
4558.217205 0.017236
4559.234474 0.012520
4560.251743 0.016920
4561.269013 0.016377
4562.286282 0.022425
4563.303551 0.020549
4564.320820 0.016763
4565.338089 0.019072
4566.355358 0.018424
4567.372627 0.024096
4568.389896 0.024123
4569.407165 0.024081
4570.424434 0.018360
4571.441703 0.023083
4572.458972 0.015569
4573.476241 0.023179
4574.493510 0.016690
4575.510779 0.021297
4576.528048 0.019648
4577.545317 0.019271
4578.562587 0.029633
4579.579856 0.026579
4580.597125 0.018290
4581.614394 0.021458
4582.631663 0.021309
4583.648932 0.020466
4584.666201 0.021584
4585.683470 0.021331
4586.700739 0.013793
4587.718008 0.015646
4588.735277 0.017045
4589.752546 0.018669
4590.769815 0.016530
4591.787084 0.017770
4592.804353 0.021944
4593.821622 0.019057
4594.838892 0.020013
4595.856161 0.019851
4596.873430 0.023163
4597.890699 0.022692
4598.907968 0.016805
4599.925237 0.017573
4600.942506 0.024309
4601.959775 0.018658
4602.977044 0.020258
4603.994313 0.022235
4605.011582 0.020031
4606.028851 0.020270
4607.046120 0.019753
4608.063389 0.019741
4609.080658 0.012835
4610.097927 0.020506
4611.115197 0.032962
4612.132466 0.017910
4613.149735 0.012254
4614.167004 0.017421
4615.184273 0.018109
4616.201542 0.014014
4617.218811 0.018313
4618.236080 0.020723
4619.253349 0.022317
4620.270618 0.021689
4621.287887 0.019529
4622.305156 0.017952
4623.322425 0.017487
4624.339694 0.020028
4625.356963 0.022108
4626.374232 0.023141
4627.391502 0.021248
4628.408771 0.023425
4629.426040 0.020942
4630.443309 0.020122
4631.460578 0.015913
4632.477847 0.016457
4633.495116 0.019364
4634.512385 0.021993
4635.529654 0.014373
4636.546923 0.017081
4637.564192 0.013813
4638.581461 0.019848
4639.598730 0.023156
4640.615999 0.022098
4641.633268 0.028363
4642.650537 0.013946
4643.667806 0.024335
4644.685076 0.017993
4645.702345 0.017641
4646.719614 0.022801
4647.736883 0.018893
4648.754152 0.022026
4649.771421 0.027898
4650.788690 0.015269
4651.805959 0.020952
4652.823228 0.022716
4653.840497 0.019985
4654.857766 0.018055
4655.875035 0.025124
4656.892304 0.016756
4657.909573 -0.002353
4658.926842 0.021701
4659.944111 0.020408
4660.961381 0.017878
4661.978650 0.024543
4662.995919 0.007822
4664.013188 0.018171
4665.030457 0.021442
4666.047726 0.014760
4667.064995 0.011624
4668.082264 0.017225
4669.099533 0.018127
4670.116802 0.010374
4671.134071 0.017742
4672.151340 0.025435
4673.168609 0.018436
4674.185878 0.031497
4675.203147 0.024640
4676.220416 0.013192
4677.237686 0.019085
4678.254955 0.019100
4679.272224 0.024449
4680.289493 0.018538
4681.306762 0.021806
4682.324031 0.022936
4683.341300 0.015498
4684.358569 0.022384
4685.375838 0.015187
4686.393107 0.022687
4687.410376 0.022235
4688.427645 0.016691
4689.444914 0.018742
4690.462183 0.025919
4691.479452 0.023857
4692.496721 0.015328
4693.513991 0.021368
4694.531260 0.021255
4695.548529 0.015074
4696.565798 0.019077
4697.583067 0.023156
4698.600336 0.018011
4699.617605 0.014920
4700.634874 0.017371
4701.652143 0.022363
4702.669412 0.017868
4703.686681 0.020241
4704.703950 0.014990
4705.721219 0.016098
4706.738488 0.015142
4707.755757 0.015933
4708.773026 0.014019
4709.790295 0.016870
4710.807565 0.019985
4711.824834 0.025000
4712.842103 0.019600
4713.859372 0.020445
4714.876641 0.020284
4715.893910 0.021251
4716.911179 0.014492
4717.928448 0.022862
4718.945717 0.020945
4719.962986 0.012971
4720.980255 0.015812
4721.997524 0.014853
4723.014793 0.017203
4724.032062 0.021431
4725.049331 0.015668
4726.066600 0.014384
4727.083870 0.015217
4728.101139 0.017945
4729.118408 0.021472
4730.135677 0.028900
4731.152946 0.017631
4732.170215 0.016427
4733.187484 0.020699
4734.204753 0.015758
4735.222022 0.015225
4736.239291 0.016583
4737.256560 0.016928
4738.273829 0.022403
4739.291098 0.023085
4740.308367 0.016567
4741.325636 0.021164
4742.342905 0.015671
4743.360175 0.021654
4744.377444 0.018173
4745.394713 0.018671
4746.411982 0.023943
4747.429251 0.017888
4748.446520 0.013906
4749.463789 0.027136
4750.481058 0.023033
4751.498327 0.031009
4752.515596 0.018055
4753.532865 0.016343
4754.550134 0.021320
4755.567403 0.021138
4756.584672 0.021329
4757.601941 0.021084
4758.619210 0.023378
4759.636480 0.024205
4760.653749 0.021870
4761.671018 0.019636
4762.688287 0.019170
4763.705556 0.018915
4764.722825 0.013671
4765.740094 0.008866
4766.757363 0.019752
4767.774632 0.023326
4768.791901 0.014064
4769.809170 0.020691
4770.826439 0.016709
4771.843708 0.021399
4772.860977 0.019167
4773.878246 0.013635
4774.895515 0.006255
4775.912784 0.026258
4776.930054 0.011787
4777.947323 0.034065
4778.964592 0.018880
4779.981861 0.019440
4780.999130 0.016468
4782.016399 0.021028
4783.033668 0.021040
4784.050937 0.032538
4785.068206 0.026237
4786.085475 0.023888
4787.102744 0.016036
4788.120013 0.020799
4789.137282 0.017770
4790.154551 0.019230
4791.171820 0.018606
4792.189089 0.020127
4793.206359 0.027317
4794.223628 0.020456
4795.240897 0.023426
4796.258166 0.017311
4797.275435 0.021160
4798.292704 0.014498
4799.309973 0.015478
4800.327242 0.021698
4801.344511 0.020551
4802.361780 0.024680
4803.379049 0.013854
4804.396318 0.026350
4805.413587 0.025202
4806.430856 0.012253
4807.448125 0.012759
4808.465394 0.014594
4809.482664 0.019999
4810.499933 0.010820
4811.517202 0.005705
4812.534471 0.009394
4813.551740 0.009955
4814.569009 0.019981
4815.586278 0.017572
4816.603547 0.022370
4817.620816 0.028333
4818.638085 0.016650
4819.655354 0.019315
4820.672623 0.023644
4821.689892 0.021401
4822.707161 0.028157
4823.724430 0.028982
4824.741699 0.012600
4825.758969 0.015332
4826.776238 0.027287
4827.793507 0.022375
4828.810776 0.014786
4829.828045 0.017332
4830.845314 0.009450
4831.862583 0.018875
4832.879852 0.019293
4833.897121 0.013675
4834.914390 0.018268
4835.931659 0.026987
4836.948928 0.020214
4837.966197 0.013396
4838.983466 0.017000
4840.000735 0.021813
4841.018004 0.023155
4842.035273 0.022456
4843.052543 0.013678
4844.069812 0.018768
4845.087081 0.017494
4846.104350 0.022310
4847.121619 0.007011
4848.138888 0.016786
4849.156157 0.013255
4850.173426 0.021634
4851.190695 0.006725
4852.207964 0.015093
4853.225233 0.018180
4854.242502 0.029724
4855.259771 0.020718
4856.277040 0.017516
4857.294309 0.026396
4858.311578 0.038983
4859.328848 0.049913
4860.346117 0.051511
4861.363386 0.038689
4862.380655 0.040503
4863.397924 0.027880
4864.415193 0.021839
4865.432462 0.020886
4866.449731 0.018455
4867.467000 0.011992
4868.484269 0.014525
4869.501538 0.014265
4870.518807 0.016638
4871.536076 0.021464
4872.553345 0.017703
4873.570614 0.018770
4874.587883 0.016894
4875.605153 0.015060
4876.622422 0.013181
4877.639691 0.012502
4878.656960 0.022773
4879.674229 0.023654
4880.691498 0.004513
4881.708767 0.010791
4882.726036 0.021714
4883.743305 0.017879
4884.760574 0.025608
4885.777843 0.022718
4886.795112 0.022095
4887.812381 0.020154
4888.829650 0.014290
4889.846919 0.008216
4890.864188 0.023515
4891.881458 0.023321
4892.898727 0.022231
4893.915996 0.019955
4894.933265 0.019711
4895.950534 0.018963
4896.967803 0.015035
4897.985072 0.014570
4899.002341 0.030409
4900.019610 0.001982
4901.036879 0.014637
4902.054148 0.019105
4903.071417 0.018399
4904.088686 0.022224
4905.105955 0.018415
4906.123224 0.022256
4907.140493 0.019626
4908.157762 0.022481
4909.175032 0.021442
4910.192301 0.021197
4911.209570 0.021527
4912.226839 0.021293
4913.244108 0.020860
4914.261377 0.019137
4915.278646 0.018734
4916.295915 0.018797
4917.313184 0.018249
4918.330453 0.020984
4919.347722 0.010751
4920.364991 0.013168
4921.382260 0.016388
4922.399529 0.019433
4923.416798 0.013775
4924.434067 0.018312
4925.451337 0.017968
4926.468606 0.019492
4927.485875 0.022891
4928.503144 0.019004
4929.520413 0.018055
4930.537682 0.020357
4931.554951 0.014896
4932.572220 0.016354
4933.589489 0.020948
4934.606758 0.016984
4935.624027 0.021866
4936.641296 0.020792
4937.658565 0.017313
4938.675834 0.021517
4939.693103 0.018823
4940.710372 0.015776
4941.727642 0.016677
4942.744911 0.015643
4943.762180 0.019439
4944.779449 0.019734
4945.796718 0.016309
4946.813987 0.020050
4947.831256 0.019505
4948.848525 0.017380
4949.865794 0.017017
4950.883063 0.018043
4951.900332 0.017649
4952.917601 0.020101
4953.934870 0.018790
4954.952139 0.022376
4955.969408 0.025975
4956.986677 0.025742
4958.003947 0.027590
4959.021216 0.031403
4960.038485 0.031137
4961.055754 0.017180
4962.073023 0.019543
4963.090292 0.015136
4964.107561 0.023450
4965.124830 0.022282
4966.142099 0.020242
4967.159368 0.019449
4968.176637 0.013754
4969.193906 0.016743
4970.211175 0.020143
4971.228444 0.020969
4972.245713 0.015232
4973.262982 0.013911
4974.280251 0.012711
4975.297521 0.018549
4976.314790 0.015571
4977.332059 0.015181
4978.349328 0.013526
4979.366597 0.016771
4980.383866 0.014609
4981.401135 0.018832
4982.418404 0.022292
4983.435673 0.019043
4984.452942 0.015839
4985.470211 0.015747
4986.487480 0.017205
4987.504749 0.017945
4988.522018 0.018834
4989.539287 0.012643
4990.556556 0.014479
4991.573826 0.017600
4992.591095 0.011238
4993.608364 0.016497
4994.625633 0.020152
4995.642902 0.015920
4996.660171 0.018550
4997.677440 0.019695
4998.694709 0.015111
4999.711978 0.019045
5000.729247 0.019095
5001.746516 0.019062
5002.763785 0.026375
5003.781054 0.042999
5004.798323 0.053569
5005.815592 0.056529
5006.832861 0.052607
5007.850131 0.046376
5008.867400 0.034412
5009.884669 0.027800
5010.901938 0.019962
5011.919207 0.016416
5012.936476 0.015560
5013.953745 0.020671
5014.971014 0.015619
5015.988283 0.019281
5017.005552 0.016932
5018.022821 0.017162
5019.040090 0.016583
5020.057359 0.011223
5021.074628 0.020614
5022.091897 0.016723
5023.109166 0.015376
5024.126436 0.016628
5025.143705 0.017276
5026.160974 0.018116
5027.178243 0.019603
5028.195512 0.014532
5029.212781 0.016455
5030.230050 0.021851
5031.247319 0.022316
5032.264588 0.021252
5033.281857 0.019606
5034.299126 0.019109
5035.316395 0.023680
5036.333664 0.015837
5037.350933 0.017617
5038.368202 0.019658
5039.385471 0.024272
5040.402740 0.013808
5041.420010 0.012944
5042.437279 0.016130
5043.454548 0.017811
5044.471817 0.019948
5045.489086 0.017426
5046.506355 0.022093
5047.523624 0.021328
5048.540893 0.016712
5049.558162 0.016617
5050.575431 0.014434
5051.592700 0.018013
5052.609969 0.015710
5053.627238 0.022700
5054.644507 0.019586
5055.661776 0.021763
5056.679045 0.017982
5057.696315 0.017336
5058.713584 0.018870
5059.730853 0.021483
5060.748122 0.017770
5061.765391 0.021247
5062.782660 0.016138
5063.799929 0.018838
5064.817198 0.016138
5065.834467 0.016785
5066.851736 0.020240
5067.869005 0.022147
5068.886274 0.014584
5069.903543 0.016313
5070.920812 0.019914
5071.938081 0.013724
5072.955350 0.023311
5073.972620 0.031002
5074.989889 0.026146
5076.007158 0.013568
5077.024427 0.009977
5078.041696 0.014588
5079.058965 0.012909
5080.076234 0.018000
5081.093503 0.016209
5082.110772 0.016102
5083.128041 0.024393
5084.145310 0.020888
5085.162579 0.031459
5086.179848 0.025883
5087.197117 0.019937
5088.214386 0.015608
5089.231655 0.014863
5090.248925 0.011455
5091.266194 0.024777
5092.283463 0.016838
5093.300732 0.008707
5094.318001 0.016928
5095.335270 0.016498
5096.352539 0.016536
5097.369808 0.020458
5098.387077 0.016347
5099.404346 0.019187
5100.421615 0.016051
5101.438884 0.015451
5102.456153 0.013198
5103.473422 0.018019
5104.490691 0.017144
5105.507960 0.019506
5106.525229 0.015789
5107.542499 0.014084
5108.559768 0.009911
5109.577037 0.013820
5110.594306 0.020956
5111.611575 0.033772
5112.628844 0.031051
5113.646113 0.022334
5114.663382 0.002634
5115.680651 -0.000239
5116.697920 0.017827
5117.715189 0.012793
5118.732458 0.008776
5119.749727 -0.000207
5120.766996 0.004067
5121.784265 0.011221
5122.801534 0.014343
5123.818804 0.021526
5124.836073 0.012128
5125.853342 0.014749
5126.870611 0.006753
5127.887880 0.013353
5128.905149 0.017467
5129.922418 0.025735
5130.939687 0.018696
5131.956956 0.020049
5132.974225 0.015324
5133.991494 0.019940
5135.008763 0.017343
5136.026032 0.024855
5137.043301 0.019642
5138.060570 0.002053
5139.077839 0.021261
5140.095109 0.015991
5141.112378 0.010603
5142.129647 0.018832
5143.146916 0.015483
5144.164185 0.018915
5145.181454 0.027483
5146.198723 0.039513
5147.215992 0.032168
5148.233261 0.028759
5149.250530 -0.003602
5150.267799 0.009305
5151.285068 0.017781
5152.302337 0.018521
5153.319606 0.014045
5154.336875 0.013835
5155.354144 0.017195
5156.371414 0.019990
5157.388683 0.012939
5158.405952 0.005377
5159.423221 0.006819
5160.440490 0.013657
5161.457759 0.011571
5162.475028 0.013350
5163.492297 0.017471
5164.509566 0.018201
5165.526835 0.023731
5166.544104 0.003822
5167.561373 0.003665
5168.578642 -0.011620
5169.595911 0.013719
5170.613180 0.008519
5171.630449 0.011787
5172.647718 0.016036
5173.664988 0.015428
5174.682257 0.015839
5175.699526 0.015361
5176.716795 0.020087
5177.734064 0.020593
5178.751333 0.023161
5179.768602 0.012882
5180.785871 0.014498
5181.803140 0.008902
5182.820409 0.017064
5183.837678 0.015451
5184.854947 0.023882
5185.872216 0.030283
5186.889485 0.038602
5187.906754 0.037506
5188.924023 0.011451
5189.941293 0.001189
5190.958562 0.017894
5191.975831 0.014602
5192.993100 0.022303
5194.010369 0.035369
5195.027638 0.046027
