2996.153384 0.041338
2998.389478 0.035740
3000.625573 0.030679
3002.861667 0.052767
3005.097761 0.026577
3007.333856 0.041323
3009.569950 0.030304
3011.806044 0.027478
3014.042138 0.046841
3016.278232 0.044381
3018.514326 0.045849
3020.750421 0.048772
3022.986515 0.047083
3025.222609 0.030036
3027.458703 0.039562
3029.694798 0.046164
3031.930892 0.035286
3034.166986 0.039687
3036.403081 0.048206
3038.639174 0.036858
3040.875269 0.044389
3043.111363 0.040909
3045.347457 0.022383
3047.583551 0.029510
3049.819646 0.051116
3052.055740 0.045297
3054.291834 0.042236
3056.527929 0.023532
3058.764022 0.035867
3061.000116 0.036346
3063.236211 0.039097
3065.472305 0.038876
3067.708399 0.025602
3069.944494 0.033866
3072.180588 0.049670
3074.416682 0.050247
3076.652776 0.048090
3078.888871 0.030903
3081.124964 0.040970
3083.361059 0.034601
3085.597153 0.037102
3087.833247 0.034076
3090.069342 0.021324
3092.305436 0.045578
3094.541530 0.042103
3096.777624 0.038277
3099.013719 0.028875
3101.249812 0.046502
3103.485907 0.031402
3105.722001 0.051929
3107.958095 0.043522
3110.194189 0.033398
3112.430284 0.039224
3114.666378 0.028966
3116.902472 0.051182
3119.138567 0.033686
3121.374661 0.037416
3123.610755 0.048663
3125.846849 0.033396
3128.082943 0.012807
3130.319037 0.046953
3132.555132 0.027277
3134.791226 0.023550
3137.027320 0.042713
3139.263415 0.036793
3141.499509 0.027291
3143.735603 0.032106
3145.971697 0.019844
3148.207791 0.023197
3150.443885 0.012939
3152.679980 0.039255
3154.916074 0.034887
3157.152168 0.038976
3159.388263 0.047033
3161.624357 0.028248
3163.860451 0.042270
3166.096545 0.036787
3168.332639 0.028812
3170.568733 0.026599
3172.804828 0.053917
3175.040922 0.043695
3177.277016 0.031919
3179.513110 0.045411
3181.749205 0.037095
3183.985299 0.041929
3186.221393 0.032647
3188.457487 0.029064
3190.693581 0.044262
3192.929676 0.026446
3195.165770 0.037390
3197.401864 0.041399
3199.637958 0.033291
3201.874053 0.032218
3204.110147 0.032699
3206.346241 0.026383
3208.582335 0.037823
3210.818429 0.009838
3213.054523 0.023440
3215.290618 0.038488
3217.526712 0.026682
3219.762806 0.050205
3221.998901 0.045674
3224.234995 0.049669
3226.471089 0.048439
3228.707183 0.040052
3230.943277 0.056022
3233.179371 0.062957
3235.415466 0.053035
3237.651560 0.039423
3239.887654 0.044638
3242.123749 0.035946
3244.359843 0.050884
3246.595937 0.045702
3248.832031 0.028508
3251.068125 0.026067
3253.304219 0.042288
3255.540314 0.042948
3257.776408 0.032353
3260.012502 0.050858
3262.248596 0.028817
3264.484691 0.045294
3266.720785 0.042527
3268.956879 0.039164
3271.192974 0.045742
3273.429067 0.045685
3275.665162 0.027682
3277.901256 0.043103
3280.137350 0.052187
3282.373444 0.045343
3284.609539 0.048525
3286.845633 0.028689
3289.081727 0.037163
3291.317822 0.032661
3293.553915 0.040559
3295.790009 0.024821
3298.026104 0.036447
3300.262198 0.048004
3302.498292 0.062614
3304.734387 0.027240
3306.970481 0.029879
3309.206575 0.052675
3311.442669 0.044484
3313.678764 0.042736
3315.914857 0.050990
3318.150952 0.040676
3320.387046 0.028841
3322.623140 0.027064
3324.859235 0.029895
3327.095329 0.029754
3329.331423 0.030593
3331.567517 0.025459
3333.803612 0.041639
3336.039705 0.048589
3338.275800 0.059853
3340.511894 0.034054
3342.747988 0.034070
3344.984082 0.037731
3347.220177 0.018683
3349.456271 0.023554
3351.692365 0.026870
3353.928460 0.056967
3356.164554 0.053054
3358.400648 0.043141
3360.636742 0.043652
3362.872836 0.041035
3365.108930 0.042523
3367.345025 0.022671
3369.581119 0.029421
3371.817213 0.031504
3374.053308 0.034607
3376.289402 0.036097
3378.525495 0.030970
3380.761590 0.044236
3382.997684 0.048829
3385.233778 0.042395
3387.469873 0.042199
3389.705967 0.039943
3391.942061 0.044985
3394.178155 0.035249
3396.414250 0.030916
3398.650344 0.048054
3400.886438 0.034751
3403.122532 0.076261
3405.358626 0.035505
3407.594721 0.017588
3409.830815 0.042048
3412.066909 0.043584
3414.303003 0.036349
3416.539098 0.043545
3418.775192 0.026101
3421.011286 0.027994
3423.247380 0.046236
3425.483474 0.034761
3427.719568 0.043088
3429.955663 0.047607
3432.191757 0.040824
3434.427851 0.048945
3436.663946 0.034914
3438.900040 0.046735
3441.136134 0.036325
3443.372228 0.023285
3445.608322 0.046471
3447.844416 0.042455
3450.080511 0.030259
3452.316605 0.037985
3454.552699 0.045001
3456.788794 0.053279
3459.024888 0.032837
3461.260982 0.043280
3463.497076 0.042065
3465.733170 0.028489
3467.969264 0.055849
3470.205359 0.050539
3472.441453 0.041299
3474.677547 0.031826
3476.913642 0.033746
3479.149736 0.019796
3481.385830 0.019146
3483.621924 0.042290
3485.858018 0.033646
3488.094112 0.046927
3490.330207 0.027672
3492.566301 0.027405
3494.802395 0.018841
3497.038489 0.036492
3499.274584 0.045855
3501.510678 0.037955
3503.746772 0.047784
3505.982867 0.041450
3508.218960 0.053530
3510.455055 0.039247
3512.691149 0.037904
3514.927243 0.044395
3517.163337 0.051053
3519.399432 0.058502
3521.635526 0.036644
3523.871620 0.025080
3526.107715 0.044594
3528.343808 0.035166
3530.579902 0.020292
3532.815997 0.046893
3535.052091 0.036637
3537.288185 0.031887
3539.524280 0.040263
3541.760374 0.051554
3543.996468 0.039666
3546.232562 0.043825
3548.468657 0.048696
3550.704750 0.023037
3552.940845 0.032959
3555.176939 0.055481
3557.413033 0.055166
3559.649128 0.058137
3561.885222 0.058653
3564.121316 0.025761
3566.357410 0.058656
3568.593505 0.058686
3570.829598 0.028181
3573.065693 0.040393
3575.301787 0.051684
3577.537881 0.017305
3579.773975 0.042053
3582.010070 0.025986
3584.246164 0.042558
3586.482258 0.047482
3588.718353 0.038601
3590.954447 0.042982
3593.190541 0.050215
3595.426635 0.054065
3597.662729 0.029813
3599.898823 0.038111
3602.134918 0.038314
3604.371012 0.031724
3606.607106 0.048682
3608.843201 0.022057
3611.079295 0.040064
3613.315388 0.031086
3615.551483 0.037645
3617.787577 0.054641
3620.023671 0.039353
3622.259766 0.027919
3624.495860 0.024930
3626.731954 0.041131
3628.968048 0.029920
3631.204143 0.037015
3633.440237 0.031530
3635.676331 0.039006
3637.912425 0.058035
3640.148519 0.065802
3642.384614 0.028909
3644.620708 0.031431
3646.856802 0.035541
3649.092896 0.042088
3651.328991 0.049837
3653.565085 0.038419
3655.801179 0.019013
3658.037273 0.039590
3660.273367 0.038349
3662.509461 0.067885
3664.745556 0.053581
3666.981650 0.036190
3669.217744 0.051181
3671.453839 0.041843
3673.689933 0.049712
3675.926027 0.029378
3678.162121 0.052866
3680.398215 0.053120
3682.634309 0.042714
3684.870404 0.042950
3687.106498 0.023420
3689.342592 0.027603
3691.578687 0.050609
3693.814781 0.045883
3696.050875 0.040785
3698.286969 0.048611
3700.523063 0.047134
3702.759157 0.051488
3704.995252 0.046490
3718.411817 0.042354
3720.647911 0.039006
3722.884005 0.048220
3725.120100 0.085546
3727.356194 0.151944
3729.592288 0.158510
3731.828382 0.113673
3734.064477 0.076997
3736.300571 0.053121
3738.536665 0.054563
3740.772759 0.057432
3743.008853 0.038469
3745.244947 0.041557
3747.481042 0.052339
3749.717136 0.040394
3751.953230 0.060620
3754.189325 0.054968
3756.425419 0.059069
3758.661513 0.063350
3760.897608 0.043612
3763.133701 0.058919
3765.369795 0.056382
3767.605890 0.037413
3769.841984 0.040063
3772.078078 0.054007
3774.314173 0.028534
3776.550267 0.040693
3778.786361 0.060880
3781.022455 0.058934
3783.258550 0.063472
3785.494643 0.064220
3787.730738 0.080684
3789.966832 0.053044
3792.202926 0.066828
3794.439021 0.055996
3796.675115 0.046158
3798.911209 0.037818
3801.147303 0.030000
3803.383398 0.049573
3805.619491 0.031803
3807.855586 0.026514
3810.091680 0.059885
3812.327774 0.061417
3814.563868 0.068111
3816.799963 0.084232
3819.036057 0.048072
3821.272151 0.042826
3823.508246 0.081451
3825.744340 0.048218
3827.980434 0.036397
3830.216528 0.048684
3832.452622 0.051674
3834.688716 0.034125
3836.924811 0.050375
3839.160905 0.025825
3841.396999 0.037151
3843.633094 0.062380
3845.869188 0.057412
3848.105281 0.054619
3850.341376 0.067928
3852.577470 0.079332
3854.813564 0.077088
3857.049659 0.059966
3859.285753 0.064604
3861.521847 0.072248
3863.757941 0.070433
3865.994036 0.060473
3868.230130 0.063563
3870.466224 0.087736
3872.702318 0.069090
3874.938412 0.073637
3877.174507 0.058302
3879.410601 0.056031
3881.646695 0.054301
3883.882789 0.046669
3886.118884 0.052893
3888.354978 0.064528
3890.591072 0.046614
3892.827166 0.053840
3895.063260 0.062706
3897.299354 0.051346
3899.535449 0.067659
3901.771543 0.074980
3904.007637 0.070331
3906.243732 0.063322
3908.479826 0.064889
3910.715920 0.064809
3912.952014 0.066310
3915.188108 0.069291
3917.424202 0.058389
3919.660297 0.072191
3921.896391 0.091818
3924.132485 0.043638
3926.368580 0.084108
3928.604674 0.071276
3930.840768 0.060652
3933.076862 0.063800
3935.312956 0.050240
3937.549050 0.046093
3939.785145 0.044215
3942.021239 0.056436
3944.257333 0.062098
3946.493427 0.056804
3948.729522 0.058416
3950.965616 0.076595
3953.201710 0.054506
3955.437804 0.059670
3957.673898 0.089608
3959.909993 0.073930
3962.146087 0.058896
3964.382181 0.040770
3966.618275 0.040276
3968.854370 0.034800
3971.090464 0.031488
3973.326558 0.039160
3975.562652 0.052407
3977.798746 0.050615
3980.034840 0.054945
3982.270935 0.056818
3984.507029 0.066343
3986.743123 0.064482
3988.979218 0.062799
3991.215312 0.055942
3993.451406 0.088797
3995.687500 0.052180
3997.923594 0.064309
4000.159688 0.066031
4002.395783 0.055835
4004.631877 0.065459
4006.867971 0.066448
4009.104066 0.087221
4011.340160 0.073126
4013.576254 0.071795
4015.812348 0.059971
4018.048442 0.086980
4020.284536 0.093125
4022.520631 0.050940
4024.756725 0.064147
4026.992819 0.073929
4029.228913 0.066912
4031.465008 0.073584
4033.701102 0.064315
4035.937196 0.057342
4038.173291 0.067107
4040.409384 0.098098
4042.645479 0.075319
4044.881573 0.050123
4047.117667 0.087078
4049.353761 0.061772
4051.589856 0.067503
4053.825950 0.062721
4056.062044 0.098480
4058.298139 0.089171
4060.534232 0.066137
4062.770326 0.074726
4065.006421 0.087763
4067.242515 0.069212
4069.478609 0.061526
4071.714704 0.080537
4073.950798 0.081052
4076.186892 0.064599
4078.422987 0.069643
4080.659081 0.071686
4082.895174 0.049385
4085.131269 0.065272
4087.367363 0.082420
4089.603457 0.065045
4091.839552 0.069715
4094.075646 0.074549
4096.311740 0.058108
4098.547834 0.050306
4100.783929 0.057616
4103.020023 0.052516
4105.256117 0.070806
4107.492211 0.075571
4109.728305 0.058071
4111.964400 0.054645
4114.200494 0.055779
4116.436588 0.051363
4118.672682 0.057051
4120.908777 0.068721
4123.144871 0.073097
4125.380965 0.078133
4127.617059 0.078940
4129.853153 0.049708
4132.089247 0.065551
4134.325342 0.061813
4136.561436 0.080957
4138.797530 0.081516
4141.033625 0.075589
4143.269719 0.064308
4145.505813 0.089902
4147.741907 0.091564
4149.978001 0.055823
4152.214095 0.068007
4154.450190 0.054318
4156.686284 0.062070
4158.922378 0.062836
4161.158473 0.078241
4163.394567 0.085080
4165.630661 0.078955
4167.866755 0.082004
4170.102849 0.078541
4172.338943 0.062228
4174.575038 0.060056
4176.811132 0.062214
4179.047226 0.063167
4181.283320 0.079776
4183.519415 0.063882
4185.755509 0.057034
4187.991603 0.102837
4190.227697 0.080811
4192.463791 0.096775
4194.699886 0.078674
4196.935980 0.071938
4199.172074 0.092383
4201.408168 0.069898
4203.644263 0.069096
4205.880357 0.071905
4208.116451 0.067260
4210.352545 0.094614
4212.588639 0.088301
4214.824733 0.049879
4217.060828 0.066523
4219.296922 0.080796
4221.533016 0.072091
4223.769111 0.057137
4226.005205 0.059881
4228.241299 0.076763
4230.477393 0.070129
4232.713487 0.072796
4234.949581 0.053777
4237.185676 0.082893
4239.421770 0.068772
4241.657864 0.079861
4243.893959 0.074584
4246.130053 0.082559
4248.366147 0.080788
4250.602241 0.075060
4252.838335 0.052725
4255.074429 0.056401
4257.310524 0.063220
4259.546618 0.060515
4261.782712 0.055498
4264.018806 0.060796
4266.254901 0.081173
4268.490995 0.080756
4270.727089 0.071575
4272.963184 0.066195
4275.199277 0.062174
4277.435372 0.082013
4279.671466 0.058386
4281.907560 0.059265
4284.143654 0.062930
4286.379749 0.059406
4288.615843 0.054333
4290.851937 0.067035
4293.088032 0.079308
4295.324125 0.066914
4297.560219 0.067299
4299.796314 0.071272
4302.032408 0.076441
4304.268502 0.056448
4306.504597 0.055036
4308.740691 0.059685
4310.976785 0.054946
4313.212880 0.060411
4315.448974 0.068315
4317.685067 0.074669
4319.921162 0.072836
4322.157256 0.072638
4324.393350 0.066921
4326.629445 0.074904
4328.865539 0.070639
4331.101633 0.056711
4333.337727 0.054665
4335.573822 0.057132
4337.809915 0.049025
4340.046010 0.070451
4342.282104 0.061284
4344.518198 0.075730
4346.754293 0.062301
4348.990387 0.043317
4351.226481 0.064045
4353.462575 0.058000
4355.698670 0.064986
4357.934764 0.045436
4360.170858 0.057803
4362.406952 0.073694
4364.643046 0.080074
4366.879140 0.078093
4369.115235 0.078519
4371.351329 0.060821
4373.587423 0.070933
4375.823518 0.074362
4378.059612 0.084662
4380.295706 0.092022
4382.531800 0.073380
4384.767894 0.062838
4387.003988 0.065197
4389.240083 0.058200
4391.476177 0.083181
4393.712271 0.089133
4395.948366 0.063568
4398.184460 0.049158
4400.420554 0.063733
4402.656648 0.062853
4404.892742 0.075270
4407.128836 0.078362
4409.364931 0.084672
4411.601025 0.057803
4413.837119 0.069004
4416.073213 0.073851
4418.309308 0.075455
4420.545402 0.071807
4422.781496 0.094133
4425.017590 0.078859
4427.253684 0.069995
4429.489779 0.068913
4431.725873 0.064553
4433.961967 0.073233
4436.198061 0.059926
4438.434156 0.063076
4440.670250 0.075818
4442.906344 0.074643
4445.142438 0.077548
4447.378532 0.071563
4449.614626 0.075498
4451.850721 0.071313
4454.086815 0.058360
4456.322909 0.078570
4458.559004 0.069254
4460.795098 0.077233
4463.031192 0.071819
4465.267286 0.069391
4467.503380 0.061324
4469.739474 0.071984
4471.975569 0.072665
4474.211663 0.077208
4476.447757 0.062459
4478.683852 0.080144
4480.919946 0.070940
4483.156040 0.063497
4485.392134 0.061437
4487.628228 0.073942
4489.864322 0.086316
4492.100417 0.063957
4494.336511 0.075238
4496.572605 0.061173
4498.808699 0.064533
4501.044794 0.075085
4503.280888 0.066265
4505.516982 0.065463
4507.753077 0.080118
4509.989170 0.080098
4512.225265 0.082686
4514.461359 0.061730
4516.697453 0.072554
4518.933547 0.082091
4521.169642 0.090432
4523.405736 0.070639
4525.641830 0.061065
4527.877925 0.077828
4530.114018 0.048268
4532.350112 0.053676
4534.586207 0.071470
4536.822301 0.066856
4539.058395 0.057274
4541.294490 0.098568
4543.530584 0.065084
4545.766678 0.039450
4548.002772 0.074483
4550.238867 0.052311
4552.474960 0.076545
4554.711055 0.094106
4556.947149 0.066761
4559.183243 0.072809
4561.419338 0.073594
4563.655432 0.067762
4565.891526 0.058883
4568.127620 0.066982
4570.363715 0.043475
4572.599808 0.046319
4574.835903 0.064420
4577.071997 0.045495
4579.308091 0.089479
4581.544185 0.067126
4583.780280 0.059673
4586.016374 0.055323
4588.252468 0.067258
4590.488563 0.057840
4592.724657 0.057830
4594.960751 0.044928
4597.196845 0.054119
4599.432939 0.059579
4601.669033 0.058200
4603.905128 0.081788
4606.141222 0.067975
4608.377316 0.079675
4610.613411 0.071015
4612.849505 0.066324
4615.085598 0.069227
4617.321693 0.077161
4619.557787 0.070217
4621.793881 0.060688
4624.029976 0.068780
4626.266070 0.027239
4628.502164 0.073383
4630.738259 0.069157
4632.974353 0.062310
4635.210447 0.065772
4637.446541 0.067005
4639.682635 0.089056
4641.918729 0.065554
4644.154824 0.061014
4646.390918 0.060829
4648.627012 0.065372
4650.863106 0.078190
4653.099201 0.072680
4655.335295 0.059918
4657.571389 0.064567
4659.807483 0.091870
4662.043577 0.068637
4664.279672 0.041673
4666.515766 0.067653
4668.751860 0.057904
4670.987954 0.059146
4673.224049 0.080159
4675.460143 0.056894
4677.696237 0.061026
4679.932331 0.068735
4682.168425 0.066857
4684.404519 0.059001
4686.640614 0.071473
4688.876708 0.052195
4691.112802 0.065898
4693.348897 0.055004
4695.584991 0.056870
4697.821085 0.068760
4700.057179 0.079748
4702.293273 0.058824
4704.529367 0.070657
4706.765462 0.074117
4709.001556 0.082027
4711.237650 0.082760
4713.473745 0.080360
4715.709839 0.066904
4717.945933 0.059938
4720.182027 0.084990
4722.418121 0.073400
4724.654215 0.056636
4726.890310 0.062002
4729.126404 0.071185
4731.362498 0.079176
4733.598592 0.061178
4735.834687 0.058170
4738.070781 0.083945
4740.306875 0.077553
4742.542969 0.073488
4744.779063 0.073222
4747.015158 0.052185
4749.251252 0.067592
4751.487346 0.069506
4753.723440 0.052365
4755.959535 0.059956
4758.195629 0.062568
4760.431723 0.066298
4762.667818 0.072703
4764.903911 0.068614
4767.140005 0.072300
4769.376100 0.050557
4771.612194 0.058259
4773.848288 0.084481
4776.084383 0.074122
4778.320477 0.063212
4780.556571 0.072687
4782.792665 0.069501
4785.028760 0.051135
4787.264853 0.047676
4789.500948 0.071235
4791.737042 0.062250
4793.973136 0.072470
4796.209231 0.068638
4798.445325 0.074665
4800.681419 0.072782
4802.917513 0.063690
4805.153608 0.055690
4807.389701 0.075837
4809.625796 0.063227
4811.861890 0.047257
4814.097984 0.075793
4816.334078 0.065412
4818.570173 0.066986
4820.806267 0.073305
4823.042361 0.075198
4825.278456 0.069884
4827.514550 0.057923
4829.750644 0.061689
4831.986738 0.049776
4834.222832 0.061911
4836.458926 0.077622
4838.695021 0.070608
4840.931115 0.028385
4843.167209 0.086906
4845.403304 0.055418
4847.639398 0.055214
4849.875491 0.065632
4852.111586 0.051032
4854.347680 0.062767
4856.583774 0.064846
4858.819869 0.091042
4861.055963 0.096846
4863.292057 0.071705
4865.528151 0.074293
4867.764246 -0.008955
4870.000340 0.059324
4872.236434 0.045379
4874.472528 0.067339
4876.708622 0.046187
4878.944717 0.053806
4881.180811 0.081819
4883.416905 0.083617
4885.652999 0.028128
4887.889094 0.022656
4890.125188 0.066417
4892.361282 0.081082
4894.597376 0.062758
4896.833470 0.050017
4899.069564 0.066904
4901.305659 0.069943
4903.541753 0.068610
4905.777847 0.088323
4908.013942 0.077426
4910.250036 0.078659
4912.486130 0.077494
4914.722224 0.079987
4916.958318 0.070531
4919.194412 0.070380
4921.430507 0.086232
4923.666601 0.088352
4925.902695 0.070038
4928.138790 0.056955
4930.374884 0.076579
4932.610978 0.058799
4934.847072 0.055434
4937.083166 0.070222
4939.319260 0.070266
4941.555355 0.076598
4943.791449 0.066057
4946.027543 0.045140
4948.263638 0.056586
4950.499732 0.059757
4952.735826 0.062477
4954.971920 0.076900
4957.208014 0.076715
4959.444108 0.069292
4961.680203 0.069252
4963.916297 0.074186
4966.152391 0.084628
4968.388485 0.067432
4970.624580 0.061660
4972.860674 0.096566
4975.096768 0.086251
4977.332862 0.081716
4979.568956 0.082107
4981.805051 0.069496
4984.041145 0.054513
4986.277239 0.081346
4988.513333 0.061331
4990.749428 0.046404
4992.985522 0.067898
4995.221616 0.068594
4997.457711 0.058139
4999.693804 0.071532
5001.929898 0.072114
5004.165993 0.086138
5006.402087 0.098054
5008.638181 0.114656
5010.874276 0.087773
5013.110370 0.065430
5015.346464 0.055466
5017.582558 0.061179
5019.818652 0.067412
5022.054746 0.053393
5024.290841 0.063489
5026.526935 0.052289
5028.763029 0.059275
5030.999124 0.062474
5033.235218 0.062833
5035.471312 0.048286
5037.707406 0.048968
5039.943501 0.065048
5042.179594 0.044229
5044.415689 0.056330
5046.651783 0.071625
5048.887877 0.086972
5051.123971 0.073765
5053.360066 0.084801
5055.596160 0.058727
5057.832254 0.033681
5060.068349 0.045232
5062.304442 0.054417
5064.540537 0.031838
5066.776631 0.118987
5069.012725 0.062103
5071.248819 0.066155
5073.484914 0.037951
5075.721008 0.075809
5077.957102 0.041443
5080.193197 0.034328
5082.429291 0.052432
5084.665384 0.066628
5086.901479 0.058063
5089.137573 0.050155
5091.373667 0.108243
5093.609762 0.087010
5095.845856 0.090940
5098.081950 0.014171
5100.318044 0.040533
5102.554139 0.059883
5104.790233 0.074380
5107.026327 0.067701
5109.262421 0.043273
5111.498515 0.044892
5113.734610 0.047887
5115.970704 0.054895
5118.206798 0.042647
5120.442892 0.063591
5122.678987 0.072038
5124.915081 0.047478
5127.151175 0.037531
5129.387269 0.072158
5131.623363 0.086328
5133.859457 0.096900
5136.095552 0.079179
5138.331646 0.063180
5140.567740 0.068193
5142.803835 0.055158
5145.039929 0.047554
5147.276023 0.054045
5149.512117 0.061033
5151.748211 0.068972
5153.984305 0.053618
5156.220400 0.024928
5158.456494 0.066065
5160.692588 0.086886
5162.928683 0.047218
5165.164777 0.050230
5167.400871 0.072212
5169.636965 0.044562
5171.873059 0.036297
5174.109153 0.072936
5176.345248 0.075038
5178.581342 0.052257
5180.817436 0.046579
5183.053531 0.016870
5185.289625 0.071880
5187.525719 0.102255
5189.761813 0.075841
5191.997907 0.031185
5194.234001 0.049474
5196.470096 0.033817
5198.706190 0.059730
5200.942284 0.058548
5203.178378 0.044765
5205.414473 0.056943
5207.650567 0.082745
5209.886661 0.092293
5212.122755 0.067208
5214.358849 0.061688
5216.594943 0.053203
5218.831038 0.080216
5221.067132 0.061504
5223.303226 0.032213
5225.539321 0.045358
5227.775415 0.044303
5230.011509 0.057830
5232.247604 0.045371
5234.483697 0.050639
5236.719791 0.038172
5238.955886 0.054330
5241.191980 0.075206
5243.428074 0.078994
5245.664169 0.052694
5247.900263 0.053508
5250.136357 0.050493
5252.372451 0.046378
5254.608545 0.060480
5256.844639 0.056653
5259.080734 0.032777
5261.316828 0.047041
5263.552922 0.046978
5265.789017 0.030554
5268.025111 0.042678
5270.261205 0.085052
5272.497299 0.099174
5274.733394 0.035093
5276.969487 0.058891
5279.205582 0.097814
5281.441676 0.084341
5283.677770 0.085674
5285.913864 0.067281
5288.149959 0.061123
5290.386053 0.062647
5292.622147 0.025779
5294.858242 0.053285
5297.094335 0.039820
5299.330430 0.039831
5301.566524 0.052835
5303.802618 0.064866
5306.038712 0.091451
5308.274807 0.057461
5310.510901 0.060618
5312.746995 0.042324
5314.983090 0.093964
5317.219184 0.083170
5319.455277 0.067372
5321.691372 0.069127
5323.927466 0.099911
5326.163560 0.068350
5328.399655 0.051537
5330.635749 0.041920
5332.871843 0.074493
5335.107937 0.090797
5337.344032 0.028278
5339.580125 0.073262
5341.816220 0.095748
5344.052314 0.055128
5346.288408 0.057768
5348.524503 0.085554
5350.760597 0.076508
5352.996691 0.070387
5355.232785 0.064029
5357.468880 0.073031
5359.704974 0.077200
5361.941068 0.092115
5364.177162 0.070649
5366.413256 0.078734
5368.649350 0.058604
5370.885445 0.068520
5373.121539 0.075119
5375.357633 0.080818
5377.593728 0.059765
5379.829822 0.081426
5382.065916 0.068740
5384.302010 0.049363
5386.538104 0.054733
5388.774198 0.070603
5391.010293 0.053235
5393.246387 0.056335
5395.482481 0.056312
5397.718576 0.073332
5399.954670 0.064782
5402.190764 0.064355
5404.426858 0.074257
5406.662952 0.062197
5408.899046 0.049201
5411.135141 0.066282
5413.371235 0.048204
5415.607329 0.038331
5417.843423 0.051194
5420.079518 0.069916
5422.315612 0.070517
5424.551706 0.070700
5426.787800 0.047159
5429.023894 0.061192
5431.259989 0.064984
5433.496083 0.055476
5435.732177 0.048009
5437.968271 0.051825
5440.204366 0.054505
5442.440460 0.071471
5444.676554 0.051783
5446.912648 0.066189
5449.148742 0.048314
5451.384836 0.046157
5453.620931 0.075910
5455.857025 0.062992
5458.093119 0.062555
5460.329214 0.051706
5462.565308 0.063929
5464.801402 0.026739
5467.037497 0.049753
5469.273590 0.054275
5471.509684 0.073424
5473.745779 0.062284
5475.981873 0.037922
5478.217967 0.048548
5480.454062 0.056247
5482.690156 0.043084
5484.926250 0.051616
5487.162344 0.067400
5489.398438 0.049484
5491.634532 0.059510
5493.870627 0.081073
5496.106721 0.074369
5498.342815 0.065585
5500.578910 0.067899
5502.815004 0.068468
5505.051098 0.065876
5507.287192 0.067945
5509.523287 0.035953
5511.759380 -0.006066
5513.995475 0.038193
5516.231569 0.046854
5518.467663 0.061729
5520.703757 0.086914
5522.939852 0.087797
5525.175946 0.115617
5527.412040 0.096341
5529.648135 0.097196
5531.884228 0.058564
5534.120323 0.042686
5536.356417 0.042292
5538.592511 0.056976
5540.828605 0.051282
5543.064700 0.066237
5545.300794 0.067533
5547.536888 0.059517
5549.772983 0.023573
5552.009077 -0.007838
5554.245170 0.108038
5556.481265 0.204626
5558.717359 0.135838
5560.953453 0.064503
5563.189548 0.080684
5565.425642 0.066712
5567.661736 0.062872
5569.897830 0.065293
5572.133925 0.044529
5574.370018 0.057407
5576.606113 0.072008
5578.842207 0.077557
5581.078301 0.067284
5583.314396 0.084581
5585.550490 0.033381
5587.786584 0.066011
5590.022678 0.038686
5592.258773 0.096243
5594.494867 0.092094
5596.730961 0.031298
5598.967055 0.064976
5601.203149 0.067501
5603.439243 0.068729
5605.675338 0.068578
5607.911432 0.066083
5610.147526 0.084834
5612.383621 0.062840
5614.619715 0.059892
5616.855809 0.077042
5619.091903 0.062916
5621.327997 0.067044
5623.564091 0.080237
5625.800186 0.034904
5628.036280 0.027014
5630.272374 0.034445
5632.508469 0.100678
5634.744563 0.051911
5636.980657 0.114019
5639.216751 0.080524
5641.452845 0.051384
5643.688939 0.064655
5645.925034 0.049251
5648.161128 0.051377
5650.397222 0.067961
5652.633316 0.073343
5654.869411 0.060379
5657.105505 0.031237
5659.341599 0.059478
5661.577693 0.075764
5663.813787 0.049750
5666.049882 0.047491
5668.285976 0.057653
5670.522070 0.057836
5672.758164 0.059628
5674.994259 0.056273
5677.230353 0.043615
5679.466447 0.067153
5681.702541 0.039551
5683.938635 0.069006
5686.174729 0.071721
5688.410824 0.061858
5690.646918 0.118886
5692.883012 0.066119
5695.119107 0.040549
5697.355201 0.058473
5699.591295 0.062527
5701.827389 0.054929
5704.063483 0.050995
5706.299577 0.064744
5708.535672 0.076339
5710.771766 0.069190
5713.007860 0.052284
5715.243955 0.069264
5717.480049 0.059372
5719.716143 0.035057
5721.952237 0.068479
5724.188331 0.078128
5726.424425 0.060049
5728.660520 0.064151
5730.896614 0.065506
5733.132708 0.070246
5735.368802 0.065003
5737.604897 0.077558
5739.840991 0.051370
5742.077085 0.003324
5744.313180 0.044025
5746.549273 0.043755
5748.785368 0.061244
5751.021462 0.066695
5753.257556 0.023232
5755.493650 0.018557
5757.729745 -0.004150
5759.965839 0.052550
5762.201933 0.058696
5764.438028 0.023729
5766.674121 0.020477
5768.910215 0.049231
5771.146310 0.018517
5773.382404 0.046941
5775.618498 0.087709
5777.854593 0.059142
5780.090687 0.041161
5782.326781 0.041487
5784.562876 0.032254
5786.798970 0.056042
5789.035063 0.051052
5791.271158 0.045296
5793.507252 0.027723
5795.743346 0.037095
5797.979441 0.012018
5800.215535 0.008216
5802.451629 0.030635
5804.687723 0.034979
5806.923818 0.020839
5809.159911 0.032027
5811.396006 0.032389
5813.632100 0.055528
5815.868194 0.050741
5818.104289 0.029759
5820.340383 0.029941
5822.576477 0.019761
5824.812571 0.024382
5827.048666 -0.033573
5829.284760 -0.002670
5831.520854 -0.036809
5833.756948 -0.067371
5835.993042 -0.027635
5838.229136 0.028728
5840.465231 -0.062240
5842.701325 -0.136057
5844.937419 -0.025511
5847.173514 0.002413
5849.409608 -0.010353
5851.645702 -0.021961
5853.881796 0.017394
5856.117890 0.013807
5858.353984 0.006975
5860.590079 0.007870
5862.826173 0.025013
5865.062267 -0.003180
5867.298362 0.062066
5869.534456 0.038134
5871.770550 -0.082647
5874.006644 -0.151013
5876.242738 -0.178782
5878.478832 -0.148592
5880.714927 -0.103817
5882.951021 -0.039287
5885.187115 -0.001089
5887.423209 -0.018849
5889.659304 0.005546
5891.895398 0.017849
5894.131492 0.017848
5896.367586 -0.030015
5898.603680 -0.038292
5900.839775 -0.034317
5903.075869 -0.042483
5905.311963 0.010122
5907.548057 0.053670
5909.784152 -0.027605
5912.020246 -0.075470
5914.256340 -0.126454
5916.492434 -0.044506
5918.728528 -0.023554
5920.964622 -0.019098
5923.200717 -0.034042
5925.436811 -0.055746
5927.672905 -0.028748
5929.909000 -0.046107
5932.145094 -0.064149
5934.381188 -0.127074
5936.617282 -0.111103
5938.853376 -0.042282
5941.089470 -0.016849
5943.325565 -0.000208
5945.561659 -0.008946
5947.797753 -0.034309
5950.033848 -0.025020
5952.269942 -0.029219
