3886.015043 0.012383
3887.078587 0.022326
3888.142130 0.023316
3889.205674 0.022225
3890.269217 0.017594
3891.332761 0.010544
3892.396305 0.026352
3893.459848 0.010210
3894.523392 0.000786
3895.586935 0.017686
3896.650479 0.024219
3897.714022 0.027390
3898.777566 0.018994
3899.841109 0.031044
3900.904653 0.010578
3901.968196 0.026695
3903.031740 0.036791
3904.095283 0.024014
3905.158827 0.022719
3906.222370 0.020663
3907.285914 0.022617
3908.349457 0.036967
3909.413001 0.032132
3910.476544 0.030938
3911.540088 0.026600
3912.603631 0.035511
3913.667175 0.023994
3914.730718 0.029224
3915.794262 0.020725
3916.857806 0.030831
3917.921349 0.032570
3918.984893 0.026823
3920.048436 0.025951
3921.111980 0.040278
3922.175523 0.020295
3923.239067 0.019316
3924.302610 0.026461
3925.366154 0.018473
3926.429697 0.028590
3927.493241 0.024329
3928.556784 0.010701
3929.620328 0.030143
3930.683871 0.032762
3931.747415 0.017948
3932.810958 0.014118
3933.874502 0.025759
3934.938045 0.025360
3936.001589 0.006691
3937.065132 0.020150
3938.128676 0.018121
3939.192219 0.021630
3940.255763 0.013475
3941.319307 0.032998
3942.382850 0.023061
3943.446394 0.016433
3944.509937 0.022455
3945.573481 0.016492
3946.637024 0.040879
3947.700568 0.029261
3948.764111 0.031884
3949.827655 0.028616
3950.891198 0.037157
3951.954742 0.035297
3953.018285 0.038684
3954.081829 0.039481
3955.145372 0.038085
3956.208916 0.024057
3957.272459 0.033024
3958.336003 0.032899
3959.399546 0.028484
3960.463090 0.033626
3961.526633 0.028286
3962.590177 0.039916
3963.653720 0.029118
3964.717264 0.023289
3965.780808 0.024206
3966.844351 0.015676
3967.907895 0.025522
3968.971438 0.028166
3970.034982 0.013693
3971.098525 -0.002399
3972.162069 -0.002829
3973.225612 0.014815
3974.289156 0.000765
3975.352699 0.029061
3976.416243 0.044678
3977.479786 0.020200
3978.543330 0.035642
3979.606873 0.018536
3980.670417 0.012105
3981.733960 0.022240
3982.797504 0.034671
3983.861047 0.035004
3984.924591 0.038704
3985.988134 0.038567
3987.051678 0.019868
3988.115221 0.018188
3989.178765 0.032917
3990.242309 0.036055
3991.305852 0.027899
3992.369396 0.025424
3993.432939 0.019743
3994.496483 0.025851
3995.560026 0.007162
3996.623570 0.020178
3997.687113 0.032495
3998.750657 0.036085
3999.814200 0.028139
4000.877744 0.050243
4001.941287 0.034048
4003.004831 0.026452
4004.068374 0.035739
4005.131918 0.039675
4006.195461 0.029025
4007.259005 0.041283
4008.322548 0.026186
4009.386092 0.018684
4010.449635 0.038120
4011.513179 0.028393
4012.576722 0.035582
4013.640266 0.040985
4014.703810 0.034020
4015.767353 0.041415
4016.830897 0.032956
4017.894440 0.022797
4018.957984 0.029752
4020.021527 0.027839
4021.085071 0.023778
4022.148614 0.027639
4023.212158 0.036944
4024.275701 0.048543
4025.339245 0.039185
4026.402788 0.033779
4027.466332 0.026102
4028.529875 0.034037
4029.593419 0.042572
4030.656962 0.030956
4031.720506 0.025315
4032.784049 0.033095
4033.847593 0.022230
4034.911136 0.014514
4035.974680 0.037617
4037.038223 0.048179
4038.101767 0.025001
4039.165311 0.034203
4040.228854 0.036732
4041.292398 0.038558
4042.355941 0.037113
4043.419485 0.041677
4044.483028 0.018523
4045.546572 0.029843
4046.610115 0.041320
4047.673659 0.045449
4048.737202 0.029301
4049.800746 0.032511
4050.864289 0.031835
4051.927833 0.030297
4052.991376 0.023172
4054.054920 0.034351
4055.118463 0.028651
4056.182007 0.025058
4057.245550 0.033811
4058.309094 0.018034
4059.372637 0.033402
4060.436181 0.038808
4061.499725 0.038748
4062.563268 0.029337
4063.626812 0.031434
4064.690355 0.004219
4065.753899 0.028631
4066.817442 0.012411
4067.880986 0.022552
4068.944529 0.041201
4070.008073 0.046964
4071.071616 0.039332
4072.135160 0.051058
4073.198703 0.036109
4074.262247 0.033484
4075.325790 0.037728
4076.389334 0.041899
4077.452877 0.024693
4078.516421 0.024805
4079.579964 0.033411
4080.643508 0.034758
4081.707051 0.029878
4082.770595 0.047829
4083.834138 0.038801
4084.897682 0.030838
4085.961226 0.037506
4087.024769 0.037587
4088.088313 0.040854
4089.151856 0.036826
4090.215400 0.033311
4091.278943 0.042715
4092.342487 0.059939
4093.406030 0.027108
4094.469574 0.026114
4095.533117 0.031221
4096.596661 0.016919
4097.660204 0.028035
4098.723748 0.036363
4099.787291 0.025521
4100.850835 0.023171
4101.914378 0.024333
4102.977922 0.031829
4104.041465 0.031229
4105.105009 0.019102
4106.168552 0.024762
4107.232096 0.024745
4108.295639 0.036929
4109.359183 0.044964
4110.422727 0.050138
4111.486270 0.022998
4112.549814 0.020545
4113.613357 0.047321
4114.676901 0.048801
4115.740444 0.038523
4116.803988 0.024086
4117.867531 0.022051
4118.931075 0.032337
4119.994618 0.041030
4121.058162 0.034098
4122.121705 0.037760
4123.185249 0.037194
4124.248792 0.027256
4125.312336 0.034415
4126.375879 0.037668
4127.439423 0.027587
4128.502966 0.046930
4129.566510 0.040546
4130.630053 0.031320
4131.693597 0.034679
4132.757140 0.041495
4133.820684 0.033302
4134.884228 0.037479
4135.947771 0.046530
4137.011315 0.054667
4138.074858 0.034800
4139.138402 0.029332
4140.201945 0.043646
4141.265489 0.026908
4142.329032 0.031002
4143.392576 0.026691
4144.456119 0.030032
4145.519663 0.035250
4146.583206 0.039383
4147.646750 0.044154
4148.710293 0.037123
4149.773837 0.040799
4150.837380 0.038473
4151.900924 0.039614
4152.964467 0.024996
4154.028011 0.029201
4155.091554 0.030579
4156.155098 0.026287
4157.218641 0.027120
4158.282185 0.044713
4159.345729 0.027786
4160.409272 0.025982
4161.472816 0.022946
4162.536359 0.040204
4163.599903 0.030509
4164.663446 0.029303
4165.726990 0.024127
4166.790533 0.031247
4167.854077 0.032067
4168.917620 0.046261
4169.981164 0.030901
4171.044707 0.028887
4172.108251 0.051408
4173.171794 0.041926
4174.235338 0.037337
4175.298881 0.024433
4176.362425 0.028235
4177.425968 0.036149
4178.489512 0.032522
4179.553055 0.028516
4180.616599 0.034388
4181.680142 0.039813
4182.743686 0.038775
4183.807230 0.051581
4184.870773 0.045451
4185.934317 0.038358
4186.997860 0.049288
4188.061404 0.044499
4189.124947 0.045312
4190.188491 0.028290
4191.252034 0.034406
4192.315578 0.040186
4193.379121 0.040569
4194.442665 0.029635
4195.506208 0.036933
4196.569752 0.042731
4197.633295 0.049521
4198.696839 0.037655
4199.760382 0.038866
4200.823926 0.035285
4201.887469 0.039631
4202.951013 0.032195
4204.014556 0.030004
4205.078100 0.051775
4206.141643 0.026344
4207.205187 0.038549
4208.268731 0.041618
4209.332274 0.036991
4210.395818 0.028033
4211.459361 0.040663
4212.522905 0.024922
4213.586448 0.053207
4214.649992 0.039851
4215.713535 0.049073
4216.777079 0.042805
4217.840622 0.048601
4218.904166 0.035202
4219.967709 0.030073
4221.031253 0.044519
4222.094796 0.030521
4223.158340 0.032510
4224.221883 0.041423
4225.285427 0.035574
4226.348970 0.039165
4227.412514 0.044221
4228.476057 0.031180
4229.539601 0.039901
4230.603145 0.031117
4231.666688 0.035572
4232.730232 0.037356
4233.793775 0.020680
4234.857319 0.031381
4235.920862 0.037486
4236.984406 0.042419
4238.047949 0.031705
4239.111493 0.050826
4240.175036 0.042246
4241.238580 0.052316
4242.302123 0.037743
4243.365667 0.048581
4244.429210 0.026823
4245.492754 0.042108
4246.556297 0.036872
4247.619841 0.032875
4248.683384 0.041510
4249.746928 0.042398
4250.810471 0.049142
4251.874015 0.049993
4252.937558 0.043754
4254.001102 0.029795
4255.064646 0.039739
4256.128189 0.042829
4257.191733 0.042036
4258.255276 0.035725
4259.318820 0.045580
4260.382363 0.039068
4261.445907 0.041319
4262.509450 0.038011
4263.572994 0.035068
4264.636537 0.043304
4265.700081 0.040701
4266.763624 0.034697
4267.827168 0.042414
4268.890711 0.037328
4269.954255 0.025676
4271.017798 0.037258
4272.081342 0.045912
4273.144885 0.047998
4274.208429 0.038350
4275.271972 0.040904
4276.335516 0.032088
4277.399059 0.028502
4278.462603 0.032845
4279.526147 0.029427
4280.589690 0.050648
4281.653234 0.038214
4282.716777 0.045094
4283.780321 0.051294
4284.843864 0.041675
4285.907408 0.044696
4286.970951 0.032686
4288.034495 0.039407
4289.098038 0.039489
4290.161582 0.038570
4291.225125 0.037246
4292.288669 0.045610
4293.352212 0.032291
4294.415756 0.032620
4295.479299 0.034030
4296.542843 0.024141
4297.606386 0.044970
4298.669930 0.033923
4299.733473 0.018126
4300.797017 0.029621
4301.860560 0.038357
4302.924104 0.036805
4303.987648 0.030992
4305.051191 0.033601
4306.114735 0.035943
4307.178278 0.024210
4308.241822 0.035480
4309.305365 0.035254
4310.368909 0.029325
4311.432452 0.028689
4312.495996 0.035493
4313.559539 0.037957
4314.623083 0.048153
4315.686626 0.044855
4316.750170 0.047148
4317.813713 0.033101
4318.877257 0.043124
4319.940800 0.032699
4321.004344 0.020678
4322.067887 0.043722
4323.131431 0.039602
4324.194974 0.041087
4325.258518 0.028065
4326.322061 0.024289
4327.385605 0.035514
4328.449149 0.030118
4329.512692 0.034464
4330.576236 0.036196
4331.639779 0.037323
4332.703323 0.046454
4333.766866 0.040184
4334.830410 0.042692
4335.893953 0.038041
4336.957497 0.036349
4338.021040 0.033814
4339.084584 0.044674
4340.148127 0.036269
4341.211671 0.030052
4342.275214 0.036917
4343.338758 0.038245
4344.402301 0.039153
4345.465845 0.038284
4346.529388 0.028883
4347.592932 0.033732
4348.656475 0.029561
4349.720019 0.035521
4350.783562 0.041217
4351.847106 0.016342
4352.910650 0.035678
4353.974193 0.049189
4355.037737 0.039289
4356.101280 0.037665
4357.164824 0.028774
4358.228367 0.048057
4359.291911 0.040011
4360.355454 0.037911
4361.418998 0.035104
4362.482541 0.040920
4363.546085 0.041493
4364.609628 0.039372
4365.673172 0.035086
4366.736715 0.036206
4367.800259 0.056545
4368.863802 0.042997
4369.927346 0.040037
4370.990889 0.037306
4372.054433 0.034665
4373.117976 0.038107
4374.181520 0.032300
4375.245063 0.047842
4376.308607 0.038624
4377.372151 0.047427
4378.435694 0.040403
4379.499238 0.044495
4380.562781 0.059468
4381.626325 0.049150
4382.689868 0.040186
4383.753412 0.030243
4384.816955 0.036224
4385.880499 0.040498
4386.944042 0.038465
4388.007586 0.038107
4389.071129 0.044640
4390.134673 0.027761
4391.198216 0.045121
4392.261760 0.044553
4393.325303 0.039653
4394.388847 0.048230
4395.452390 0.045907
4396.515934 0.051886
4397.579477 0.031371
4398.643021 0.027011
4399.706564 0.016983
4400.770108 0.031483
4401.833652 0.033543
4402.897195 0.038261
4403.960739 0.031209
4405.024282 0.029384
4406.087826 0.026205
4407.151369 0.033452
4408.214913 0.034623
4409.278456 0.040196
4410.342000 0.039603
4411.405543 0.049374
4412.469087 0.039547
4413.532630 0.030254
4414.596174 0.036416
4415.659717 0.059411
4416.723261 0.045190
4417.786804 0.034653
4418.850348 0.036485
4419.913891 0.039720
4420.977435 0.040351
4422.040978 0.067347
4423.104522 0.049636
4424.168066 0.036605
4425.231609 0.039494
4426.295153 0.034535
4427.358696 0.041837
4428.422240 0.044875
4429.485783 0.042462
4430.549327 0.060422
4431.612870 0.051249
4432.676414 0.039342
4433.739957 0.042429
4434.803501 0.038380
4435.867044 0.045127
4436.930588 0.033189
4437.994131 0.039415
4439.057675 0.033399
4440.121218 0.045906
4441.184762 0.051417
4442.248305 0.039199
4443.311849 0.036522
4444.375392 0.049441
4445.438936 0.048003
4446.502479 0.045150
4447.566023 0.042244
4448.629567 0.040148
4449.693110 0.047288
4450.756654 0.059743
4451.820197 0.039453
4452.883741 0.054793
4453.947284 0.055946
4455.010828 0.044354
4456.074371 0.047001
4457.137915 0.048611
4458.201458 0.045737
4459.265002 0.046426
4460.328545 0.054067
4461.392089 0.047643
4462.455632 0.037430
4463.519176 0.040231
4464.582719 0.032844
4465.646263 0.058301
4466.709806 0.054790
4467.773350 0.044796
4468.836893 0.043566
4469.900437 0.042907
4470.963980 0.044877
4472.027524 0.043289
4473.091068 0.038397
4474.154611 0.040080
4475.218155 0.051480
4476.281698 0.048328
4477.345242 0.051773
4478.408785 0.044060
4479.472329 0.048319
4480.535872 0.046638
4481.599416 0.038028
4482.662959 0.063412
4483.726503 0.048315
4484.790046 0.039833
4485.853590 0.037220
4486.917133 0.047005
4487.980677 0.035091
4489.044220 0.041347
4490.107764 0.039985
4491.171307 0.048292
4492.234851 0.045276
4493.298394 0.060708
4494.361938 0.044881
4495.425481 0.042004
4496.489025 0.047623
4497.552569 0.054092
4498.616112 0.044418
4499.679656 0.047304
4500.743199 0.045717
4501.806743 0.053272
4502.870286 0.051414
4503.933830 0.034119
4504.997373 0.047353
4506.060917 0.063968
4507.124460 0.058545
4508.188004 0.054101
4509.251547 0.045956
4510.315091 0.056582
4511.378634 0.055819
4512.442178 0.041067
4513.505721 0.042661
4514.569265 0.044270
4515.632808 0.047807
4516.696352 0.040997
4517.759895 0.041213
4518.823439 0.039795
4519.886982 0.045684
4520.950526 0.048459
4522.014070 0.043929
4523.077613 0.040079
4524.141157 0.053712
4525.204700 0.054677
4526.268244 0.041638
4527.331787 0.050387
4528.395331 0.042284
4529.458874 0.050622
4530.522418 0.059334
4531.585961 0.045425
4532.649505 0.038617
4533.713048 0.046772
4534.776592 0.052937
4535.840135 0.047809
4536.903679 0.047703
4537.967222 0.046896
4539.030766 0.055008
4540.094309 0.048782
4541.157853 0.045011
4542.221396 0.051645
4543.284940 0.045395
4544.348483 0.046734
4545.412027 0.047412
4546.475571 0.035474
4547.539114 0.044610
4548.602658 0.051680
4549.666201 0.046108
4550.729745 0.045904
4551.793288 0.042610
4552.856832 0.056779
4553.920375 0.042918
4554.983919 0.045711
4556.047462 0.040891
4557.111006 0.042254
4558.174549 0.046162
4559.238093 0.043113
4560.301636 0.041983
4561.365180 0.056206
4562.428723 0.049198
4563.492267 0.054790
4564.555810 0.044207
4565.619354 0.045363
4566.682897 0.054664
4567.746441 0.049644
4568.809984 0.054595
4569.873528 0.060048
4570.937072 0.048431
4572.000615 0.053453
4573.064159 0.042521
4574.127702 0.048375
4575.191246 0.051117
4576.254789 0.049298
4577.318333 0.047597
4578.381876 0.069516
4579.445420 0.054208
4580.508963 0.061612
4581.572507 0.054145
4582.636050 0.043112
4583.699594 0.054041
4584.763137 0.051161
4585.826681 0.053624
4586.890224 0.042355
4587.953768 0.036251
4589.017311 0.055081
4590.080855 0.053991
4591.144398 0.057402
4592.207942 0.055449
4593.271486 0.053966
4594.335029 0.047530
4595.398573 0.048223
4596.462116 0.046718
4597.525660 0.053838
4598.589203 0.057722
4599.652747 0.050856
4600.716290 0.043952
4601.779834 0.044601
4602.843377 0.044483
4603.906921 0.032182
4604.970464 0.049153
4606.034008 0.045828
4607.097551 0.040565
4608.161095 0.046298
4609.224638 0.046272
4610.288182 0.051580
4611.351725 0.048703
4612.415269 0.056515
4613.478812 0.047847
4614.542356 0.040961
4615.605899 0.053716
4616.669443 0.053154
4617.732987 0.056710
4618.796530 0.057204
4619.860074 0.049140
4620.923617 0.055633
4621.987161 0.048236
4623.050704 0.041097
4624.114248 0.047301
4625.177791 0.047310
4626.241335 0.044022
4627.304878 0.054284
4628.368422 0.062722
4629.431965 0.059056
4630.495509 0.057160
4631.559052 0.052872
4632.622596 0.051173
4633.686139 0.065402
4634.749683 0.052368
4635.813226 0.048674
4636.876770 0.077950
4637.940313 0.046240
4639.003857 0.038378
4640.067400 0.063764
4641.130944 0.086775
4642.194488 0.075303
4643.258031 0.073891
4644.321575 0.048342
4645.385118 0.056083
4646.448662 0.049982
4647.512205 0.059728
4648.575749 0.056412
4649.639292 0.044264
4650.702836 0.053528
4651.766379 0.059690
4652.829923 0.056673
4653.893466 0.058515
4654.957010 0.047710
4656.020553 0.055438
4657.084097 0.046298
4658.147640 0.057892
4659.211184 0.044258
4660.274727 0.047630
4661.338271 0.090320
4662.401814 0.052748
4663.465358 0.051210
4664.528901 0.047714
4665.592445 0.047232
4666.655989 0.074865
4667.719532 0.064903
4668.783076 0.046586
4669.846619 0.058793
4670.910163 0.059357
4671.973706 0.035729
4673.037250 0.049438
4674.100793 0.057862
4675.164337 0.053545
4676.227880 0.056513
4677.291424 0.055740
4678.354967 0.052451
4679.418511 0.052561
4680.482054 0.055125
4681.545598 0.048705
4682.609141 0.043246
4683.672685 0.046786
4684.736228 0.045959
4685.799772 0.060294
4686.863315 0.076408
4687.926859 0.037794
4688.990402 0.044149
4690.053946 0.057399
4691.117490 0.047400
4692.181033 0.040345
4693.244577 0.056879
4694.308120 0.053040
4695.371664 0.046991
4696.435207 0.065458
4697.498751 0.072011
4698.562294 0.043727
4699.625838 0.056193
4700.689381 0.055987
4701.752925 0.054049
4702.816468 0.035007
4703.880012 0.064905
4704.943555 0.071832
4706.007099 0.040350
4707.070642 0.049726
4708.134186 0.053298
4709.197729 0.053913
4710.261273 0.057145
4711.324816 0.058360
4712.388360 0.064783
4713.451903 0.058782
4714.515447 0.066426
4715.578991 0.057010
4716.642534 0.053045
4717.706078 0.052744
4718.769621 0.039751
4719.833165 0.044891
4720.896708 0.089807
4721.960252 0.079281
4723.023795 0.055695
4724.087339 0.058730
4725.150882 0.062383
4726.214426 0.057728
4727.277969 0.048628
4728.341513 0.060164
4729.405056 0.059637
4730.468600 0.045455
4731.532143 0.061503
4732.595687 0.068987
4733.659230 0.053531
4734.722774 0.053502
4735.786317 0.055393
4736.849861 0.046344
4737.913404 0.044874
4738.976948 0.047989
4740.040492 0.051370
4741.104035 0.048477
4742.167579 0.071949
4743.231122 0.063552
4744.294666 0.064134
4745.358209 0.065166
4746.421753 0.061838
4747.485296 0.053751
4748.548840 0.065215
4749.612383 0.044538
4750.675927 0.050682
4751.739470 0.071948
4752.803014 0.061172
4753.866557 0.064906
4754.930101 0.070598
4755.993644 0.068232
4757.057188 0.064642
4758.120731 0.060233
4759.184275 0.067429
4760.247818 0.066630
4761.311362 0.056455
4762.374905 0.067892
4763.438449 0.059766
4764.501993 0.050414
4765.565536 0.053609
4766.629080 0.056200
4767.692623 0.060125
4768.756167 0.056063
4769.819710 0.057092
4770.883254 0.054344
4771.946797 0.053897
4773.010341 0.061508
4774.073884 0.062771
4775.137428 0.059152
4776.200971 0.057876
4777.264515 0.058919
4778.328058 0.056692
4779.391602 0.064635
4780.455145 0.061494
4781.518689 0.064928
4782.582232 0.059901
4783.645776 0.054332
4784.709319 0.068810
4785.772863 0.047145
4786.836407 0.045577
4787.899950 0.056626
4788.963494 0.050441
4790.027037 0.051805
4791.090581 0.052238
4792.154124 0.062064
4793.217668 0.057039
4794.281211 0.074526
4795.344755 0.058215
4796.408298 0.073300
4797.471842 0.051693
4798.535385 0.059120
4799.598929 0.049579
4800.662472 0.069976
4801.726016 0.058177
4802.789559 0.059363
4803.853103 0.059077
4804.916646 0.053655
4805.980190 0.059999
4807.043733 0.056751
4808.107277 0.059169
4809.170820 0.060714
4810.234364 0.056919
4811.297908 0.071591
4812.361451 0.052874
4813.424995 0.049694
4814.488538 0.050931
4815.552082 0.066383
4816.615625 0.061242
4817.679169 0.060386
4818.742712 0.079370
4819.806256 0.074435
4820.869799 0.043775
4821.933343 0.063560
4822.996886 0.075222
4824.060430 0.077549
4825.123973 0.051918
4826.187517 0.057586
4827.251060 0.059410
4828.314604 0.066681
4829.378147 0.055916
4830.441691 0.052246
4831.505234 0.068329
4832.568778 0.069090
4833.632321 0.069936
4834.695865 0.066182
4835.759409 0.057714
4836.822952 0.053022
4837.886496 0.059570
4838.950039 0.049841
4840.013583 0.058263
4841.077126 0.066272
4842.140670 0.076243
4843.204213 0.048946
4844.267757 0.057304
4845.331300 0.064669
4846.394844 0.057071
4847.458387 0.048461
4848.521931 0.065207
4849.585474 0.056627
4850.649018 0.042575
4851.712561 0.020037
4852.776105 0.039869
4853.839648 0.052585
4854.903192 0.052486
4855.966735 0.057708
4857.030279 0.052207
4858.093822 0.056650
4859.157366 0.050988
4860.220910 0.062336
4861.284453 0.056889
4862.347997 0.060746
4863.411540 0.071344
4864.475084 0.069474
4865.538627 0.065107
4866.602171 0.071876
4867.665714 0.069031
4868.729258 0.095715
4869.792801 0.081861
4870.856345 0.069323
4871.919888 0.074608
4872.983432 0.054285
4874.046975 0.046824
4875.110519 0.080428
4876.174062 0.068732
4877.237606 0.071790
4878.301149 0.055672
4879.364693 0.061792
4880.428236 0.073065
4881.491780 0.076955
4882.555323 0.060290
4883.618867 0.052937
4884.682411 0.067586
4885.745954 0.087348
4886.809498 0.076974
4887.873041 0.071640
4888.936585 0.059394
4890.000128 0.078791
4891.063672 0.058974
4892.127215 0.062110
4893.190759 0.048029
4894.254302 0.055138
4895.317846 0.074229
4896.381389 0.061362
4897.444933 0.072636
4898.508476 0.066379
4899.572020 0.061158
4900.635563 0.070371
4901.699107 0.074790
4902.762650 0.072708
4903.826194 0.066309
4904.889737 0.069703
4905.953281 0.074219
4907.016824 0.073053
4908.080368 0.069831
4909.143912 0.056326
4910.207455 0.068663
4911.270999 0.065315
4912.334542 0.051376
4913.398086 0.059755
4914.461629 0.063298
4915.525173 0.061239
4916.588716 0.057363
4917.652260 0.070462
4918.715803 0.063573
4919.779347 0.061317
4920.842890 0.059563
4921.906434 0.057058
4922.969977 0.058809
4924.033521 0.071108
4925.097064 0.062146
4926.160608 0.056663
4927.224151 0.063203
4928.287695 0.059552
4929.351238 0.063855
4930.414782 0.068483
4931.478325 0.054261
4932.541869 0.068067
4933.605413 0.068627
4934.668956 0.079590
4935.732500 0.072975
4936.796043 0.071325
4937.859587 0.055580
4938.923130 0.048831
4939.986674 0.054917
4941.050217 0.054480
4942.113761 0.054579
4943.177304 0.071286
4944.240848 0.099200
4945.304391 0.062270
4946.367935 0.064175
4947.431478 0.073685
4948.495022 0.075344
4949.558565 0.074741
4950.622109 0.072261
4951.685652 0.053983
4952.749196 0.070964
4953.812739 0.066447
4954.876283 0.056661
4955.939827 0.072412
4957.003370 0.064217
4958.066914 0.047882
4959.130457 0.056752
4960.194001 0.063764
4961.257544 0.059982
4962.321088 0.074500
4963.384631 0.067481
4964.448175 0.050864
4965.511718 0.082068
4966.575262 0.094744
4967.638805 0.082390
4968.702349 0.074518
4969.765892 0.078780
4970.829436 0.076906
4971.892979 0.101271
4972.956523 0.063102
4974.020066 0.062737
4975.083610 0.078820
4976.147153 0.069890
4977.210697 0.055862
4978.274240 0.060606
4979.337784 0.067150
4980.401328 0.058039
4981.464871 0.068215
4982.528415 0.049463
4983.591958 0.052370
4984.655502 0.046485
4985.719045 0.069865
4986.782589 0.064644
4987.846132 0.064814
4988.909676 0.070806
4989.973219 0.050023
4991.036763 0.058559
4992.100306 0.067897
4993.163850 0.085828
4994.227393 0.060947
4995.290937 0.057194
4996.354480 0.080132
4997.418024 0.071024
4998.481567 0.064755
4999.545111 0.061923
5000.608654 0.074972
5001.672198 0.088325
5002.735741 0.064666
5003.799285 0.071730
5004.862829 0.071731
5005.926372 0.083973
5006.989916 0.070823
5008.053459 0.084048
5009.117003 0.088348
5010.180546 0.087258
5011.244090 0.095155
5012.307633 0.069816
5013.371177 0.055406
5014.434720 0.059898
5015.498264 0.066862
5016.561807 0.070067
5017.625351 0.073868
5018.688894 0.064015
5019.752438 0.056784
5020.815981 0.057950
5021.879525 0.066641
5022.943068 0.090695
5024.006612 0.072028
5025.070155 0.046410
5026.133699 0.066016
5027.197242 0.058732
5028.260786 0.060291
5029.324330 0.058923
5030.387873 0.077703
5031.451417 0.086553
5032.514960 0.089535
5033.578504 0.049054
5034.642047 0.065993
5035.705591 0.080604
5036.769134 0.050574
5037.832678 0.052515
5038.896221 0.064911
5039.959765 0.078514
5041.023308 0.045739
5042.086852 0.055672
5043.150395 0.102935
5044.213939 0.083993
5045.277482 0.052295
5046.341026 0.065355
5047.404569 0.075556
5048.468113 0.051205
5049.531656 0.071669
5050.595200 0.076526
5051.658743 0.065932
5052.722287 0.084044
5053.785831 0.062332
5054.849374 0.084429
5055.912918 0.072349
5056.976461 0.066453
5058.040005 0.072435
5059.103548 0.064720
5060.167092 0.066780
5061.230635 0.070500
5062.294179 0.067265
5063.357722 0.069499
5064.421266 0.070935
5065.484809 0.062471
5066.548353 0.060845
5067.611896 0.068498
5068.675440 0.047213
5069.738983 0.068679
5070.802527 0.094903
5071.866070 0.049654
5072.929614 0.077194
5073.993157 0.096199
5075.056701 0.096392
5076.120244 0.078391
5077.183788 0.061549
5078.247332 0.065079
5079.310875 0.081336
5080.374419 0.073796
5081.437962 0.066899
5082.501506 0.090258
5083.565049 0.079307
5084.628593 0.063879
5085.692136 0.072393
5086.755680 0.063240
5087.819223 0.085312
5088.882767 0.073972
5089.946310 0.073264
5091.009854 0.057734
5092.073397 0.081305
5093.136941 0.083192
5094.200484 0.075098
5095.264028 0.086128
5096.327571 0.066764
5097.391115 0.078537
5098.454658 0.058967
5099.518202 0.065365
5100.581745 0.080236
5101.645289 0.066682
5102.708833 0.076106
5103.772376 0.088190
5104.835920 0.056071
5105.899463 0.076740
5106.963007 0.084697
5108.026550 0.063549
5109.090094 0.083292
5110.153637 0.082077
5111.217181 0.067938
5112.280724 0.037966
5113.344268 0.047887
5114.407811 0.077355
5115.471355 0.086036
5116.534898 0.080807
5117.598442 0.074122
5118.661985 0.072981
5119.725529 0.076636
5120.789072 0.073629
5121.852616 0.070931
5122.916159 0.061122
5123.979703 0.076022
5125.043246 0.068128
5126.106790 0.057209
5127.170334 0.062410
5128.233877 0.066594
5129.297421 0.077166
5130.360964 0.081790
5131.424508 0.084206
5132.488051 0.057233
5133.551595 0.063264
5134.615138 0.063311
5135.678682 0.067248
5136.742225 0.089356
5137.805769 0.069303
5138.869312 0.077974
5139.932856 0.067773
5140.996399 0.090369
5142.059943 0.088556
5143.123486 0.109623
5144.187030 0.075990
5145.250573 0.077506
5146.314117 0.067721
5147.377660 0.068153
5148.441204 0.079652
5149.504748 0.064927
5150.568291 0.077083
5151.631835 0.067086
5152.695378 0.084088
5153.758922 0.057710
5154.822465 0.061960
5155.886009 0.057858
5156.949552 0.073073
5158.013096 0.050651
5159.076639 0.066422
5160.140183 0.083998
5161.203726 0.070789
5162.267270 0.075134
5163.330813 0.085532
5164.394357 0.077906
5165.457900 0.094019
5166.521444 0.075958
5167.584987 0.061018
5168.648531 0.058803
5169.712074 0.069287
5170.775618 0.043798
5171.839161 0.058810
5172.902705 0.061700
5173.966249 0.071847
5175.029792 0.060464
5176.093336 0.052519
5177.156879 0.065705
5178.220423 0.076789
5179.283966 0.067628
5180.347510 0.070164
5181.411053 0.084168
5182.474597 0.064594
5183.538140 0.073379
5184.601684 0.084790
5185.665227 0.071665
5186.728771 0.083992
5187.792314 0.079271
5188.855858 0.064761
5189.919401 0.071620
5190.982945 0.082916
5192.046488 0.083630
5193.110032 0.068200
5194.173575 0.068226
5195.237119 0.065806
5196.300662 0.082016
5197.364206 0.069190
5198.427750 0.074704
5199.491293 0.072159
5200.554837 0.082636
5201.618380 0.085473
5202.681924 0.080404
5203.745467 0.080149
5204.809011 0.077721
5205.872554 0.074552
5206.936098 0.085820
5207.999641 0.073581
5209.063185 0.064994
5210.126728 0.078004
5211.190272 0.086061
5212.253815 0.055789
5213.317359 0.063459
5214.380902 0.081667
5215.444446 0.075259
5216.507989 0.077200
5217.571533 0.067197
5218.635076 0.061962
5219.698620 0.085332
5220.762163 0.079480
5221.825707 0.083194
5222.889251 0.078759
5223.952794 0.073013
5225.016338 0.070525
5226.079881 0.074141
5227.143425 0.057704
5228.206968 0.072201
5229.270512 0.062900
5230.334055 0.052006
5231.397599 0.063694
5232.461142 0.080808
5233.524686 0.073066
5234.588229 0.086074
5235.651773 0.085282
5236.715316 0.077456
5237.778860 0.069473
5238.842403 0.060547
5239.905947 0.068069
5240.969490 0.075916
5242.033034 0.077466
5243.096577 0.082924
5244.160121 0.074587
5245.223664 0.057658
5246.287208 0.076515
5247.350752 0.093637
5248.414295 0.083196
5249.477839 0.082874
5250.541382 0.075226
5251.604926 0.065091
5252.668469 0.077411
5253.732013 0.071037
5254.795556 0.070645
5255.859100 0.080859
5256.922643 0.077107
5257.986187 0.070424
5259.049730 0.080024
5260.113274 0.068827
5261.176817 0.073003
5262.240361 0.084609
5263.303904 0.080339
5264.367448 0.063441
5265.430991 0.068287
5266.494535 0.074671
5267.558078 0.080130
5268.621622 0.064449
5269.685165 0.058183
5270.748709 0.059488
5271.812253 0.064644
5272.875796 0.055144
5273.939340 0.072051
5275.002883 0.075614
5276.066427 0.062852
5277.129970 0.063863
5278.193514 0.062904
5279.257057 0.071635
5280.320601 0.080353
5281.384144 0.072848
5282.447688 0.070460
5283.511231 0.078138
5284.574775 0.083758
5285.638318 0.081508
5286.701862 0.069924
5287.765405 0.070260
5288.828949 0.083300
5289.892492 0.077170
5290.956036 0.077810
5292.019579 0.080897
5293.083123 0.091612
5294.146666 0.087154
5295.210210 0.086386
5296.273754 0.078004
5297.337297 0.088162
5298.400841 0.081352
5299.464384 0.078220
5300.527928 0.074337
5301.591471 0.072752
5302.655015 0.066088
5303.718558 0.075811
5304.782102 0.106303
5305.845645 0.131835
5306.909189 0.102578
5307.972732 0.068664
5309.036276 0.039363
5310.099819 0.071338
5311.163363 0.079669
5312.226906 0.095320
5313.290450 0.071359
5314.353993 0.070664
5315.417537 0.098265
5316.481080 0.094761
5317.544624 0.102362
5318.608168 0.077524
5319.671711 0.066912
5320.735255 0.077838
5321.798798 0.084695
5322.862342 0.110107
5323.925885 0.072395
5324.989429 0.087575
5326.052972 0.084229
5327.116516 0.080182
5328.180059 0.071325
5329.243603 0.067776
5330.307146 0.074817
5331.370690 0.086895
5332.434233 0.062765
5333.497777 0.087008
5334.561320 0.092224
5335.624864 0.086580
5336.688407 0.084655
5337.751951 0.070359
5338.815494 0.081796
5339.879038 0.081204
5340.942581 0.075423
5342.006125 0.093264
5343.069669 0.075457
5344.133212 0.048484
5345.196756 0.029500
5346.260299 0.083588
5347.323843 0.119241
5348.387386 0.089819
5349.450930 0.062032
5350.514473 0.071855
5351.578017 0.105994
5352.641560 0.084323
5353.705104 0.091144
5354.768647 0.088943
5355.832191 0.089161
5356.895734 0.074362
5357.959278 0.094311
5359.022821 0.068991
5360.086365 0.111483
5361.149908 0.090254
5362.213452 0.085825
5363.276995 0.088234
5364.340539 0.089614
5365.404082 0.083094
5366.467626 0.080034
5367.531170 0.089740
5368.594713 0.097711
5369.658257 0.108695
5370.721800 0.111617
5371.785344 0.096252
5372.848887 0.077124
5373.912431 0.057813
5374.975974 0.082275
5376.039518 0.080347
5377.103061 0.072384
5378.166605 0.082264
5379.230148 0.079946
5380.293692 0.114452
5381.357235 0.135269
5382.420779 0.150711
5383.484322 0.129784
5384.547866 0.098525
5385.611409 0.091538
5386.674953 0.073589
5387.738496 0.075016
5388.802040 0.092879
5389.865583 0.131424
5390.929127 0.122008
5391.992671 0.120762
5393.056214 0.101327
5394.119758 0.105510
5395.183301 0.075577
5396.246845 0.090224
5397.310388 0.092558
5398.373932 0.088124
5399.437475 0.026128
5400.501019 0.073021
5401.564562 0.066122
5402.628106 0.108666
5403.691649 0.069825
5404.755193 0.090495
5405.818736 0.114868
5406.882280 0.089852
5407.945823 0.072508
5409.009367 0.077430
5410.072910 0.092003
5411.136454 0.069153
5412.199997 0.085449
5413.263541 0.078631
5414.327084 0.063258
5415.390628 0.071970
5416.454172 0.087846
5417.517715 0.080753
5418.581259 0.084912
5419.644802 0.074432
5420.708346 0.080775
5421.771889 0.072048
5422.835433 0.092076
5423.898976 0.094157
5424.962520 0.104986
