3105.762439 0.001315
3108.089019 0.035941
3110.415598 -0.011033
3112.742178 0.017970
3115.068758 0.033967
3117.395337 0.012090
3119.721917 0.004983
3122.048497 0.023881
3124.375077 0.013172
3126.701656 0.024112
3129.028236 0.032007
3131.354816 0.036010
3133.681396 0.044799
3136.007975 0.012626
3138.334555 0.020747
3140.661134 0.050619
3142.987714 0.031970
3145.314294 0.024574
3147.640874 0.030033
3149.967454 0.023019
3152.294033 0.052543
3154.620613 0.054668
3156.947193 0.038504
3159.273773 0.026009
3161.600352 0.017693
3163.926932 0.012968
3166.253511 0.031844
3168.580091 0.023527
3170.906671 0.021257
3173.233251 0.034843
3175.559830 0.023109
3177.886410 0.013936
3180.212990 0.039517
3182.539569 0.025291
3184.866149 0.008107
3187.192729 0.021965
3189.519309 0.054144
3191.845888 0.029039
3194.172468 0.018220
3196.499048 0.032717
3198.825628 0.034793
3201.152207 0.018614
3203.478787 0.007484
3205.805366 0.007573
3208.131946 0.023174
3210.458526 0.014330
3212.785106 0.016023
3215.111686 0.027289
3217.438265 0.033075
3219.764845 0.033617
3222.091425 0.039141
3224.418005 0.011822
3226.744584 0.016465
3229.071164 0.037418
3231.397743 0.034267
3233.724323 0.025023
3236.050903 0.031674
3238.377483 0.052675
3240.704063 0.010300
3243.030642 0.020369
3245.357222 0.033083
3247.683802 0.027996
3250.010381 0.025018
3252.336961 0.037561
3254.663541 0.018543
3256.990120 0.019709
3259.316700 0.029961
3261.643280 0.037552
3263.969860 0.052142
3266.296440 0.041835
3268.623019 0.021356
3270.949599 0.026207
3273.276178 0.030776
3275.602758 0.018949
3277.929338 0.028835
3280.255918 0.012301
3282.582497 0.021286
3284.909077 0.040318
3287.235657 0.021298
3289.562237 0.018532
3291.888816 0.035707
3294.215396 0.040691
3296.541975 0.017109
3298.868555 0.016771
3301.195135 0.034793
3303.521715 0.022697
3305.848295 0.023585
3308.174874 0.027943
3310.501454 0.016896
3312.828034 0.017985
3315.154614 0.019201
3317.481193 0.023268
3319.807773 0.014188
3322.134352 0.036739
3324.460932 0.031395
3326.787512 0.046529
3329.114092 0.013426
3331.440672 0.024471
3333.767251 0.022505
3336.093831 0.028306
3338.420410 0.034540
3340.746990 0.015987
3343.073570 0.026744
3345.400150 0.035454
3347.726729 0.011059
3350.053309 0.023791
3352.379889 0.025650
3354.706469 0.007101
3357.033049 0.018092
3359.359628 0.020289
3361.686207 0.029730
3364.012787 0.031798
3366.339367 0.029750
3368.665947 0.036816
3370.992527 0.025759
3373.319106 0.013328
3375.645686 0.031472
3377.972266 0.021770
3380.298846 0.046108
3382.625425 0.026694
3384.952005 0.019294
3387.278584 0.044175
3389.605164 0.037006
3391.931744 0.015481
3394.258324 0.016563
3396.584904 0.046152
3398.911483 0.022369
3401.238063 0.021308
3403.564643 0.028861
3405.891222 0.021353
3408.217802 0.036853
3410.544382 0.016303
3412.870961 0.034413
3415.197541 0.030473
3417.524121 0.019580
3419.850701 0.020528
3422.177281 0.027165
3424.503860 0.033135
3426.830439 0.010752
3429.157019 0.022287
3431.483599 0.033128
3433.810179 0.029602
3436.136759 0.016816
3438.463338 0.043748
3440.789918 0.024731
3443.116498 0.021323
3445.443078 0.029909
3447.769658 0.046969
3450.096237 0.015836
3452.422816 0.027454
3454.749396 0.033631
3457.075976 0.032893
3459.402556 0.050973
3461.729136 0.035816
3464.055715 0.018889
3466.382295 0.042853
3468.708875 0.036507
3471.035454 0.051596
3473.362034 0.034420
3475.688614 0.019783
3478.015193 0.019527
3480.341773 0.018235
3482.668353 0.026699
3484.994933 0.012902
3487.321513 0.025429
3489.648092 0.034823
3491.974672 0.042011
3494.301251 0.034018
3496.627831 0.014520
3498.954411 0.011319
3501.280991 0.014279
3503.607570 0.031058
3505.934150 0.012654
3508.260730 0.057221
3510.587310 0.022961
3512.913890 0.007212
3515.240469 0.010270
3517.567048 0.016961
3519.893628 0.022854
3522.220208 0.021997
3524.546788 0.022886
3526.873368 0.031761
3529.199947 0.032718
3531.526527 0.029736
3533.853107 0.026308
3536.179687 0.026542
3538.506266 0.037023
3540.832846 0.021725
3543.159425 0.028401
3545.486005 0.044464
3547.812585 0.019369
3550.139165 0.010333
3552.465745 0.027920
3554.792324 0.025233
3557.118904 0.026909
3559.445483 0.046781
3561.772063 0.045768
3564.098643 0.041351
3566.425223 0.022987
3568.751802 0.036491
3571.078382 0.030114
3573.404962 0.011586
3575.731542 0.025379
3578.058122 0.027942
3580.384701 0.015179
3582.711280 0.047466
3585.037860 0.043058
3587.364440 0.028809
3589.691020 0.021246
3592.017600 0.024017
3594.344179 0.016003
3596.670759 0.028216
3598.997339 0.038929
3601.323919 0.027305
3603.650499 0.027235
3605.977078 0.030446
3608.303657 0.038788
3610.630237 0.043310
3612.956817 0.034874
3615.283397 0.024094
3617.609977 0.023730
3619.936556 0.019065
3622.263136 0.029739
3624.589716 0.055822
3626.916295 0.029824
3629.242875 0.028170
3631.569455 0.032240
3633.896034 0.031314
3636.222614 0.030106
3638.549194 0.049923
3640.875774 0.034544
3643.202354 0.018375
3645.528933 0.028444
3647.855513 0.022787
3650.182092 0.031855
3652.508672 0.041951
3654.835252 0.033467
3657.161832 0.029859
3659.488411 0.034173
3661.814991 0.019189
3664.141571 0.037389
3666.468151 0.017211
3668.794731 0.032944
3671.121310 0.025664
3673.447889 0.031387
3675.774469 0.025977
3678.101049 0.007818
3680.427629 0.021949
3682.754209 0.029364
3685.080788 0.020658
3687.407368 0.017975
3689.733948 0.027014
3692.060528 0.026330
3694.387107 0.025349
3696.713687 0.031807
3699.040266 0.052045
3701.366846 0.032976
3703.693426 0.034458
3706.020006 0.031359
3708.346586 0.021174
3710.673165 0.031688
3712.999745 0.040410
3715.326324 0.024126
3717.652904 0.038930
3719.979484 0.045646
3722.306064 0.036078
3724.632643 0.082208
3726.959223 0.153986
3729.285803 0.157296
3731.612383 0.089306
3733.938963 0.041812
3736.265542 0.027793
3738.592121 0.012663
3740.918701 0.029464
3743.245281 0.037686
3745.571861 0.034539
3747.898441 0.028624
3750.225020 0.022147
3752.551600 0.018716
3754.878180 0.034924
3757.204760 0.038002
3759.531339 0.024749
3761.857919 0.020573
3764.184498 0.036992
3766.511078 0.042611
3768.837658 0.027675
3771.164238 0.029173
3773.490818 0.033003
3775.817397 0.026907
3778.143977 0.034087
3780.470557 0.038694
3782.797136 0.040174
3785.123716 0.055641
3787.450296 0.049260
3789.776875 0.044330
3792.103455 0.035816
3794.430035 0.017107
3796.756615 0.034041
3799.083195 0.039348
3801.409774 0.018771
3803.736354 0.040906
3806.062933 0.018078
3808.389513 0.032426
3810.716093 0.036102
3813.042673 0.030843
3815.369252 0.032598
3817.695832 0.042607
3820.022412 0.040207
3822.348992 0.038841
3824.675572 0.022507
3827.002151 0.027410
3829.328730 0.041477
3831.655310 0.040143
3833.981890 0.032867
3836.308470 0.049207
3838.635050 0.035740
3840.961629 0.029205
3843.288209 0.024530
3845.614789 0.031056
3847.941368 0.034863
3850.267948 0.042321
3852.594528 0.024374
3854.921107 0.022838
3868.880586 0.030640
3871.207165 0.045272
3873.533745 0.048253
3875.860325 0.033769
3878.186905 0.030125
3880.513484 0.057409
3882.840064 0.061227
3885.166644 0.021237
3887.493224 0.031087
3889.819804 0.050209
3892.146383 0.047693
3894.472963 0.021231
3896.799542 0.031082
3899.126122 0.039253
3901.452702 0.035784
3903.779282 0.036007
3906.105861 0.049090
3908.432441 0.034988
3910.759021 0.053716
3913.085601 0.055436
3915.412180 0.040845
3917.738760 0.047537
3920.065340 0.025872
3922.391919 0.026380
3924.718499 0.042057
3927.045079 0.047986
3929.371659 0.047262
3931.698238 0.042088
3934.024818 0.021674
3936.351398 0.025022
3938.677977 0.034886
3941.004557 0.028610
3943.331137 0.031977
3945.657716 0.029242
3947.984296 0.042154
3950.310876 0.032487
3952.637456 0.027525
3954.964036 0.042193
3957.290615 0.044172
3959.617195 0.038518
3961.943774 0.023391
3964.270354 0.011175
3966.596934 0.036379
3968.923514 0.025960
3971.250093 0.039741
3973.576673 0.014142
3975.903253 0.044859
3978.229833 0.044575
3980.556413 0.037313
3982.882992 0.027881
3985.209572 0.028478
3987.536151 0.056317
3989.862731 0.057934
3992.189311 0.048145
3994.515891 0.055979
3996.842470 0.053844
3999.169050 0.043657
4001.495630 0.051919
4003.822209 0.043140
4006.148789 0.053517
4008.475369 0.043949
4010.801949 0.044061
4013.128528 0.035080
4015.455108 0.042563
4017.781688 0.052527
4020.108268 0.043085
4022.434847 0.050908
4024.761427 0.055030
4027.088006 0.055730
4029.414586 0.041851
4031.741166 0.021866
4034.067746 0.028805
4036.394325 0.038580
4038.720905 0.040601
4041.047485 0.029482
4043.374065 0.039078
4045.700645 0.061320
4048.027224 0.046407
4050.353804 0.049146
4052.680383 0.042852
4055.006963 0.046275
4057.333543 0.060857
4059.660123 0.033158
4061.986702 0.035428
4064.313282 0.051828
4066.639862 0.032471
4068.966442 0.040831
4071.293021 0.034202
4073.619601 0.034442
4075.946181 0.022077
4078.272760 0.056588
4080.599340 0.073876
4082.925920 0.034234
4085.252500 0.042664
4087.579079 0.038928
4089.905659 0.065527
4092.232238 0.068661
4094.558818 0.047715
4096.885398 0.022455
4099.211978 0.023880
4101.538558 0.058125
4103.865137 0.038484
4106.191717 0.039494
4108.518297 0.045011
4110.844877 0.038052
4113.171456 0.045161
4115.498036 0.044610
4117.824615 0.042590
4120.151195 0.029166
4122.477775 0.060005
4124.804355 0.047856
4127.130935 0.045020
4129.457514 0.049251
4131.784094 0.036741
4134.110674 0.045178
4136.437253 0.044256
4138.763833 0.054124
4141.090413 0.034684
4143.416992 0.037949
4145.743572 0.042148
4148.070152 0.040950
4150.396732 0.038459
4152.723311 0.040879
4155.049891 0.054730
4157.376471 0.075090
4159.703050 0.049065
4162.029630 0.046603
4164.356210 0.040137
4166.682790 0.054846
4169.009369 0.046523
4171.335949 0.039941
4173.662529 0.044389
4175.989109 0.060353
4178.315688 0.068340
4180.642268 0.051855
4182.968847 0.027189
4185.295427 0.037014
4187.622007 0.039705
4189.948587 0.045818
4192.275167 0.038463
4194.601746 0.049342
4196.928326 0.028012
4199.254906 0.043314
4201.581486 0.027512
4203.908065 0.042399
4206.234645 0.051387
4208.561224 0.047722
4210.887804 0.067071
4213.214384 0.039527
4215.540964 0.036868
4217.867544 0.046846
4220.194123 0.055412
4222.520703 0.046237
4224.847282 0.069856
4227.173862 0.062167
4229.500442 0.039786
4231.827022 0.050271
4234.153601 0.056670
4236.480181 0.038232
4238.806761 0.049933
4241.133341 0.047736
4243.459921 0.039589
4245.786500 0.046510
4248.113079 0.029762
4250.439659 0.044774
4252.766239 0.036039
4255.092819 0.048444
4257.419399 0.044204
4259.745978 0.046920
4262.072558 0.030149
4264.399138 0.054864
4266.725718 0.045896
4269.052297 0.028357
4271.378877 0.057332
4273.705456 0.054602
4276.032036 0.053877
4278.358616 0.031059
4280.685196 0.039134
4283.011776 0.060350
4285.338355 0.061614
4287.664935 0.053838
4289.991515 0.051254
4292.318094 0.039741
4294.644674 0.039625
4296.971254 0.036815
4299.297833 0.038312
4301.624413 0.015591
4303.950993 0.043835
4306.277573 0.043337
4308.604153 0.046982
4310.930732 0.036255
4313.257312 0.025755
4315.583891 0.060210
4317.910471 0.041976
4320.237051 0.054021
4322.563631 0.055139
4324.890210 0.016342
4327.216790 0.045701
4329.543370 0.056431
4331.869950 0.028518
4334.196530 0.049194
4336.523109 0.058529
4338.849688 0.061719
4341.176268 0.063597
4343.502848 0.062814
4345.829428 0.007059
4348.156008 0.033411
4350.482587 0.053026
4352.809167 0.038659
4355.135747 0.052171
4357.462327 0.064565
4359.788906 0.067854
4362.115486 0.087893
4364.442065 0.039513
4366.768645 0.049473
4369.095225 0.048883
4371.421805 0.034255
4373.748385 0.037305
4376.074964 0.056696
4378.401544 0.047666
4380.728123 0.029989
4383.054703 0.048468
4385.381283 0.026481
4387.707863 0.027358
4390.034442 0.042786
4392.361022 0.047884
4394.687602 0.046476
4397.014182 0.049193
4399.340762 0.053452
4401.667341 0.064001
4403.993920 0.033676
4406.320500 0.038298
4408.647080 0.058434
4410.973660 0.052164
4413.300240 0.053796
4415.626819 0.043862
4417.953399 0.023457
4420.279979 0.027972
4422.606559 0.036823
4424.933138 0.040514
4427.259718 0.026477
4429.586297 0.053603
4431.912877 0.042163
4434.239457 0.047786
4436.566037 0.042835
4438.892617 0.040571
4441.219196 0.056418
4443.545776 0.039508
4445.872356 0.035247
4448.198935 0.038967
4450.525515 0.056328
4452.852095 0.050880
4455.178674 0.058202
4457.505254 0.048819
4459.831834 0.048297
4462.158414 0.058769
4464.484994 0.045854
4466.811573 0.048193
4469.138152 0.033287
4471.464732 0.052767
4473.791312 0.079650
4476.117892 0.046663
4478.444472 0.052096
4480.771051 0.059436
4483.097631 0.039797
4485.424211 0.042918
4487.750791 0.038684
4490.077371 0.035090
4492.403950 0.040437
4494.730529 0.051594
4497.057109 0.060157
4499.383689 0.042844
4501.710269 0.046025
4504.036849 0.043004
4506.363428 0.057270
4508.690008 0.042188
4511.016588 0.043530
4513.343167 0.049124
4515.669747 0.046740
4517.996327 0.051409
4520.322906 0.057132
4522.649486 0.036568
4524.976066 0.054812
4527.302646 0.048570
4529.629226 0.049337
4531.955805 0.056432
4534.282385 0.035389
4536.608964 0.038706
4538.935544 0.038012
4541.262124 0.034792
4543.588704 0.046182
4545.915283 0.043232
4548.241863 0.038501
4550.568443 0.039556
4552.895023 0.049216
4555.221603 0.060031
4557.548182 0.041979
4559.874761 0.043455
4562.201341 0.051502
4564.527921 0.043164
4566.854501 0.049702
4569.181081 0.050843
4571.507660 0.046190
4573.834240 0.041445
4576.160820 0.051848
4578.487400 0.057513
4580.813979 0.045789
4583.140559 0.041761
4585.467138 0.039601
4587.793718 0.053189
4590.120298 0.040957
4592.446878 0.042695
4594.773458 0.048320
4597.100037 0.056534
4599.426617 0.059777
4601.753197 0.043595
4604.079776 0.037945
4606.406356 0.047060
4608.732936 0.051922
4611.059515 0.048532
4613.386095 0.028846
4615.712675 0.040559
4618.039255 0.058942
4620.365835 0.044561
4622.692414 0.038033
4625.018993 0.050551
4627.345573 0.048937
4629.672153 0.045434
4631.998733 0.049101
4634.325313 0.045343
4636.651892 0.037619
4638.978472 0.036997
4641.305052 0.040870
4643.631632 0.033453
4645.958212 0.065797
4648.284791 0.045908
4650.611370 0.031903
4652.937950 0.048751
4655.264530 0.058019
4657.591110 0.052117
4659.917690 0.046925
4662.244269 0.050582
4664.570849 0.045506
4666.897429 0.046247
4669.224008 0.038822
4671.550588 0.042074
4673.877168 0.053966
4676.203747 0.046854
4678.530327 0.049524
4680.856907 0.060600
4683.183487 0.050194
4685.510067 0.058859
4687.836646 0.050845
4690.163226 0.048167
4692.489805 0.049775
4694.816385 0.041676
4697.142965 0.047511
4699.469545 0.047700
4701.796124 0.045401
4704.122704 0.037972
4706.449284 0.042478
4708.775864 0.050807
4711.102444 0.047713
4713.429023 0.047590
4715.755602 0.045238
4718.082182 0.044312
4720.408762 0.045870
4722.735342 0.055737
4725.061922 0.060743
4727.388501 0.035601
4729.715081 0.050807
4732.041661 0.049552
4734.368241 0.028102
4736.694820 0.052591
4739.021400 0.067525
4741.347979 0.044684
4743.674559 0.042546
4746.001139 0.055530
4748.327719 0.068446
4750.654299 0.058353
4752.980878 0.061988
4755.307458 0.061556
4757.634037 0.033903
4759.960617 0.031151
4762.287197 0.042874
4764.613777 0.039050
4766.940356 0.035636
4769.266936 0.028874
4771.593516 0.049107
4773.920096 0.044641
4776.246676 0.044804
4778.573255 0.036601
4780.899835 0.052387
4783.226414 0.054525
4785.552994 0.054929
4787.879574 0.039463
4790.206154 0.024042
4792.532733 0.034973
4794.859313 0.014756
4797.185893 0.046766
4799.512473 0.034579
4801.839052 0.037369
4804.165632 0.038267
4806.492211 0.031039
4808.818791 0.028457
4811.145371 0.032499
4813.471951 0.041405
4815.798531 0.059556
4818.125110 0.044641
4820.451690 0.040534
4822.778270 0.045152
4825.104849 0.069725
4827.431429 0.054638
4829.758009 0.067371
4832.084588 0.047175
4834.411168 0.059597
4836.737748 0.046510
4839.064328 0.038758
4841.390908 0.048036
4843.717487 0.051955
4846.044067 0.039008
4848.370646 0.033832
4850.697226 0.041860
4853.023806 0.032113
4855.350386 0.031739
4857.676965 0.049801
4860.003545 0.077354
4862.330125 0.119043
4864.656705 0.073852
4866.983285 0.042733
4869.309864 0.048859
4871.636444 0.050656
4873.963023 0.035801
4876.289603 0.035955
4878.616183 0.035167
4880.942763 0.052792
4883.269342 0.055000
4885.595922 0.034174
4887.922502 0.037809
4890.249081 0.044019
4892.575661 0.060089
4894.902241 0.039009
4897.228821 0.062434
4899.555400 0.051743
4901.881980 0.039815
4904.208560 0.036660
4906.535140 0.038391
4908.861719 0.052928
4911.188299 0.048905
4913.514878 0.032001
4915.841458 0.051441
4918.168038 0.051973
4920.494618 0.053940
4922.821197 0.054684
4925.147777 0.038247
4927.474357 0.033255
4929.800937 0.036796
4932.127517 0.050463
4934.454096 0.060023
4936.780676 0.050454
4939.107255 0.037930
4941.433835 0.059530
4943.760415 0.058976
4946.086995 0.055807
4948.413574 0.031232
4950.740154 0.035461
4953.066734 0.047215
4955.393314 0.059552
4957.719893 0.053760
4960.046473 0.060969
4962.373053 0.053647
4964.699632 0.037385
4967.026212 0.055449
4969.352792 0.046567
4971.679372 0.046468
4974.005951 0.056284
4976.332531 0.040398
4978.659111 0.046875
4980.985690 0.051956
4983.312270 0.041406
4985.638850 0.051649
4987.965430 0.033602
4990.292009 0.021878
4992.618589 0.055719
4994.945169 0.059842
4997.271749 0.041905
4999.598328 0.046392
5001.924908 0.051768
5004.251487 0.070197
5006.578067 0.104435
5008.904647 0.065852
5011.231227 0.022244
5013.557807 0.054997
5015.884386 0.069600
5018.210966 0.033427
5020.537546 0.044455
5022.864126 0.015196
5025.190705 0.028672
5027.517285 0.054881
5029.843864 0.056711
5032.170444 0.042643
5034.497024 0.025651
5036.823604 0.071013
5039.150183 0.053865
5041.476763 0.030310
5043.803343 0.036296
5046.129922 0.051120
5048.456502 0.047040
5050.783082 0.056755
5053.109662 0.055298
5055.436241 0.047827
5057.762821 0.053808
5060.089401 0.005470
5062.415981 0.046209
5064.742560 0.050905
5067.069140 0.045832
5069.395719 0.048035
5071.722299 0.048025
5074.048879 0.044163
5076.375459 0.063277
5078.702039 0.057049
5081.028618 0.035376
5083.355198 0.055254
5085.681778 0.043101
5088.008358 0.035826
5090.334937 0.047461
5092.661517 0.034341
5094.988096 0.041954
5097.314676 0.029350
5099.641256 0.035406
5101.967836 0.036728
5104.294416 0.037982
5106.620995 0.061991
5108.947575 0.045634
5111.274155 0.030683
5113.600734 0.038108
5115.927314 0.046415
5118.253894 0.069887
5120.580473 0.049163
5122.907053 0.000822
5125.233633 0.027713
5127.560213 0.064093
5129.886793 0.048211
5132.213372 0.056725
5134.539951 0.044541
5136.866531 0.049406
5139.193111 0.051643
5141.519691 0.056049
5143.846271 0.053050
5146.172850 0.044135
5148.499430 0.057964
5150.826010 0.069327
5153.152590 0.050079
5155.479169 0.056474
5157.805749 0.050511
5160.132328 0.047347
5162.458908 0.056221
5164.785488 0.036021
5167.112068 0.038952
5169.438648 0.052884
5171.765227 0.070118
5174.091807 0.035173
5176.418387 0.067625
5178.744966 0.037747
5181.071546 0.056514
5183.398126 0.007895
5185.724705 0.039001
5188.051285 0.041602
5190.377865 0.019484
5192.704445 0.042812
5195.031025 0.025367
5197.357604 0.033220
5199.684184 0.053373
5202.010763 0.045919
5204.337343 0.021395
5206.663923 0.033828
5208.990503 0.068729
5211.317082 0.038365
5213.643662 0.036254
5215.970242 0.058156
5218.296822 0.034273
5220.623402 0.031466
5222.949981 0.057231
5225.276560 0.036498
5227.603140 0.037723
5229.929720 0.038531
5232.256300 0.036896
5234.582880 0.031896
5236.909459 0.049662
5239.236039 0.054764
5241.562619 0.046044
5243.889199 0.037899
5246.215778 0.029159
5248.542358 0.032188
5250.868937 0.050967
5253.195517 0.052823
5255.522097 0.042370
5257.848677 0.041138
5260.175257 0.047136
5262.501836 0.008963
5264.828416 0.046982
5267.154995 0.006829
5269.481575 0.025518
5271.808155 0.052667
5274.134735 0.037676
5276.461314 0.064569
5278.787894 0.040175
5281.114474 0.039563
5283.441054 0.066506
5285.767634 0.033204
5288.094213 0.031521
5290.420792 0.041441
5292.747372 0.061627
5295.073952 0.062983
5297.400532 0.029945
5299.727112 0.025833
5302.053691 0.060441
5304.380271 0.073574
5306.706851 0.060862
5309.033431 0.053721
5311.360011 0.043079
5313.686590 0.044401
5316.013169 0.059043
5318.339749 0.048773
5320.666329 0.045717
5322.992909 0.044622
5325.319489 0.027939
5327.646068 0.040381
5329.972648 0.028508
5332.299228 0.039377
5334.625807 0.036386
5336.952387 0.049026
5339.278967 0.032494
5341.605546 0.033127
5343.932126 0.027958
5346.258706 0.060005
5348.585286 0.079308
5350.911866 0.041639
5353.238445 0.070208
5355.565025 0.074691
5357.891604 0.054125
5360.218184 0.029517
5362.544764 0.023002
5364.871344 0.017092
5367.197923 0.015099
5369.524503 0.020931
5371.851083 0.026600
5374.177663 0.026629
5376.504243 0.066734
5378.830822 0.059868
5381.157401 0.068853
5383.483981 0.018696
5385.810561 0.034757
5388.137141 0.029550
5390.463721 0.027127
5392.790300 0.032472
5395.116880 0.024465
5397.443460 0.023976
5399.770040 0.055886
5402.096619 0.033604
5404.423199 0.051042
5406.749778 0.042509
5409.076358 0.058241
5411.402938 0.006403
5413.729518 0.040492
5416.056098 0.077215
5418.382677 0.006922
5420.709257 0.058785
5423.035836 0.059132
5425.362416 0.035642
5427.688996 0.053899
5430.015576 0.051892
5432.342155 0.019570
5434.668735 0.032305
5436.995315 0.036486
5439.321895 0.065119
5441.648475 0.006267
5443.975054 -0.001639
5446.301633 0.005448
5448.628213 0.031252
5450.954793 0.029942
5453.281373 0.004134
5455.607953 0.003281
5457.934532 -0.016646
5460.261112 0.010811
5462.587692 0.012932
5464.914272 -0.004079
5467.240851 -0.002451
5469.567431 0.028879
5471.894010 0.017017
5474.220590 0.027064
5476.547170 -0.033115
5478.873750 -0.046943
5481.200330 -0.078802
5483.526909 -0.030805
5485.853489 -0.006859
5488.180069 -0.019984
5490.506648 0.010165
5492.833228 -0.010982
5495.159808 -0.013301
5497.486387 0.000709
5499.812967 0.004892
5502.139547 0.003386
5504.466127 -0.006938
5506.792707 -0.016580
5509.119286 0.005544
5511.445865 -0.011761
5513.772445 -0.038414
5516.099025 -0.051478
5518.425605 -0.004775
5520.752185 -0.007993
5523.078764 -0.001032
5525.405344 -0.022671
5527.731924 -0.042583
5530.058504 -0.009784
5532.385084 -0.020865
5534.711663 -0.016400
5537.038242 -0.040576
5539.364822 -0.052592
5541.691402 -0.012362
5544.017982 -0.000503
5546.344562 -0.013264
5548.671141 -0.012390
5550.997721 -0.011281
5553.324301 -0.031026
5555.650880 -0.025245
5557.977460 -0.056007
5560.304040 -0.018612
5562.630619 -0.020212
5564.957199 -0.004083
5567.283779 0.008008
5569.610359 0.008727
5571.936939 0.001694
5574.263518 -0.005079
5576.590098 -0.014667
5578.916677 -0.010158
5581.243257 -0.026464
5583.569837 -0.032370
5585.896417 -0.013607
5588.222996 -0.005491
5590.549576 -0.005022
5592.876156 -0.005525
5595.202736 -0.001680
5597.529316 -0.020276
5599.855895 -0.014558
5602.182474 -0.010955
5604.509054 -0.007089
5606.835634 -0.005530
5609.162214 -0.012384
5611.488794 -0.008839
5613.815373 0.004740
5616.141953 -0.007162
5618.468533 -0.012341
5620.795113 -0.010685
5623.121692 -0.016297
5625.448272 -0.014973
5627.774851 -0.013594
5630.101431 -0.002137
5632.428011 -0.001177
5634.754591 -0.008942
5637.081171 -0.008958
5639.407750 -0.010768
5641.734330 -0.004214
5644.060910 0.001455
5646.387489 -0.009178
5648.714069 -0.001121
5651.040649 0.005080
5653.367228 -0.008438
5655.693808 -0.014173
5658.020388 -0.006537
5660.346968 -0.006753
5662.673548 -0.010305
5665.000127 -0.010294
5667.326707 -0.007717
5669.653286 -0.008540
5671.979866 -0.008606
5674.306446 -0.011710
5676.633026 -0.006734
5678.959605 -0.003799
5681.286185 -0.016635
5683.612765 -0.009284
5685.939345 -0.012953
5688.265925 -0.009337
5690.592504 0.005272
5692.919083 -0.002479
5695.245663 -0.005510
