3343.911281 -0.000247
3346.392103 0.039114
3348.872924 0.061807
3351.353746 0.050810
3353.834568 0.081155
3356.315389 0.058449
3358.796211 0.060986
3361.277032 0.063221
3363.757854 0.056140
3366.238676 0.046147
3368.719497 0.053915
3371.200319 0.060601
3373.681141 0.050449
3376.161962 0.052962
3378.642784 0.061843
3381.123605 0.052169
3383.604427 0.061237
3386.085249 0.064732
3388.566070 0.058587
3391.046892 0.052399
3393.527714 0.056704
3396.008535 0.056984
3398.489357 0.070733
3400.970178 0.059803
3403.451000 0.069244
3405.931822 0.046765
3408.412643 0.069472
3410.893465 0.053298
3413.374287 0.071484
3415.855108 0.079795
3418.335930 0.082399
3420.816751 0.058352
3423.297573 0.061454
3425.778395 0.067532
3428.259216 0.048086
3430.740038 0.065515
3433.220860 0.063988
3435.701681 0.058056
3438.182503 0.043111
3440.663324 0.052042
3443.144146 0.057244
3445.624968 0.030035
3448.105789 0.063684
3450.586611 0.059931
3453.067433 0.068704
3455.548254 0.086905
3458.029076 0.049364
3460.509897 0.049739
3462.990719 0.080404
3465.471541 0.037751
3467.952362 0.041714
3470.433184 0.071286
3472.914006 0.072966
3475.394827 0.078715
3477.875649 0.062233
3480.356470 0.049385
3482.837292 0.058480
3485.318114 0.058192
3487.798935 0.053924
3490.279757 0.061198
3492.760579 0.071553
3495.241400 0.053239
3497.722222 0.059708
3500.203043 0.055785
3502.683865 0.056920
3505.164687 0.067965
3507.645508 0.070288
3510.126330 0.064272
3512.607152 0.031415
3515.087973 0.052957
3517.568795 0.059031
3520.049616 0.048160
3522.530438 0.054485
3525.011260 0.042793
3527.492081 0.076859
3529.972903 0.045726
3532.453725 0.063105
3534.934546 0.066878
3537.415368 0.081633
3539.896189 0.057267
3542.377011 0.051924
3544.857833 0.076789
3547.338654 0.089576
3549.819476 0.070280
3552.300298 0.070953
3554.781119 0.083185
3557.261941 0.068177
3559.742762 0.056100
3562.223584 0.069559
3564.704406 0.068213
3567.185227 0.038133
3569.666049 0.037558
3572.146871 0.049284
3574.627692 0.047980
3577.108514 0.056692
3579.589335 0.043200
3582.070157 0.045682
3584.550979 0.062098
3587.031800 0.062344
3589.512622 0.040339
3591.993444 0.073324
3594.474265 0.065038
3596.955087 0.079627
3599.435908 0.059062
3601.916730 0.071768
3604.397552 0.057226
3606.878373 0.047897
3609.359195 0.060331
3611.840017 0.060968
3614.320838 0.059658
3616.801660 0.056073
3619.282481 0.061015
3621.763303 0.065763
3624.244125 0.050719
3626.724946 0.068121
3629.205768 0.094886
3631.686590 0.037471
3634.167411 0.072422
3636.648233 0.063565
3639.129054 0.063616
3641.609876 0.072539
3644.090698 0.065187
3646.571519 0.053996
3649.052341 0.042830
3651.533163 0.059621
3654.013984 0.058698
3656.494806 0.074164
3658.975627 0.065115
3661.456449 0.074624
3663.937271 0.079417
3666.418092 0.061757
3668.898914 0.071411
3671.379736 0.074923
3673.860557 0.069486
3676.341379 0.081839
3678.822200 0.081982
3681.303022 0.072934
3683.783844 0.048837
3686.264665 0.043750
3688.745487 0.089040
3691.226309 0.073091
3693.707130 0.073257
3696.187952 0.070280
3698.668773 0.080239
3701.149595 0.079859
3703.630417 0.083180
3706.111238 0.052354
3708.592060 0.082686
3711.072882 0.073523
3713.553703 0.089951
3716.034525 0.098552
3718.515346 0.083317
3720.996168 0.097424
3723.476990 0.114295
3725.957811 0.103347
3728.438633 0.104277
3730.919455 0.135099
3733.400276 0.102365
3735.881098 0.058905
3738.361919 0.064378
3740.842741 0.089534
3743.323563 0.066571
3745.804384 0.069079
3748.285206 0.065417
3750.766028 0.056071
3753.246849 0.068722
3755.727671 0.069255
3758.208492 0.084524
3760.689314 0.083739
3763.170136 0.092502
3765.650957 0.094617
3768.131779 0.066600
3770.612601 0.069031
3773.093422 0.104211
3775.574244 0.092991
3778.055065 0.093617
3780.535887 0.094452
3783.016709 0.107699
3785.497530 0.100212
3787.978352 0.090740
3790.459174 0.093413
3792.939995 0.090345
3795.420817 0.068357
3797.901638 0.061180
3800.382460 0.077421
3802.863282 0.079038
3805.344103 0.074966
3807.824925 0.087222
3810.305746 0.093624
3812.786568 0.097259
3815.267390 0.101840
3817.748211 0.090483
3820.229033 0.089037
3822.709855 0.069012
3825.190676 0.070079
3827.671498 0.085461
3830.152319 0.098637
3832.633141 0.088787
3835.113963 0.048914
3837.594784 0.065291
3840.075606 0.075188
3842.556428 0.070339
3845.037249 0.085450
3847.518071 0.098223
3849.998892 0.103679
3852.479714 0.090980
3854.960536 0.104791
3857.441357 0.082386
3859.922179 0.098164
3862.403001 0.099606
3864.883822 0.091778
3867.364644 0.100550
3869.845465 0.112651
3872.326287 0.097735
3874.807109 0.099744
3877.287930 0.081469
3879.768752 0.077469
3882.249574 0.084172
3884.730395 0.065939
3887.211217 0.064110
3889.692038 0.078432
3892.172860 0.083281
3894.653682 0.085540
3897.134503 0.098055
3899.615325 0.091219
3902.096147 0.099142
3904.576968 0.098507
3907.057790 0.092596
3909.538611 0.105698
3912.019433 0.113307
3914.500255 0.113265
3916.981076 0.125892
3919.461898 0.104116
3921.942720 0.093567
3924.423541 0.079349
3926.904363 0.093738
3929.385184 0.094311
3931.866006 0.040391
3934.346828 0.037268
3936.827649 0.041405
3939.308471 0.075593
3941.789293 0.090456
3944.270114 0.096236
3946.750936 0.090138
3949.231757 0.097913
3951.712579 0.080494
3954.193401 0.114295
3956.674222 0.119360
3959.155044 0.094559
3961.635866 0.076820
3964.116687 0.086225
3966.597509 0.060509
3969.078330 0.041579
3971.559152 0.057696
3974.039974 0.069280
3976.520795 0.077601
3979.001617 0.094758
3981.482439 0.113650
3983.963260 0.112576
3986.444082 0.112588
3988.924903 0.118248
3991.405725 0.140887
3993.886547 0.124671
3996.367368 0.123660
3998.848190 0.111492
4001.329012 0.129915
4003.809833 0.127739
4006.290655 0.114738
4008.771476 0.129649
4011.252298 0.140437
4013.733120 0.135811
4016.213941 0.150689
4018.694763 0.156780
4021.175585 0.151353
4023.656406 0.130839
4026.137228 0.152136
4028.618049 0.139403
4031.098871 0.127115
4033.579693 0.117974
4036.060514 0.143279
4038.541336 0.142060
4041.022158 0.152790
4043.502979 0.141368
4045.983801 0.139097
4048.464622 0.152725
4050.945444 0.142596
4053.426266 0.171812
4055.907087 0.130739
4058.387909 0.148348
4060.868731 0.119235
4063.349552 0.112417
4065.830374 0.114504
4068.311195 0.116978
4070.792017 0.127021
4073.272839 0.124447
4075.753660 0.117714
4078.234482 0.150441
4080.715304 0.127024
4083.196125 0.135930
4085.676947 0.143327
4088.157768 0.157428
4090.638590 0.134581
4093.119412 0.130531
4095.600233 0.133491
4098.081055 0.094841
4100.561877 0.085290
4103.042698 0.099947
4105.523520 0.125892
4137.774201 0.142238
4140.255023 0.139624
4142.735844 0.141361
4145.216666 0.131270
4147.697487 0.127428
4150.178309 0.146694
4152.659131 0.113753
4155.139952 0.121471
4157.620774 0.133730
4160.101596 0.131561
4162.582417 0.161491
4165.063239 0.144457
4167.544060 0.145485
4170.024882 0.136444
4172.505704 0.124354
4174.986525 0.135727
4177.467347 0.122498
4179.948169 0.122940
4182.428990 0.138938
4184.909812 0.151755
4187.390633 0.141273
4189.871455 0.137936
4192.352277 0.132927
4194.833098 0.132787
4197.313920 0.127713
4199.794742 0.127115
4202.275563 0.125295
4204.756385 0.121436
4207.237206 0.135491
4209.718028 0.126353
4212.198850 0.153220
4214.679671 0.142443
4217.160493 0.142502
4219.641315 0.135561
4222.122136 0.138540
4224.602958 0.137527
4227.083779 0.108729
4229.564601 0.133907
4232.045423 0.127727
4234.526244 0.127590
4237.007066 0.137162
4239.487888 0.136646
4241.968709 0.174799
4244.449531 0.163320
4246.930352 0.120415
4249.411174 0.137995
4251.891996 0.135421
4254.372817 0.129630
4256.853639 0.138197
4259.334461 0.130273
4261.815282 0.136486
4264.296104 0.145899
4266.776925 0.144895
4269.257747 0.150018
4271.738569 0.144720
4274.219390 0.147383
4276.700212 0.117158
4279.181034 0.131490
4281.661855 0.142665
4284.142677 0.150209
4286.623498 0.134453
4289.104320 0.151022
4291.585142 0.120900
4294.065963 0.125291
4296.546785 0.128057
4299.027607 0.118877
4301.508428 0.118108
4303.989250 0.113132
4306.470071 0.093795
4308.950893 0.132135
4311.431715 0.142673
4313.912536 0.133215
4316.393358 0.135930
4318.874180 0.138793
4321.355001 0.149414
4323.835823 0.126504
4326.316644 0.115354
4328.797466 0.144756
4331.278288 0.140020
4333.759109 0.145491
4336.239931 0.138757
4338.720753 0.126334
4341.201574 0.127652
4343.682396 0.158832
4346.163217 0.155011
4348.644039 0.155455
4351.124861 0.150120
4353.605682 0.127427
4356.086504 0.152576
4358.567326 0.134153
4361.048147 0.147367
4363.528969 0.143943
4366.009790 0.187564
4368.490612 0.154532
4370.971434 0.160028
4373.452255 0.157497
4375.933077 0.146998
4378.413899 0.159686
4380.894720 0.144973
4383.375542 0.114068
4385.856363 0.155594
4388.337185 0.128980
4390.818007 0.139518
4393.298828 0.175699
4395.779650 0.153797
4398.260472 0.153886
4400.741293 0.139654
4403.222115 0.138747
4405.702936 0.142519
4408.183758 0.143248
4410.664580 0.151330
4413.145401 0.195322
4415.626223 0.178159
4418.107044 0.184444
4420.587866 0.182287
4423.068688 0.156371
4425.549509 0.172331
4428.030331 0.170848
4430.511153 0.157663
4432.991974 0.167872
4435.472796 0.170623
4437.953617 0.161063
4440.434439 0.150938
4442.915261 0.149076
4445.396082 0.151283
4447.876904 0.171077
4450.357726 0.157264
4452.838547 0.155295
4455.319369 0.166159
4457.800190 0.172611
4460.281012 0.156998
4462.761834 0.158559
4465.242655 0.165973
4467.723477 0.152334
4470.204299 0.151929
4472.685120 0.168350
4475.165942 0.179178
4477.646763 0.159655
4480.127585 0.180001
4482.608407 0.173300
4485.089228 0.162719
4487.570050 0.188598
4490.050872 0.181890
4492.531693 0.164974
4495.012515 0.179769
4497.493336 0.176779
4499.974158 0.175779
4502.454980 0.164299
4504.935801 0.181814
4507.416623 0.195765
4509.897445 0.191003
4512.378266 0.193751
4514.859088 0.182707
4517.339909 0.182928
4519.820731 0.184869
4522.301553 0.190663
4524.782374 0.159469
4527.263196 0.145156
4529.744018 0.163694
4532.224839 0.157844
4534.705661 0.157753
4537.186482 0.153528
4539.667304 0.174332
4542.148126 0.192145
4544.628947 0.184905
4547.109769 0.155742
4549.590591 0.164270
4552.071412 0.165399
4554.552234 0.172206
4557.033055 0.180969
4559.513877 0.178021
4561.994699 0.182243
4564.475520 0.169468
4566.956342 0.159503
4569.437164 0.158807
4571.917985 0.184492
4574.398807 0.170536
4576.879628 0.188470
4579.360450 0.172831
4581.841272 0.161538
4584.322093 0.156072
4586.802915 0.169234
4589.283737 0.177575
4591.764558 0.178933
4594.245380 0.171209
4596.726201 0.175485
4599.207023 0.175667
4601.687845 0.159463
4604.168666 0.192676
4606.649488 0.200791
4609.130310 0.178841
4611.611131 0.176191
4614.091953 0.169610
4616.572774 0.189226
4619.053596 0.196543
4621.534418 0.168270
4624.015239 0.153836
4626.496061 0.185402
4628.976883 0.173787
4631.457704 0.191659
4633.938526 0.187126
4636.419347 0.163952
4638.900169 0.154905
4641.380991 0.171099
4643.861812 0.185053
4646.342634 0.160969
4648.823456 0.151737
4651.304277 0.188105
4653.785099 0.184076
4656.265920 0.155236
4658.746742 0.188107
4661.227564 0.193600
4663.708385 0.152614
4666.189207 0.137132
4668.670029 0.161094
4671.150850 0.162848
4673.631672 0.159510
4676.112493 0.171203
4678.593315 0.181188
4681.074137 0.186351
4683.554958 0.180117
4686.035780 0.184412
4688.516602 0.177450
4690.997423 0.175040
4693.478245 0.207300
4695.959066 0.173436
4698.439888 0.197813
4700.920710 0.159454
4703.401531 0.150583
4705.882353 0.172558
4708.363175 0.180472
4710.843996 0.182972
4713.324818 0.155864
4715.805639 0.178970
4718.286461 0.184055
4720.767283 0.188369
4723.248104 0.180205
4725.728926 0.184988
4728.209748 0.167914
4730.690569 0.140857
4733.171391 0.158359
4735.652212 0.180165
4738.133034 0.155924
4740.613856 0.188741
4743.094677 0.187531
4745.575499 0.167096
4748.056321 0.185560
4750.537142 0.182404
4753.017964 0.179647
4755.498785 0.176063
4757.979607 0.168737
4760.460429 0.178684
4762.941250 0.146513
4765.422072 0.173221
4767.902894 0.184865
4770.383715 0.181435
4772.864537 0.190821
4775.345358 0.209612
4777.826180 0.182068
4780.307002 0.177110
4782.787823 0.181740
4785.268645 0.156313
4787.749467 0.162275
4790.230288 0.191932
4792.711110 0.187861
4795.191931 0.194111
4797.672753 0.194762
4800.153575 0.169087
4802.634396 0.194151
4805.115218 0.185534
4807.596040 0.172014
4810.076861 0.177056
4812.557683 0.179610
4815.038504 0.194283
4817.519326 0.184158
4820.000148 0.186696
4822.480969 0.162316
4824.961791 0.195340
4827.442613 0.167538
4829.923434 0.163456
4832.404256 0.167165
4834.885077 0.176474
4837.365899 0.167484
4839.846721 0.164975
4842.327542 0.164979
4844.808364 0.175984
4847.289186 0.180420
4849.770007 0.163346
4852.250829 0.168271
4854.731650 0.170089
4857.212472 0.157718
4859.693294 0.151901
4862.174115 0.122133
4864.654937 0.144836
4867.135759 0.174348
4869.616580 0.160525
4872.097402 0.150300
4874.578223 0.168385
4877.059045 0.187749
4879.539867 0.162384
4882.020688 0.158457
4884.501510 0.171937
4886.982332 0.163290
4889.463153 0.161765
4891.943975 0.170648
4894.424796 0.179980
4896.905618 0.188588
4899.386440 0.162041
4901.867261 0.184573
4904.348083 0.172023
4906.828905 0.197489
4909.309726 0.182519
4911.790548 0.175276
4914.271369 0.168995
4916.752191 0.152373
4919.233013 0.170578
4921.713834 0.169382
4924.194656 0.171658
4926.675478 0.164403
4929.156299 0.178504
4931.637121 0.187551
4934.117942 0.173887
4936.598764 0.192203
4939.079586 0.183050
4941.560407 0.177712
4944.041229 0.186594
4946.522051 0.175827
4949.002872 0.178530
4951.483694 0.193712
4953.964515 0.183055
4956.445337 0.172249
4958.926159 0.166604
4961.406980 0.186811
4963.887802 0.188457
4966.368624 0.163229
4968.849445 0.154422
4971.330267 0.167180
4973.811088 0.191072
4976.291910 0.176157
4978.772732 0.173385
4981.253553 0.175163
4983.734375 0.161891
4986.215197 0.158463
4988.696018 0.159239
4991.176840 0.171317
4993.657661 0.182537
4996.138483 0.183358
4998.619305 0.166259
5001.100126 0.176845
5003.580948 0.183902
5006.061770 0.193380
5008.542591 0.189382
5011.023413 0.178971
5013.504234 0.191676
5015.985056 0.175815
5018.465878 0.182074
5020.946699 0.170726
5023.427521 0.164438
5025.908343 0.156593
5028.389164 0.174410
5030.869986 0.187700
5033.350807 0.179110
5035.831629 0.180974
5038.312451 0.176305
5040.793272 0.140729
5043.274094 0.184489
5045.754915 0.183234
5048.235737 0.162092
5050.716559 0.171440
5053.197380 0.176160
5055.678202 0.180350
5058.159024 0.190068
5060.639845 0.177981
5063.120667 0.188654
5065.601488 0.174762
5068.082310 0.175083
5070.563132 0.161983
5073.043953 0.126729
5075.524775 0.166165
5078.005597 0.148296
5080.486418 0.165324
5082.967240 0.144170
5085.448061 0.136757
5087.928883 0.134607
5090.409705 0.170396
5092.890526 0.179489
5095.371348 0.171096
5097.852170 0.178963
5100.332991 0.170816
5102.813813 0.180766
5105.294634 0.180599
5107.775456 0.148999
5110.256278 0.151615
5112.737099 0.187832
5115.217921 0.181568
5117.698743 0.186039
5120.179564 0.176535
5122.660386 0.156916
5125.141207 0.156000
5127.622029 0.172805
5130.102851 0.148627
5132.583672 0.167160
5135.064494 0.165772
5137.545316 0.180172
5140.026137 0.185208
5142.506959 0.174263
5144.987780 0.157151
5147.468602 0.166350
5149.949424 0.181065
5152.430245 0.173590
5154.911067 0.185507
5157.391889 0.180879
5159.872710 0.159174
5162.353532 0.160878
5164.834353 0.162996
5167.315175 0.149974
5169.795997 0.134369
5172.276818 0.161766
5174.757640 0.174378
5177.238462 0.179642
5179.719283 0.171744
5182.200105 0.155211
5184.680926 0.151109
5187.161748 0.151608
5189.642570 0.166728
5192.123391 0.173857
5194.604213 0.159077
5197.085035 0.173159
5199.565856 0.193099
5202.046678 0.167624
5204.527499 0.173441
5207.008321 0.166366
5209.489143 0.171500
5211.969964 0.152271
5214.450786 0.182529
5216.931608 0.180957
5219.412429 0.148506
5221.893251 0.162096
5224.374072 0.176075
5226.854894 0.167826
5229.335716 0.159628
5231.816537 0.163327
5234.297359 0.174542
5236.778181 0.162448
5239.259002 0.175440
5241.739824 0.187578
5244.220645 0.182376
5246.701467 0.158191
5249.182289 0.156706
5251.663110 0.193467
5254.143932 0.174909
5256.624754 0.174788
5259.105575 0.190476
5261.586397 0.174447
5264.067218 0.161879
5266.548040 0.172802
5269.028862 0.133363
5271.509683 0.159068
5273.990505 0.183892
5276.471327 0.152367
5278.952148 0.177899
5281.432970 0.182552
5283.913791 0.199862
5286.394613 0.193762
5288.875435 0.191249
5291.356256 0.183308
5293.837078 0.183943
5296.317900 0.159822
5298.798721 0.179421
5301.279543 0.190328
5303.760364 0.178928
5306.241186 0.194830
5308.722008 0.172865
5311.202829 0.185693
5313.683651 0.175111
5316.164473 0.179554
5318.645294 0.175263
5321.126116 0.195652
5323.606937 0.197705
5326.087759 0.153199
5328.568581 0.170796
5331.049402 0.166567
5333.530224 0.180664
5336.011046 0.198754
5338.491867 0.199541
5340.972689 0.165059
5343.453510 0.176052
5345.934332 0.156467
5348.415154 0.159423
5350.895975 0.182495
5353.376797 0.142933
5355.857619 0.187840
5358.338440 0.194677
5360.819262 0.197143
5363.300083 0.184596
5365.780905 0.207274
5368.261727 0.171233
5370.742548 0.174990
5373.223370 0.189004
5375.704192 0.140620
5378.185013 0.153177
5380.665835 0.174355
5383.146656 0.181541
5385.627478 0.206855
5388.108300 0.211286
5390.589121 0.154587
5393.069943 0.169002
5395.550765 0.155385
5398.031586 0.187731
5400.512408 0.165128
5402.993229 0.141777
5405.474051 0.165737
5407.954873 0.155021
5410.435694 0.190142
5412.916516 0.186592
5415.397338 0.128553
5417.878159 0.222199
5420.358981 0.200943
5422.839802 0.207924
5425.320624 0.192716
5427.801446 0.189522
5430.282267 0.175818
5432.763089 0.177558
5435.243911 0.188209
5437.724732 0.164050
5440.205554 0.189089
5442.686375 0.195329
5445.167197 0.150261
5447.648019 0.202138
5450.128840 0.187404
5452.609662 0.194189
5455.090484 0.176089
5457.571305 0.181709
5460.052127 0.186247
5462.532948 0.215898
5465.013770 0.196243
5467.494592 0.182708
5469.975413 0.161772
5472.456235 0.187532
5474.937057 0.203113
5477.417878 0.163254
5479.898700 0.193487
5482.379521 0.173087
5484.860343 0.179741
5487.341165 0.204002
5489.821986 0.196197
5492.302808 0.179776
5494.783630 0.172977
5497.264451 0.171431
5499.745273 0.168696
5502.226094 0.179850
5504.706916 0.194258
5507.187738 0.178863
5509.668559 0.184564
5512.149381 0.199979
5514.630203 0.196302
5517.111024 0.187447
5519.591846 0.178409
5522.072667 0.181232
5524.553489 0.200863
5527.034311 0.169286
5529.515132 0.168165
5531.995954 0.184315
5534.476776 0.166176
5536.957597 0.167170
5539.438419 0.172528
5541.919240 0.177229
5544.400062 0.166169
5546.880884 0.164816
5549.361705 0.179208
5551.842527 0.182366
5554.323349 0.179191
5556.804170 0.183286
5559.284992 0.167228
5561.765813 0.174297
5564.246635 0.159103
5566.727457 0.186783
5569.208278 0.178331
5571.689100 0.186769
5574.169922 0.178716
5576.650743 0.185739
5579.131565 0.185935
5581.612386 0.178510
5584.093208 0.187257
5586.574030 0.196599
5589.054851 0.178461
5591.535673 0.162433
5594.016495 0.177969
5596.497316 0.172004
5598.978138 0.177075
5601.458959 0.199915
5603.939781 0.185914
5606.420603 0.189903
5608.901424 0.180352
5611.382246 0.183222
5613.863068 0.148591
5616.343889 0.230616
5618.824711 0.210354
5621.305532 0.220514
5623.786354 0.205790
5626.267176 0.189004
5628.747997 0.196364
5631.228819 0.189683
5633.709641 0.198458
5636.190462 0.205612
5638.671284 0.200127
5641.152105 0.216311
5643.632927 0.211914
5646.113749 0.206487
5648.594570 0.200225
5651.075392 0.192997
5653.556213 0.213277
5656.037035 0.216096
5658.517857 0.186899
5660.998678 0.191776
5663.479500 0.191292
5665.960322 0.178087
5668.441143 0.159508
5670.921965 0.179315
5673.402786 0.184260
5675.883608 0.196571
5678.364430 0.193463
5680.845251 0.192164
5683.326073 0.182306
5685.806895 0.178180
5688.287716 0.161306
5690.768538 0.169598
5693.249359 0.179603
5695.730181 0.168458
5698.211003 0.179747
5700.691824 0.156931
5703.172646 0.183410
5705.653468 0.184941
5708.134289 0.210567
5710.615111 0.166750
5713.095932 0.193268
5715.576754 0.188594
5718.057576 0.214278
5720.538397 0.180541
5723.019219 0.199356
5725.500041 0.214669
5727.980862 0.152414
5730.461684 0.176004
5732.942505 0.169733
5735.423327 0.159895
5737.904149 0.179943
5740.384970 0.208092
5742.865792 0.184052
5745.346614 0.187798
5747.827435 0.202422
5750.308257 0.195287
5752.789078 0.156620
5755.269900 0.188018
5757.750722 0.177004
5760.231543 0.194831
5762.712365 0.164626
5765.193187 0.177785
5767.674008 0.194327
5770.154830 0.200933
5772.635651 0.181449
5775.116473 0.228424
5777.597295 0.189838
5780.078116 0.167754
5782.558938 0.205928
5785.039760 0.186537
5787.520581 0.170258
5790.001403 0.222118
5792.482224 0.207882
5794.963046 0.182836
5797.443868 0.181452
5799.924689 0.172836
5802.405511 0.157727
5804.886333 0.162109
5807.367154 0.169704
5809.847976 0.183208
5812.328797 0.191914
5814.809619 0.207021
5817.290441 0.207039
5819.771262 0.174911
5822.252084 0.172598
5824.732906 0.213853
5827.213727 0.211892
5829.694549 0.151726
5832.175370 0.182886
5834.656192 0.192286
5837.137014 0.170269
5839.617835 0.162348
5842.098657 0.173054
5844.579479 0.171257
5847.060300 0.169368
5849.541122 0.232939
5852.021943 0.212937
5854.502765 0.219674
5856.983587 0.160247
5859.464408 0.166154
5861.945230 0.177253
5864.426052 0.185425
5866.906873 0.181299
5869.387695 0.183126
5871.868516 0.185522
5874.349338 0.147567
5876.830160 0.191838
5879.310981 0.169784
5881.791803 0.155941
5884.272625 0.168801
5886.753446 0.191737
5889.234268 0.203227
5891.715089 0.168509
5894.195911 0.142885
5896.676733 0.194117
5899.157554 0.195382
5901.638376 0.210938
5904.119198 0.182605
5906.600019 0.149519
5909.080841 0.178153
5911.561662 0.161713
5914.042484 0.186220
5916.523306 0.204758
5919.004127 0.204408
5921.484949 0.190290
5923.965771 0.186236
5926.446592 0.163955
5928.927414 0.176124
5931.408235 0.186086
5933.889057 0.183483
5936.369879 0.181173
5938.850700 0.180522
5941.331522 0.175796
5943.812344 0.190125
5946.293165 0.178191
5948.773987 0.158966
5951.254808 0.219369
5953.735630 0.208927
5956.216452 0.148182
5958.697273 0.196193
5961.178095 0.203541
5963.658917 0.192384
5966.139738 0.191708
5968.620560 0.190211
5971.101381 0.192152
5973.582203 0.183393
5976.063025 0.195411
5978.543846 0.204434
5981.024668 0.160405
5983.505490 0.195842
5985.986311 0.194736
5988.467133 0.174591
5990.947954 0.186665
5993.428776 0.210692
5995.909598 0.185753
5998.390419 0.205559
6000.871241 0.196465
6003.352063 0.174414
6005.832884 0.163681
6008.313706 0.165797
6010.794527 0.204377
6013.275349 0.191282
6015.756171 0.185054
6018.236992 0.174336
6020.717814 0.180493
6023.198636 0.165749
6025.679457 0.181928
6028.160279 0.200962
6030.641100 0.177946
6033.121922 0.196878
6035.602744 0.185845
6038.083565 0.174722
6040.564387 0.183704
6043.045209 0.200704
6045.526030 0.174509
6048.006852 0.169132
6050.487673 0.180234
6052.968495 0.183368
6055.449317 0.196263
6057.930138 0.186371
6060.410960 0.186543
6062.891782 0.174603
6065.372603 0.187401
6067.853425 0.194477
6070.334246 0.185270
6072.815068 0.191519
6075.295890 0.187537
6077.776711 0.187470
6080.257533 0.176234
6082.738355 0.174688
6085.219176 0.184877
6087.699998 0.188667
6090.180819 0.178672
6092.661641 0.173886
6095.142463 0.180981
6097.623284 0.183968
6100.104106 0.192306
6102.584928 0.163136
6105.065749 0.143553
6107.546571 0.160546
6110.027392 0.134147
6112.508214 0.156722
6114.989036 0.213224
6117.469857 0.196855
6119.950679 0.124300
6122.431501 0.186723
6124.912322 0.220872
6127.393144 0.200986
6129.873965 0.175877
6132.354787 0.171393
6134.835609 0.151284
6137.316430 0.175033
6139.797252 0.182544
6142.278074 0.185247
6144.758895 0.198203
6147.239717 0.191713
6149.720538 0.184803
6152.201360 0.185183
6154.682182 0.148034
6157.163003 0.155837
6159.643825 0.145640
6162.124647 0.189099
6164.605468 0.199297
6167.086290 0.158317
6169.567111 0.196922
6172.047933 0.193728
6174.528755 0.189092
6177.009576 0.219521
6179.490398 0.162548
6181.971220 0.193612
6184.452041 0.184966
6186.932863 0.192008
6189.413684 0.177343
6191.894506 0.170080
6194.375328 0.147145
6196.856149 0.125627
6199.336971 0.232625
6201.817793 0.225763
6204.298614 0.167551
6206.779436 0.176484
6209.260257 0.145629
6211.741079 0.177754
6214.221901 0.211015
6216.702722 0.165871
6219.183544 0.110727
6221.664366 0.191091
6224.145187 0.174637
6226.626009 0.179313
6229.106830 0.189777
6231.587652 0.168027
6234.068474 0.168781
6236.549295 0.154846
6239.030117 0.236865
6241.510939 0.194050
6243.991760 0.145652
6246.472582 0.147164
6248.953403 0.170166
6251.434225 0.154236
6253.915047 0.171510
6256.395868 0.182992
6258.876690 0.173328
6261.357511 0.157768
6263.838333 0.155019
6266.319155 0.180931
6268.799976 0.152002
6271.280798 0.166659
6273.761620 0.156356
6276.242441 0.140178
6278.723263 0.157989
6281.204084 0.151548
6283.684906 0.214352
6286.165728 0.190688
6288.646549 0.168027
6291.127371 0.170718
6293.608193 0.175096
6296.089014 0.187161
6298.569836 0.199944
6301.050657 0.176509
6303.531479 0.177654
6306.012301 0.176533
6308.493122 0.199216
6310.973944 0.178665
6313.454766 0.193308
6315.935587 0.183557
6318.416409 0.165943
6320.897230 0.161894
6323.378052 0.195726
6325.858874 0.199362
6328.339695 0.212308
6330.820517 0.211899
6333.301339 0.180956
6335.782160 0.167437
6338.262982 0.153760
6340.743803 0.177961
6343.224625 0.168185
6345.705447 0.176572
6348.186268 0.180386
6350.667090 0.199091
6353.147912 0.194425
6355.628733 0.156402
6358.109555 0.179194
6360.590376 0.162073
6363.071198 0.161954
6365.552020 0.173821
6368.032841 0.167309
6370.513663 0.196769
6372.994485 0.193909
6375.475306 0.202143
6377.956128 0.213903
6380.436949 0.210414
6382.917771 0.135876
6385.398593 0.165666
6387.879414 0.178957
6390.360236 0.199313
6392.841058 0.207489
6395.321879 0.184922
6397.802701 0.198086
6400.283522 0.242991
6402.764344 0.186605
6405.245166 0.179597
6407.725987 0.203646
6410.206809 0.217249
6412.687631 0.215145
6415.168452 0.194438
6417.649274 0.160637
6420.130095 0.154958
6422.610917 0.173786
6425.091739 0.170424
6427.572560 0.193058
6430.053382 0.195658
6432.534204 0.151192
6435.015025 0.176787
6437.495847 0.181957
6439.976668 0.174617
6442.457490 0.163917
6444.938312 0.176713
6447.419133 0.175437
6449.899955 0.167328
6452.380777 0.195739
6454.861598 0.217948
6457.342420 0.196021
6459.823241 0.180164
6462.304063 0.168207
6464.784885 0.160827
6467.265706 0.097931
6469.746528 0.153045
6472.227350 0.222544
6474.708171 0.117927
6477.188993 0.150944
6479.669814 0.185115
6482.150636 0.255541
6484.631458 0.211238
6487.112279 0.186085
6489.593101 0.164345
6492.073923 0.219028
6494.554744 0.194555
6497.035566 0.171367
6499.516387 0.197857
6501.997209 0.175284
6504.478031 0.200366
6506.958852 0.184315
6509.439674 0.169187
6511.920496 0.118002
6514.401317 0.166714
6516.882139 0.120413
6519.362960 0.167082
6521.843782 0.168176
6524.324604 0.230493
6526.805425 0.192528
6529.286247 0.233215
6531.767069 0.176404
6534.247890 0.157225
6536.728712 0.180713
6539.209533 0.196189
6541.690355 0.178200
6544.171177 0.216656
6546.651998 0.204772
6549.132820 0.193601
6551.613642 0.200502
6554.094463 0.190039
6556.575285 0.168705
6559.056106 0.186220
6561.536928 0.223172
6564.017750 0.225458
6566.498571 0.181558
6568.979393 0.201000
6571.460215 0.171302
6573.941036 0.180946
6576.421858 0.211219
6578.902679 0.165637
6581.383501 0.173803
6583.864323 0.106144
6586.345144 0.227398
6588.825966 0.289732
6591.306788 0.244877
6593.787609 0.231241
6596.268431 0.197651
6598.749252 0.204232
6601.230074 0.207055
6603.710896 0.233928
6606.191717 0.206649
6608.672539 0.122580
6611.153361 0.145050
6613.634182 0.163433
6616.115004 0.166892
6618.595825 0.184376
6621.076647 0.235024
6623.557469 0.228632
6626.038290 0.187118
6628.519112 0.199726
6630.999934 0.182314
6633.480755 0.152355
6635.961577 0.182811
6638.442398 0.215174
6640.923220 0.169746
6643.404042 0.234931
6645.884863 0.213624
6648.365685 0.179682
6650.846507 0.197096
6653.327328 0.160540
6655.808150 0.183268
6658.288971 0.175092
6660.769793 0.186418
6663.250615 0.195403
6665.731436 0.164353
6668.212258 0.153895
6670.693080 0.203227
6673.173901 0.189109
6675.654723 0.113881
6678.135544 0.129133
6680.616366 0.173004
6683.097188 0.157993
6685.578009 0.196345
6688.058831 0.237134
6690.539653 0.200457
6693.020474 0.199841
6695.501296 0.141174
6697.982117 0.158455
6700.462939 0.218401
6702.943761 0.187710
6705.424582 0.192177
6707.905404 0.185701
6710.386226 0.150164
6712.867047 0.187020
6715.347869 0.243885
6717.828690 0.223880
6720.309512 0.215755
6722.790334 0.223388
6725.271155 0.163966
6727.751977 0.193024
6730.232799 0.195688
6732.713620 0.228910
6735.194442 0.201992
6737.675263 0.177574
6740.156085 0.184590
6742.636907 0.188820
6745.117728 0.175928
6747.598550 0.194133
6750.079372 0.208773
6752.560193 0.153463
6755.041015 0.154497
6757.521836 0.185312
6760.002658 0.171683
6762.483480 0.149923
6764.964301 0.184089
6767.445123 0.175756
6769.925945 0.187856
6772.406766 0.179668
6774.887588 0.203704
6777.368409 0.189616
6779.849231 0.196735
6782.330053 0.221235
6784.810874 0.223692
6787.291696 0.223254
6789.772518 0.185761
6792.253339 0.176627
6794.734161 0.189302
6797.214982 0.179250
6799.695804 0.194049
6802.176626 0.171031
6804.657447 0.196330
6807.138269 0.214779
6809.619091 0.201291
6812.099912 0.203124
6814.580734 0.215172
6817.061555 0.223710
6819.542377 0.192281
6822.023199 0.191839
6824.504020 0.197503
6826.984842 0.184523
6829.465664 0.203054
