3720.526744 0.010217
3723.286974 0.031593
3726.047203 0.077658
3728.807433 0.054487
3731.567663 0.054428
3734.327892 0.048098
3737.088122 0.014933
3739.848352 0.015070
3742.608581 0.013859
3745.368811 0.016374
3748.129041 0.020385
3750.889270 0.031745
3753.649500 0.016635
3756.409730 0.029404
3759.169960 0.036077
3761.930189 0.030141
3764.690419 0.032338
3767.450649 0.038527
3770.210878 0.043165
3772.971108 0.033978
3775.731338 0.030679
3778.491567 0.041906
3781.251797 0.042310
3784.012027 0.039081
3786.772256 0.041058
3789.532486 0.038836
3792.292716 0.019249
3795.052945 0.033358
3797.813175 0.031948
3800.573405 0.026254
3803.333635 0.030807
3806.093864 0.034242
3808.854094 0.032928
3811.614324 0.026809
3814.374553 0.033437
3817.134783 0.039488
3819.895013 0.025497
3822.655242 0.027679
3825.415472 0.025566
3828.175702 0.030367
3830.935931 0.028640
3833.696161 0.028177
3836.456391 0.037787
3839.216621 0.031131
3841.976850 0.018496
3844.737080 0.002064
3847.497310 0.009349
3850.257539 0.034787
3853.017769 0.042493
3855.777999 0.036129
3858.538228 0.021703
3861.298458 0.019721
3864.058688 0.026710
3866.818917 0.045802
3869.579147 0.024798
3872.339377 0.022013
3875.099607 0.047096
3877.859836 0.047662
3880.620066 0.039970
3883.380296 0.029278
3886.140525 0.036447
3888.900755 0.036903
3891.660985 0.036455
3894.421214 0.038986
3897.181444 0.027945
3899.941674 0.033132
3902.701903 0.029887
3905.462133 0.050833
3908.222363 0.053005
3910.982592 0.044949
3913.742822 0.038227
3916.503052 0.038984
3919.263282 0.031395
3922.023511 0.042554
3924.783741 0.029275
3927.543971 0.036735
3930.304200 0.025255
3933.064430 0.024667
3935.824660 0.003278
3938.584889 0.020560
3941.345119 0.034789
3944.105349 0.039764
3946.865578 0.053535
3949.625808 0.035306
3952.386038 0.045982
3955.146268 0.045826
3957.906497 0.046290
3960.666727 0.028899
3963.426957 0.032213
3966.187186 0.032174
3968.947416 0.014712
3971.707646 0.012811
3974.467875 0.035124
3977.228105 0.032592
3979.988335 0.029607
3982.748564 0.043181
3985.508794 0.035453
3988.269024 0.043158
3991.029254 0.027553
3993.789483 0.056372
3996.549713 0.050660
3999.309943 0.050936
4002.070172 0.058269
4004.830402 0.051495
4007.590632 0.047339
4010.350861 0.051450
4013.111091 0.047697
4015.871321 0.048597
4018.631550 0.042725
4021.391780 0.051418
4024.152010 0.041220
4026.912239 0.044558
4029.672469 0.052346
4032.432699 0.050523
4035.192929 0.040929
4037.953158 0.060484
4040.713388 0.046090
4043.473618 0.040214
4046.233847 0.043047
4048.994077 0.063987
4051.754307 0.051763
4054.514536 0.065816
4057.274766 0.059974
4060.034996 0.036496
4062.795225 0.046645
4065.555455 0.061417
4068.315685 0.051914
4071.075915 0.064736
4073.836144 0.051932
4076.596374 0.050104
4079.356604 0.049619
4082.116833 0.055455
4084.877063 0.036925
4087.637293 0.042767
4090.397522 0.046387
4093.157752 0.051681
4095.917982 0.042201
4098.678211 0.036638
4101.438441 0.047626
4104.198671 0.029198
4106.958901 0.049291
4109.719130 0.049022
4112.479360 0.051822
4115.239590 0.048533
4117.999819 0.057552
4120.760049 0.070570
4123.520279 0.060056
4126.280508 0.066714
4129.040738 0.060220
4131.800968 0.036532
4134.561197 0.049578
4137.321427 0.054440
4140.081657 0.059032
4142.841886 0.059026
4145.602116 0.045421
4148.362346 0.060080
4151.122576 0.073415
4153.882805 0.054585
4156.643035 0.058972
4159.403265 0.040670
4162.163494 0.040008
4164.923724 0.053057
4167.683954 0.063133
4170.444183 0.046398
4173.204413 0.047131
4175.964643 0.058763
4178.724872 0.063159
4181.485102 0.051734
4184.245332 0.057263
4187.005562 0.054248
4189.765791 0.040465
4192.526021 0.048226
4195.286251 0.067585
4198.046480 0.056201
4200.806710 0.058074
4203.566940 0.048656
4206.327169 0.067120
4209.087399 0.083078
4211.847629 0.063025
4214.607858 0.049970
4217.368088 0.048070
4220.128318 0.050649
4222.888548 0.040899
4225.648777 0.037293
4228.409007 0.049632
4231.169237 0.064123
4233.929466 0.059451
4236.689696 0.052053
4239.449926 0.052580
4242.210155 0.050852
4244.970385 0.051433
4247.730615 0.059957
4250.490844 0.061800
4253.251074 0.054460
4256.011304 0.041612
4258.771533 0.053844
4261.531763 0.053512
4264.291993 0.060850
4267.052223 0.059679
4269.812452 0.039219
4272.572682 0.043388
4275.332912 0.043532
4278.093141 0.048057
4280.853371 0.043252
4283.613601 0.047260
4286.373830 0.044420
4289.134060 0.052591
4291.894290 0.053245
4294.654519 0.051764
4297.414749 0.051867
4300.174979 0.045667
4302.935209 0.050285
4305.695438 0.030485
4308.455668 0.041423
4311.215898 0.037557
4313.976127 0.047668
4316.736357 0.058928
4319.496587 0.065656
4322.256816 0.060389
4325.017046 0.048345
4327.777276 0.040434
4330.537505 0.059725
4333.297735 0.070272
4336.057965 0.063516
4338.818195 0.048901
4341.578424 0.044590
4344.338654 0.054168
4347.098884 0.049153
4349.859113 0.054522
4352.619343 0.053543
4355.379573 0.053824
4358.139802 0.054142
4360.900032 0.065587
4363.660262 0.066538
4366.420491 0.067608
4369.180721 0.064658
4371.940951 0.061188
4374.701180 0.053543
4377.461410 0.063478
4380.221640 0.063455
4382.981870 0.054104
4385.742099 0.058876
4388.502329 0.060847
4391.262559 0.033365
4394.022788 0.071300
4396.783018 0.055377
4399.543248 0.059201
4402.303477 0.054851
4405.063707 0.050162
4407.823937 0.055033
4410.584166 0.078164
4413.344396 0.060201
4416.104626 0.053820
4418.864856 0.055275
4421.625085 0.068149
4424.385315 0.068499
4427.145545 0.063323
4429.905774 0.070320
4432.666004 0.064865
4435.426234 0.070736
4438.186463 0.066475
4440.946693 0.059907
4443.706923 0.056907
4446.467152 0.072545
4449.227382 0.074951
4451.987612 0.051906
4454.747842 0.062539
4457.508071 0.053548
4460.268301 0.065608
4463.028531 0.056034
4465.788760 0.047372
4468.548990 0.058136
4471.309220 0.068022
4474.069449 0.064780
4476.829679 0.074455
4479.589909 0.062852
4482.350138 0.080159
4485.110368 0.087813
4487.870598 0.068663
4490.630827 0.070911
4493.391057 0.078436
4496.151287 0.076808
4498.911517 0.072358
4501.671746 0.077487
4504.431976 0.072233
4507.192206 0.059961
4509.952435 0.074739
4512.712665 0.071456
4515.472895 0.055621
4518.233124 0.059637
4520.993354 0.070629
4523.753584 0.071965
4526.513813 0.075460
4529.274043 0.057932
4532.034273 0.066552
4534.794503 0.071755
4537.554732 0.060911
4540.314962 0.059192
4543.075192 0.056752
4545.835421 0.070029
4548.595651 0.069979
4551.355881 0.062483
4554.116110 0.075983
4556.876340 0.072014
4559.636570 0.066195
4562.396799 0.073648
4565.157029 0.079757
4567.917259 0.074509
4598.279785 0.080759
4601.040015 0.081661
4603.800245 0.075303
4606.560474 0.078858
4609.320704 0.081344
4612.080934 0.061894
4614.841164 0.081754
4617.601393 0.067761
4620.361623 0.080660
4623.121853 0.094290
4625.882082 0.083404
4628.642312 0.085165
4631.402542 0.071317
4634.162771 0.072418
4636.923001 0.079778
4639.683231 0.070919
4642.443460 0.074361
4645.203690 0.080280
4647.963920 0.081454
4650.724150 0.079554
4653.484379 0.064070
4656.244609 0.071915
4659.004839 0.066746
4661.765068 0.062008
4664.525298 0.062116
4667.285528 0.097671
4670.045757 0.075843
4672.805987 0.057422
4675.566217 0.055049
4678.326446 0.078044
4681.086676 0.071653
4683.846906 0.067760
4686.607136 0.078324
4689.367365 0.066079
4692.127595 0.059006
4694.887825 0.078651
4697.648054 0.075551
4700.408284 0.046899
4703.168514 0.077265
4705.928743 0.079017
4708.688973 0.071743
4711.449203 0.076172
4714.209432 0.067336
4716.969662 0.071787
4719.729892 0.089141
4722.490121 0.081441
4725.250351 0.065304
4728.010581 0.090296
4730.770811 0.077624
4733.531040 0.082860
4736.291270 0.071936
4739.051500 0.091059
4741.811729 0.077730
4744.571959 0.075728
4747.332189 0.082661
4750.092418 0.078122
4752.852648 0.061941
4755.612878 0.088944
4758.373107 0.084308
4761.133337 0.073099
4763.893567 0.083773
4766.653797 0.068732
4769.414026 0.070921
4772.174256 0.088868
4774.934486 0.078535
4777.694715 0.067795
4780.454945 0.077067
4783.215175 0.073147
4785.975404 0.069718
4788.735634 0.074062
4791.495864 0.076072
4794.256093 0.071217
4797.016323 0.075152
4799.776553 0.093450
4802.536783 0.105760
4805.297012 0.077441
4808.057242 0.072514
4810.817472 0.071156
4813.577701 0.080695
4816.337931 0.083300
4819.098161 0.080998
4821.858390 0.073136
4824.618620 0.075516
4827.378850 0.076650
4830.139079 0.065520
4832.899309 0.050090
4835.659539 0.077303
4838.419769 0.085807
4841.179998 0.098372
4843.940228 0.060579
4846.700458 0.060949
4849.460687 0.074703
4852.220917 0.063830
4854.981147 0.056078
4857.741376 0.066605
4860.501606 0.072623
4863.261836 0.065199
4866.022065 0.066366
4868.782295 0.076121
4871.542525 0.075442
4874.302754 0.087198
4877.062984 0.078182
4879.823214 0.061125
4882.583444 0.066898
4885.343673 0.070110
4888.103903 0.071352
4890.864133 0.077191
4893.624362 0.064840
4896.384592 0.064796
4899.144822 0.072160
4901.905051 0.080966
4904.665281 0.079712
4907.425511 0.056325
4910.185740 0.071932
4912.945970 0.072280
4915.706200 0.067084
4918.466430 0.078023
4921.226659 0.080209
4923.986889 0.071746
4926.747119 0.081365
4929.507348 0.076667
4932.267578 0.090293
4935.027808 0.087935
4937.788037 0.083923
4940.548267 0.079493
4943.308497 0.073340
4946.068726 0.093434
4948.828956 0.086646
4951.589186 0.070297
4954.349416 0.080615
4957.109645 0.087690
4959.869875 0.097258
4962.630105 0.088049
4965.390334 0.096927
4968.150564 0.078052
4970.910794 0.079995
4973.671023 0.085392
4976.431253 0.079009
4979.191483 0.075034
4981.951712 0.073350
4984.711942 0.062621
4987.472172 0.067517
4990.232401 0.084749
4992.992631 0.077683
4995.752861 0.074646
4998.513091 0.079220
5001.273320 0.082628
5004.033550 0.085009
5006.793780 0.081032
5009.554009 0.082257
5012.314239 0.084863
5015.074469 0.074469
5017.834698 0.082254
5020.594928 0.084785
5023.355158 0.071973
5026.115387 0.077033
5028.875617 0.071057
5031.635847 0.084571
5034.396077 0.081988
5037.156306 0.079604
5039.916536 0.065177
5042.676766 0.082019
5045.436995 0.081211
5048.197225 0.065768
5050.957455 0.087316
5053.717684 0.074763
5056.477914 0.099754
5059.238144 0.081171
5061.998373 0.077025
5064.758603 0.085113
5067.518833 0.091626
5070.279063 0.073404
5073.039292 0.070329
5075.799522 0.065946
5078.559752 0.074169
5081.319981 0.062410
5084.080211 0.085257
5086.840441 0.078141
5089.600670 0.065953
5092.360900 0.073189
5095.121130 0.075068
5097.881359 0.079468
5100.641589 0.075804
5103.401819 0.064828
5106.162048 0.082142
5108.922278 0.092502
5111.682508 0.081264
5114.442738 0.076746
5117.202967 0.095655
5119.963197 0.080603
5122.723427 0.080880
5125.483656 0.075188
5128.243886 0.072140
5131.004116 0.077161
5133.764345 0.083366
5136.524575 0.072038
5139.284805 0.085822
5142.045034 0.083523
5144.805264 0.079246
5147.565494 0.086431
5150.325724 0.068003
5153.085953 0.081439
5155.846183 0.078290
5158.606413 0.073611
5161.366642 0.078130
5164.126872 0.076483
5166.887102 0.079000
5169.647331 0.032833
5172.407561 0.045961
5175.167791 0.065893
5177.928020 0.066233
5180.688250 0.055772
5183.448480 0.059868
5186.208710 0.059895
5188.968939 0.069502
5191.729169 0.061980
5194.489399 0.079237
5197.249628 0.059413
5200.009858 0.067596
5202.770088 0.093021
5205.530317 0.073119
5208.290547 0.077171
5211.050777 0.084977
5213.811006 0.096847
5216.571236 0.062247
5219.331466 0.063810
5222.091695 0.078528
5224.851925 0.062159
5227.612155 0.079105
5230.372385 0.079505
5233.132614 0.061132
5235.892844 0.073978
5238.653074 0.074649
5241.413303 0.076643
5244.173533 0.085119
5246.933763 0.085413
5249.693992 0.076790
5252.454222 0.078874
5255.214452 0.075550
5257.974681 0.082327
5260.734911 0.076661
5263.495141 0.062353
5266.255371 0.076885
5269.015600 0.080393
5271.775830 0.072387
5274.536060 0.079128
5277.296289 0.075318
5280.056519 0.078675
5282.816749 0.082057
5285.576978 0.080468
5288.337208 0.072848
5291.097438 0.086714
5293.857667 0.093869
5296.617897 0.074145
5299.378127 0.074400
5302.138357 0.069153
5304.898586 0.070192
5307.658816 0.082318
5310.419046 0.101457
5313.179275 0.086416
5315.939505 0.094214
5318.699735 0.083198
5321.459964 0.077303
5324.220194 0.081736
5326.980424 0.073110
5329.740653 0.072647
5332.500883 0.091224
5335.261113 0.090550
5338.021342 0.089627
5340.781572 0.084054
5343.541802 0.082986
5346.302032 0.084285
5349.062261 0.076858
5351.822491 0.082050
5354.582721 0.089841
5357.342950 0.079681
5360.103180 0.080980
5362.863410 0.071542
5365.623639 0.070283
5368.383869 0.081114
5371.144099 0.075850
5373.904328 0.074752
5376.664558 0.094423
5379.424788 0.094597
5382.185018 0.068231
5384.945247 0.076013
5387.705477 0.080583
5390.465707 0.076553
5393.225936 0.063679
5395.986166 0.078981
5398.746396 0.075561
5401.506625 0.078058
5404.266855 0.080132
5407.027085 0.061217
5409.787314 0.073709
5412.547544 0.071079
5415.307774 0.086036
5418.068004 0.076738
5420.828233 0.095554
5423.588463 0.076673
5426.348693 0.087986
5429.108922 0.075208
5431.869152 0.092383
5434.629382 0.071645
5437.389611 0.076335
5440.149841 0.080951
5442.910071 0.082322
5445.670300 0.080970
5448.430530 0.082058
5451.190760 0.076234
5453.950989 0.061046
5456.711219 0.084259
5459.471449 0.098803
5462.231679 0.079371
5464.991908 0.083465
5467.752138 0.082422
5470.512368 0.085608
5473.272597 0.072213
5476.032827 0.079117
5478.793057 0.086227
5481.553286 0.085254
5484.313516 0.077908
5487.073746 0.076982
5489.833975 0.081729
5492.594205 0.084242
5495.354435 0.081121
5498.114665 0.082326
5500.874894 0.079341
5503.635124 0.085852
5506.395354 0.084641
5509.155583 0.073994
5511.915813 0.074147
5514.676043 0.092207
5517.436272 0.095442
5520.196502 0.082766
5522.956732 0.090669
5525.716961 0.092860
5528.477191 0.081799
5531.237421 0.086032
5533.997651 0.088168
5536.757880 0.084436
5539.518110 0.086748
5542.278340 0.081555
5545.038569 0.086362
5547.798799 0.082942
5550.559029 0.084597
5553.319258 0.086448
5556.079488 0.093678
5558.839718 0.090750
5561.599947 0.090524
5564.360177 0.087166
5567.120407 0.090552
5569.880636 0.081087
5572.640866 0.084947
5575.401096 0.087434
5578.161326 0.073474
5580.921555 0.078335
5583.681785 0.084433
5586.442015 0.080832
5589.202244 0.081058
5591.962474 0.089882
5594.722704 0.079740
5597.482933 0.083098
5600.243163 0.071301
5603.003393 0.067552
5605.763622 0.090352
5608.523852 0.078389
5611.284082 0.096294
5614.044312 0.097575
5616.804541 0.115503
5619.564771 0.077939
5622.325001 0.075316
5625.085230 0.075085
5627.845460 0.089943
5630.605690 0.093046
5633.365919 0.091897
5636.126149 0.076732
5638.886379 0.080775
5641.646608 0.071171
5644.406838 0.073962
5647.167068 0.082113
5649.927298 0.083842
5652.687527 0.089706
5655.447757 0.095608
5658.207987 0.089721
5660.968216 0.066585
5663.728446 0.078246
5666.488676 0.060886
5669.248905 0.068412
5672.009135 0.073353
5674.769365 0.070877
5677.529594 0.086893
5680.289824 0.083341
5683.050054 0.078126
5685.810283 0.091209
5688.570513 0.093792
5691.330743 0.085632
5694.090973 0.070390
5696.851202 0.080084
5699.611432 0.089040
5702.371662 0.078590
5705.131891 0.094870
5707.892121 0.096519
5710.652351 0.094748
5713.412580 0.089980
5716.172810 0.071462
5718.933040 0.078932
5721.693269 0.087622
5724.453499 0.089217
5727.213729 0.075045
5729.973959 0.074018
5732.734188 0.086502
5735.494418 0.100423
5738.254648 0.072636
5741.014877 0.085246
5743.775107 0.086210
5746.535337 0.091370
5749.295566 0.093204
5752.055796 0.105128
5754.816026 0.090676
5757.576255 0.079972
5760.336485 0.085583
5763.096715 0.098098
5765.856945 0.095592
5768.617174 0.085625
5771.377404 0.090397
5774.137634 0.089136
5776.897863 0.082767
5779.658093 0.075768
5782.418323 0.080150
5785.178552 0.080783
5787.938782 0.087019
5790.699012 0.081746
5793.459241 0.093693
5796.219471 0.109939
5798.979701 0.107731
5801.739931 0.080348
5804.500160 0.091595
5807.260390 0.090627
5810.020620 0.085152
5812.780849 0.085973
5815.541079 0.089621
5818.301309 0.089505
5821.061538 0.099439
5823.821768 0.121837
5826.581998 0.113428
5829.342227 0.084499
5832.102457 0.091531
5834.862687 0.091120
5837.622916 0.088996
5840.383146 0.096429
5843.143376 0.078741
5845.903606 0.088087
5848.663835 0.087479
5851.424065 0.083879
5854.184295 0.075900
5856.944524 0.095008
5859.704754 0.086353
5862.464984 0.073422
5865.225213 0.086239
5867.985443 0.091598
5870.745673 0.087629
5873.505902 0.079775
5876.266132 0.109476
5879.026362 0.094035
5881.786592 0.085362
5884.546821 0.089180
5887.307051 0.082803
5890.067281 0.075966
5892.827510 0.086753
5895.587740 0.080110
5898.347970 0.071515
5901.108199 0.074664
5903.868429 0.083592
5906.628659 0.086931
5909.388888 0.089341
5912.149118 0.093535
5914.909348 0.088770
5917.669578 0.097316
5920.429807 0.092518
5923.190037 0.094835
5925.950267 0.092010
5928.710496 0.088820
5931.470726 0.088277
5934.230956 0.093322
5936.991185 0.091167
5939.751415 0.083172
5942.511645 0.045048
5945.271874 0.060531
5948.032104 0.107895
5950.792334 0.102806
5953.552563 0.061435
5956.312793 0.110985
5959.073023 0.087637
5961.833253 0.087555
5964.593482 0.096869
5967.353712 0.098020
5970.113942 0.065443
5972.874171 0.055960
5975.634401 0.118995
5978.394631 0.104511
5981.154860 0.099050
5983.915090 0.088931
5986.675320 0.091233
5989.435549 0.082669
5992.195779 0.082002
5994.956009 0.073475
5997.716239 0.086295
6000.476468 0.072068
6003.236698 0.090602
6005.996928 0.064880
6008.757157 0.078715
6011.517387 0.067700
6014.277617 0.104259
6017.037846 0.092311
6019.798076 0.092936
6022.558306 0.079563
6025.318535 0.071054
6028.078765 0.094818
6030.838995 0.078356
6033.599225 0.124363
6036.359454 0.108786
6039.119684 0.084303
6041.879914 0.103098
6044.640143 0.087432
6047.400373 0.112579
6050.160603 0.078824
6052.920832 0.113579
6055.681062 0.104204
6058.441292 0.084782
6061.201521 0.107639
6063.961751 0.076771
6066.721981 0.084377
6069.482210 0.083306
6072.242440 0.076443
6075.002670 0.105764
6077.762900 0.058627
6080.523129 0.097790
6083.283359 0.115410
6086.043589 0.106524
6088.803818 0.080887
6091.564048 0.087136
6094.324278 0.099875
6097.084507 0.077564
6099.844737 0.080274
6102.604967 0.101257
6105.365196 0.066764
6108.125426 0.090279
6110.885656 0.092015
6113.645886 0.105157
6116.406115 0.108121
6119.166345 0.089567
6121.926575 0.092901
6124.686804 0.086826
6127.447034 0.090484
6130.207264 0.086722
6132.967493 0.090484
6135.727723 0.078992
6138.487953 0.082154
6141.248182 0.065917
6144.008412 0.077611
6146.768642 0.097947
6149.528872 0.089884
6152.289101 0.085670
6155.049331 0.091654
6157.809561 0.090853
6160.569790 0.067559
6163.330020 0.077888
6166.090250 0.079807
6168.850479 0.090242
6171.610709 0.092295
6174.370939 0.055283
6177.131168 0.060724
6179.891398 0.099635
6182.651628 0.118485
6185.411857 0.116990
6188.172087 0.092616
6190.932317 0.091148
6193.692547 0.092438
6196.452776 0.078048
6199.213006 0.092503
6201.973236 0.083065
6204.733465 0.086353
6207.493695 0.085677
6210.253925 0.077482
6213.014154 0.078787
6215.774384 0.081333
6218.534614 0.072686
6221.294843 0.085210
6224.055073 0.104509
6226.815303 0.093429
6229.575533 0.093462
6232.335762 0.099981
6235.095992 0.080036
6237.856222 0.069244
6240.616451 0.061109
6243.376681 0.045007
6246.136911 0.069345
6248.897140 0.116193
6251.657370 0.110257
6254.417600 0.116511
6257.177829 0.118742
6259.938059 0.088876
6262.698289 0.095483
6265.458519 0.095947
6268.218748 0.090662
6270.978978 0.083188
6273.739208 0.101494
6276.499437 0.086868
6279.259667 0.073499
6282.019897 0.090950
6284.780126 0.096849
6287.540356 0.093342
6290.300586 0.093953
6293.060815 0.090156
6295.821045 0.093964
6298.581275 0.065892
6301.341504 0.071781
6304.101734 0.069158
6306.861964 0.074262
6309.622194 0.079580
6312.382423 0.068222
6315.142653 0.079960
6317.902883 0.074320
6320.663112 0.060311
6323.423342 0.068907
6326.183572 0.070464
6328.943801 0.082406
6331.704031 0.037841
6334.464261 0.020357
6337.224490 0.099728
6339.984720 0.112740
6342.744950 0.142619
6345.505180 0.112070
6348.265409 0.093696
6351.025639 0.076834
6353.785869 0.100690
6356.546098 0.090562
6359.306328 0.075014
6362.066558 0.035544
6364.826787 0.084177
6367.587017 0.037627
6370.347247 0.127754
6373.107476 0.105031
6375.867706 0.084349
6378.627936 0.082713
6381.388166 0.074054
6384.148395 0.070457
6386.908625 0.056738
6389.668855 0.071273
6392.429084 0.080807
6395.189314 0.071684
6397.949544 0.016367
6400.709773 0.075824
6403.470003 0.096998
6406.230233 0.135341
6408.990462 0.085469
6411.750692 0.087462
6414.510922 0.084248
6417.271151 0.070218
6420.031381 0.072562
6422.791611 0.077304
6425.551841 0.091454
6428.312070 0.140987
6431.072300 0.081842
6433.832530 0.075950
6436.592759 0.068474
6439.352989 0.097517
6442.113219 0.076573
6444.873448 0.056969
6447.633678 0.030694
6450.393908 0.074163
6453.154137 0.052173
6455.914367 0.090581
6458.674597 0.108524
6461.434827 0.078689
6464.195056 0.092275
6466.955286 0.081988
6469.715516 0.084693
6472.475745 0.103566
6475.235975 0.058897
6477.996205 0.044111
6480.756434 0.088048
6483.516664 0.080748
6486.276894 0.074865
6489.037123 0.105958
6491.797353 0.075418
6494.557583 0.096201
6497.317813 0.108792
6500.078042 0.010733
6502.838272 0.101334
6505.598502 0.075805
6508.358731 0.058997
6511.118961 0.104030
6513.879191 0.090234
6516.639420 0.109440
6519.399650 0.091576
6522.159880 0.090787
6524.920109 0.093655
6527.680339 0.090521
6530.440569 0.084776
6533.200798 0.088909
6535.961028 0.088913
6538.721258 0.051242
6541.481488 0.053082
6544.241717 0.105031
6547.001947 0.132384
6549.762177 0.081511
6552.522406 0.082654
6555.282636 0.088561
6558.042866 0.084917
6560.803095 0.083308
6563.563325 0.123210
6566.323555 0.150139
6569.083784 0.152133
6571.844014 0.122874
6574.604244 0.103750
6577.364474 0.094942
6580.124703 0.094289
6582.884933 0.114041
6585.645163 0.089996
6588.405392 0.097377
6591.165622 0.118494
6593.925852 0.108885
6596.686081 0.114595
6599.446311 0.106160
6602.206541 0.087029
6604.966770 0.080522
6607.727000 0.091005
6610.487230 0.087737
6613.247460 0.088795
6616.007689 0.096367
6618.767919 0.083452
6621.528149 0.095855
6624.288378 0.101010
6627.048608 0.112330
6629.808838 0.098580
6632.569067 0.072629
6635.329297 0.083411
6638.089527 0.087339
6640.849756 0.084404
6643.609986 0.098066
6646.370216 0.093165
6649.130445 0.094577
6651.890675 0.087730
6654.650905 0.082876
6657.411135 0.096054
6660.171364 0.089329
6662.931594 0.095533
6665.691824 0.094536
6668.452053 0.083214
6671.212283 0.084839
6673.972513 0.083245
6676.732742 0.087687
6679.492972 0.077963
6682.253202 0.095764
6685.013431 0.087204
6687.773661 0.089647
6690.533891 0.095800
6693.294121 0.090159
6696.054350 0.081308
6698.814580 0.076907
6701.574810 0.086094
6704.335039 0.090998
6707.095269 0.074773
6709.855499 0.083579
6712.615728 0.088894
6715.375958 0.105054
6718.136188 0.095133
6720.896417 0.077381
6723.656647 0.086849
6726.416877 0.083221
6729.177107 0.093546
6731.937336 0.112955
6734.697566 0.094171
6737.457796 0.102811
6740.218025 0.093168
6742.978255 0.087293
6745.738485 0.094417
6748.498714 0.099553
6751.258944 0.086341
6754.019174 0.092070
6756.779403 0.100434
6759.539633 0.074756
6762.299863 0.087636
6765.060093 0.096184
6767.820322 0.085334
6770.580552 0.083659
6773.340782 0.105990
6776.101011 0.103524
6778.861241 0.096942
6781.621471 0.090995
6784.381700 0.081644
6787.141930 0.099492
6789.902160 0.092001
6792.662389 0.081684
6795.422619 0.074425
6798.182849 0.061335
6800.943078 0.053530
6803.703308 0.046865
6806.463538 0.085815
6809.223768 0.112321
6811.983997 0.041869
6814.744227 0.043134
6817.504457 0.102794
6820.264686 0.093922
6823.024916 0.099931
6825.785146 0.098718
6828.545375 0.090871
6831.305605 0.076755
6834.065835 0.084736
6836.826064 0.070887
6839.586294 0.075651
6842.346524 0.080882
6845.106754 0.089990
6847.866983 0.009257
6850.627213 0.021546
6853.387443 0.131300
6856.147672 0.054246
6858.907902 0.101981
6861.668132 0.110872
6864.428361 0.059506
6867.188591 0.063617
6869.948821 0.114491
6872.709050 0.095230
6875.469280 0.070289
6878.229510 0.089422
6880.989740 0.082061
6883.749969 0.113742
6886.510199 0.105087
6889.270429 0.110822
6892.030658 0.085564
6894.790888 0.021083
6897.551118 0.068745
6900.311347 0.076052
6903.071577 0.092279
6905.831807 0.057959
6908.592036 0.071211
6911.352266 0.098249
6914.112496 0.089550
6916.872725 0.079505
6919.632955 0.024188
6922.393185 0.096195
6925.153415 0.080161
6927.913644 0.110203
6930.673874 0.041904
6933.434104 0.100688
6936.194333 0.078676
6938.954563 0.111482
6941.714793 0.092485
6944.475022 0.121469
6947.235252 0.103841
6949.995482 0.033595
6952.755711 0.101210
6955.515941 0.120184
6958.276171 0.104828
6961.036401 0.077470
6963.796630 0.105664
6966.556860 0.092432
6969.317090 0.080005
6972.077319 0.084768
6974.837549 0.110250
6977.597779 0.111555
6980.358008 0.070572
6983.118238 0.065011
6985.878468 0.084579
6988.638697 0.086523
6991.398927 0.076615
6994.159157 0.086966
6996.919387 0.088223
6999.679616 0.069537
7002.439846 0.082899
7005.200076 0.085568
7007.960305 0.075336
7010.720535 0.064828
7013.480765 0.091060
7016.240994 0.094528
7019.001224 0.076244
7021.761454 0.088482
7024.521683 0.102209
7027.281913 0.079182
7030.042143 0.087843
7032.802372 0.081051
7035.562602 0.097162
7038.322832 0.087842
7041.083062 0.087049
7043.843291 0.097873
7046.603521 0.085962
7049.363751 0.084821
7052.123980 0.108462
7054.884210 0.085606
7057.644440 0.088990
7060.404669 0.100280
7063.164899 0.080586
7065.925129 0.087599
7068.685358 0.075909
7071.445588 0.086989
7074.205818 0.080392
7076.966048 0.064138
7079.726277 0.074240
7082.486507 0.060354
7085.246737 0.026616
7088.006966 0.013371
7090.767196 0.026081
7093.527426 0.030377
7096.287655 0.108369
7099.047885 0.076216
7101.808115 0.086177
7104.568344 0.060165
7107.328574 0.060820
7110.088804 0.113877
7112.849034 0.086561
7115.609263 0.057773
7118.369493 0.085747
7121.129723 0.039981
7123.889952 0.054936
7126.650182 0.070458
7129.410412 0.065136
7132.170641 0.040001
7134.930871 0.062091
7137.691101 0.072806
7140.451330 0.075333
7143.211560 0.070543
7145.971790 0.062838
7148.732019 0.067033
7151.492249 0.101660
7154.252479 0.076127
7157.012709 0.071593
7159.772938 0.094387
7162.533168 0.087490
7165.293398 0.077975
7168.053627 0.082675
7170.813857 0.087114
7173.574087 0.095726
7176.334316 0.079442
7179.094546 0.070964
7181.854776 0.090186
7184.615005 0.095557
7187.375235 0.086527
7190.135465 0.086193
7192.895695 0.072025
7195.655924 0.072776
7198.416154 0.115528
7201.176384 0.135215
7203.936613 0.053964
7206.696843 -0.001046
7209.457073 0.107825
7212.217302 0.090019
7214.977532 0.052312
7217.737762 0.056775
7220.497991 0.089688
7223.258221 0.079761
7226.018451 0.070511
7228.778681 0.087732
7231.538910 0.098440
7234.299140 0.087501
7237.059370 0.098299
7239.819599 0.092900
7242.579829 0.096559
7245.340059 0.046159
7248.100288 0.033485
7250.860518 0.137759
7253.620748 0.054622
7256.380977 0.099910
7259.141207 0.029969
7261.901437 0.062830
7264.661666 0.059613
7267.421896 0.077043
7270.182126 0.085865
7272.942356 0.099418
7275.702585 0.063506
7278.462815 0.087853
7281.223045 0.102314
7283.983274 0.145211
7286.743504 0.082736
7289.503734 0.073304
7292.263963 0.091446
7295.024193 0.062950
7297.784423 0.070730
7300.544652 0.165144
7303.304882 0.119775
7306.065112 0.040494
7308.825342 0.058906
7311.585571 0.077574
7314.345801 0.094519
7317.106031 0.078804
7319.866260 0.043514
7322.626490 0.088736
7325.386720 0.137203
7328.146949 0.090193
7330.907179 0.028452
7333.667409 0.041532
7336.427638 0.085409
7339.187868 0.101781
7341.948098 0.090363
7344.708328 0.082088
7347.468557 0.102758
7350.228787 0.089191
7352.989017 0.072012
7355.749246 0.030012
7358.509476 0.128310
7361.269706 0.118560
7364.029935 0.084065
7366.790165 0.093539
7369.550395 0.077298
7372.310624 0.068694
7375.070854 0.079338
7377.831084 0.099974
7380.591313 0.086408
7383.351543 0.089627
7386.111773 0.087777
7388.872003 0.121138
7391.632232 0.097740
7394.392462 0.105745
7397.152692 0.109700
7399.912921 0.072134
7402.673151 0.040314
7405.433381 0.077807
7408.193610 0.076615
7410.953840 0.092724
7413.714070 0.081909
7416.474299 0.081609
7419.234529 0.104649
7421.994759 0.108122
7424.754989 0.109167
7427.515218 0.112878
7430.275448 0.071538
7433.035678 0.078055
7435.795907 0.095285
7438.556137 0.075962
7441.316367 0.074152
7444.076596 0.112517
7446.836826 0.087814
7449.597056 0.087083
7452.357285 0.095628
7455.117515 0.082838
7457.877745 0.094754
7460.637975 0.090783
7463.398204 0.099122
7466.158434 0.092547
7468.918664 0.092308
7471.678893 0.102644
7474.439123 0.096108
7477.199353 0.096207
7479.959582 0.114595
7482.719812 0.088919
7485.480042 0.095168
7488.240271 0.080602
7491.000501 0.082643
7493.760731 0.106304
7496.520960 0.094024
7499.281190 0.103498
7502.041420 0.092478
7504.801650 0.076296
7507.561879 0.099163
7510.322109 0.087221
7513.082339 0.104744
7515.842568 0.093122
7518.602798 0.081409
7521.363028 0.085191
7524.123257 0.096282
7526.883487 0.096958
7529.643717 0.077012
7532.403946 0.082980
7535.164176 0.098394
7537.924406 0.101434
7540.684636 0.115589
7543.444865 0.103309
7546.205095 0.097629
7548.965325 0.093181
7551.725554 0.083562
7554.485784 0.091113
7557.246014 0.089358
7560.006243 0.107013
7562.766473 0.096617
7565.526703 0.104992
7568.286932 0.087217
7571.047162 0.092483
7573.807392 0.101941
7576.567622 0.060350
7579.327851 0.115110
7582.088081 0.099033
7584.848311 0.118068
7587.608540 0.095024
7590.368770 0.102705
7593.129000 0.097758
7595.889229 0.068867
7598.649459 0.094718
