3223.411212 0.001415
3225.825924 0.085286
3228.240637 0.052784
3230.655349 0.063725
3233.070062 0.051056
3235.484774 0.034001
3237.899486 0.057207
3240.314199 0.078689
3242.728911 0.055209
3245.143624 0.080358
3247.558336 0.073516
3249.973049 0.069634
3252.387761 0.060074
3254.802474 0.060409
3257.217185 0.024089
3259.631898 0.056681
3262.046610 0.051748
3264.461323 0.058351
3266.876035 0.051550
3269.290748 0.040985
3271.705460 0.026778
3274.120173 0.070582
3276.534885 0.085859
3278.949598 0.051110
3281.364310 0.032587
3283.779022 0.060070
3286.193735 0.053027
3288.608447 0.052112
3291.023160 0.060859
3293.437872 0.058218
3295.852585 0.035379
3298.267297 0.062080
3300.682010 0.053811
3303.096721 0.060825
3305.511434 0.071356
3307.926146 0.074099
3310.340859 0.036153
3312.755571 0.062886
3315.170284 0.048928
3317.584996 0.076510
3319.999709 0.056099
3322.414421 0.068632
3324.829134 0.067164
3327.243846 0.037597
3329.658558 0.076521
3332.073271 0.060401
3334.487983 0.046084
3336.902696 0.065821
3339.317408 0.054932
3341.732121 0.061388
3344.146833 0.028673
3346.561546 0.047623
3348.976257 0.057938
3351.390970 0.062729
3353.805682 0.049411
3356.220395 0.059451
3358.635107 0.038932
3361.049820 0.050135
3363.464532 0.059855
3365.879245 0.052048
3368.293957 0.042156
3370.708670 0.044296
3373.123382 0.062086
3375.538094 0.068421
3377.952807 0.049986
3380.367519 0.039451
3382.782232 0.069223
3385.196944 0.069904
3387.611657 0.049201
3390.026369 0.061600
3392.441082 0.040181
3394.855794 0.049855
3397.270506 0.056955
3399.685219 0.074826
3402.099931 0.079660
3404.514644 0.071334
3406.929356 0.063346
3409.344069 0.054755
3411.758781 0.059159
3414.173493 0.049715
3416.588206 0.077506
3419.002918 0.086158
3421.417630 0.068381
3423.832343 0.045170
3426.247055 0.064669
3428.661768 0.060006
3431.076480 0.056759
3433.491193 0.066595
3435.905905 0.049945
3438.320618 0.044040
3440.735330 0.058159
3443.150042 0.036395
3445.564755 0.043216
3447.979467 0.077811
3450.394180 0.069386
3452.808892 0.069696
3455.223605 0.054440
3457.638317 0.035547
3460.053030 0.067010
3462.467742 0.051546
3464.882454 0.061217
3467.297166 0.055921
3469.711879 0.079244
3472.126591 0.062364
3474.541304 0.036609
3476.956016 0.068043
3479.370729 0.063638
3481.785441 0.057888
3484.200154 0.032494
3486.614866 0.056175
3489.029578 0.055887
3491.444291 0.057634
3493.859003 0.044419
3496.273716 0.045164
3498.688428 0.064114
3501.103141 0.041216
3503.517853 0.061130
3505.932566 0.081581
3508.347278 0.068830
3510.761990 0.062341
3513.176702 0.036407
3515.591415 0.065494
3518.006127 0.066681
3520.420840 0.044428
3522.835552 0.055687
3525.250265 0.056084
3527.664977 0.066547
3530.079690 0.049273
3532.494402 0.049116
3534.909114 0.040720
3537.323827 0.066293
3539.738539 0.050689
3542.153252 0.050155
3544.567964 0.054029
3546.982677 0.032335
3549.397389 0.052763
3551.812102 0.054368
3554.226814 0.059830
3556.641526 0.053533
3559.056238 0.071049
3561.470951 0.055240
3563.885663 0.065558
3566.300376 0.047526
3568.715088 0.057533
3571.129801 0.045792
3573.544513 0.039872
3575.959226 0.057355
3578.373938 0.044784
3580.788650 0.040233
3583.203363 0.051059
3585.618075 0.054504
3588.032788 0.053940
3590.447500 0.058276
3592.862213 0.059936
3595.276925 0.040842
3597.691638 0.064501
3600.106350 0.050934
3602.521062 0.054649
3604.935774 0.035376
3607.350487 0.039285
3609.765199 0.081700
3612.179912 0.039314
3614.594624 0.051684
3617.009337 0.061668
3619.424049 0.056796
3621.838762 0.035729
3624.253474 0.078335
3626.668186 0.063884
3629.082899 0.055697
3631.497611 0.048193
3633.912324 0.051772
3636.327036 0.056856
3638.741749 0.050671
3641.156461 0.053271
3643.571174 0.068318
3645.985886 0.061316
3648.400598 0.046053
3650.815310 0.065642
3653.230023 0.054917
3655.644735 0.069120
3658.059448 0.066008
3660.474160 0.060120
3662.888873 0.059734
3665.303585 0.059902
3667.718298 0.064219
3670.133010 0.072469
3672.547722 0.060552
3674.962435 0.043319
3677.377147 0.031206
3679.791860 0.052842
3682.206572 0.058933
3684.621285 0.054085
3687.035997 0.039413
3689.450710 0.058249
3691.865422 0.068174
3694.280134 0.052936
3696.694846 0.056264
3699.109559 0.055586
3701.524271 0.067320
3703.938984 0.059514
3706.353696 0.051101
3708.768409 0.042789
3711.183121 0.037556
3713.597834 0.082920
3716.012546 0.080749
3718.427258 0.059728
3720.841971 0.047946
3723.256683 0.112015
3725.671396 0.160461
3728.086108 0.214122
3730.500821 0.219085
3732.915533 0.164304
3735.330246 0.098079
3737.744958 0.062843
3740.159671 0.074875
3742.574382 0.080380
3744.989095 0.067436
3747.403807 0.036395
3749.818520 0.043717
3752.233232 0.071982
3754.647945 0.083140
3757.062657 0.075105
3759.477370 0.087065
3761.892082 0.096077
3764.306794 0.074134
3766.721507 0.047598
3769.136219 0.063049
3771.550932 0.066854
3773.965644 0.064164
3776.380357 0.062949
3778.795069 0.074342
3781.209782 0.111682
3783.624494 0.096514
3786.039207 0.088732
3788.453919 0.079753
3790.868631 0.091412
3793.283344 0.067479
3795.698056 0.067290
3798.112769 0.053612
3800.527481 0.066749
3802.942194 0.070438
3805.356906 0.082200
3807.771619 0.093737
3810.186330 0.102282
3812.601043 0.093158
3815.015755 0.102369
3817.430468 0.094103
3819.845180 0.069767
3822.259893 0.081288
3824.674605 0.067848
3827.089318 0.054135
3829.504030 0.078981
3831.918743 0.051813
3834.333455 0.056012
3836.748167 0.052615
3839.162880 0.056420
3841.577592 0.073190
3843.992305 0.063699
3846.407017 0.066009
3848.821730 0.067705
3851.236442 0.085733
3853.651155 0.087911
3856.065866 0.078059
3858.480579 0.084039
3860.895291 0.073164
3863.310004 0.079005
3865.724716 0.068382
3868.139429 0.092787
3870.554141 0.070427
3872.968854 0.084652
3875.383566 0.087868
3877.798279 0.079125
3880.212991 0.072426
3882.627703 0.067895
3885.042416 0.070810
3887.457128 0.059251
3889.871841 0.068190
3892.286553 0.068421
3894.701266 0.075045
3897.115978 0.065278
3899.530691 0.082758
3901.945402 0.093328
3904.360115 0.090226
3906.774827 0.082754
3909.189540 0.085716
3911.604252 0.091901
3914.018965 0.084278
3916.433677 0.101104
3918.848390 0.076675
3921.263102 0.095678
3923.677815 0.095205
3926.092527 0.090733
3928.507239 0.089894
3930.921952 0.062995
3933.336664 0.054820
3935.751377 0.065862
3938.166089 0.073377
3940.580802 0.089848
3942.995514 0.081202
3945.410227 0.092408
3947.824938 0.081323
3950.239651 0.083209
3952.654363 0.101998
3955.069076 0.071779
3957.483788 0.061990
3959.898501 0.089825
3962.313213 0.077308
3964.727926 0.059523
3967.142638 0.049615
3969.557351 0.054034
3971.972063 0.056528
3974.386775 0.057840
3976.801488 0.061654
3979.216200 0.077042
3981.630913 0.101774
3984.045625 0.092635
3986.460338 0.085179
3988.875050 0.094154
3991.289763 0.096263
3993.704474 0.091197
3996.119187 0.114936
3998.533899 0.095410
4015.436887 0.110930
4017.851599 0.113756
4020.266311 0.091329
4022.681024 0.106882
4025.095736 0.084195
4027.510449 0.079545
4029.925161 0.089013
4032.339874 0.080437
4034.754586 0.110906
4037.169299 0.115003
4039.584010 0.086967
4041.998723 0.116500
4044.413435 0.089793
4046.828148 0.097193
4049.242860 0.105782
4051.657573 0.104959
4054.072285 0.085170
4056.486998 0.095817
4058.901710 0.077649
4061.316423 0.080892
4063.731135 0.093848
4066.145847 0.112207
4068.560560 0.102310
4070.975272 0.097654
4073.389985 0.096370
4075.804697 0.100008
4078.219410 0.084077
4080.634122 0.088086
4083.048835 0.090778
4085.463547 0.083886
4087.878259 0.098766
4090.292971 0.084270
4092.707684 0.079391
4095.122396 0.071884
4097.537109 0.083459
4099.951821 0.061506
4102.366534 0.071052
4104.781246 0.074071
4107.195959 0.080850
4109.610671 0.094187
4112.025383 0.078862
4114.440096 0.073632
4116.854808 0.088862
4119.269521 0.091815
4121.684233 0.086718
4124.098946 0.088096
4126.513658 0.078149
4128.928371 0.084627
4131.343083 0.093222
4133.757795 0.073356
4136.172507 0.086145
4138.587220 0.101983
4141.001932 0.089591
4143.416645 0.078572
4145.831357 0.070528
4148.246070 0.096264
4150.660782 0.110793
4153.075495 0.099104
4155.490207 0.085319
4157.904919 0.086610
4160.319632 0.078596
4162.734344 0.110486
4165.149057 0.105086
4167.563769 0.094889
4169.978482 0.089871
4172.393194 0.092234
4174.807907 0.084183
4177.222619 0.107525
4179.637331 0.104412
4182.052044 0.092518
4184.466756 0.096452
4186.881469 0.079613
4189.296181 0.100413
4191.710894 0.097968
4194.125606 0.075066
4196.540319 0.093374
4198.955031 0.085463
4201.369743 0.079136
4203.784455 0.095470
4206.199168 0.093973
4208.613880 0.096622
4211.028593 0.089090
4213.443305 0.083367
4215.858018 0.094931
4218.272730 0.107957
4220.687443 0.101541
4223.102155 0.099951
4225.516867 0.097854
4227.931580 0.067785
4230.346292 0.055671
4232.761005 0.105182
4235.175717 0.124067
4237.590430 0.086085
4240.005142 0.103170
4242.419855 0.097683
4244.834567 0.096403
4247.249279 0.098099
4249.663991 0.095353
4252.078704 0.114248
4254.493416 0.089731
4256.908129 0.099945
4259.322841 0.106702
4261.737554 0.088523
4264.152266 0.081324
4266.566979 0.090523
4268.981691 0.096115
4271.396403 0.079580
4273.811116 0.095036
4276.225828 0.108898
4278.640541 0.081468
4281.055253 0.092599
4283.469966 0.094921
4285.884678 0.086300
4288.299391 0.094386
4290.714103 0.107504
4293.128815 0.086304
4295.543527 0.088664
4297.958240 0.078349
4300.372952 0.079765
4302.787665 0.100712
4305.202377 0.096999
4307.617090 0.083404
4310.031802 0.077716
4312.446515 0.068962
4314.861227 0.090902
4317.275939 0.092095
4319.690652 0.088005
4322.105364 0.095965
4324.520077 0.101486
4326.934789 0.081536
4329.349502 0.069856
4331.764214 0.072383
4334.178927 0.075633
4336.593639 0.071103
4339.008351 0.081950
4341.423063 0.071436
4343.837776 0.074812
4346.252488 0.078751
4348.667201 0.074472
4351.081913 0.055182
4353.496626 0.087749
4355.911338 0.097258
4358.326051 0.091295
4360.740763 0.093367
4363.155475 0.079759
4365.570188 0.085862
4367.984900 0.092271
4370.399613 0.067912
4372.814325 0.083243
4375.229038 0.083244
4377.643750 0.084148
4380.058463 0.081042
4382.473175 0.094858
4384.887887 0.084563
4387.302599 0.075664
4389.717312 0.089859
4392.132024 0.100547
4394.546737 0.073743
4396.961449 0.062920
4399.376162 0.075233
4401.790874 0.100191
4404.205587 0.099660
4406.620299 0.087847
4409.035011 0.094542
4411.449724 0.081767
4413.864436 0.088241
4416.279149 0.087904
4418.693861 0.091007
4421.108574 0.075841
4423.523286 0.091229
4425.937999 0.091706
4428.352711 0.097409
4430.767424 0.087666
4433.182135 0.074795
4435.596848 0.070084
4438.011560 0.073680
4440.426273 0.076573
4442.840985 0.084067
4445.255698 0.099180
4447.670410 0.101986
4450.085123 0.088016
4452.499835 0.084100
4454.914547 0.096326
4457.329260 0.084105
4459.743972 0.082231
4462.158685 0.094213
4464.573397 0.097350
4466.988110 0.098598
4469.402822 0.093602
4471.817535 0.093342
4474.232247 0.088614
4476.646960 0.080484
4479.061671 0.092211
4481.476384 0.080574
4483.891096 0.089779
4486.305809 0.096008
4488.720521 0.089024
4491.135234 0.085931
4493.549946 0.083336
4495.964659 0.111790
4498.379371 0.069559
4500.794083 0.065430
4503.208796 0.113943
4505.623508 0.115604
4508.038221 0.115466
4510.452933 0.075878
4512.867646 0.052117
4515.282358 0.084351
4517.697071 0.089663
4520.111783 0.058024
4541.844195 0.081009
4544.258907 0.104511
4546.673619 0.102728
4549.088332 0.094825
4551.503044 0.097028
4553.917757 0.079384
4556.332469 0.088961
4558.747182 0.093896
4561.161894 0.103286
4563.576607 0.086824
4565.991319 0.061287
4568.406032 0.097766
4570.820744 0.086975
4573.235456 0.086235
4575.650169 0.110726
4578.064881 0.093085
4580.479594 0.075749
4582.894306 0.063743
4585.309019 0.091307
4587.723731 0.116361
4590.138444 0.085398
4592.553155 0.093978
4594.967868 0.092966
4597.382580 0.084871
4599.797293 0.080723
4602.212005 0.082330
4604.626718 0.075265
4607.041430 0.071847
4609.456143 0.089713
4611.870855 0.085888
4614.285568 0.068083
4616.700280 0.103768
4619.114992 0.080621
4621.529705 0.105290
4623.944417 0.091274
4626.359130 0.107751
4628.773842 0.094558
4631.188555 0.096753
4633.603267 0.100557
4636.017980 0.091219
4638.432691 0.097192
4640.847404 0.090615
4643.262116 0.085794
4645.676829 0.100349
4648.091541 0.089378
4650.506254 0.091729
4652.920966 0.093647
4655.335679 0.099497
4657.750391 0.080749
4660.165104 0.092558
4662.579816 0.083231
4664.994528 0.091131
4667.409241 0.088226
4669.823953 0.098042
4672.238666 0.066439
4674.653378 0.095268
4677.068091 0.076708
4679.482803 0.088213
4681.897516 0.084528
4684.312227 0.078359
4686.726940 0.085582
4689.141652 0.090534
4691.556365 0.090487
4693.971077 0.081371
4696.385790 0.080411
4698.800502 0.083359
4701.215215 0.064216
4703.629927 0.094586
4706.044640 0.103813
4708.459352 0.092873
4710.874064 0.060515
4713.288777 0.091244
4715.703489 0.103771
4718.118202 0.087090
4720.532914 0.092984
4722.947627 0.103002
4725.362339 0.083410
4727.777052 0.097447
4730.191763 0.092741
4732.606476 0.102032
4735.021188 0.090425
4737.435901 0.092586
4739.850613 0.092108
4742.265326 0.086059
4744.680038 0.103699
4747.094751 0.075846
4749.509463 0.088234
4751.924176 0.094220
4754.338888 0.102011
4756.753600 0.094884
4759.168313 0.086800
4761.583025 0.079979
4763.997738 0.076245
4766.412450 0.087240
4768.827163 0.086981
4771.241875 0.085664
4773.656588 0.092217
4776.071300 0.077223
4778.486012 0.091285
4780.900724 0.092644
4783.315437 0.076215
4785.730149 0.086163
4788.144862 0.092513
4790.559574 0.088270
4792.974287 0.100399
4795.388999 0.082875
4797.803712 0.064345
4800.218424 0.091447
4802.633136 0.099169
4805.047849 0.089025
4807.462561 0.090467
4809.877274 0.085481
4812.291986 0.084817
4814.706699 0.089247
4817.121411 0.091529
4819.536124 0.091044
4821.950836 0.073058
4824.365548 0.071894
4826.780260 0.079824
4829.194973 0.079061
4831.609685 0.073346
4834.024398 0.086065
4836.439110 0.070126
4838.853823 0.079567
4841.268535 0.090521
4843.683248 0.071733
4846.097960 0.090665
4848.512672 0.076935
4850.927385 0.070801
4853.342097 0.074395
4855.756810 0.077150
4858.171522 0.111371
4860.586235 0.121683
4863.000947 0.109030
4865.415660 0.102066
4867.830372 0.101204
4870.245084 0.072454
4872.659796 0.065497
4875.074509 0.085281
4877.489221 0.100203
4879.903934 0.098588
4882.318646 0.088760
4884.733359 0.068740
4887.148071 0.088903
4889.562784 0.095444
4891.977496 0.074782
4894.392208 0.093574
4896.806921 0.082129
4899.221633 0.082208
4901.636346 0.076191
4904.051058 0.068145
4906.465771 0.074388
4908.880483 0.079295
4911.295196 0.087470
4913.709908 0.084714
4916.124620 0.082631
4918.539333 0.096021
4920.954045 0.104942
4923.368758 0.087392
4925.783470 0.075612
4928.198182 0.070696
4930.612895 0.086291
4933.027607 0.108085
4935.442320 0.067095
4937.857032 0.043053
4940.271744 0.067215
4942.686457 0.068159
4945.101169 0.065557
4947.515882 0.069888
4949.930594 0.053963
4952.345307 0.086075
4954.760019 0.077469
4957.174732 0.060199
4959.589444 0.079516
4962.004156 0.079931
4964.418869 0.067849
4966.833581 0.069735
4969.248294 0.078063
4971.663006 0.085999
4974.077719 0.079105
4976.492431 0.065175
4978.907144 0.064789
4981.321856 0.084045
4983.736568 0.077057
4986.151280 0.092847
4988.565993 0.067503
4990.980705 0.083456
4993.395418 0.088501
4995.810130 0.073423
4998.224843 0.082368
5000.639555 0.096722
5003.054268 0.106921
5005.468980 0.106651
5007.883692 0.112040
5010.298405 0.110789
5012.713117 0.098588
5015.127830 0.092656
5017.542542 0.069428
5019.957255 0.082429
5022.371967 0.068011
5024.786680 0.068081
5027.201392 0.069926
5029.616104 0.077035
5032.030816 0.084596
5034.445529 0.072749
5036.860241 0.068338
5039.274954 0.068352
5041.689666 0.079778
5044.104379 0.092663
5046.519091 0.087898
5048.933804 0.078620
5051.348516 0.073290
5053.763228 0.069356
5056.177941 0.080017
5058.592653 0.083206
5061.007366 0.091084
5063.422078 0.068048
5065.836791 0.070352
5068.251503 0.070557
5070.666216 0.088700
5073.080928 0.088603
5075.495640 0.076892
5077.910352 0.073135
5080.325065 0.064712
5082.739777 0.072208
5085.154490 0.076934
5087.569202 0.099296
5089.983915 0.090633
5092.398627 0.083664
5094.813340 0.073632
5097.228052 0.077223
5099.642764 0.075936
5102.057477 0.078924
5104.472189 0.095441
5106.886902 0.073852
5109.301614 0.089229
5111.716327 0.073488
5114.131039 0.078276
5116.545752 0.088834
5118.960464 0.090677
5121.375176 0.070752
5123.789888 0.061398
5126.204601 0.084154
5128.619313 0.086549
5131.034026 0.075521
5133.448738 0.067027
5135.863451 0.093400
5138.278163 0.100231
5140.692876 0.074152
5143.107588 0.067776
5145.522300 0.095879
5147.937013 0.078208
5150.351725 0.080848
5152.766438 0.069950
5155.181150 0.075913
5157.595863 0.088469
5160.010575 0.059362
5162.425288 0.066630
5164.840000 0.083617
5167.254713 0.059550
5169.669424 0.067413
5172.084137 0.070864
5174.498849 0.039314
5176.913562 0.064336
5179.328274 0.086292
5181.742987 0.078887
5184.157699 0.066091
5186.572412 0.075581
5188.987124 0.095950
5191.401836 0.075339
5193.816549 0.060170
5196.231261 0.075432
5198.645974 0.085545
5201.060686 0.064923
5203.475399 0.064996
5205.890111 0.079069
5208.304824 0.066894
5210.719536 0.058781
5213.134249 0.065153
5215.548960 0.076581
5217.963673 0.068146
5220.378385 0.067489
5222.793098 0.059414
5225.207810 0.058191
5227.622523 0.084827
5230.037235 0.068244
5232.451948 0.075483
5234.866660 0.075559
5237.281372 0.102726
5239.696085 0.055242
5242.110797 0.085135
5244.525510 0.071036
5246.940222 0.071355
5249.354935 0.079499
5251.769647 0.079169
5254.184360 0.073992
5256.599072 0.073348
5259.013785 0.068091
5261.428496 0.065873
5263.843209 0.075131
5266.257921 0.084657
5268.672634 0.069780
5271.087346 0.077445
5273.502059 0.078887
5275.916771 0.079499
5278.331484 0.061127
5280.746196 0.081417
5283.160908 0.074176
5285.575621 0.054792
5287.990333 0.065583
5290.405046 0.086221
5292.819758 0.083282
5295.234471 0.104848
5297.649183 0.057587
5300.063896 0.085109
5302.478608 0.054774
5304.893321 0.091554
5307.308033 0.071871
5309.722745 0.080616
5312.137458 0.088331
5314.552170 0.056735
5316.966883 0.072574
5319.381595 0.059398
5321.796308 0.086840
5324.211020 0.082187
5326.625732 0.067804
5329.040444 0.074018
5331.455157 0.077646
5333.869869 0.058426
5336.284582 0.070639
5338.699294 0.077931
5341.114007 0.070900
5343.528719 0.077543
5345.943432 0.077248
5348.358144 0.061190
5350.772857 0.068680
5353.187569 0.062901
5355.602281 0.067304
5358.016994 0.079324
5360.431706 0.080681
5362.846419 0.068656
5365.261131 0.072045
5367.675844 0.073678
5370.090556 0.070807
5372.505269 0.069684
5374.919980 0.051973
5377.334693 0.075184
5379.749405 0.089699
5382.164118 0.074636
5384.578830 0.079972
5386.993543 0.093305
5389.408255 0.070488
5391.822968 0.064683
5394.237680 0.075272
5396.652393 0.076064
5399.067105 0.065015
5401.481817 0.057067
5403.896530 0.071470
5406.311242 0.056301
5408.725955 0.061894
5411.140667 0.071826
5413.555380 0.068897
5415.970092 0.074308
5418.384805 0.087607
5420.799516 0.082543
5423.214229 0.070143
5425.628941 0.067303
5428.043654 0.066045
5430.458366 0.062581
5432.873079 0.062123
5435.287791 0.058980
5437.702504 0.086701
5440.117216 0.079394
5442.531929 0.070175
5444.946641 0.062861
5447.361353 0.066888
5449.776066 0.060762
5452.190778 0.067426
5454.605491 0.060404
5457.020203 0.074198
5459.434916 0.051094
5461.849628 0.056900
5464.264341 0.047694
5466.679052 0.064295
5469.093765 0.080394
5471.508477 0.079927
5473.923190 0.073036
5476.337902 0.090626
5478.752615 0.088779
5481.167327 0.056156
5483.582040 0.018853
5485.996752 0.070717
5488.411465 0.067099
5490.826177 0.054730
5493.240889 0.082768
5495.655602 0.081625
5498.070314 0.081121
5500.485027 0.079581
5502.899739 0.083597
5505.314452 0.082964
5507.729164 0.063535
5510.143877 0.058395
5512.558589 0.056937
5514.973301 0.082679
5517.388013 0.055712
5519.802726 0.078997
5522.217438 0.069020
5524.632151 0.092030
5527.046863 0.058517
5529.461576 0.074226
5531.876288 0.069291
5534.291001 0.066512
5536.705713 0.061434
5539.120425 0.085689
5541.535138 0.061121
5543.949850 0.075985
5546.364563 0.072023
5548.779275 0.050949
5551.193988 0.042914
5553.608700 0.080508
5556.023413 0.069243
5558.438125 0.058828
5560.852837 0.080603
5563.267549 0.072302
5565.682262 0.041197
5568.096974 0.065009
5570.511687 0.085235
5572.926399 0.056402
5575.341112 0.082447
5577.755824 0.074679
5580.170537 0.054247
5582.585249 0.071553
5584.999961 0.066397
5587.414674 0.081878
5589.829386 0.068360
5592.244099 0.068049
5594.658811 0.049695
5597.073524 0.043965
5599.488236 0.072610
5601.902949 0.079071
5604.317661 0.045560
5606.732373 0.073181
5609.147085 0.094226
5611.561798 0.090500
5613.976510 0.076213
5616.391223 0.075248
5618.805935 0.075447
5621.220648 0.087189
5623.635360 0.045311
5626.050073 0.052907
5628.464785 0.069121
5630.879497 0.071830
5633.294210 0.072656
5635.708922 0.069042
5638.123635 0.056342
5640.538347 0.080967
5642.953060 0.086763
5645.367772 0.083585
5647.782485 0.041621
5650.197197 0.078930
5652.611909 0.070794
5655.026621 0.085113
5657.441334 0.062679
5659.856046 0.064905
5662.270759 0.029079
5664.685471 0.112957
5667.100184 0.076664
5669.514896 0.072649
5671.929609 0.071378
5674.344321 0.097939
5676.759033 0.078811
5679.173746 0.057995
5681.588458 0.054904
5684.003171 0.069999
5686.417883 0.064546
5688.832596 0.104727
5691.247308 0.099637
5693.662021 0.061770
5696.076733 0.033448
5698.491445 0.063101
5700.906158 0.077128
5703.320870 0.061755
5705.735583 0.058352
5708.150295 0.072627
5710.565008 0.059213
5712.979720 0.078744
5715.394433 0.088716
5717.809145 0.093885
5720.223857 0.083847
5722.638569 0.120545
5725.053282 0.093300
5727.467994 0.037258
5729.882707 0.078747
5732.297419 0.089158
5734.712132 0.059192
5737.126844 0.047604
5739.541557 0.089602
5741.956269 0.073257
5744.370981 0.023044
5746.785694 0.017069
5749.200406 0.064233
5751.615119 0.070322
5754.029831 0.071059
5756.444544 0.083775
5758.859256 0.077285
5761.273969 0.060522
5763.688681 0.071079
5766.103393 0.048887
5768.518105 0.049449
5770.932818 0.036821
5773.347530 0.050483
5775.762243 0.066643
5778.176955 0.066000
5780.591668 0.057933
5783.006380 0.068217
5785.421093 0.084344
5787.835805 0.073445
5790.250517 0.072172
5792.665230 0.070920
5795.079942 0.082693
5797.494655 0.079572
5799.909367 0.068772
5802.324080 0.069410
5804.738792 0.070476
5807.153505 0.082751
5809.568217 0.085884
5811.982929 0.070418
5814.397641 0.065078
5816.812354 0.084090
5819.227066 0.049127
5821.641779 0.075436
5824.056491 0.061097
5826.471204 0.069184
5828.885916 0.068512
5831.300629 0.061135
5833.715341 0.087628
5836.130053 0.058385
5838.544766 0.081117
5840.959478 0.081863
5843.374191 0.069457
5845.788903 0.067388
5848.203616 0.076906
5850.618328 0.052214
5853.033041 0.069250
5855.447753 0.060698
5857.862466 0.068139
5860.277177 0.062154
5862.691890 0.044327
5865.106602 0.070157
5867.521315 0.065523
5869.936027 0.061753
5872.350740 0.063979
5874.765452 0.063411
5877.180165 0.056510
5879.594877 0.078845
5882.009589 0.089750
5884.424302 0.064402
5886.839014 0.045503
5889.253727 0.070764
5891.668439 0.069081
5894.083152 0.068125
5896.497864 0.068046
5898.912577 0.062778
5901.327289 0.068789
5903.742002 0.083018
5906.156713 0.070219
5908.571426 0.054520
5910.986138 0.054582
5913.400851 0.052392
5915.815563 0.063623
5918.230276 0.061378
5920.644988 0.077626
5923.059701 0.065537
5925.474413 0.057701
5927.889125 0.078365
5930.303838 0.082639
5932.718550 0.079680
5935.133263 0.067305
5937.547975 0.063204
5939.962688 0.061041
5942.377400 0.070154
5944.792113 0.070998
5947.206825 0.073599
5949.621538 0.096935
5952.036249 0.108962
5954.450962 0.052902
5956.865674 0.065936
5959.280387 0.059543
5961.695099 0.045721
5964.109812 0.081547
5966.524524 0.039524
5968.939237 0.060216
5971.353949 0.083743
5973.768661 0.090996
5976.183374 0.059650
5978.598086 0.057392
5981.012799 0.066981
5983.427511 0.041774
5985.842224 0.072820
5988.256936 0.079175
5990.671649 0.055288
5993.086361 0.061556
5995.501074 0.076000
5997.915785 0.121109
6000.330498 0.075108
